5140, -228, -427, 16756, 7, -10, -5, -75 ,-3440 ,16467 ,9 ,-7 ,4, 15138.0122, 32833.7222
5143, -228, -427, 16756, 7, -10, -5, -75 ,-3440 ,16467 ,9 ,-7 ,4, 15040.1831, 32817.3280
5147, -227, -447, 16779, 6, -10, -5, -69 ,-3454 ,16452 ,7 ,-6 ,5, 15044.4031, 32843.3305
5155, -224, -446, 16730, 7, -11, -4, -81 ,-3436 ,16458 ,8 ,-6 ,4, 15191.0901, 32808.3068
5163, -224, -446, 16730, 20, -11, -4, -81 ,-3436 ,16441 ,7 ,-6 ,4, 15110.8146, 32823.9083
5170, -273, -611, 16915, 20, -15, -6, -74 ,-3458 ,16441 ,7 ,-6 ,4, 15089.2079, 32853.5199
5178, -198, -348, 16560, 1, -7, -4, -87 ,-3454 ,16447 ,8 ,-7 ,4, 15017.5214, 32840.9821
5186, -148, -356, 16849, 10, -14, -5, -83 ,-3459 ,16456 ,8 ,-7 ,4, 15195.4561, 32827.5502
5194, -264, -413, 16899, 5, -10, -4, -71 ,-3474 ,16453 ,7 ,-8 ,3, 15026.1641, 32822.2603
5202, -206, -475, 16583, 9, -12, -4, -80 ,-3450 ,16450 ,9 ,-7 ,4, 15118.7807, 32820.3470
5210, -225, -391, 16953, 8, -9, -4, -77 ,-3472 ,16438 ,6 ,-6 ,4, 15187.1532, 32836.4223
5217, -225, -477, 16634, 5, -9, -4, -73 ,-3472 ,16460 ,8 ,-7 ,3, 15095.0521, 32831.4692
5225, -208, -477, 16634, 5, -12, -5, -73 ,-3461 ,16460 ,8 ,-7 ,3, 15058.6754, 32819.3724
5233, -227, -422, 16872, 9, -8, -5, -72 ,-3465 ,16463 ,9 ,-7 ,3, 14998.5492, 32835.4061
5241, -201, -459, 16712, 7, -12, -4, -79 ,-3453 ,16460 ,8 ,-6 ,4, 15053.7103, 32813.2093
5249, -229, -419, 16840, 9, -9, -5, -85 ,-3462 ,16439 ,9 ,-6 ,3, 15080.2046, 32833.0994
5256, -221, -450, 16764, 5, -12, -5, -84 ,-3472 ,16453 ,7 ,-7 ,3, 15096.8671, 32830.0118
5264, -221, -436, 16775, 7, -11, -5, -79 ,-3451 ,16447 ,9 ,-6 ,3, 15042.3497, 32813.8173
5272, -219, -442, 16767, 5, -11, -5, -82 ,-3459 ,16447 ,7 ,-6 ,4, 14999.7562, 32828.2088
5280, -219, -442, 16767, 5, -12, -5, -82 ,-3459 ,16447 ,7 ,-6 ,3, 15160.2149, 32806.5932
5288, -217, -438, 16755, 8, -11, -5, -81 ,-3458 ,16454 ,6 ,-6 ,3, 15122.4226, 32823.0351
5295, -226, -438, 16794, 9, -11, -4, -77 ,-3455 ,16450 ,7 ,-7 ,3, 15152.7435, 32811.2930
5303, -218, -450, 16746, 8, -11, -5, -76 ,-3459 ,16460 ,7 ,-7 ,4, 15085.4707, 32823.0560
5311, -218, -428, 16802, 8, -10, -5, -72 ,-3458 ,16447 ,7 ,-6 ,3, 14929.9085, 32821.7089
5319, -222, -447, 16774, 8, -11, -6, -65 ,-3464 ,16432 ,8 ,-6 ,4, 14950.0608, 32831.7016
5327, -226, -419, 16772, 9, -10, -5, -81 ,-3438 ,16449 ,8 ,-8 ,4, 15156.3227, 32833.7073
5334, -226, -419, 16776, 9, -10, -5, -72 ,-3454 ,16449 ,8 ,-8 ,3, 15186.2562, 32842.8209
5342, -228, -436, 16776, 9, -10, -4, -72 ,-3454 ,16448 ,7 ,-8 ,3, 15220.5735, 32826.2836
5350, -224, -431, 16796, 7, -10, -4, -82 ,-3464 ,16451 ,8 ,-7 ,3, 15095.8002, 32838.3923
5358, -219, -433, 16779, 6, -11, -5, -79 ,-3444 ,16447 ,7 ,-6 ,3, 15129.8702, 32815.9213
5366, -218, -431, 16785, 6, -11, -4, -82 ,-3473 ,16451 ,8 ,-6 ,4, 15080.1182, 32822.5940
5373, -224, -429, 16776, 6, -10, -4, -68 ,-3443 ,16455 ,8 ,-6 ,3, 15075.5435, 32843.5183
5381, -224, -446, 16780, 5, -10, -4, -83 ,-3468 ,16443 ,6 ,-6 ,4, 15189.4569, 32838.2581
5389, -219, -444, 16762, 6, -10, -4, -88 ,-3451 ,16444 ,7 ,-6 ,3, 15189.3497, 32829.8450
5397, -219, -444, 16762, 6, -9, -3, -88 ,-3451 ,16444 ,7 ,-6 ,3, 15078.1095, 32810.8221
5405, -223, -441, 16768, 8, -10, -5, -70 ,-3445 ,16454 ,7 ,-7 ,3, 15100.2765, 32825.3031
5413, -224, -446, 16751, 9, -11, -4, -76 ,-3460 ,16439 ,8 ,-6 ,3, 15208.4082, 32842.6450
5420, -220, -441, 16775, 8, -10, -4, -76 ,-3451 ,16458 ,8 ,-7 ,4, 15172.5858, 32842.3560
5428, -229, -440, 16784, 8, -11, -4, -76 ,-3462 ,16466 ,7 ,-7 ,4, 15108.5198, 32850.9241
5436, -224, -435, 16781, 7, -11, -5, -76 ,-3443 ,16460 ,9 ,-7 ,4, 14958.4144, 32823.1692
5444, -216, -437, 16792, 8, -11, -5, -78 ,-3459 ,16462 ,8 ,-6 ,4, 14998.3734, 32831.6718
5452, -216, -437, 16792, 8, -11, -5, -78 ,-3459 ,16446 ,8 ,-6 ,4, 15108.3022, 32829.2191
5458, -220, -441, 16777, 8, -11, -5, -83 ,-3466 ,16446 ,7 ,-7 ,4, 15116.9181, 32833.9577
5467, -217, -436, 16775, 7, -10, -5, -88 ,-3450 ,16446 ,9 ,-7 ,4, 15067.2138, 32834.4733
5475, -219, -435, 16774, 7, -11, -4, -84 ,-3468 ,16461 ,7 ,-7 ,3, 15162.1044, 32821.9801
5483, -230, -431, 16764, 7, -11, -4, -90 ,-3448 ,16466 ,8 ,-6 ,3, 15112.9097, 32845.2319
5491, -217, -432, 16780, 7, -12, -5, -76 ,-3467 ,16458 ,8 ,-6 ,4, 15069.6665, 32819.4112
5499, -225, -434, 16754, 8, -10, -5, -84 ,-3460 ,16463 ,9 ,-6 ,4, 15144.5121, 32819.6168
5505, -225, -434, 16798, 6, -11, -5, -84 ,-3460 ,16463 ,8 ,-6 ,5, 15140.5871, 32850.1314
5513, -221, -444, 16798, 6, -11, -5, -68 ,-3451 ,16468 ,8 ,-6 ,5, 15110.3199, 32815.9332
5522, -208, -444, 16775, 7, -11, -5, -70 ,-3467 ,16454 ,9 ,-7 ,3, 15135.9588, 32811.3317
5530, -241, -439, 16800, 8, -11, -4, -77 ,-3455 ,16446 ,8 ,-7 ,4, 15070.7632, 32829.8837
5538, -215, -444, 16774, 7, -10, -4, -82 ,-3467 ,16438 ,7 ,-6 ,4, 15000.0811, 32819.9476
5551, -224, -442, 16774, 9, -10, -5, -70 ,-3445 ,16440 ,8 ,-6 ,3, 15043.8249, 32839.6082
5552, -224, -442, 16781, 8, -12, -5, -87 ,-3464 ,16453 ,7 ,-6 ,3, 15047.8274, 32847.3330
5560, -226, -449, 16766, 9, -11, -5, -70 ,-3449 ,16453 ,8 ,-6 ,2, 15017.8850, 32827.1091
5569, -226, -449, 16766, 9, -11, -5, -70 ,-3449 ,16451 ,8 ,-6 ,2, 15134.3584, 32816.7707
5577, -225, -435, 16777, 8, -11, -5, -79 ,-3465 ,16459 ,8 ,-7 ,3, 15138.2267, 32807.3293
5585, -227, -450, 16762, 8, -11, -5, -79 ,-3449 ,16454 ,9 ,-7 ,4, 15099.2334, 32816.6008
5591, -225, -438, 16775, 7, -11, -4, -79 ,-3442 ,16455 ,7 ,-7 ,4, 15001.1867, 32833.3765
5599, -227, -446, 16772, 7, -11, -4, -77 ,-3458 ,16448 ,7 ,-7 ,3, 15061.0447, 32818.3562
5607, -215, -428, 16780, 9, -9, -4, -81 ,-3462 ,16442 ,8 ,-6 ,3, 14997.8220, 32817.5575
5616, -223, -441, 16770, 9, -11, -5, -77 ,-3450 ,16462 ,8 ,-6 ,3, 15005.5617, 32823.0292
5624, -223, -441, 16770, 9, -10, -5, -74 ,-3458 ,16462 ,8 ,-6 ,3, 15051.5765, 32830.4023
5630, -217, -438, 16784, 9, -10, -5, -74 ,-3458 ,16453 ,8 ,-6 ,4, 15117.6721, 32834.6401
5638, -225, -442, 16774, 6, -11, -5, -78 ,-3444 ,16435 ,9 ,-7 ,4, 15105.6498, 32848.3433
5646, -206, -432, 16770, 7, -11, -4, -74 ,-3469 ,16450 ,7 ,-6 ,4, 15095.2727, 32817.9270
5654, -221, -429, 16780, 8, -11, -5, -78 ,-3437 ,16448 ,9 ,-6 ,4, 15040.7702, 32824.8292
5663, -226, -434, 16781, 6, -11, -5, -66 ,-3462 ,16440 ,8 ,-6 ,3, 15098.9592, 32829.2400
5671, -216, -446, 16776, 7, -10, -5, -78 ,-3456 ,16446 ,10 ,-6 ,4, 15178.2811, 32830.4648
5677, -216, -439, 16784, 8, -11, -5, -82 ,-3447 ,16458 ,8 ,-6 ,4, 15151.6080, 32830.2145
5685, -216, -439, 16784, 8, -11, -5, -82 ,-3447 ,16458 ,8 ,-7 ,4, 15150.5798, 32821.7506
5693, -216, -447, 16750, 8, -11, -4, -80 ,-3462 ,16448 ,8 ,-6 ,4, 14862.5255, 32818.7227
5701, -216, -448, 16782, 7, -11, -5, -78 ,-3462 ,16442 ,9 ,-7 ,4, 14981.8182, 32830.5036
5710, -213, -437, 16768, 9, -11, -5, -86 ,-3460 ,16468 ,8 ,-6 ,3, 15026.9061, 32820.0519
5718, -224, -437, 16783, 9, -11, -5, -74 ,-3459 ,16439 ,9 ,-7 ,4, 15113.0110, 32851.8003
5724, -218, -435, 16779, 6, -11, -5, -80 ,-3469 ,16453 ,9 ,-7 ,4, 15163.0610, 32834.0501
5732, -227, -434, 16765, 7, -10, -4, -72 ,-3450 ,16454 ,8 ,-6 ,3, 15192.8216, 32811.8294
5740, -227, -434, 16765, 7, -10, -5, -72 ,-3450 ,16454 ,8 ,-6 ,3, 15117.0552, 32831.8298
5748, -219, -437, 16787, 7, -10, -5, -80 ,-3460 ,16434 ,6 ,-7 ,4, 14969.4383, 32838.3625
5756, -217, -444, 16773, 6, -10, -4, -80 ,-3451 ,16449 ,8 ,-7 ,4, 15109.4884, 32833.8057
5763, -227, -433, 16778, 7, -10, -4, -72 ,-3440 ,16462 ,6 ,-6 ,4, 15030.5539, 32834.8190
5771, -220, -444, 16769, 6, -11, -4, -82 ,-3472 ,16452 ,8 ,-6 ,4, 15106.9343, 32818.5260
5779, -224, -444, 16782, 7, -10, -5, -88 ,-3451 ,16448 ,8 ,-7 ,4, 15122.6103, 32821.4139
5787, -219, -443, 16764, 6, -11, -5, -73 ,-3469 ,16444 ,7 ,-6 ,4, 15082.8928, 32837.2151
5795, -219, -443, 16777, 8, -11, -4, -73 ,-3469 ,16444 ,9 ,-6 ,3, 15120.8192, 32851.4904
5803, -221, -430, 16777, 8, -11, -4, -81 ,-3449 ,16448 ,9 ,-6 ,3, 15236.3181, 32827.7975
5810, -214, -445, 16786, 8, -11, -4, -79 ,-3472 ,16444 ,8 ,-6 ,4, 15025.8869, 32841.6467
5818, -220, -449, 16777, 7, -10, -4, -69 ,-3458 ,16443 ,8 ,-6 ,4, 15058.9943, 32822.6328
5826, -227, -448, 16791, 8, -10, -4, -92 ,-3452 ,16440 ,9 ,-6 ,3, 15091.7143, 32829.7675
5834, -207, -443, 16792, 7, -10, -5, -77 ,-3468 ,16452 ,10 ,-5 ,3, 14994.2547, 32811.2096
5842, -219, -440, 16768, 6, -10, -5, -85 ,-3438 ,16469 ,9 ,-5 ,3, 15014.2699, 32824.8888
5850, -210, -450, 16757, 7, -10, -5, -80 ,-3461 ,16469 ,7 ,-6 ,4, 15131.1994, 32826.1733
5857, -219, -430, 16757, 7, -10, -5, -80 ,-3461 ,16460 ,7 ,-6 ,4, 15038.0701, 32830.5960
5865, -219, -430, 16760, 8, -10, -5, -76 ,-3438 ,16451 ,10 ,-6 ,4, 15196.4307, 32825.0051
5873, -219, -436, 16782, 8, -11, -4, -91 ,-3450 ,16443 ,8 ,-7 ,4, 15078.7324, 32816.7468
5881, -238, -440, 16753, 6, -10, -5, -101 ,-3453 ,16440 ,8 ,-7 ,5, 15079.5937, 32830.2711
5889, -220, -433, 16796, 8, -10, -5, -61 ,-3447 ,16445 ,7 ,-7 ,3, 15109.1814, 32830.5721
5897, -206, -436, 16792, 8, -11, -5, -84 ,-3461 ,16453 ,8 ,-5 ,3, 15131.9414, 32829.3532
5904, -219, -435, 16756, 8, -11, -5, -83 ,-3454 ,16471 ,7 ,-6 ,3, 14931.4314, 32831.2308
5912, -224, -438, 16756, 8, -12, -5, -83 ,-3457 ,16471 ,7 ,-6 ,3, 15040.5556, 32835.0335
5920, -224, -438, 16772, 8, -12, -5, -66 ,-3457 ,16452 ,6 ,-7 ,3, 15037.2565, 32817.9210
5928, -230, -426, 16774, 8, -12, -6, -63 ,-3454 ,16449 ,10 ,-7 ,3, 15068.1078, 32826.5041
5936, -223, -427, 16778, 8, -11, -5, -96 ,-3447 ,16448 ,8 ,-6 ,4, 15065.1515, 32804.7812
5944, -232, -439, 16777, 8, -11, -5, -64 ,-3460 ,16461 ,7 ,-6 ,4, 15208.9387, 32843.1845
5951, -226, -436, 16760, 8, -11, -5, -73 ,-3445 ,16447 ,8 ,-6 ,3, 14937.4932, 32822.7907
5959, -211, -423, 16773, 9, -11, -5, -90 ,-3468 ,16449 ,8 ,-6 ,4, 15227.1301, 32825.3180
5967, -212, -431, 16760, 8, -11, -5, -90 ,-3455 ,16448 ,10 ,-6 ,4, 14969.7274, 32851.4248
5975, -206, -430, 16785, 9, -11, -5, -84 ,-3455 ,16448 ,10 ,-7 ,4, 15009.5463, 32826.0511
5983, -206, -430, 16785, 9, -11, -4, -84 ,-3448 ,16443 ,9 ,-7 ,4, 15119.1771, 32820.9847
5991, -223, -443, 16751, 8, -11, -4, -70 ,-3462 ,16442 ,9 ,-7 ,4, 15141.2487, 32842.8984
5998, -223, -426, 16778, 7, -10, -4, -82 ,-3450 ,16444 ,8 ,-6 ,4, 15036.9495, 32825.6637
6006, -211, -435, 16775, 7, -11, -5, -76 ,-3478 ,16443 ,8 ,-6 ,3, 15086.4393, 32837.4803
6014, -219, -426, 16770, 10, -10, -4, -70 ,-3440 ,16448 ,9 ,-6 ,3, 14960.7539, 32825.9677
6022, -220, -449, 16764, 8, -10, -4, -74 ,-3486 ,16457 ,9 ,-6 ,3, 15078.4850, 32817.0389
6030, -226, -447, 16757, 8, -10, -5, -69 ,-3459 ,16459 ,9 ,-6 ,4, 15131.3752, 32845.1097
6038, -226, -447, 16757, 8, -10, -5, -69 ,-3459 ,16459 ,9 ,-6 ,4, 15203.7054, 32821.0413
6048, -208, -443, 16778, 9, -11, -4, -75 ,-3463 ,16428 ,8 ,-7 ,3, 15074.6971, 32821.8818
6053, -208, -443, 16760, 9, -11, -4, -81 ,-3470 ,16444 ,7 ,-7 ,3, 15050.5483, 32835.4031
6061, -222, -424, 16766, 7, -11, -5, -75 ,-3434 ,16448 ,9 ,-7 ,4, 15107.7211, 32823.7772
6069, -205, -444, 16774, 6, -10, -5, -83 ,-3458 ,16441 ,8 ,-5 ,3, 15045.1630, 32837.6263
6077, -206, -446, 16789, 6, -10, -5, -79 ,-3450 ,16435 ,8 ,-6 ,3, 15084.1385, 32817.0806
6084, -228, -445, 16786, 7, -10, -5, -81 ,-3468 ,16437 ,7 ,-6 ,3, 15075.2574, 32847.8277
6092, -228, -445, 16766, 8, -11, -5, -81 ,-3448 ,16454 ,7 ,-6 ,3, 15037.6946, 32822.6984
6100, -218, -431, 16766, 8, -11, -4, -88 ,-3448 ,16454 ,9 ,-6 ,3, 15047.9972, 32836.2107
6108, -232, -429, 16767, 8, -11, -4, -79 ,-3446 ,16450 ,8 ,-6 ,3, 15107.6257, 32847.5416
6116, -208, -434, 16759, 9, -12, -5, -80 ,-3470 ,16455 ,9 ,-7 ,3, 15106.1267, 32813.3583
6124, -216, -438, 16764, 9, -11, -5, -83 ,-3436 ,16449 ,9 ,-6 ,2, 15188.0592, 32823.7236
6131, -211, -439, 16775, 7, -11, -4, -76 ,-3468 ,16454 ,8 ,-7 ,4, 15074.0057, 32855.2872
6139, -224, -433, 16752, 8, -12, -4, -76 ,-3446 ,16456 ,9 ,-7 ,4, 15098.0055, 32819.3545
6147, -230, -437, 16773, 9, -11, -4, -76 ,-3453 ,16449 ,8 ,-6 ,4, 15009.3585, 32845.2229
6155, -230, -437, 16773, 9, -11, -4, -81 ,-3453 ,16449 ,8 ,-6 ,4, 15126.9436, 32824.9007
6163, -204, -430, 16776, 8, -11, -4, -68 ,-3461 ,16454 ,8 ,-5 ,3, 15054.7534, 32819.6883
6170, -224, -424, 16780, 8, -10, -5, -85 ,-3439 ,16458 ,9 ,-5 ,3, 15049.6572, 32830.2324
6178, -218, -433, 16773, 7, -10, -4, -98 ,-3459 ,16438 ,9 ,-7 ,3, 14962.5301, 32845.0114
6186, -220, -431, 16767, 7, -10, -5, -82 ,-3447 ,16471 ,8 ,-7 ,4, 15067.6668, 32819.6317
6194, -232, -437, 16785, 7, -10, -5, -82 ,-3464 ,16447 ,8 ,-7 ,4, 15031.9070, 32821.7059
6202, -218, -446, 16776, 8, -11, -5, -80 ,-3449 ,16428 ,10 ,-7 ,3, 15180.0245, 32820.9341
6210, -218, -446, 16776, 8, -11, -5, -80 ,-3449 ,16428 ,10 ,-6 ,3, 15154.1322, 32821.4765
6218, -224, -434, 16799, 8, -11, -5, -67 ,-3463 ,16450 ,7 ,-6 ,3, 15196.5946, 32819.6973
6225, -214, -453, 16773, 7, -11, -6, -68 ,-3472 ,16454 ,8 ,-6 ,4, 15079.5698, 32825.8723
6233, -219, -427, 16775, 7, -11, -4, -70 ,-3440 ,16446 ,7 ,-7 ,3, 15065.1217, 32842.1324
6241, -216, -441, 16755, 7, -11, -5, -71 ,-3468 ,16456 ,7 ,-7 ,3, 15109.8847, 32810.6135
6249, -234, -437, 16777, 8, -10, -6, -80 ,-3456 ,16457 ,8 ,-6 ,3, 15150.2430, 32821.8341
6257, -221, -442, 16772, 8, -11, -5, -66 ,-3465 ,16445 ,7 ,-6 ,4, 15126.7290, 32826.7068
6264, -221, -437, 16776, 9, -11, -5, -85 ,-3465 ,16445 ,7 ,-6 ,3, 15057.5727, 32844.3408
6272, -231, -437, 16776, 9, -11, -5, -85 ,-3447 ,16454 ,8 ,-7 ,3, 15190.1126, 32819.2681
6280, -231, -443, 16775, 8, -11, -5, -78 ,-3454 ,16465 ,8 ,-6 ,4, 15150.8182, 32818.1267
6288, -223, -438, 16782, 8, -10, -5, -76 ,-3444 ,16456 ,8 ,-6 ,3, 15100.2645, 32832.6732
6296, -223, -434, 16788, 8, -10, -5, -75 ,-3447 ,16439 ,8 ,-6 ,4, 15109.6433, 32828.0807
6304, -220, -439, 16778, 8, -11, -4, -92 ,-3470 ,16446 ,7 ,-7 ,3, 15177.5450, 32824.7935
6311, -231, -428, 16766, 8, -10, -5, -83 ,-3458 ,16460 ,10 ,-7 ,3, 15009.1261, 32843.4497
6319, -226, -438, 16780, 8, -11, -5, -65 ,-3460 ,16447 ,10 ,-7 ,3, 15229.7020, 32833.0815
6327, -218, -432, 16780, 8, -10, -5, -65 ,-3460 ,16447 ,8 ,-6 ,3, 15064.2991, 32833.1888
6335, -218, -432, 16766, 8, -10, -5, -82 ,-3427 ,16449 ,9 ,-6 ,3, 15031.5255, 32830.4589
6343, -208, -438, 16787, 7, -11, -5, -76 ,-3455 ,16440 ,8 ,-6 ,3, 15147.9900, 32823.2884
6351, -210, -443, 16766, 8, -12, -5, -73 ,-3467 ,16449 ,10 ,-6 ,4, 15125.2478, 32806.8227
6359, -222, -426, 16766, 8, -10, -5, -72 ,-3441 ,16463 ,8 ,-7 ,4, 15033.5908, 32824.7219
6366, -220, -448, 16763, 7, -11, -4, -84 ,-3462 ,16448 ,8 ,-7 ,4, 15118.8791, 32824.8352
6374, -212, -450, 16778, 8, -10, -5, -84 ,-3447 ,16439 ,9 ,-7 ,4, 15060.6394, 32793.7484
6382, -226, -441, 16794, 7, -10, -5, -84 ,-3447 ,16445 ,9 ,-7 ,4, 15063.4915, 32813.6086
6390, -226, -443, 16763, 7, -10, -5, -77 ,-3462 ,16445 ,9 ,-8 ,3, 15088.3764, 32840.5738
6398, -213, -443, 16763, 8, -11, -5, -85 ,-3437 ,16455 ,9 ,-7 ,3, 15086.2485, 32826.1495
6405, -223, -441, 16794, 7, -12, -5, -84 ,-3450 ,16435 ,7 ,-6 ,4, 15151.8434, 32832.1010
6413, -218, -445, 16771, 7, -11, -5, -84 ,-3474 ,16454 ,8 ,-6 ,3, 15175.1518, 32825.7978
6421, -218, -425, 16765, 7, -10, -5, -85 ,-3442 ,16453 ,9 ,-7 ,3, 14989.9423, 32813.1974
6429, -205, -438, 16776, 8, -11, -5, -80 ,-3460 ,16464 ,8 ,-7 ,2, 15001.9139, 32816.9733
6437, -226, -439, 16771, 8, -11, -5, -80 ,-3460 ,16442 ,8 ,-6 ,2, 15049.3264, 32830.8910
6445, -218, -432, 16768, 8, -11, -5, -72 ,-3468 ,16436 ,8 ,-6 ,3, 15114.1018, 32807.5856
6452, -218, -432, 16768, 7, -11, -5, -72 ,-3468 ,16436 ,7 ,-6 ,3, 15071.9851, 32820.5377
6460, -204, -442, 16766, 9, -10, -5, -75 ,-3452 ,16453 ,8 ,-6 ,3, 15103.2567, 32838.1866
6468, -221, -424, 16776, 10, -10, -4, -72 ,-3445 ,16445 ,8 ,-7 ,3, 15117.5380, 32828.0598
6476, -223, -446, 16766, 8, -11, -5, -86 ,-3477 ,16465 ,7 ,-7 ,3, 15063.3812, 32845.3988
6484, -213, -444, 16756, 9, -10, -6, -88 ,-3435 ,16458 ,8 ,-6 ,3, 15050.5781, 32839.5277
6492, -214, -455, 16787, 8, -12, -6, -85 ,-3468 ,16452 ,7 ,-7 ,2, 15055.1677, 32832.9593
6499, -222, -443, 16762, 7, -11, -5, -85 ,-3468 ,16456 ,7 ,-7 ,2, 14994.7494, 32826.1822
6507, -222, -443, 16762, 7, -11, -5, -82 ,-3448 ,16456 ,9 ,-6 ,3, 15196.3592, 32820.0340
6515, -216, -431, 16782, 7, -11, -5, -80 ,-3448 ,16448 ,8 ,-7 ,4, 15064.5465, 32825.1421
6523, -215, -442, 16770, 7, -11, -4, -68 ,-3478 ,16454 ,9 ,-7 ,5, 15105.0359, 32823.7683
6531, -233, -433, 16770, 8, -11, -5, -80 ,-3438 ,16459 ,7 ,-8 ,4, 15123.1438, 32832.4646
6538, -209, -438, 16772, 7, -11, -5, -90 ,-3475 ,16436 ,9 ,-7 ,3, 15060.2609, 32844.8743
6546, -219, -430, 16773, 8, -10, -5, -75 ,-3440 ,16456 ,9 ,-7 ,4, 15078.5536, 32825.1421
6554, -217, -443, 16780, 7, -11, -5, -70 ,-3451 ,16451 ,7 ,-7 ,3, 15013.9004, 32811.7192
6562, -217, -429, 16774, 8, -11, -5, -70 ,-3451 ,16444 ,8 ,-7 ,3, 14963.7520, 32811.9308
6570, -225, -429, 16774, 8, -10, -5, -86 ,-3450 ,16444 ,8 ,-8 ,3, 15083.9567, 32850.3102
6578, -221, -432, 16784, 8, -10, -5, -77 ,-3454 ,16434 ,8 ,-6 ,4, 15176.1532, 32800.9963
6585, -210, -439, 16778, 7, -11, -5, -87 ,-3458 ,16443 ,8 ,-5 ,3, 15159.4669, 32825.0617
6593, -214, -440, 16768, 10, -11, -4, -81 ,-3446 ,16459 ,9 ,-7 ,3, 15067.3568, 32832.0891
6601, -230, -446, 16786, 8, -11, -4, -73 ,-3474 ,16457 ,8 ,-7 ,3, 15144.9800, 32825.8127
6609, -226, -426, 16769, 8, -11, -5, -77 ,-3449 ,16446 ,10 ,-6 ,3, 15143.8534, 32813.1318
6617, -226, -433, 16806, 7, -11, -4, -85 ,-3449 ,16446 ,8 ,-6 ,4, 15002.9778, 32850.0837
6625, -226, -433, 16806, 7, -11, -4, -85 ,-3456 ,16448 ,8 ,-6 ,4, 15198.1831, 32823.9143
6632, -221, -445, 16764, 7, -11, -4, -70 ,-3456 ,16457 ,8 ,-5 ,4, 15060.0195, 32831.3559
6640, -232, -428, 16795, 8, -12, -4, -75 ,-3455 ,16447 ,8 ,-7 ,4, 15157.7026, 32825.2643
6648, -216, -435, 16760, 8, -12, -4, -76 ,-3466 ,16449 ,8 ,-6 ,4, 15134.5402, 32823.6163
6656, -214, -448, 16775, 9, -10, -4, -86 ,-3439 ,16462 ,9 ,-6 ,3, 14973.6166, 32837.7366
6664, -219, -429, 16770, 8, -10, -5, -73 ,-3463 ,16463 ,8 ,-7 ,3, 15137.7738, 32819.3814
6671, -222, -424, 16752, 7, -11, -5, -73 ,-3441 ,16468 ,9 ,-6 ,4, 15032.5954, 32835.5134
6679, -222, -424, 16788, 7, -12, -5, -73 ,-3441 ,16468 ,9 ,-6 ,4, 15008.4019, 32815.3372
6687, -216, -429, 16788, 7, -12, -4, -78 ,-3463 ,16452 ,8 ,-7 ,3, 15130.0460, 32830.4052
6695, -217, -440, 16748, 8, -10, -5, -85 ,-3450 ,16457 ,9 ,-6 ,3, 15145.8174, 32830.0595
6703, -220, -434, 16783, 8, -10, -5, -71 ,-3444 ,16441 ,8 ,-6 ,3, 15234.4912, 32838.6813
6711, -219, -451, 16764, 7, -11, -5, -83 ,-3471 ,16450 ,8 ,-7 ,4, 15106.0909, 32823.8189
6718, -224, -440, 16795, 8, -10, -5, -74 ,-3434 ,16451 ,9 ,-7 ,4, 14995.3187, 32815.7604
6726, -218, -444, 16789, 8, -11, -5, -72 ,-3470 ,16469 ,7 ,-8 ,4, 14997.8667, 32824.3703
6734, -222, -439, 16762, 9, -11, -5, -82 ,-3450 ,16469 ,7 ,-8 ,4, 15052.4616, 32823.9381
6742, -222, -439, 16762, 9, -11, -4, -82 ,-3450 ,16459 ,8 ,-7 ,4, 15038.9493, 32812.2199
6750, -231, -444, 16772, 7, -11, -4, -92 ,-3452 ,16455 ,8 ,-5 ,3, 15068.4625, 32830.0685
6757, -232, -436, 16765, 9, -11, -4, -75 ,-3457 ,16440 ,9 ,-7 ,3, 15168.2109, 32811.2334
6765, -223, -431, 16783, 7, -11, -4, -75 ,-3447 ,16447 ,7 ,-7 ,4, 15073.2666, 32838.8572
6778, -221, -436, 16782, 8, -11, -5, -89 ,-3459 ,16452 ,7 ,-6 ,3, 14959.5469, 32818.3055
6781, -221, -436, 16782, 7, -11, -5, -83 ,-3446 ,16466 ,8 ,-6 ,3, 15000.5102, 32831.2546
6789, -228, -439, 16775, 8, -12, -5, -77 ,-3481 ,16471 ,7 ,-6 ,3, 15176.9459, 32825.5445
6797, -228, -439, 16775, 10, -10, -4, -77 ,-3481 ,16471 ,7 ,-6 ,2, 15128.6870, 32831.1414
6803, -220, -442, 16779, 10, -10, -4, -80 ,-3451 ,16443 ,9 ,-6 ,3, 15067.2615, 32844.5971
6812, -222, -440, 16784, 8, -11, -5, -81 ,-3464 ,16449 ,9 ,-7 ,4, 15165.0071, 32807.3800
6820, -222, -444, 16780, 8, -12, -4, -80 ,-3455 ,16437 ,9 ,-7 ,4, 15106.1088, 32828.9747
6828, -230, -436, 16779, 7, -11, -5, -81 ,-3442 ,16447 ,8 ,-7 ,4, 15002.6649, 32830.7927
6836, -218, -430, 16768, 7, -10, -4, -83 ,-3468 ,16437 ,8 ,-7 ,4, 15140.8434, 32827.0555
6844, -224, -433, 16772, 7, -10, -4, -73 ,-3446 ,16451 ,10 ,-7 ,4, 15217.3966, 32831.2814
6852, -238, -440, 16764, 6, -10, -4, -73 ,-3446 ,16451 ,7 ,-7 ,4, 15317.9020, 32842.0997
6859, -225, -444, 16764, 6, -10, -4, -65 ,-3456 ,16442 ,7 ,-6 ,3, 15049.4725, 32839.1492
6867, -225, -444, 16753, 7, -11, -5, -81 ,-3446 ,16466 ,8 ,-6 ,4, 15121.9308, 32835.6832
6875, -219, -436, 16778, 9, -11, -5, -81 ,-3449 ,16465 ,8 ,-7 ,4, 15131.8252, 32841.8672
6883, -230, -429, 16767, 8, -10, -4, -79 ,-3452 ,16458 ,9 ,-7 ,4, 15200.9726, 32828.3370
6891, -224, -423, 16788, 7, -10, -4, -74 ,-3444 ,16471 ,7 ,-7 ,3, 15060.5321, 32834.3093
6897, -210, -446, 16766, 7, -11, -6, -62 ,-3463 ,16451 ,7 ,-6 ,4, 15044.7220, 32809.4155
6905, -221, -439, 16764, 7, -11, -5, -76 ,-3463 ,16451 ,8 ,-6 ,3, 15029.5347, 32817.2863
6914, -212, -440, 16764, 7, -11, -5, -76 ,-3450 ,16462 ,8 ,-6 ,3, 14955.4998, 32833.1858
6922, -212, -440, 16780, 7, -11, -5, -78 ,-3456 ,16440 ,9 ,-6 ,4, 14983.6928, 32827.4906
6930, -222, -435, 16758, 8, -10, -4, -74 ,-3451 ,16449 ,9 ,-6 ,4, 15162.7809, 32840.8778
6938, -223, -439, 16789, 8, -11, -4, -83 ,-3448 ,16453 ,7 ,-6 ,3, 15160.1881, 32835.5402
6944, -211, -442, 16766, 8, -10, -5, -73 ,-3455 ,16457 ,9 ,-6 ,3, 15078.4433, 32845.1395
6952, -228, -425, 16788, 7, -10, -5, -93 ,-3455 ,16456 ,9 ,-6 ,3, 15145.5343, 32810.2201
6961, -220, -444, 16781, 8, -11, -5, -94 ,-3468 ,16453 ,7 ,-5 ,3, 15122.5418, 32833.4987
6969, -228, -432, 16774, 8, -10, -5, -94 ,-3468 ,16453 ,7 ,-5 ,3, 15122.2795, 32818.4932
6977, -228, -432, 16774, 8, -10, -5, -89 ,-3452 ,16460 ,10 ,-6 ,2, 15111.8129, 32846.8680
6985, -217, -441, 16784, 8, -11, -6, -82 ,-3450 ,16460 ,8 ,-7 ,3, 15154.3826, 32811.7073
6991, -221, -448, 16768, 9, -12, -4, -77 ,-3457 ,16470 ,7 ,-6 ,3, 14933.5593, 32845.0263
6999, -216, -440, 16783, 9, -10, -5, -80 ,-3450 ,16467 ,7 ,-6 ,3, 15078.5059, 32831.9639
7007, -218, -434, 16764, 9, -11, -5, -71 ,-3464 ,16451 ,8 ,-5 ,3, 15026.2445, 32829.1833
7016, -218, -432, 16785, 8, -10, -4, -83 ,-3443 ,16430 ,9 ,-6 ,3, 15221.2650, 32834.8696
7024, -216, -434, 16777, 7, -12, -5, -83 ,-3457 ,16430 ,9 ,-6 ,3, 15286.3443, 32816.2938
7030, -223, -436, 16767, 7, -12, -5, -84 ,-3457 ,16452 ,9 ,-6 ,3, 15085.3217, 32835.3137
7038, -223, -436, 16767, 7, -10, -5, -72 ,-3454 ,16447 ,9 ,-6 ,3, 15101.4954, 32837.5369
7046, -216, -438, 16776, 8, -12, -5, -86 ,-3458 ,16447 ,7 ,-6 ,3, 15085.0445, 32829.8986
7054, -220, -445, 16748, 8, -11, -4, -87 ,-3441 ,16443 ,8 ,-7 ,3, 15054.0978, 32831.7195
7063, -214, -427, 16782, 7, -10, -5, -78 ,-3459 ,16448 ,7 ,-6 ,4, 15172.6872, 32814.6935
7071, -222, -448, 16766, 8, -11, -6, -84 ,-3452 ,16451 ,9 ,-6 ,3, 15144.5717, 32844.2276
7077, -222, -436, 16790, 8, -11, -5, -84 ,-3445 ,16466 ,9 ,-7 ,3, 15150.8003, 32834.9620
7085, -215, -440, 16768, 8, -10, -5, -64 ,-3445 ,16466 ,9 ,-7 ,4, 15215.6442, 32822.5911
7093, -215, -440, 16768, 8, -10, -5, -76 ,-3462 ,16442 ,8 ,-6 ,4, 15172.6305, 32840.1476
7101, -220, -437, 16768, 8, -11, -5, -70 ,-3449 ,16443 ,9 ,-6 ,4, 15189.3556, 32832.4407
7110, -209, -431, 16769, 8, -10, -4, -81 ,-3474 ,16435 ,8 ,-6 ,4, 15182.6143, 32813.6474
7116, -229, -443, 16782, 8, -11, -5, -73 ,-3442 ,16458 ,9 ,-6 ,3, 14971.7629, 32852.6229
7124, -221, -433, 16769, 8, -10, -5, -68 ,-3437 ,16446 ,8 ,-6 ,3, 15085.1667, 32839.2416
7132, -218, -432, 16777, 7, -11, -5, -79 ,-3462 ,16446 ,8 ,-7 ,3, 15170.9467, 32840.1268
7140, -224, -428, 16768, 9, -10, -5, -79 ,-3462 ,16446 ,8 ,-7 ,3, 15127.0807, 32830.8523
7148, -224, -435, 16785, 9, -10, -5, -70 ,-3437 ,16434 ,9 ,-7 ,3, 15058.7529, 32830.8821
7157, -217, -435, 16785, 8, -11, -4, -73 ,-3458 ,16461 ,8 ,-6 ,4, 15166.1038, 32837.6591
7163, -226, -435, 16756, 8, -10, -5, -81 ,-3450 ,16458 ,8 ,-8 ,3, 15082.8809, 32847.2704
7171, -228, -431, 16771, 9, -10, -6, -78 ,-3459 ,16460 ,8 ,-7 ,3, 15124.7114, 32840.6513
7179, -214, -442, 16755, 9, -11, -5, -83 ,-3452 ,16455 ,9 ,-6 ,3, 15174.4515, 32833.9905
7187, -232, -437, 16787, 8, -11, -5, -79 ,-3455 ,16454 ,9 ,-6 ,3, 15187.0191, 32814.0795
7195, -215, -459, 16763, 7, -11, -5, -64 ,-3460 ,16455 ,10 ,-6 ,4, 15220.0639, 32817.2445
7204, -222, -430, 16785, 8, -11, -5, -64 ,-3448 ,16440 ,8 ,-6 ,4, 15229.6335, 32811.5344
7210, -222, -430, 16785, 8, -11, -5, -75 ,-3448 ,16440 ,8 ,-6 ,3, 15070.4026, 32823.0292
7218, -224, -434, 16768, 7, -11, -4, -68 ,-3448 ,16460 ,9 ,-6 ,4, 15121.0666, 32833.5732
7226, -233, -444, 16774, 8, -11, -5, -73 ,-3443 ,16445 ,9 ,-7 ,4, 15017.3247, 32823.8040
7234, -217, -441, 16787, 8, -10, -4, -85 ,-3454 ,16462 ,7 ,-7 ,4, 15018.8327, 32821.5480
7242, -228, -425, 16792, 8, -11, -4, -70 ,-3448 ,16465 ,8 ,-8 ,3, 15061.4917, 32798.8505
7249, -229, -443, 16764, 7, -12, -4, -75 ,-3451 ,16455 ,8 ,-7 ,3, 14941.2721, 32834.1842
7257, -222, -439, 16759, 9, -11, -5, -75 ,-3463 ,16454 ,8 ,-6 ,3, 15127.6559, 32847.3896
7265, -222, -439, 16792, 8, -10, -5, -83 ,-3463 ,16454 ,8 ,-6 ,3, 15091.1987, 32817.3071
7273, -217, -429, 16792, 8, -10, -5, -69 ,-3441 ,16449 ,9 ,-7 ,3, 15154.8684, 32810.6850
7281, -218, -449, 16790, 8, -11, -5, -72 ,-3450 ,16452 ,9 ,-6 ,3, 15082.4606, 32824.9812
7289, -218, -437, 16774, 8, -11, -5, -90 ,-3431 ,16426 ,8 ,-7 ,4, 15149.3371, 32821.4616
7296, -224, -430, 16780, 8, -12, -5, -80 ,-3440 ,16447 ,7 ,-6 ,3, 15149.8467, 32846.4091
7304, -230, -437, 16768, 8, -10, -5, -77 ,-3420 ,16445 ,10 ,-7 ,4, 15129.8970, 32830.7688
7312, -220, -439, 16771, 7, -11, -5, -80 ,-3454 ,16450 ,7 ,-7 ,4, 15063.7478, 32837.2657
7320, -216, -437, 16763, 8, -12, -5, -80 ,-3454 ,16450 ,7 ,-7 ,3, 15087.0532, 32839.8496
7328, -216, -437, 16763, 8, -12, -4, -75 ,-3450 ,16455 ,8 ,-6 ,3, 15036.1449, 32827.0704
7336, -218, -434, 16772, 7, -11, -4, -82 ,-3450 ,16465 ,9 ,-6 ,3, 15097.5943, 32842.8298
7343, -221, -442, 16775, 8, -12, -4, -70 ,-3452 ,16452 ,8 ,-6 ,3, 15101.3106, 32843.3722
7351, -229, -434, 16794, 8, -10, -5, -76 ,-3453 ,16442 ,6 ,-6 ,3, 15068.0572, 32848.7575
7359, -217, -434, 16784, 8, -11, -5, -79 ,-3460 ,16451 ,7 ,-7 ,4, 15065.0918, 32819.9089
7367, -230, -441, 16768, 8, -10, -5, -85 ,-3458 ,16435 ,8 ,-6 ,4, 15082.3385, 32818.3144
7375, -233, -432, 16792, 7, -11, -5, -88 ,-3460 ,16435 ,8 ,-6 ,4, 15133.6610, 32813.8381
7382, -233, -432, 16792, 7, -11, -5, -88 ,-3460 ,16458 ,8 ,-8 ,4, 15084.3292, 32843.7507
7390, -224, -437, 16755, 7, -11, -6, -77 ,-3459 ,16470 ,8 ,-7 ,4, 15149.9271, 32834.2587
7398, -219, -439, 16778, 7, -11, -5, -83 ,-3452 ,16446 ,8 ,-7 ,4, 15050.3308, 32817.5247
7406, -213, -434, 16775, 8, -12, -5, -80 ,-3457 ,16448 ,8 ,-6 ,3, 14955.7590, 32813.6206
7414, -214, -442, 16778, 8, -11, -5, -72 ,-3444 ,16455 ,8 ,-6 ,4, 15096.8701, 32808.3187
7422, -225, -443, 16764, 8, -11, -5, -76 ,-3457 ,16474 ,8 ,-6 ,4, 15045.4998, 32817.5455
7429, -214, -435, 16781, 8, -11, -5, -86 ,-3446 ,16446 ,9 ,-6 ,3, 15128.2668, 32826.5935
7437, -214, -437, 16761, 8, -11, -5, -86 ,-3446 ,16446 ,9 ,-6 ,3, 15060.6871, 32815.4415
7445, -227, -437, 16761, 8, -11, -5, -82 ,-3461 ,16453 ,8 ,-7 ,3, 15063.9921, 32809.0310
7453, -212, -451, 16788, 8, -10, -3, -71 ,-3459 ,16458 ,9 ,-8 ,3, 15086.7343, 32831.7255
7461, -226, -435, 16786, 8, -11, -4, -62 ,-3447 ,16446 ,9 ,-6 ,4, 15130.6897, 32818.6333
7468, -217, -442, 16768, 7, -10, -5, -81 ,-3454 ,16450 ,8 ,-6 ,3, 15040.2486, 32830.7331
7476, -221, -440, 16761, 8, -11, -6, -74 ,-3440 ,16436 ,8 ,-7 ,4, 15084.6630, 32844.8147
7484, -221, -453, 16791, 8, -11, -6, -86 ,-3468 ,16445 ,9 ,-7 ,3, 15022.2182, 32831.1861
7497, -220, -436, 16775, 9, -11, -4, -74 ,-3453 ,16449 ,8 ,-7 ,4, 15078.8665, 32807.8240
7500, -220, -436, 16775, 9, -11, -4, -74 ,-3453 ,16449 ,8 ,-7 ,4, 15107.3486, 32815.9302
7508, -226, -434, 16802, 8, -11, -4, -76 ,-3448 ,16447 ,6 ,-7 ,3, 15127.1880, 32813.4418
7515, -219, -445, 16768, 8, -11, -4, -73 ,-3446 ,16466 ,8 ,-6 ,4, 15058.9049, 32832.9861
7523, -212, -434, 16785, 8, -10, -5, -68 ,-3433 ,16460 ,8 ,-6 ,4, 15042.8236, 32836.8306
7531, -213, -438, 16774, 7, -11, -5, -75 ,-3470 ,16437 ,7 ,-6 ,3, 14872.5569, 32827.5740
7539, -222, -447, 16773, 9, -11, -5, -90 ,-3452 ,16445 ,9 ,-6 ,4, 15185.6810, 32825.4759
7547, -224, -456, 16773, 7, -11, -5, -90 ,-3452 ,16455 ,8 ,-6 ,3, 15086.1233, 32831.4245
7555, -209, -456, 16762, 8, -11, -5, -81 ,-3465 ,16455 ,8 ,-6 ,3, 15065.2528, 32846.2571
7562, -209, -436, 16762, 8, -11, -5, -73 ,-3446 ,16453 ,9 ,-6 ,4, 15089.9142, 32830.0327
7570, -223, -414, 16774, 6, -10, -5, -59 ,-3458 ,16453 ,8 ,-7 ,4, 15039.1906, 15054.0680
7578, -214, -444, 16757, 8, -11, -6, -62 ,-3466 ,16462 ,8 ,-6 ,3, 14898.7144, 32806.0567
7586, -224, -432, 16780, 8, -11, -5, -76 ,-3446 ,16444 ,8 ,-7 ,3, 15086.6210, 32824.7309
7594, -226, -439, 16773, 8, -12, -5, -85 ,-3456 ,16447 ,8 ,-7 ,3, 15058.2135, 32818.2608
7601, -214, -434, 16789, 9, -11, -6, -70 ,-3439 ,16452 ,9 ,-7 ,4, 15117.2131, 32840.5052
7609, -218, -450, 16777, 8, -10, -5, -70 ,-3439 ,16452 ,9 ,-7 ,3, 15080.7887, 32832.9325
7617, -219, -450, 16777, 8, -10, -4, -81 ,-3454 ,16446 ,9 ,-7 ,3, 14873.9576, 32828.4562
7625, -219, -447, 16766, 9, -11, -4, -64 ,-3447 ,16445 ,9 ,-7 ,3, 15105.9389, 32824.8560
7633, -217, -440, 16785, 9, -11, -4, -77 ,-3451 ,16448 ,8 ,-8 ,4, 15159.2642, 32826.3909
7641, -213, -444, 16777, 9, -11, -5, -82 ,-3454 ,16457 ,9 ,-6 ,3, 15062.6540, 32826.0243
7648, -218, -433, 16760, 8, -12, -5, -71 ,-3433 ,16436 ,8 ,-8 ,4, 15120.5957, 32805.7408
7656, -205, -435, 16773, 7, -11, -5, -68 ,-3466 ,16463 ,7 ,-7 ,3, 15048.7602, 32811.2334
7664, -219, -442, 16759, 8, -11, -4, -86 ,-3455 ,16463 ,7 ,-7 ,3, 15070.2715, 32810.2589
7672, -228, -442, 16759, 8, -11, -5, -86 ,-3455 ,16440 ,9 ,-7 ,3, 15108.0936, 32815.8945
7680, -228, -449, 16779, 8, -11, -5, -82 ,-3460 ,16456 ,7 ,-6 ,4, 15072.8434, 32832.6046
7687, -237, -420, 16754, 7, -11, -5, -70 ,-3445 ,16477 ,9 ,-6 ,3, 15058.2403, 32817.7392
7697, -220, -437, 16783, 8, -11, -5, -81 ,-3460 ,16464 ,9 ,-7 ,4, 15107.7747, 32832.6076
7703, -211, -441, 16762, 8, -11, -4, -75 ,-3456 ,16454 ,8 ,-7 ,4, 14942.4791, 32837.8677
7711, -214, -432, 16789, 8, -11, -4, -80 ,-3453 ,16457 ,8 ,-6 ,3, 15022.0513, 32817.5455
7719, -210, -437, 16774, 8, -11, -4, -83 ,-3476 ,16460 ,9 ,-6 ,3, 15130.7315, 32831.2516
7727, -223, -433, 16758, 9, -10, -5, -83 ,-3476 ,16460 ,9 ,-7 ,4, 15061.5573, 32827.1002
7734, -223, -436, 16758, 9, -10, -5, -84 ,-3448 ,16452 ,8 ,-6 ,4, 15231.4037, 32827.4250
7742, -225, -436, 16763, 7, -11, -5, -68 ,-3458 ,16460 ,8 ,-6 ,4, 15029.0728, 32816.7886
7750, -223, -438, 16781, 9, -10, -5, -91 ,-3454 ,16427 ,9 ,-7 ,4, 15073.6362, 32822.1768
7762, -200, -439, 16793, 8, -10, -5, -69 ,-3452 ,16448 ,7 ,-7 ,4, 15107.9059, 32819.7867
7766, -200, -439, 16762, 9, -10, -5, -70 ,-3458 ,16452 ,7 ,-7 ,3, 15221.5958, 32818.5529
7773, -219, -433, 16786, 8, -9, -5, -80 ,-3462 ,16451 ,8 ,-7 ,4, 15103.5458, 32831.5586
7781, -222, -455, 16752, 8, -12, -5, -80 ,-3462 ,16451 ,9 ,-7 ,4, 15050.1609, 32820.1264
7789, -231, -455, 16752, 8, -11, -5, -70 ,-3465 ,16444 ,9 ,-7 ,4, 15054.8965, 32823.2616
7797, -231, -434, 16778, 8, -11, -5, -77 ,-3442 ,16444 ,9 ,-6 ,4, 15201.2885, 32831.2933
7805, -227, -440, 16776, 9, -11, -4, -80 ,-3454 ,16459 ,7 ,-6 ,3, 15103.7365, 32837.4445
7812, -223, -436, 16804, 8, -10, -3, -88 ,-3445 ,16469 ,9 ,-6 ,3, 15091.6189, 32814.3835
7820, -222, -440, 16764, 8, -11, -4, -76 ,-3441 ,16445 ,9 ,-5 ,4, 15130.0460, 32823.5328
7828, -226, -438, 16783, 8, -11, -4, -66 ,-3462 ,16432 ,8 ,-6 ,4, 15075.0041, 32809.8118
7836, -220, -440, 16745, 8, -10, -4, -66 ,-3462 ,16432 ,9 ,-7 ,4, 15056.6548, 32828.5158
7844, -219, -440, 16791, 7, -12, -6, -73 ,-3438 ,16445 ,9 ,-7 ,4, 15104.1597, 32813.0126
7852, -219, -432, 16791, 7, -12, -6, -81 ,-3470 ,16455 ,7 ,-6 ,4, 15112.8799, 32824.5282
7861, -220, -446, 16784, 7, -10, -6, -67 ,-3458 ,16447 ,8 ,-7 ,4, 15080.1033, 32813.3613
7867, -225, -446, 16784, 7, -10, -5, -85 ,-3453 ,16447 ,7 ,-6 ,4, 15052.8908, 32824.6295
7875, -219, -445, 16753, 8, -10, -4, -79 ,-3455 ,16451 ,9 ,-6 ,4, 15128.8122, 32823.5954
7883, -238, -438, 16780, 8, -11, -5, -78 ,-3441 ,16447 ,7 ,-7 ,5, 15031.9546, 32810.7625
7891, -217, -437, 16740, 6, -11, -4, -84 ,-3454 ,16450 ,9 ,-7 ,4, 15195.5098, 32822.7669
7898, -230, -433, 16796, 8, -11, -4, -84 ,-3454 ,16450 ,9 ,-7 ,4, 15108.3767, 32846.8710
7906, -226, -456, 16796, 8, -11, -4, -75 ,-3447 ,16448 ,9 ,-6 ,4, 15091.5712, 32811.8086
7914, -226, -456, 16755, 6, -11, -4, -78 ,-3470 ,16448 ,8 ,-7 ,3, 14972.1801, 32815.5130
7922, -222, -442, 16760, 8, -11, -5, -86 ,-3449 ,16453 ,8 ,-6 ,4, 15078.4433, 32820.2158
7930, -220, -435, 16771, 7, -11, -5, -77 ,-3469 ,16477 ,8 ,-7 ,4, 15142.0474, 32836.1362
7938, -217, -435, 16768, 7, -11, -4, -68 ,-3444 ,16444 ,9 ,-6 ,3, 15192.6190, 32826.3611
7944, -225, -444, 16782, 8, -11, -4, -77 ,-3453 ,16454 ,8 ,-6 ,3, 14915.3978, 32817.7780
7953, -210, -440, 16763, 7, -11, -5, -69 ,-3445 ,16454 ,8 ,-6 ,3, 15116.4532, 32822.6000
7961, -216, -433, 16763, 7, -12, -5, -69 ,-3445 ,16447 ,9 ,-6 ,3, 15006.9982, 32828.6976
7969, -216, -433, 16794, 7, -12, -5, -83 ,-3432 ,16454 ,7 ,-7 ,3, 15175.1578, 32824.0395
7977, -224, -439, 16754, 7, -12, -5, -72 ,-3449 ,16463 ,9 ,-7 ,3, 15107.7509, 32827.7916
7983, -217, -441, 16777, 8, -11, -5, -68 ,-3442 ,16452 ,8 ,-6 ,2, 15159.0943, 32827.7886
7991, -205, -446, 16771, 8, -10, -4, -81 ,-3452 ,16449 ,7 ,-6 ,4, 15056.7472, 32843.8103
8000, -204, -428, 16769, 7, -10, -4, -80 ,-3444 ,16443 ,8 ,-6 ,4, 14974.4958, 32822.7997
8008, -218, -438, 16772, 6, -10, -5, -79 ,-3440 ,16448 ,7 ,-6 ,4, 15018.2337, 32827.6873
8016, -213, -430, 16802, 8, -10, -5, -79 ,-3440 ,16448 ,7 ,-6 ,5, 15131.8699, 32827.8273
8024, -213, -434, 16772, 8, -10, -5, -71 ,-3463 ,16456 ,9 ,-8 ,4, 15180.7785, 32829.2757
8030, -219, -434, 16772, 7, -10, -4, -65 ,-3437 ,16460 ,8 ,-6 ,4, 14967.3402, 32825.7173
8038, -218, -447, 16789, 7, -11, -5, -72 ,-3453 ,16446 ,8 ,-7 ,4, 15090.8738, 32831.2308
8046, -218, -438, 16767, 9, -10, -4, -72 ,-3442 ,16461 ,9 ,-7 ,3, 14906.7134, 32837.4028
8055, -235, -430, 16762, 9, -10, -5, -78 ,-3448 ,16457 ,8 ,-6 ,4, 14931.8695, 32826.2061
8063, -225, -446, 16760, 7, -11, -5, -83 ,-3444 ,16446 ,9 ,-7 ,4, 15137.8512, 32832.8609
8069, -222, -452, 16770, 7, -11, -5, -83 ,-3444 ,16446 ,9 ,-7 ,4, 14954.4120, 32820.0638
8077, -221, -431, 16763, 7, -11, -5, -94 ,-3456 ,16448 ,8 ,-7 ,4, 14997.3750, 32814.3775
8085, -221, -431, 16763, 9, -11, -5, -67 ,-3460 ,16463 ,9 ,-6 ,3, 15025.1240, 32809.2128
8094, -230, -443, 16775, 9, -10, -5, -77 ,-3431 ,16456 ,7 ,-7 ,4, 15075.7164, 32835.4448
8102, -217, -436, 16773, 7, -11, -3, -76 ,-3470 ,16442 ,8 ,-7 ,4, 15127.5754, 32829.9552
8110, -214, -424, 16760, 9, -10, -5, -76 ,-3428 ,16439 ,9 ,-7 ,4, 15174.3978, 32838.5502
8116, -228, -437, 16785, 8, -12, -5, -78 ,-3452 ,16457 ,8 ,-6 ,3, 15138.8824, 32815.2478
8130, -220, -446, 16749, 8, -11, -4, -77 ,-3450 ,16453 ,9 ,-6 ,3, 14997.8846, 32833.0338
8132, -221, -434, 16783, 7, -11, -5, -77 ,-3450 ,16453 ,9 ,-6 ,3, 14997.6403, 32829.3324
8141, -221, -434, 16763, 7, -11, -5, -74 ,-3433 ,16458 ,7 ,-6 ,3, 15168.2973, 32837.0243
8149, -214, -446, 16763, 7, -11, -5, -72 ,-3456 ,16454 ,8 ,-7 ,3, 15078.8784, 32826.5488
8157, -232, -438, 16793, 6, -11, -5, -76 ,-3447 ,16451 ,8 ,-7 ,4, 15079.2003, 32808.4737
8163, -210, -449, 16751, 7, -11, -5, -85 ,-3454 ,16462 ,8 ,-6 ,4, 15087.5837, 32818.6035
8171, -209, -436, 16783, 8, -11, -5, -72 ,-3457 ,16438 ,9 ,-7 ,4, 15092.9421, 32817.8763
8179, -213, -449, 16790, 6, -10, -5, -70 ,-3464 ,16461 ,9 ,-7 ,4, 15180.5013, 32836.0081
8187, -227, -434, 16771, 8, -10, -5, -70 ,-3445 ,16469 ,9 ,-7 ,4, 15143.9101, 32813.4596
8196, -220, -438, 16776, 8, -10, -5, -81 ,-3445 ,16469 ,10 ,-7 ,4, 15082.4666, 32832.7864
8204, -213, -438, 16776, 8, -11, -5, -83 ,-3452 ,16443 ,8 ,-6 ,3, 14967.2598, 32841.5036
8210, -213, -437, 16746, 8, -11, -5, -76 ,-3469 ,16442 ,9 ,-6 ,3, 14990.5473, 32835.3941
8218, -216, -447, 16779, 8, -12, -5, -69 ,-3434 ,16444 ,8 ,-7 ,3, 14987.6744, 32832.6613
8226, -208, -447, 16761, 7, -11, -5, -81 ,-3460 ,16479 ,7 ,-7 ,4, 15172.9643, 32823.0381
8234, -226, -430, 16769, 8, -11, -6, -80 ,-3436 ,16439 ,7 ,-7 ,4, 15127.0032, 32806.8852
8243, -212, -441, 16772, 9, -11, -4, -80 ,-3458 ,16439 ,7 ,-7 ,4, 15132.9339, 32807.6929
8249, -223, -437, 16775, 10, -10, -5, -75 ,-3458 ,16457 ,7 ,-6 ,3, 15107.0088, 32837.5250
8257, -223, -437, 16775, 9, -11, -5, -66 ,-3457 ,16460 ,9 ,-6 ,3, 15047.4370, 32824.0186
8265, -213, -438, 16785, 9, -11, -5, -80 ,-3453 ,16438 ,8 ,-7 ,3, 15060.9881, 32826.2061
8273, -223, -446, 16776, 9, -12, -5, -72 ,-3471 ,16448 ,9 ,-7 ,3, 15093.7915, 32830.3456
8281, -222, -432, 16766, 8, -11, -5, -78 ,-3452 ,16439 ,8 ,-6 ,4, 15211.0696, 32823.5000
8289, -232, -443, 16785, 8, -12, -5, -91 ,-3475 ,16460 ,7 ,-6 ,4, 15194.1329, 32824.7547
8296, -224, -440, 16772, 7, -12, -4, -74 ,-3442 ,16449 ,9 ,-8 ,4, 15057.3522, 32834.0441
8304, -224, -444, 16776, 7, -11, -5, -84 ,-3464 ,16449 ,9 ,-6 ,4, 15108.0042, 32831.8357
8312, -224, -440, 16778, 8, -11, -5, -84 ,-3464 ,16442 ,7 ,-6 ,4, 15017.3873, 32852.9835
8320, -220, -440, 16778, 8, -11, -4, -70 ,-3457 ,16464 ,8 ,-6 ,5, 15122.8547, 32828.1462
8328, -234, -428, 16775, 9, -11, -4, -78 ,-3452 ,16441 ,7 ,-7 ,4, 15156.5909, 32816.6008
8336, -214, -432, 16777, 8, -11, -5, -82 ,-3463 ,16444 ,9 ,-8 ,3, 15286.5648, 32815.8915
8343, -212, -440, 16779, 8, -10, -5, -76 ,-3444 ,16442 ,9 ,-7 ,4, 14993.9030, 32806.1193
8351, -202, -436, 16782, 7, -11, -5, -78 ,-3466 ,16445 ,8 ,-7 ,5, 15073.3948, 32820.3946
8359, -216, -429, 16757, 8, -10, -4, -83 ,-3454 ,16438 ,10 ,-7 ,4, 14970.7615, 32813.0394
8367, -223, -441, 16778, 8, -10, -4, -83 ,-3454 ,16438 ,10 ,-7 ,4, 15088.9069, 32820.3887
8375, -219, -441, 16778, 8, -11, -5, -89 ,-3453 ,16446 ,8 ,-7 ,4, 15102.7143, 32809.9489
8382, -219, -450, 16767, 7, -11, -5, -68 ,-3452 ,16451 ,9 ,-7 ,4, 15017.5273, 32844.2633
8390, -220, -433, 16771, 8, -10, -5, -63 ,-3455 ,16447 ,7 ,-7 ,4, 15069.0645, 32829.4218
8398, -217, -436, 16764, 6, -10, -4, -79 ,-3465 ,16457 ,8 ,-7 ,3, 15235.9247, 32831.8924
8406, -220, -442, 16777, 7, -10, -4, -67 ,-3437 ,16444 ,9 ,-7 ,3, 15104.5382, 32836.2435
8414, -230, -434, 16786, 8, -10, -4, -75 ,-3462 ,16444 ,7 ,-6 ,3, 15061.9149, 32818.6601
8422, -215, -430, 16764, 9, -10, -5, -75 ,-3462 ,16452 ,7 ,-6 ,3, 15189.7401, 32816.1240
8429, -215, -430, 16792, 8, -11, -5, -90 ,-3429 ,16452 ,9 ,-7 ,4, 15101.6116, 32840.0642
8437, -218, -437, 16792, 8, -11, -5, -79 ,-3462 ,16442 ,7 ,-7 ,3, 15160.5755, 32840.9404
8445, -234, -425, 16769, 8, -11, -4, -78 ,-3454 ,16462 ,10 ,-7 ,4, 15077.8770, 32823.2110
8453, -216, -432, 16781, 8, -11, -4, -80 ,-3443 ,16441 ,9 ,-7 ,3, 15046.4058, 32817.7720
8461, -223, -448, 16769, 7, -10, -4, -85 ,-3454 ,16442 ,7 ,-7 ,3, 15136.2717, 32825.5743
8469, -220, -427, 16796, 8, -9, -4, -72 ,-3440 ,16450 ,8 ,-7 ,3, 15052.7686, 32834.4941
8476, -209, -436, 16755, 6, -11, -4, -72 ,-3440 ,16467 ,7 ,-7 ,3, 15109.1576, 32835.3584
8484, -231, -431, 16772, 8, -11, -4, -64 ,-3454 ,16467 ,7 ,-7 ,3, 15087.8489, 32822.6477
8492, -216, -431, 16772, 8, -11, -4, -76 ,-3434 ,16456 ,8 ,-6 ,3, 15002.3341, 32831.9818
8500, -216, -448, 16799, 8, -11, -4, -85 ,-3454 ,16447 ,7 ,-6 ,3, 15102.7709, 32845.3928
8508, -225, -446, 16775, 8, -9, -5, -79 ,-3446 ,16455 ,8 ,-7 ,3, 15170.5533, 32830.1579
8515, -230, -440, 16780, 8, -10, -4, -76 ,-3445 ,16459 ,7 ,-6 ,4, 15040.0311, 32821.5718
8523, -221, -445, 16782, 8, -11, -5, -75 ,-3458 ,16450 ,8 ,-6 ,3, 15071.3831, 32836.7203
8531, -212, -440, 16786, 8, -11, -4, -69 ,-3445 ,16440 ,9 ,-7 ,4, 15109.7059, 32799.1545
8539, -220, -444, 16782, 8, -11, -4, -69 ,-3445 ,16440 ,9 ,-7 ,4, 15135.8336, 32821.7655
8547, -220, -444, 16782, 8, -11, -4, -76 ,-3467 ,16458 ,8 ,-7 ,3, 15104.9256, 32826.0452
8554, -227, -434, 16771, 8, -11, -4, -79 ,-3440 ,16451 ,8 ,-7 ,3, 15045.3836, 32823.7206
8562, -226, -430, 16778, 7, -10, -4, -88 ,-3459 ,16447 ,8 ,-7 ,4, 15048.5635, 32839.4473
8570, -224, -445, 16779, 8, -10, -5, -76 ,-3445 ,16448 ,9 ,-7 ,3, 15055.2541, 32844.4779
8578, -222, -434, 16776, 9, -10, -5, -81 ,-3444 ,16432 ,8 ,-6 ,3, 15032.2914, 32813.7338
8586, -207, -441, 16790, 9, -11, -5, -79 ,-3457 ,16454 ,8 ,-6 ,3, 15034.5296, 32837.5459
8594, -232, -440, 16767, 8, -11, -4, -81 ,-3455 ,16454 ,8 ,-6 ,3, 15130.6272, 32822.0099
8601, -232, -435, 16786, 8, -11, -5, -81 ,-3455 ,16453 ,7 ,-6 ,3, 15103.8259, 32823.6043
8609, -230, -435, 16786, 8, -11, -5, -94 ,-3457 ,16449 ,8 ,-6 ,4, 15016.1535, 32835.0037
8617, -213, -436, 16756, 8, -10, -4, -65 ,-3435 ,16453 ,9 ,-6 ,3, 15050.7122, 32842.2666
8625, -227, -442, 16792, 7, -11, -4, -80 ,-3451 ,16458 ,7 ,-6 ,4, 15076.3094, 32831.1592
8633, -223, -443, 16767, 8, -11, -5, -80 ,-3447 ,16460 ,8 ,-6 ,4, 15206.4949, 32826.4117
8640, -223, -432, 16767, 8, -11, -5, -81 ,-3447 ,16455 ,7 ,-6 ,4, 15114.5339, 32833.0338
8648, -217, -439, 16764, 8, -11, -5, -67 ,-3460 ,16452 ,8 ,-6 ,3, 15186.4320, 32839.1850
8656, -223, -424, 16768, 8, -10, -5, -67 ,-3460 ,16452 ,8 ,-7 ,3, 15075.5465, 32839.2595
8664, -238, -424, 16768, 8, -10, -4, -75 ,-3442 ,16460 ,8 ,-7 ,3, 14976.9068, 32821.8520
8672, -238, -431, 16783, 7, -12, -4, -72 ,-3461 ,16445 ,8 ,-6 ,4, 15032.7235, 32821.1486
8680, -227, -433, 16760, 8, -10, -5, -81 ,-3442 ,16447 ,8 ,-6 ,4, 15150.9136, 32804.6799
8687, -211, -441, 16775, 7, -11, -4, -86 ,-3466 ,16434 ,9 ,-7 ,3, 15096.4499, 32841.9507
8695, -223, -440, 16764, 8, -10, -5, -68 ,-3451 ,16455 ,9 ,-7 ,3, 15047.3058, 32816.1806
8703, -224, -426, 16799, 8, -11, -5, -68 ,-3460 ,16441 ,8 ,-6 ,4, 15131.8073, 32821.3423
8711, -223, -430, 16767, 7, -10, -5, -68 ,-3460 ,16441 ,8 ,-6 ,4, 15072.0477, 32824.6295
8719, -205, -430, 16775, 7, -11, -4, -80 ,-3453 ,16441 ,8 ,-6 ,4, 15094.9687, 32821.6493
8726, -205, -420, 16775, 7, -11, -4, -78 ,-3438 ,16452 ,7 ,-7 ,4, 14984.3603, 32823.5865
8734, -221, -450, 16772, 7, -11, -5, -67 ,-3469 ,16444 ,8 ,-6 ,3, 15231.6272, 32821.6434
8742, -211, -436, 16759, 7, -10, -4, -71 ,-3450 ,16455 ,9 ,-7 ,3, 15076.3571, 32802.0900
8750, -222, -438, 16775, 7, -11, -4, -62 ,-3464 ,16461 ,8 ,-7 ,3, 14986.6253, 32818.8598
8758, -212, -431, 16767, 8, -11, -4, -73 ,-3446 ,16454 ,9 ,-7 ,4, 15148.9437, 32835.1766
8766, -224, -442, 16780, 9, -11, -5, -73 ,-3446 ,16454 ,8 ,-7 ,4, 15127.7244, 32826.5846
8773, -240, -452, 16756, 7, -11, -4, -66 ,-3452 ,16450 ,8 ,-7 ,4, 15069.3148, 32844.7372
8781, -215, -440, 16756, 7, -11, -4, -72 ,-3452 ,16451 ,9 ,-7 ,4, 15205.9019, 32824.8113
8789, -215, -440, 16769, 7, -11, -5, -69 ,-3453 ,16440 ,8 ,-7 ,4, 15158.8261, 32826.3819
8797, -223, -447, 16772, 7, -12, -5, -80 ,-3455 ,16447 ,8 ,-6 ,4, 15102.8812, 32822.0457
8805, -214, -447, 16776, 8, -12, -5, -74 ,-3443 ,16460 ,9 ,-6 ,4, 15232.9743, 32833.4481
8812, -225, -434, 16777, 8, -10, -5, -83 ,-3458 ,16450 ,9 ,-7 ,3, 15043.3987, 32821.9503
8820, -221, -441, 16775, 7, -12, -5, -80 ,-3451 ,16450 ,10 ,-7 ,3, 15151.4322, 32835.9425
8828, -218, -443, 16773, 9, -11, -5, -80 ,-3451 ,16454 ,10 ,-7 ,3, 15178.0307, 32807.7763
8836, -231, -447, 16780, 9, -11, -5, -79 ,-3447 ,16433 ,9 ,-6 ,3, 15041.8878, 32817.4710
8844, -231, -447, 16780, 8, -11, -5, -75 ,-3449 ,16462 ,8 ,-6 ,4, 15004.9180, 32808.5959
8852, -223, -435, 16766, 9, -10, -4, -77 ,-3449 ,16461 ,8 ,-6 ,4, 15057.9095, 32824.0007
8860, -219, -443, 16782, 8, -10, -4, -81 ,-3441 ,16466 ,8 ,-6 ,3, 15080.2791, 32842.9550
8867, -233, -434, 16771, 8, -11, -5, -82 ,-3445 ,16449 ,9 ,-7 ,3, 15160.6351, 32831.7046
8875, -235, -452, 16790, 7, -10, -5, -77 ,-3450 ,16450 ,6 ,-7 ,4, 15104.7736, 32817.9628
8883, -204, -436, 16764, 7, -10, -5, -84 ,-3450 ,16450 ,6 ,-7 ,4, 14892.1728, 32817.5128
8891, -214, -446, 16793, 8, -11, -6, -84 ,-3443 ,16460 ,9 ,-6 ,3, 15105.7780, 32828.4889
8899, -214, -446, 16767, 7, -11, -6, -74 ,-3455 ,16454 ,9 ,-7 ,3, 15151.9239, 32821.9622
8906, -221, -446, 16767, 7, -11, -4, -82 ,-3454 ,16445 ,9 ,-7 ,3, 15075.2515, 32835.3077
8914, -227, -439, 16776, 8, -10, -5, -72 ,-3446 ,16446 ,9 ,-6 ,4, 15151.6169, 32824.7994
8922, -218, -434, 16772, 6, -11, -5, -85 ,-3465 ,16452 ,8 ,-6 ,4, 15126.7469, 32826.1882
8930, -218, -438, 16759, 8, -11, -5, -77 ,-3437 ,16445 ,8 ,-6 ,4, 15099.7967, 32828.9628
8938, -210, -442, 16773, 7, -12, -4, -71 ,-3446 ,16460 ,8 ,-6 ,4, 15192.5802, 32790.5983
8946, -223, -442, 16783, 8, -11, -4, -71 ,-3446 ,16460 ,8 ,-7 ,3, 15130.7374, 32830.1162
8953, -234, -435, 16775, 8, -11, -4, -83 ,-3449 ,16461 ,9 ,-6 ,3, 15260.4818, 32826.4594
8961, -234, -435, 16775, 7, -11, -4, -79 ,-3457 ,16451 ,8 ,-7 ,4, 15069.8125, 32808.8403
8969, -210, -439, 16781, 6, -12, -4, -94 ,-3461 ,16458 ,7 ,-7 ,4, 14995.1667, 32809.1592
8977, -223, -434, 16764, 8, -10, -5, -71 ,-3435 ,16461 ,8 ,-6 ,3, 15105.6737, 32835.8114
8985, -227, -440, 16774, 8, -10, -5, -80 ,-3459 ,16449 ,8 ,-7 ,4, 15062.3798, 32846.4836
8992, -228, -442, 16769, 9, -10, -5, -67 ,-3435 ,16456 ,8 ,-6 ,4, 15015.6558, 32845.7505
9000, -219, -434, 16778, 7, -10, -4, -67 ,-3435 ,16456 ,8 ,-6 ,4, 15087.9383, 32823.5954
9008, -214, -451, 16754, 7, -10, -5, -64 ,-3466 ,16449 ,8 ,-6 ,4, 14940.8549, 32818.1028
9016, -214, -451, 16784, 8, -10, -5, -84 ,-3444 ,16452 ,9 ,-6 ,3, 15049.0046, 32825.5147
9024, -232, -430, 16784, 8, -11, -4, -75 ,-3447 ,16444 ,8 ,-7 ,3, 15049.4039, 32841.6467
9032, -226, -442, 16764, 8, -12, -4, -91 ,-3463 ,16447 ,9 ,-7 ,4, 15200.2454, 32834.6074
9039, -217, -438, 16769, 8, -11, -4, -78 ,-3451 ,16444 ,9 ,-6 ,4, 14986.3988, 32832.5808
9047, -217, -455, 16774, 7, -11, -5, -79 ,-3457 ,16448 ,8 ,-7 ,3, 15011.5222, 32831.4900
9055, -225, -431, 16773, 7, -11, -4, -79 ,-3457 ,16448 ,8 ,-6 ,4, 15098.5152, 32811.4182
9063, -227, -440, 16776, 7, -11, -5, -75 ,-3454 ,16444 ,9 ,-6 ,4, 15135.9439, 32820.2605
9071, -216, -440, 16763, 7, -11, -5, -63 ,-3454 ,16444 ,7 ,-7 ,4, 15116.2326, 32845.1604
9079, -216, -440, 16763, 7, -12, -5, -78 ,-3453 ,16440 ,7 ,-7 ,3, 15275.1356, 32826.8975
9086, -232, -429, 16774, 8, -12, -5, -82 ,-3444 ,16448 ,7 ,-7 ,3, 15240.0494, 32838.9227
9094, -206, -437, 16759, 8, -12, -5, -79 ,-3451 ,16438 ,7 ,-7 ,3, 15043.7057, 32814.7292
9102, -216, -433, 16768, 8, -11, -5, -82 ,-3440 ,16448 ,7 ,-7 ,3, 15074.2978, 32818.0969
9110, -223, -443, 16785, 7, -11, -4, -87 ,-3456 ,16448 ,7 ,-5 ,3, 15071.0136, 32834.5269
9118, -224, -427, 16752, 9, -11, -5, -87 ,-3441 ,16437 ,8 ,-6 ,3, 15140.8166, 32825.5981
9124, -219, -447, 16786, 9, -11, -4, -76 ,-3441 ,16437 ,8 ,-6 ,3, 15083.2295, 32844.5017
9133, -219, -447, 16786, 7, -11, -4, -78 ,-3440 ,16469 ,7 ,-7 ,3, 15077.7370, 32822.7222
9141, -224, -442, 16763, 7, -11, -5, -74 ,-3442 ,16462 ,9 ,-7 ,3, 15053.6418, 32838.7886
9149, -228, -432, 16781, 8, -11, -5, -70 ,-3449 ,16459 ,7 ,-6 ,2, 15096.3157, 32826.3223
9157, -215, -442, 16764, 7, -10, -5, -71 ,-3460 ,16457 ,8 ,-6 ,3, 15136.4625, 32812.2258
9163, -225, -441, 16777, 9, -11, -5, -69 ,-3430 ,16457 ,8 ,-6 ,4, 15023.8365, 32824.0514
9171, -216, -455, 16761, 8, -11, -4, -69 ,-3455 ,16449 ,9 ,-7 ,4, 15037.3876, 32827.3326
9180, -235, -445, 16777, 9, -10, -4, -69 ,-3455 ,16449 ,9 ,-8 ,4, 15052.7328, 32813.9842
9188, -235, -434, 16791, 9, -10, -4, -70 ,-3433 ,16468 ,9 ,-8 ,3, 15175.7270, 32834.4256
9196, -217, -434, 16791, 9, -10, -5, -73 ,-3443 ,16446 ,7 ,-7 ,3, 15130.8358, 32847.4581
9202, -230, -439, 16772, 8, -11, -4, -77 ,-3445 ,16456 ,8 ,-7 ,3, 15227.5980, 32829.0135
9210, -227, -430, 16785, 8, -11, -4, -84 ,-3437 ,16462 ,8 ,-7 ,4, 15073.2249, 32835.4418
9219, -213, -444, 16764, 9, -10, -4, -81 ,-3451 ,16455 ,9 ,-7 ,3, 14923.3013, 32825.4372
9227, -215, -431, 16801, 8, -10, -4, -72 ,-3442 ,16448 ,9 ,-7 ,3, 14936.3518, 32830.7867
9235, -238, -440, 16764, 8, -11, -5, -79 ,-3442 ,16448 ,9 ,-7 ,3, 15045.9439, 32828.7065
9243, -225, -428, 16781, 7, -10, -5, -79 ,-3467 ,16460 ,8 ,-7 ,3, 15136.7009, 32836.9558
9249, -225, -428, 16781, 7, -10, -5, -76 ,-3445 ,16448 ,9 ,-7 ,4, 15046.0958, 32849.2314
9257, -226, -439, 16747, 6, -11, -5, -74 ,-3446 ,16442 ,8 ,-7 ,4, 15197.1728, 32827.9346
9265, -222, -444, 16793, 8, -11, -5, -68 ,-3454 ,16458 ,9 ,-7 ,3, 15166.2707, 32830.6556
9274, -222, -450, 16751, 7, -11, -4, -78 ,-3442 ,16448 ,8 ,-6 ,4, 14999.0380, 32834.8756
9282, -221, -437, 16793, 8, -11, -4, -70 ,-3447 ,16448 ,8 ,-7 ,4, 15029.3052, 32816.9137
9288, -234, -446, 16768, 8, -10, -5, -77 ,-3438 ,16465 ,9 ,-7 ,4, 15004.6736, 32850.3668
9296, -213, -435, 16788, 8, -10, -5, -77 ,-3438 ,16465 ,9 ,-7 ,4, 14903.0149, 32812.0053
9304, -213, -435, 16788, 9, -10, -5, -91 ,-3457 ,16442 ,7 ,-6 ,4, 14968.8512, 32832.6404
9314, -220, -437, 16774, 8, -11, -4, -64 ,-3445 ,16442 ,8 ,-6 ,4, 14980.8913, 32837.1435
9321, -222, -423, 16774, 8, -11, -4, -84 ,-3454 ,16452 ,8 ,-7 ,3, 15066.6028, 32823.3093
9329, -217, -438, 16769, 7, -12, -5, -83 ,-3450 ,16466 ,9 ,-6 ,4, 15170.2285, 32825.5534
9335, -227, -426, 16788, 9, -10, -5, -85 ,-3449 ,16448 ,8 ,-6 ,3, 15085.2770, 32846.5670
9343, -212, -445, 16789, 6, -11, -4, -83 ,-3468 ,16446 ,7 ,-6 ,3, 15038.4218, 32819.1280
9351, -225, -440, 16769, 8, -10, -4, -83 ,-3434 ,16450 ,7 ,-6 ,3, 15070.8079, 32822.1381
9359, -224, -436, 16788, 7, -12, -4, -70 ,-3434 ,16450 ,10 ,-6 ,4, 14903.4411, 32846.4568
9368, -224, -436, 16788, 7, -12, -4, -73 ,-3459 ,16446 ,6 ,-7 ,4, 15013.8378, 32824.9842
9376, -224, -437, 16745, 7, -11, -5, -76 ,-3449 ,16441 ,8 ,-8 ,4, 15250.8080, 32840.7645
9382, -216, -431, 16786, 7, -11, -5, -80 ,-3449 ,16454 ,9 ,-6 ,4, 15044.2272, 32821.9384
9390, -228, -444, 16762, 8, -10, -5, -82 ,-3466 ,16450 ,8 ,-7 ,3, 15049.1804, 32840.8360
9398, -215, -441, 16783, 10, -11, -5, -88 ,-3429 ,16450 ,8 ,-8 ,4, 15030.5510, 32804.2030
9406, -218, -440, 16767, 8, -11, -4, -88 ,-3429 ,16459 ,9 ,-6 ,4, 15043.3719, 32844.4481
9414, -222, -430, 16782, 8, -11, -5, -87 ,-3461 ,16459 ,9 ,-6 ,3, 15077.8115, 32833.6090
9423, -225, -430, 16782, 8, -11, -5, -78 ,-3450 ,16447 ,8 ,-8 ,3, 15217.1731, 32827.0316
9429, -225, -434, 16773, 7, -11, -5, -87 ,-3450 ,16452 ,7 ,-7 ,3, 15037.1790, 32818.8688
9437, -216, -442, 16753, 8, -11, -5, -81 ,-3438 ,16438 ,8 ,-7 ,4, 15004.6527, 32837.4594
9445, -225, -438, 16780, 8, -10, -5, -67 ,-3447 ,16448 ,7 ,-6 ,3, 15076.9234, 32829.7526
9453, -223, -455, 16763, 9, -11, -5, -86 ,-3447 ,16444 ,7 ,-7 ,4, 15007.2783, 32827.2372
9461, -230, -431, 16766, 9, -11, -5, -86 ,-3442 ,16454 ,9 ,-6 ,4, 15130.4632, 32833.3914
9470, -226, -440, 16771, 8, -12, -4, -86 ,-3442 ,16454 ,9 ,-6 ,4, 15133.6879, 32820.8983
9476, -226, -440, 16770, 9, -11, -4, -73 ,-3464 ,16449 ,8 ,-7 ,3, 15184.6051, 32864.3173
9484, -226, -439, 16770, 9, -11, -4, -82 ,-3437 ,16436 ,8 ,-6 ,3, 15127.6141, 32838.5085
9492, -229, -439, 16768, 8, -11, -5, -84 ,-3452 ,16440 ,8 ,-7 ,3, 15097.6151, 32849.2194
9500, -231, -441, 16779, 7, -11, -4, -73 ,-3462 ,16464 ,9 ,-6 ,4, 15139.5470, 32831.0966
9508, -224, -432, 16766, 7, -11, -5, -65 ,-3444 ,16461 ,8 ,-6 ,3, 15136.0005, 32832.5838
9515, -220, -439, 16782, 8, -11, -5, -79 ,-3468 ,16454 ,8 ,-7 ,4, 14916.4706, 32839.8496
9523, -210, -447, 16768, 8, -11, -5, -66 ,-3468 ,16454 ,8 ,-7 ,4, 15005.7733, 32833.2752
9531, -221, -448, 16785, 7, -11, -4, -66 ,-3451 ,16463 ,8 ,-8 ,4, 15133.1246, 32830.6735
9539, -223, -445, 16785, 7, -11, -5, -71 ,-3470 ,16440 ,8 ,-5 ,4, 15063.2650, 32833.4630
9547, -223, -445, 16768, 7, -11, -5, -83 ,-3432 ,16450 ,10 ,-6 ,3, 15063.9594, 32817.3280
9555, -223, -443, 16790, 7, -10, -5, -88 ,-3453 ,16442 ,9 ,-7 ,3, 15279.3646, 32831.9252
9562, -226, -445, 16782, 7, -10, -4, -86 ,-3444 ,16467 ,8 ,-6 ,4, 15050.0804, 32850.8139
9570, -221, -433, 16772, 6, -11, -4, -75 ,-3434 ,16460 ,9 ,-7 ,3, 15101.5520, 32848.4207
9578, -220, -446, 16768, 8, -11, -5, -90 ,-3448 ,16446 ,9 ,-7 ,3, 15124.9617, 32842.3142
9586, -230, -444, 16769, 8, -10, -4, -90 ,-3448 ,16446 ,8 ,-7 ,3, 15123.1676, 32824.9484
9594, -217, -440, 16769, 7, -11, -5, -70 ,-3428 ,16444 ,8 ,-7 ,5, 15080.3685, 32822.9100
9602, -217, -440, 16764, 7, -11, -5, -81 ,-3450 ,16464 ,7 ,-7 ,3, 15270.1408, 32804.1136
9609, -224, -436, 16770, 9, -11, -4, -74 ,-3426 ,16445 ,9 ,-6 ,4, 15027.8240, 32830.5036
9617, -224, -435, 16774, 7, -12, -5, -90 ,-3447 ,16443 ,8 ,-6 ,4, 15106.5081, 32814.4461
9625, -225, -438, 16773, 8, -12, -5, -60 ,-3454 ,16453 ,9 ,-6 ,3, 15018.4780, 32821.0711
9633, -216, -428, 16767, 8, -10, -5, -78 ,-3437 ,16448 ,8 ,-6 ,4, 15218.8778, 32836.8932
9641, -215, -431, 16766, 8, -11, -4, -78 ,-3437 ,16452 ,8 ,-6 ,4, 15216.2522, 32835.1676
9648, -224, -431, 16768, 7, -10, -4, -69 ,-3444 ,16452 ,7 ,-7 ,4, 15077.2482, 32847.9618
9656, -223, -446, 16786, 7, -10, -4, -72 ,-3440 ,16442 ,7 ,-7 ,3, 15013.3580, 32848.2836
9664, -223, -446, 16786, 7, -10, -5, -64 ,-3455 ,16443 ,8 ,-6 ,4, 14979.9407, 32856.3422
9672, -209, -447, 16762, 8, -12, -4, -80 ,-3443 ,16462 ,9 ,-6 ,3, 15082.7676, 32833.5613
9680, -216, -428, 16794, 7, -10, -5, -74 ,-3439 ,16465 ,8 ,-6 ,3, 15137.7380, 32827.8154
9688, -214, -442, 16770, 7, -11, -5, -70 ,-3453 ,16454 ,9 ,-7 ,3, 15227.1509, 32832.9831
9695, -210, -432, 16785, 8, -10, -5, -70 ,-3453 ,16457 ,8 ,-6 ,3, 15069.0109, 32824.6355
9703, -214, -456, 16768, 8, -11, -5, -80 ,-3449 ,16457 ,8 ,-6 ,4, 15092.2596, 32835.0008
9711, -224, -436, 16769, 8, -11, -5, -67 ,-3451 ,16460 ,9 ,-6 ,3, 15147.4833, 32835.1617
9719, -224, -436, 16769, 7, -11, -5, -72 ,-3442 ,16453 ,8 ,-7 ,3, 15152.0103, 32823.5924
9727, -222, -446, 16768, 7, -11, -4, -77 ,-3449 ,16459 ,8 ,-7 ,3, 15131.1606, 32830.4678
9734, -217, -438, 16760, 8, -10, -4, -68 ,-3446 ,16462 ,10 ,-7 ,3, 15100.8457, 32813.8977
9742, -232, -423, 16779, 9, -10, -5, -71 ,-3459 ,16461 ,7 ,-6 ,3, 15118.7301, 32839.4324
9750, -215, -437, 16770, 9, -11, -5, -80 ,-3450 ,16461 ,9 ,-6 ,3, 15079.4357, 32812.9917
9758, -234, -432, 16788, 9, -10, -6, -80 ,-3450 ,16442 ,9 ,-6 ,3, 15070.0808, 32818.0194
9766, -217, -421, 16764, 7, -10, -5, -70 ,-3453 ,16443 ,8 ,-6 ,3, 15078.7324, 32822.7222
9774, -217, -421, 16760, 8, -10, -5, -81 ,-3468 ,16447 ,9 ,-6 ,4, 15034.7263, 32825.4551
9781, -226, -432, 16760, 8, -10, -6, -89 ,-3430 ,16452 ,9 ,-6 ,4, 15127.0539, 32838.7290
9789, -235, -434, 16755, 7, -10, -5, -68 ,-3462 ,16438 ,8 ,-6 ,2, 15103.3282, 32815.5607
9797, -222, -439, 16775, 8, -10, -5, -65 ,-3465 ,16448 ,8 ,-7 ,3, 15114.5667, 32823.5358
9805, -227, -440, 16780, 7, -12, -5, -76 ,-3452 ,16450 ,8 ,-7 ,3, 15081.7722, 32817.2445
9813, -223, -432, 16775, 7, -11, -5, -68 ,-3452 ,16450 ,8 ,-7 ,3, 15169.1675, 32815.0332
9821, -220, -433, 16772, 9, -11, -5, -68 ,-3454 ,16450 ,9 ,-7 ,4, 15041.4884, 32816.2551
9828, -219, -439, 16764, 8, -11, -5, -80 ,-3434 ,16439 ,9 ,-6 ,4, 15094.7541, 32834.7981
9836, -219, -439, 16764, 8, -11, -5, -75 ,-3456 ,16456 ,7 ,-6 ,3, 15043.3451, 32809.9847
9844, -217, -436, 16762, 8, -10, -5, -55 ,-3434 ,16450 ,9 ,-6 ,3, 15089.3360, 32836.4909
9852, -221, -449, 16766, 8, -11, -5, -72 ,-3451 ,16452 ,8 ,-6 ,3, 15155.8936, 32822.9308
9860, -226, -443, 16772, 8, -11, -5, -64 ,-3437 ,16456 ,8 ,-6 ,3, 15160.7364, 32826.1107
9867, -213, -431, 16780, 8, -11, -4, -73 ,-3441 ,16433 ,8 ,-6 ,3, 15105.4859, 32834.0709
9875, -212, -434, 16772, 7, -11, -5, -82 ,-3441 ,16433 ,8 ,-7 ,4, 15081.4801, 32835.9395
9883, -224, -424, 16760, 8, -11, -6, -82 ,-3446 ,16445 ,8 ,-7 ,4, 15161.8451, 32815.0302
9891, -224, -424, 16760, 8, -11, -6, -69 ,-3429 ,16452 ,8 ,-7 ,4, 14980.1254, 32841.4649
9899, -220, -429, 16790, 8, -11, -4, -72 ,-3441 ,16451 ,7 ,-6 ,4, 15187.9013, 32824.0067
9907, -221, -452, 16773, 6, -10, -5, -78 ,-3436 ,16448 ,9 ,-7 ,3, 15048.2982, 32809.6688
9914, -224, -424, 16782, 6, -10, -5, -63 ,-3450 ,16463 ,7 ,-7 ,4, 15069.4519, 32825.9051
9922, -223, -435, 16743, 8, -11, -5, -86 ,-3452 ,16449 ,7 ,-7 ,4, 15025.4399, 32817.7989
9930, -226, -441, 16765, 8, -10, -5, -86 ,-3452 ,16449 ,7 ,-7 ,4, 15166.8042, 32829.2698
9938, -213, -446, 16749, 8, -11, -5, -83 ,-3438 ,16452 ,7 ,-6 ,4, 15144.3511, 32823.6908
9946, -213, -436, 16782, 8, -10, -5, -78 ,-3439 ,16461 ,7 ,-7 ,3, 15236.7592, 32798.6389
9953, -218, -436, 16782, 8, -10, -5, -82 ,-3449 ,16457 ,8 ,-6 ,2, 15059.9748, 32827.6366
9961, -222, -438, 16763, 8, -10, -5, -66 ,-3447 ,16447 ,7 ,-7 ,3, 15009.8205, 32820.9639
9969, -217, -435, 16780, 8, -11, -5, -79 ,-3438 ,16446 ,9 ,-6 ,3, 15040.1443, 32826.7813
9977, -230, -441, 16770, 8, -11, -4, -67 ,-3458 ,16444 ,9 ,-6 ,4, 14930.2065, 32833.0666
9985, -213, -438, 16777, 7, -11, -5, -67 ,-3458 ,16444 ,9 ,-6 ,4, 14978.4625, 32826.2955
9993, -228, -435, 16765, 8, -11, -5, -73 ,-3443 ,16463 ,9 ,-6 ,4, 15089.4523, 32838.5770
10000, -229, -433, 16769, 7, -11, -5, -73 ,-3443 ,16460 ,9 ,-5 ,3, 15302.0620, 32828.4144
10008, -229, -433, 16769, 7, -12, -5, -80 ,-3469 ,16448 ,7 ,-5 ,3, 15047.6784, 32819.7598
10016, -208, -432, 16768, 8, -12, -5, -75 ,-3444 ,16438 ,9 ,-6 ,4, 15091.7023, 32808.1101
10024, -215, -429, 16797, 7, -10, -5, -75 ,-3446 ,16450 ,6 ,-7 ,4, 15013.0183, 32834.3242
10032, -215, -432, 16779, 8, -12, -4, -80 ,-3442 ,16441 ,9 ,-6 ,3, 14893.8239, 32816.9972
10040, -229, -434, 16764, 7, -10, -5, -67 ,-3450 ,16453 ,9 ,-6 ,4, 15077.5194, 32830.1072
10048, -222, -444, 16784, 7, -11, -5, -67 ,-3448 ,16472 ,9 ,-6 ,4, 15094.6915, 32816.2581
10056, -226, -443, 16789, 8, -11, -5, -70 ,-3448 ,16472 ,9 ,-6 ,4, 15057.5459, 32817.3846
10063, -220, -449, 16786, 6, -12, -5, -82 ,-3454 ,16439 ,9 ,-8 ,4, 15154.9280, 32816.0197
10072, -220, -442, 16772, 7, -12, -5, -78 ,-3458 ,16460 ,9 ,-7 ,4, 15166.0323, 32819.9267
10079, -216, -442, 16772, 7, -12, -5, -78 ,-3456 ,16447 ,9 ,-7 ,3, 15111.4076, 32820.4900
10087, -220, -433, 16789, 7, -11, -4, -78 ,-3445 ,16452 ,7 ,-7 ,3, 15077.0843, 32825.4610
10095, -213, -442, 16770, 8, -11, -5, -82 ,-3444 ,16456 ,9 ,-7 ,4, 15035.2627, 32844.3199
10103, -220, -428, 16784, 8, -10, -5, -78 ,-3444 ,16469 ,8 ,-7 ,4, 15166.8787, 32850.6380
10111, -212, -444, 16771, 8, -12, -5, -79 ,-3442 ,16448 ,8 ,-7 ,3, 15261.8527, 32822.9189
10119, -226, -446, 16776, 7, -12, -5, -79 ,-3440 ,16448 ,8 ,-7 ,3, 15237.8321, 32833.2603
10127, -212, -437, 16772, 9, -11, -5, -77 ,-3440 ,16451 ,8 ,-7 ,4, 15268.3586, 32831.6063
10134, -212, -437, 16772, 9, -11, -5, -80 ,-3458 ,16461 ,8 ,-7 ,4, 15124.7144, 32841.1579
10142, -212, -423, 16776, 7, -10, -5, -72 ,-3453 ,16440 ,8 ,-6 ,4, 15043.7474, 32842.2785
10150, -216, -424, 16785, 9, -11, -5, -75 ,-3447 ,16449 ,7 ,-6 ,5, 15116.6022, 32817.5962
10158, -212, -436, 16785, 9, -11, -5, -80 ,-3433 ,16448 ,8 ,-6 ,4, 15079.1377, 32832.5987
10166, -227, -428, 16775, 9, -10, -5, -81 ,-3444 ,16456 ,8 ,-6 ,4, 15180.9931, 32827.3892
10174, -217, -448, 16779, 8, -10, -5, -81 ,-3445 ,16463 ,8 ,-6 ,4, 15161.9434, 32820.0489
10182, -215, -436, 16760, 7, -10, -6, -75 ,-3445 ,16463 ,8 ,-7 ,4, 15231.7315, 32818.6899
10190, -228, -444, 16768, 7, -10, -5, -79 ,-3441 ,16454 ,9 ,-6 ,3, 15017.3455, 32836.8515
10197, -228, -444, 16768, 8, -10, -5, -80 ,-3462 ,16449 ,7 ,-6 ,3, 15080.6785, 32855.7700
10205, -228, -440, 16768, 8, -10, -5, -63 ,-3438 ,16455 ,9 ,-7 ,3, 15308.2490, 32837.7694
10213, -213, -453, 16777, 8, -10, -5, -66 ,-3451 ,16448 ,8 ,-7 ,3, 15203.7889, 32820.5287
10221, -220, -445, 16766, 8, -10, -5, -82 ,-3463 ,16458 ,7 ,-6 ,3, 15078.6549, 32819.1191
10229, -231, -438, 16773, 7, -11, -4, -76 ,-3443 ,16434 ,8 ,-7 ,3, 15076.3124, 32816.8035
10237, -227, -430, 16779, 8, -12, -5, -74 ,-3459 ,16452 ,8 ,-6 ,3, 15074.3246, 32832.0146
10245, -226, -441, 16767, 9, -11, -4, -74 ,-3459 ,16452 ,8 ,-6 ,3, 15120.2589, 32816.3445
10254, -225, -443, 16793, 8, -11, -5, -87 ,-3439 ,16447 ,8 ,-6 ,4, 15127.5694, 32834.2676
10262, -209, -441, 16793, 8, -11, -5, -85 ,-3446 ,16450 ,8 ,-7 ,3, 15054.7236, 32828.0449
10268, -209, -441, 16772, 7, -11, -5, -78 ,-3448 ,16459 ,9 ,-7 ,4, 15003.6842, 32846.3167
10276, -216, -429, 16780, 8, -11, -5, -70 ,-3429 ,16445 ,7 ,-8 ,4, 15129.5692, 32810.6940
10284, -234, -447, 16771, 7, -11, -5, -77 ,-3462 ,16446 ,8 ,-7 ,4, 15040.4096, 32837.7306
10292, -223, -446, 16766, 8, -11, -4, -82 ,-3431 ,16448 ,10 ,-6 ,3, 14985.1203, 32807.2488
10300, -215, -434, 16768, 7, -10, -4, -82 ,-3466 ,16440 ,10 ,-6 ,3, 14884.7014, 32859.6234
10309, -218, -429, 16764, 8, -11, -4, -74 ,-3466 ,16440 ,7 ,-6 ,3, 15038.7079, 32843.9087
10317, -220, -438, 16771, 8, -11, -5, -76 ,-3434 ,16446 ,9 ,-6 ,3, 15189.1798, 32818.9045
10325, -220, -438, 16771, 9, -12, -4, -69 ,-3446 ,16438 ,7 ,-8 ,3, 15174.6929, 32830.3963
10333, -223, -431, 16786, 9, -12, -4, -83 ,-3453 ,16472 ,9 ,-7 ,4, 15071.8004, 32824.8501
10341, -229, -434, 16784, 8, -10, -5, -80 ,-3455 ,16466 ,9 ,-8 ,3, 15171.9838, 32835.7875
10347, -234, -450, 16778, 7, -10, -4, -82 ,-3454 ,16460 ,8 ,-7 ,3, 15116.2654, 32848.6592
10356, -225, -430, 16764, 8, -11, -5, -85 ,-3441 ,16451 ,8 ,-6 ,4, 15157.6459, 32832.2113
10364, -235, -439, 16785, 8, -12, -5, -78 ,-3462 ,16451 ,8 ,-6 ,3, 15152.5021, 32822.8951
10372, -222, -434, 16768, 8, -11, -4, -78 ,-3462 ,16451 ,8 ,-6 ,3, 15030.2410, 32811.8354
10380, -232, -446, 16779, 7, -11, -4, -75 ,-3444 ,16463 ,10 ,-6 ,3, 15213.4091, 32830.0387
10388, -232, -445, 16757, 7, -11, -4, -77 ,-3465 ,16455 ,8 ,-6 ,3, 15097.9936, 32819.7867
10396, -220, -445, 16757, 7, -12, -4, -82 ,-3448 ,16473 ,10 ,-6 ,4, 15181.0884, 32807.8836
10404, -241, -439, 16767, 8, -11, -5, -67 ,-3434 ,16463 ,8 ,-7 ,4, 15163.8925, 32819.6645
10412, -219, -435, 16768, 7, -12, -5, -72 ,-3458 ,16458 ,8 ,-6 ,3, 15056.0021, 32843.5212
10419, -217, -432, 16777, 9, -12, -5, -70 ,-3435 ,16442 ,8 ,-7 ,4, 15035.1465, 32829.7943
10427, -221, -446, 16777, 8, -11, -5, -68 ,-3468 ,16445 ,7 ,-6 ,3, 15137.1568, 32814.5206
10435, -233, -435, 16763, 7, -11, -5, -68 ,-3468 ,16445 ,7 ,-6 ,3, 14984.2471, 32837.6234
10443, -227, -426, 16790, 8, -10, -5, -77 ,-3456 ,16458 ,8 ,-6 ,3, 15087.2856, 32830.7986
10451, -224, -444, 16790, 8, -10, -5, -81 ,-3448 ,16452 ,8 ,-7 ,4, 15002.8855, 32815.0541
10459, -224, -444, 16785, 8, -10, -5, -95 ,-3454 ,16460 ,8 ,-7 ,3, 15064.5316, 32836.3866
10467, -226, -443, 16786, 7, -11, -4, -81 ,-3445 ,16446 ,8 ,-6 ,4, 15221.7627, 32833.1649
10475, -221, -430, 16777, 6, -11, -4, -84 ,-3469 ,16441 ,8 ,-6 ,4, 15209.8238, 32832.0384
10483, -226, -431, 16755, 8, -11, -4, -80 ,-3433 ,16441 ,11 ,-7 ,3, 15307.9569, 32830.1281
10490, -227, -431, 16780, 8, -11, -4, -74 ,-3444 ,16441 ,11 ,-7 ,3, 15090.7010, 32824.6534
10499, -220, -437, 16765, 8, -11, -6, -74 ,-3444 ,16467 ,9 ,-6 ,3, 15048.9032, 32821.9980
10506, -222, -439, 16768, 8, -11, -6, -79 ,-3439 ,16467 ,9 ,-6 ,4, 15021.2109, 32822.8801
10514, -222, -439, 16778, 8, -11, -5, -66 ,-3448 ,16470 ,8 ,-7 ,4, 15083.9925, 32838.1956
10522, -215, -438, 16778, 8, -11, -5, -91 ,-3452 ,16446 ,8 ,-6 ,4, 15097.3439, 32832.0354
10530, -211, -434, 16764, 7, -11, -5, -92 ,-3433 ,16457 ,8 ,-6 ,3, 15029.0638, 32838.1181
10538, -213, -437, 16766, 7, -11, -5, -85 ,-3465 ,16452 ,7 ,-7 ,3, 15139.2013, 32841.0268
10546, -208, -438, 16763, 7, -10, -5, -72 ,-3446 ,16447 ,9 ,-7 ,4, 15164.0981, 32820.8387
10554, -208, -439, 16782, 9, -11, -4, -71 ,-3446 ,16454 ,8 ,-7 ,3, 15162.9359, 32821.8162
10561, -217, -434, 16772, 8, -11, -4, -71 ,-3449 ,16454 ,8 ,-7 ,3, 15048.0002, 32842.1891
10569, -229, -436, 16780, 8, -11, -5, -76 ,-3443 ,16450 ,9 ,-7 ,3, 15052.6106, 32841.2682
10577, -212, -428, 16769, 7, -11, -4, -76 ,-3445 ,16446 ,8 ,-7 ,3, 15032.2884, 32805.6991
10585, -212, -428, 16769, 7, -11, -4, -80 ,-3451 ,16460 ,8 ,-7 ,3, 15128.8748, 32813.7755
10593, -208, -442, 16779, 8, -11, -4, -75 ,-3451 ,16450 ,8 ,-7 ,4, 15182.7514, 32836.9707
10601, -224, -440, 16784, 8, -11, -5, -66 ,-3450 ,16464 ,7 ,-6 ,4, 15065.8011, 32814.9080
10609, -210, -445, 16784, 7, -10, -5, -73 ,-3446 ,16451 ,10 ,-6 ,4, 15094.5067, 32825.0110
10617, -216, -439, 16765, 8, -10, -5, -66 ,-3443 ,16458 ,9 ,-5 ,4, 15218.5559, 32837.2240
10625, -211, -437, 16788, 8, -11, -5, -66 ,-3443 ,16464 ,9 ,-5 ,4, 15083.3458, 32827.2194
10632, -219, -448, 16755, 9, -12, -5, -79 ,-3452 ,16464 ,9 ,-6 ,3, 15161.9822, 32819.9446
10640, -219, -444, 16755, 8, -10, -5, -85 ,-3437 ,16448 ,8 ,-7 ,3, 15102.9855, 32818.6393
10648, -219, -444, 16778, 8, -10, -5, -79 ,-3464 ,16464 ,7 ,-7 ,4, 15020.6149, 32836.8157
10656, -210, -439, 16772, 7, -11, -5, -85 ,-3448 ,16471 ,8 ,-6 ,4, 15024.3312, 32841.0953
10664, -229, -443, 16780, 7, -11, -4, -66 ,-3451 ,16439 ,8 ,-7 ,4, 15014.8988, 32843.2471
10672, -224, -431, 16772, 8, -11, -4, -76 ,-3446 ,16470 ,8 ,-6 ,4, 15072.5067, 32842.2099
10680, -221, -447, 16773, 8, -10, -4, -76 ,-3446 ,16470 ,7 ,-7 ,4, 15164.1160, 32790.0231
10688, -216, -448, 16795, 8, -12, -5, -82 ,-3461 ,16449 ,8 ,-7 ,4, 15206.0926, 32837.7306
10697, -206, -437, 16754, 7, -11, -5, -82 ,-3461 ,16449 ,8 ,-7 ,4, 15185.9552, 32825.3388
10703, -226, -430, 16782, 7, -11, -5, -78 ,-3435 ,16442 ,10 ,-7 ,4, 15083.1312, 32843.1666
10711, -213, -430, 16782, 7, -11, -5, -72 ,-3469 ,16460 ,9 ,-7 ,4, 15167.2304, 32841.7152
10719, -213, -445, 16768, 8, -11, -5, -77 ,-3442 ,16464 ,8 ,-7 ,3, 15208.0774, 32828.7125
10727, -224, -440, 16782, 7, -10, -5, -81 ,-3437 ,16458 ,8 ,-7 ,3, 15059.7453, 32819.8105
10735, -214, -427, 16781, 6, -11, -5, -66 ,-3442 ,16454 ,9 ,-7 ,3, 15039.4052, 32845.1514
10743, -223, -428, 16784, 7, -11, -5, -80 ,-3454 ,16469 ,8 ,-7 ,3, 15213.3942, 32830.3486
10752, -224, -436, 16764, 7, -11, -4, -80 ,-3454 ,16469 ,8 ,-7 ,3, 15164.7866, 32826.2091
10760, -230, -444, 16764, 7, -11, -5, -66 ,-3448 ,16468 ,8 ,-7 ,3, 15174.7912, 32830.0804
10768, -219, -434, 16783, 7, -11, -5, -68 ,-3435 ,16444 ,9 ,-6 ,3, 15168.3569, 32823.5775
10774, -219, -434, 16783, 8, -10, -5, -85 ,-3444 ,16448 ,8 ,-7 ,3, 15110.8295, 32846.7041
10782, -227, -439, 16784, 8, -10, -5, -75 ,-3441 ,16451 ,8 ,-7 ,4, 15130.4305, 32843.4169
10790, -231, -443, 16768, 7, -11, -5, -74 ,-3446 ,16458 ,7 ,-6 ,4, 15147.1317, 32815.4534
10799, -230, -428, 16772, 7, -11, -5, -76 ,-3451 ,16468 ,7 ,-7 ,3, 15104.4846, 32825.0468
10807, -235, -442, 16778, 7, -12, -4, -83 ,-3449 ,16462 ,9 ,-6 ,3, 15050.3218, 32822.9636
10815, -221, -447, 16768, 6, -10, -5, -74 ,-3454 ,16460 ,9 ,-6 ,3, 15053.2991, 32827.1508
10823, -204, -435, 16778, 8, -10, -5, -74 ,-3454 ,16460 ,8 ,-7 ,4, 15135.0766, 32816.6306
10831, -215, -422, 16760, 7, -10, -5, -72 ,-3440 ,16455 ,9 ,-6 ,3, 15033.0395, 32848.2777
10839, -215, -445, 16760, 7, -10, -5, -86 ,-3441 ,16448 ,8 ,-6 ,3, 15035.0928, 32826.1435
10846, -224, -445, 16797, 7, -11, -5, -73 ,-3454 ,16458 ,8 ,-6 ,3, 15019.1128, 32817.0300
10854, -229, -433, 16774, 8, -10, -5, -88 ,-3433 ,16456 ,8 ,-7 ,4, 15035.4117, 32828.9360
10862, -216, -427, 16785, 8, -11, -4, -72 ,-3448 ,16453 ,6 ,-6 ,2, 15007.3469, 32819.8910
10870, -214, -444, 16773, 8, -11, -5, -75 ,-3429 ,16451 ,8 ,-6 ,2, 15080.6665, 32818.3234
10878, -212, -435, 16782, 8, -10, -4, -75 ,-3429 ,16451 ,8 ,-6 ,3, 15024.2209, 32829.8420
10886, -223, -446, 16770, 8, -11, -5, -72 ,-3443 ,16449 ,8 ,-6 ,3, 15216.0823, 32817.8942
10894, -220, -446, 16768, 7, -11, -5, -76 ,-3459 ,16455 ,9 ,-7 ,2, 15117.0224, 32821.9771
10902, -203, -445, 16779, 7, -11, -5, -76 ,-3439 ,16454 ,9 ,-6 ,3, 15160.1434, 32825.1034
10910, -203, -445, 16779, 7, -11, -5, -76 ,-3453 ,16461 ,7 ,-6 ,4, 15179.3301, 32829.0671
10917, -219, -431, 16784, 8, -10, -5, -77 ,-3435 ,16459 ,7 ,-6 ,4, 14904.6093, 32836.0856
10925, -217, -438, 16770, 6, -12, -5, -79 ,-3444 ,16449 ,6 ,-6 ,3, 15193.9720, 32854.0534
10933, -214, -437, 16778, 6, -11, -5, -82 ,-3434 ,16458 ,10 ,-7 ,3, 15214.4492, 32822.1411
10941, -227, -428, 16796, 7, -12, -5, -69 ,-3457 ,16458 ,10 ,-7 ,3, 15116.1373, 32816.2491
10949, -216, -455, 16775, 8, -11, -4, -69 ,-3457 ,16451 ,7 ,-6 ,3, 14981.1506, 32828.4919
10957, -212, -434, 16766, 8, -10, -5, -70 ,-3441 ,16443 ,8 ,-7 ,4, 15041.6851, 32825.0110
10965, -212, -434, 16778, 7, -10, -5, -70 ,-3424 ,16453 ,7 ,-7 ,3, 15040.7225, 32823.1543
10973, -229, -428, 16778, 7, -10, -5, -69 ,-3459 ,16441 ,7 ,-6 ,3, 15060.7795, 32812.2467
10981, -219, -434, 16780, 8, -10, -5, -82 ,-3424 ,16458 ,10 ,-6 ,3, 15107.2949, 32809.1979
10988, -230, -432, 16787, 7, -11, -5, -86 ,-3458 ,16456 ,7 ,-8 ,3, 15112.3852, 32830.5304
10996, -224, -438, 16770, 7, -11, -4, -72 ,-3444 ,16445 ,8 ,-7 ,3, 15074.7567, 32833.5643
11004, -216, -424, 16784, 9, -10, -5, -63 ,-3444 ,16445 ,8 ,-6 ,3, 15035.8140, 32820.4036
11012, -208, -429, 16782, 7, -11, -4, -63 ,-3444 ,16444 ,8 ,-6 ,3, 15011.7308, 32841.2324
11020, -229, -448, 16756, 8, -11, -5, -70 ,-3456 ,16452 ,8 ,-5 ,3, 15050.8732, 32825.2316
11028, -216, -439, 16756, 8, -11, -5, -71 ,-3433 ,16443 ,7 ,-6 ,4, 14997.4048, 32841.9954
11036, -216, -439, 16784, 7, -12, -5, -76 ,-3444 ,16459 ,8 ,-6 ,2, 15116.6767, 32821.2351
11044, -215, -447, 16762, 7, -11, -5, -76 ,-3428 ,16460 ,9 ,-5 ,4, 15099.5553, 32827.1657
11052, -221, -429, 16787, 8, -11, -4, -71 ,-3444 ,16429 ,7 ,-6 ,3, 15088.7221, 32832.0622
11059, -215, -446, 16771, 9, -10, -4, -67 ,-3433 ,16458 ,9 ,-5 ,3, 15043.0977, 32837.3939
11067, -225, -431, 16776, 8, -11, -5, -67 ,-3433 ,16458 ,9 ,-5 ,3, 15056.2644, 32822.3854
11075, -214, -438, 16773, 7, -10, -4, -77 ,-3447 ,16450 ,7 ,-5 ,3, 15040.1533, 32830.3546
11083, -206, -432, 16784, 7, -10, -5, -74 ,-3442 ,16443 ,7 ,-6 ,3, 15101.8053, 32825.4491
11091, -206, -432, 16784, 7, -12, -5, -68 ,-3425 ,16453 ,7 ,-6 ,3, 14908.8889, 32819.8254
11099, -224, -440, 16766, 7, -12, -5, -73 ,-3450 ,16452 ,8 ,-6 ,3, 15194.5978, 32825.3001
11107, -224, -437, 16768, 7, -10, -4, -69 ,-3454 ,16437 ,8 ,-7 ,3, 15038.2549, 32815.8259
11115, -214, -440, 16773, 8, -10, -5, -76 ,-3442 ,16442 ,7 ,-6 ,4, 15210.3573, 32815.5637
11122, -224, -433, 16776, 7, -11, -5, -69 ,-3448 ,16467 ,9 ,-5 ,3, 14987.5164, 32852.2712
11130, -230, -437, 16764, 8, -10, -5, -77 ,-3448 ,16467 ,9 ,-7 ,3, 15110.6268, 32823.7206
11138, -224, -435, 16777, 8, -10, -4, -77 ,-3442 ,16451 ,8 ,-7 ,3, 15073.7792, 32835.9812
11146, -214, -436, 16759, 7, -11, -5, -71 ,-3466 ,16459 ,8 ,-7 ,3, 15148.4817, 32822.1321
11154, -223, -437, 16766, 7, -11, -5, -67 ,-3433 ,16464 ,9 ,-7 ,3, 15084.2965, 32823.7116
11162, -223, -437, 16766, 9, -12, -4, -83 ,-3454 ,16463 ,8 ,-7 ,4, 15169.5430, 32821.1188
11170, -223, -437, 16794, 7, -12, -5, -68 ,-3447 ,16460 ,9 ,-7 ,3, 15099.5463, 32819.0923
11181, -219, -443, 16768, 7, -11, -5, -82 ,-3452 ,16466 ,8 ,-6 ,3, 15073.5736, 32821.7238
11186, -219, -443, 16800, 8, -12, -5, -78 ,-3455 ,16447 ,8 ,-7 ,3, 15032.9798, 32823.3659
11193, -218, -436, 16748, 7, -11, -5, -78 ,-3419 ,16438 ,10 ,-6 ,3, 15034.9110, 32824.0961
11201, -225, -419, 16803, 8, -10, -5, -80 ,-3419 ,16438 ,10 ,-6 ,3, 15135.2704, 32832.3841
11209, -210, -448, 16766, 8, -12, -4, -86 ,-3454 ,16448 ,7 ,-7 ,3, 15044.3286, 32827.8393
11217, -228, -435, 16766, 8, -11, -4, -74 ,-3437 ,16461 ,8 ,-7 ,3, 15021.6490, 32827.9316
11225, -228, -435, 16776, 8, -11, -4, -73 ,-3450 ,16460 ,7 ,-6 ,3, 14972.2874, 32816.5770
11233, -213, -445, 16768, 8, -11, -4, -67 ,-3445 ,16456 ,9 ,-7 ,3, 15077.8115, 32835.5670
11242, -224, -421, 16765, 8, -11, -5, -70 ,-3434 ,16453 ,8 ,-7 ,3, 14973.9712, 32828.4413
11250, -218, -437, 16777, 7, -11, -4, -87 ,-3461 ,16473 ,8 ,-5 ,3, 15254.5422, 32836.2226
11258, -226, -435, 16760, 8, -11, -4, -87 ,-3461 ,16473 ,8 ,-6 ,3, 15170.6964, 32826.0481
11266, -228, -435, 16772, 7, -11, -5, -82 ,-3446 ,16449 ,8 ,-6 ,3, 15183.9733, 32832.1040
11272, -223, -426, 16769, 9, -11, -4, -80 ,-3446 ,16449 ,6 ,-7 ,3, 15086.3886, 32851.3205
11280, -223, -435, 16771, 8, -11, -4, -81 ,-3451 ,16450 ,9 ,-6 ,3, 15142.2799, 32846.5879
11289, -217, -435, 16771, 8, -11, -5, -82 ,-3428 ,16450 ,8 ,-7 ,4, 15138.8139, 32830.2860
11297, -213, -431, 16772, 8, -11, -5, -71 ,-3450 ,16479 ,8 ,-7 ,4, 15111.0619, 32819.5333
11305, -225, -433, 16792, 8, -11, -5, -75 ,-3430 ,16464 ,8 ,-7 ,4, 15062.3322, 32834.4256
11313, -227, -438, 16749, 7, -11, -5, -65 ,-3453 ,16464 ,8 ,-7 ,4, 14933.2881, 32802.0513
11321, -208, -442, 16768, 7, -12, -5, -65 ,-3445 ,16463 ,9 ,-6 ,4, 15071.4725, 32816.0256
11329, -213, -440, 16753, 8, -11, -4, -70 ,-3445 ,16463 ,9 ,-6 ,3, 15162.6676, 32832.6285
11336, -223, -439, 16801, 8, -11, -5, -81 ,-3437 ,16454 ,7 ,-6 ,4, 14916.1100, 32857.8621
11344, -223, -432, 16765, 8, -11, -5, -72 ,-3451 ,16472 ,7 ,-6 ,3, 15218.7556, 32855.4273
11352, -223, -432, 16765, 8, -10, -5, -65 ,-3433 ,16442 ,8 ,-6 ,3, 15076.8727, 32823.6789
11360, -232, -440, 16796, 7, -11, -5, -78 ,-3466 ,16444 ,8 ,-7 ,4, 15004.4888, 32819.0446
11368, -208, -440, 16749, 8, -11, -4, -72 ,-3438 ,16449 ,9 ,-7 ,4, 15154.0518, 32827.7588
11376, -215, -442, 16776, 9, -11, -4, -74 ,-3449 ,16461 ,8 ,-6 ,4, 15062.3709, 32822.5344
11384, -208, -453, 16764, 7, -10, -5, -74 ,-3449 ,16461 ,8 ,-6 ,4, 15155.7982, 32815.6173
11399, -220, -436, 16770, 7, -12, -4, -77 ,-3440 ,16464 ,7 ,-8 ,4, 15169.5877, 32825.6726
11400, -204, -436, 16774, 7, -12, -4, -77 ,-3440 ,16464 ,7 ,-8 ,4, 15036.7320, 32835.0633
11407, -204, -436, 16768, 8, -10, -5, -78 ,-3457 ,16467 ,8 ,-7 ,3, 14994.6213, 32838.0704
11415, -236, -437, 16768, 8, -10, -5, -71 ,-3422 ,16447 ,7 ,-6 ,3, 15068.7844, 32821.1665
11423, -210, -429, 16774, 6, -11, -5, -77 ,-3461 ,16452 ,8 ,-7 ,4, 15121.9338, 32819.8165
11431, -221, -433, 16770, 8, -11, -5, -76 ,-3441 ,16452 ,8 ,-7 ,5, 15006.4588, 32826.3253
11439, -221, -433, 16785, 8, -11, -5, -72 ,-3444 ,16452 ,7 ,-6 ,4, 14994.9729, 32830.3784
11452, -220, -450, 16776, 9, -11, -5, -80 ,-3454 ,16457 ,9 ,-6 ,3, 15134.9723, 32823.5835
11455, -215, -450, 16776, 8, -11, -5, -80 ,-3454 ,16457 ,9 ,-6 ,3, 15132.8623, 32834.0650
11463, -219, -440, 16776, 7, -11, -4, -70 ,-3445 ,16462 ,8 ,-6 ,3, 15204.2985, 32831.1294
11471, -238, -446, 16778, 8, -11, -4, -81 ,-3449 ,16459 ,8 ,-5 ,3, 15146.0111, 32818.6184
11478, -238, -446, 16778, 8, -10, -4, -78 ,-3428 ,16454 ,9 ,-6 ,3, 15046.0184, 32820.7284
11486, -227, -456, 16758, 8, -11, -6, -75 ,-3452 ,16453 ,8 ,-6 ,4, 15086.0518, 32842.5258
11494, -218, -438, 16789, 7, -11, -5, -82 ,-3443 ,16456 ,8 ,-6 ,3, 15086.2396, 32820.8834
11506, -220, -436, 16764, 8, -10, -6, -77 ,-3437 ,16463 ,8 ,-6 ,4, 14993.8107, 32837.1167
11510, -210, -437, 16791, 8, -10, -6, -72 ,-3436 ,16458 ,9 ,-6 ,3, 15184.0508, 32819.4886
11518, -232, -439, 16774, 8, -10, -5, -72 ,-3436 ,16458 ,9 ,-7 ,3, 15152.3918, 32832.6315
11526, -221, -436, 16784, 7, -11, -4, -63 ,-3434 ,16445 ,8 ,-6 ,3, 15131.5242, 32815.8945
11534, -222, -437, 16784, 8, -11, -4, -83 ,-3449 ,16454 ,8 ,-7 ,4, 15084.4425, 32817.8406
11542, -222, -437, 16753, 8, -11, -4, -78 ,-3437 ,16461 ,10 ,-6 ,3, 15188.1814, 32816.4756
11549, -217, -426, 16771, 9, -10, -4, -74 ,-3447 ,16446 ,7 ,-7 ,3, 15127.0539, 32825.7501
11557, -219, -429, 16771, 9, -11, -5, -72 ,-3456 ,16461 ,8 ,-7 ,3, 15121.8772, 32847.9499
11565, -218, -432, 16763, 9, -11, -5, -79 ,-3442 ,16449 ,7 ,-6 ,3, 15129.8314, 32816.7707
11573, -230, -446, 16762, 9, -11, -5, -79 ,-3442 ,16447 ,7 ,-6 ,3, 15061.4202, 32812.0023
11581, -218, -428, 16780, 8, -11, -4, -86 ,-3460 ,16447 ,9 ,-7 ,3, 14826.4796, 32823.0888
11589, -231, -440, 16778, 7, -11, -5, -86 ,-3430 ,16453 ,8 ,-7 ,3, 15156.5999, 32849.8781
11597, -231, -444, 16780, 6, -10, -5, -63 ,-3439 ,16452 ,8 ,-6 ,4, 15018.2515, 32838.5919
11605, -218, -444, 16780, 6, -10, -5, -78 ,-3436 ,16456 ,8 ,-7 ,3, 15140.9298, 32811.2870
11612, -218, -433, 16771, 7, -10, -6, -63 ,-3439 ,16462 ,7 ,-7 ,4, 15119.2188, 32852.2831
11620, -205, -431, 16772, 6, -11, -5, -71 ,-3448 ,16451 ,10 ,-6 ,4, 15110.4391, 32835.0872
11628, -222, -432, 16760, 7, -10, -5, -79 ,-3443 ,16471 ,8 ,-6 ,4, 15059.6380, 32845.4584
11636, -220, -431, 16762, 7, -11, -5, -82 ,-3465 ,16460 ,8 ,-6 ,3, 14987.3108, 32815.9511
11644, -210, -420, 16752, 8, -11, -5, -82 ,-3465 ,16460 ,7 ,-6 ,3, 15186.6257, 32827.4220
11652, -230, -427, 16784, 9, -11, -5, -82 ,-3436 ,16453 ,9 ,-7 ,3, 14968.4012, 32839.6589
11660, -216, -438, 16772, 8, -11, -4, -81 ,-3447 ,16469 ,8 ,-7 ,4, 15222.6448, 32830.4410
11668, -216, -438, 16772, 8, -10, -4, -84 ,-3438 ,16457 ,8 ,-7 ,4, 15164.0296, 32830.7599
11677, -214, -436, 16779, 8, -10, -4, -86 ,-3446 ,16446 ,7 ,-7 ,3, 15161.4219, 32817.3131
11685, -225, -431, 16781, 8, -11, -5, -68 ,-3468 ,16438 ,9 ,-6 ,3, 15053.0666, 32818.9075
11691, -229, -437, 16773, 8, -11, -5, -79 ,-3436 ,16448 ,8 ,-6 ,3, 15076.1485, 32833.9249
11699, -212, -440, 16762, 8, -11, -4, -76 ,-3452 ,16452 ,8 ,-6 ,4, 15080.0109, 32831.2695
11707, -223, -433, 16770, 7, -11, -4, -76 ,-3452 ,16452 ,8 ,-6 ,4, 15224.8889, 32830.4052
11715, -226, -440, 16764, 8, -11, -5, -79 ,-3459 ,16450 ,9 ,-5 ,3, 15076.6820, 32845.2528
11723, -213, -440, 16780, 7, -11, -5, -76 ,-3439 ,16456 ,8 ,-8 ,3, 15135.8396, 32843.0593
11732, -213, -437, 16780, 7, -11, -5, -78 ,-3453 ,16458 ,8 ,-8 ,4, 15217.1373, 32812.1901
11742, -224, -437, 16775, 8, -10, -4, -86 ,-3426 ,16454 ,7 ,-7 ,4, 15177.8042, 32836.5177
11748, -224, -437, 16775, 8, -10, -4, -70 ,-3451 ,16447 ,7 ,-7 ,4, 15149.9927, 32842.0132
11754, -217, -442, 16778, 8, -10, -5, -79 ,-3451 ,16449 ,9 ,-7 ,4, 15144.5806, 32835.9872
11762, -207, -430, 16764, 8, -9, -4, -71 ,-3444 ,16449 ,9 ,-7 ,4, 15051.9848, 32822.1858
11770, -212, -422, 16776, 8, -10, -5, -71 ,-3444 ,16452 ,7 ,-8 ,3, 15075.4213, 32805.1597
11779, -222, -443, 16774, 8, -10, -5, -71 ,-3450 ,16456 ,8 ,-7 ,3, 15157.3867, 32827.3952
11787, -200, -436, 16775, 7, -10, -5, -76 ,-3436 ,16456 ,9 ,-6 ,3, 15005.5379, 32833.1172
11795, -200, -436, 16775, 7, -11, -5, -85 ,-3462 ,16462 ,8 ,-6 ,2, 15015.2594, 32816.0614
11803, -208, -445, 16758, 9, -11, -5, -84 ,-3434 ,16442 ,9 ,-8 ,3, 14961.5258, 32826.1346
11811, -231, -426, 16776, 8, -11, -4, -69 ,-3437 ,16448 ,8 ,-7 ,4, 14951.6612, 32831.7165
11819, -213, -446, 16763, 7, -10, -4, -72 ,-3452 ,16468 ,9 ,-6 ,4, 15176.3380, 32845.1782
11826, -210, -438, 16771, 8, -11, -4, -57 ,-3444 ,16468 ,8 ,-7 ,3, 15122.6670, 32827.1568
11834, -213, -432, 16774, 7, -12, -5, -57 ,-3444 ,16468 ,8 ,-7 ,3, 15119.2009, 32834.4584
11842, -216, -429, 16796, 7, -10, -5, -87 ,-3429 ,16464 ,9 ,-7 ,4, 15145.4538, 32814.7799
11850, -223, -444, 16796, 7, -11, -5, -90 ,-3438 ,16456 ,8 ,-7 ,4, 14996.5614, 32826.8260
11858, -223, -444, 16770, 7, -11, -5, -81 ,-3452 ,16466 ,7 ,-6 ,3, 15038.0492, 32830.3725
11866, -224, -432, 16770, 7, -11, -5, -90 ,-3450 ,16472 ,8 ,-7 ,4, 15038.6184, 32830.3248
11874, -225, -441, 16759, 8, -12, -4, -80 ,-3430 ,16460 ,7 ,-7 ,3, 15090.3285, 32814.0885
11882, -213, -443, 16795, 8, -11, -4, -86 ,-3462 ,16454 ,8 ,-6 ,4, 15107.9595, 32825.6607
11889, -219, -442, 16760, 8, -11, -4, -78 ,-3462 ,16454 ,8 ,-6 ,4, 15067.0737, 32852.9477
11897, -217, -446, 16785, 7, -11, -5, -78 ,-3427 ,16436 ,7 ,-6 ,4, 14902.6185, 32828.0777
11905, -234, -443, 16766, 8, -11, -4, -83 ,-3447 ,16443 ,7 ,-6 ,3, 15198.8953, 32829.6661
11913, -224, -431, 16786, 8, -11, -4, -70 ,-3440 ,16438 ,9 ,-7 ,3, 15234.2021, 32841.9447
11921, -223, -431, 16786, 8, -11, -5, -88 ,-3450 ,16450 ,8 ,-7 ,3, 15112.4388, 32832.2977
11929, -223, -434, 16784, 7, -11, -5, -82 ,-3452 ,16449 ,8 ,-6 ,4, 15196.2578, 32823.8755
11937, -219, -431, 16766, 8, -11, -4, -72 ,-3436 ,16457 ,8 ,-6 ,3, 15134.9336, 32830.3576
11945, -210, -440, 16776, 8, -11, -5, -73 ,-3459 ,16460 ,8 ,-7 ,4, 15187.7791, 32829.3800
11953, -207, -437, 16771, 8, -11, -4, -74 ,-3459 ,16460 ,8 ,-7 ,3, 15125.4654, 32830.8374
11960, -220, -435, 16777, 8, -11, -5, -74 ,-3440 ,16452 ,8 ,-7 ,3, 15190.2616, 32850.0837
11968, -224, -453, 16786, 7, -11, -4, -76 ,-3442 ,16462 ,7 ,-7 ,3, 15152.4663, 32817.4025
11976, -230, -435, 16780, 7, -10, -5, -69 ,-3428 ,16464 ,9 ,-8 ,4, 14994.6511, 32816.5740
11984, -230, -435, 16780, 6, -10, -5, -73 ,-3443 ,16465 ,8 ,-7 ,4, 15104.8750, 32819.1817
11992, -215, -445, 16780, 6, -11, -5, -77 ,-3453 ,16449 ,7 ,-7 ,3, 15030.0801, 32836.4700
12000, -213, -434, 16776, 7, -10, -4, -72 ,-3426 ,16453 ,8 ,-7 ,3, 15082.6246, 32816.3475
12008, -224, -442, 16768, 7, -10, -6, -78 ,-3445 ,16446 ,8 ,-7 ,3, 15064.1322, 32822.7103
12016, -218, -436, 16766, 8, -10, -5, -80 ,-3429 ,16458 ,9 ,-6 ,4, 15093.3355, 32830.7629
12023, -220, -439, 16780, 8, -10, -4, -80 ,-3429 ,16458 ,9 ,-6 ,4, 14940.9682, 32844.1352
12031, -218, -440, 16769, 7, -10, -4, -62 ,-3438 ,16464 ,8 ,-6 ,3, 15036.1180, 32828.5336
12039, -227, -441, 16785, 7, -11, -5, -72 ,-3440 ,16459 ,8 ,-6 ,3, 15128.2936, 32829.4992
12047, -227, -440, 16785, 7, -11, -5, -76 ,-3434 ,16461 ,9 ,-6 ,3, 14980.6321, 32820.4811
12055, -229, -440, 16761, 8, -11, -5, -68 ,-3459 ,16447 ,8 ,-6 ,4, 15070.7811, 32820.2546
12063, -218, -434, 16769, 9, -12, -5, -71 ,-3444 ,16454 ,8 ,-6 ,4, 14973.3514, 32823.0202
12071, -226, -441, 16777, 7, -11, -5, -86 ,-3460 ,16450 ,9 ,-6 ,4, 15116.5456, 32817.4055
12079, -216, -441, 16784, 7, -11, -5, -86 ,-3460 ,16450 ,9 ,-7 ,4, 15215.3462, 32841.3159
12086, -220, -420, 16755, 8, -11, -4, -72 ,-3444 ,16460 ,9 ,-7 ,4, 15107.0446, 32841.8553
12094, -207, -451, 16767, 8, -12, -4, -66 ,-3441 ,16460 ,7 ,-7 ,3, 15058.8721, 32841.2801
12102, -231, -427, 16752, 7, -11, -5, -68 ,-3456 ,16456 ,9 ,-6 ,4, 14983.7792, 32843.0861
12110, -231, -427, 16752, 7, -10, -5, -82 ,-3437 ,16475 ,10 ,-6 ,3, 15097.9072, 32821.5331
12118, -231, -444, 16762, 8, -10, -4, -72 ,-3455 ,16452 ,7 ,-6 ,4, 15137.4221, 32814.9319
12126, -222, -442, 16783, 7, -12, -5, -75 ,-3443 ,16442 ,8 ,-6 ,3, 15160.0987, 32817.8316
12134, -221, -440, 16782, 7, -11, -5, -79 ,-3454 ,16458 ,8 ,-7 ,3, 15081.8825, 32821.5927
12142, -217, -431, 16766, 7, -11, -4, -79 ,-3458 ,16450 ,8 ,-6 ,3, 15107.8790, 32826.7664
12150, -222, -440, 16777, 7, -12, -5, -77 ,-3458 ,16450 ,8 ,-6 ,3, 15122.8666, 32817.7989
12161, -220, -442, 16778, 7, -12, -4, -72 ,-3451 ,16457 ,8 ,-8 ,5, 15079.0483, 32824.5580
12165, -209, -444, 16784, 8, -11, -4, -72 ,-3451 ,16457 ,8 ,-8 ,5, 15095.1028, 32823.1931
12173, -209, -444, 16783, 8, -11, -4, -62 ,-3437 ,16452 ,9 ,-7 ,3, 15120.3543, 32833.5613
12181, -223, -444, 16783, 8, -10, -5, -63 ,-3440 ,16439 ,7 ,-7 ,3, 15149.7275, 32826.6531
12189, -227, -438, 16760, 7, -11, -5, -68 ,-3442 ,16457 ,8 ,-6 ,3, 15183.0167, 32822.7043
12197, -224, -435, 16779, 8, -10, -4, -65 ,-3438 ,16455 ,7 ,-7 ,4, 15084.8925, 32830.6764
12205, -228, -445, 16770, 8, -10, -5, -65 ,-3438 ,16455 ,7 ,-7 ,4, 14971.0625, 32826.6084
12214, -239, -444, 16764, 9, -10, -5, -76 ,-3453 ,16458 ,7 ,-7 ,3, 15038.7168, 32830.7986
12222, -214, -444, 16760, 9, -10, -4, -87 ,-3428 ,16450 ,8 ,-6 ,4, 15059.1969, 32846.5015
12228, -212, -435, 16787, 9, -11, -5, -81 ,-3432 ,16455 ,7 ,-6 ,4, 15060.4695, 32844.0875
12236, -212, -435, 16787, 9, -11, -5, -81 ,-3438 ,16471 ,9 ,-7 ,4, 15176.8893, 32842.4990
12244, -219, -438, 16765, 7, -12, -5, -81 ,-3440 ,16452 ,9 ,-7 ,3, 14956.6531, 32823.6490
12252, -217, -434, 16787, 9, -10, -5, -80 ,-3458 ,16454 ,7 ,-6 ,4, 15168.5327, 32823.3719
12261, -206, -431, 16773, 8, -11, -5, -72 ,-3441 ,16450 ,9 ,-6 ,3, 14972.5616, 32810.6374
12269, -218, -420, 16772, 8, -11, -4, -72 ,-3452 ,16453 ,7 ,-7 ,3, 15069.4162, 32820.1413
12277, -228, -437, 16755, 8, -11, -4, -60 ,-3452 ,16453 ,7 ,-7 ,4, 15143.0398, 32827.5502
12285, -212, -436, 16760, 8, -10, -5, -76 ,-3447 ,16450 ,9 ,-7 ,4, 15208.0029, 32829.9016
12293, -223, -436, 16778, 8, -9, -5, -81 ,-3451 ,16462 ,7 ,-7 ,3, 15237.2181, 32822.2841
12299, -223, -436, 16765, 8, -9, -5, -66 ,-3448 ,16452 ,7 ,-7 ,3, 14891.4933, 32843.7209
12307, -226, -447, 16765, 8, -10, -5, -66 ,-3435 ,16452 ,8 ,-7 ,3, 15216.6933, 32817.0240
12316, -229, -438, 16772, 7, -11, -5, -77 ,-3448 ,16455 ,8 ,-7 ,4, 14995.4557, 32819.5155
12324, -218, -440, 16761, 8, -10, -4, -61 ,-3452 ,16469 ,8 ,-6 ,3, 15089.5625, 32839.0777
12332, -209, -425, 16772, 9, -10, -5, -61 ,-3452 ,16469 ,8 ,-6 ,3, 15011.0871, 32832.6672
12340, -224, -434, 16772, 8, -11, -4, -82 ,-3434 ,16464 ,9 ,-6 ,3, 15246.7281, 32819.6377
12348, -220, -432, 16782, 8, -10, -5, -71 ,-3434 ,16454 ,8 ,-6 ,4, 15205.1538, 32824.8531
12354, -217, -435, 16782, 6, -12, -5, -74 ,-3441 ,16450 ,9 ,-6 ,3, 15218.2370, 32842.3828
12362, -209, -435, 16782, 6, -12, -6, -74 ,-3451 ,16448 ,8 ,-7 ,2, 15115.3475, 32848.7426
12371, -209, -434, 16774, 8, -11, -5, -76 ,-3433 ,16460 ,8 ,-6 ,3, 15220.3649, 32834.2825
12379, -226, -428, 16765, 7, -11, -5, -80 ,-3451 ,16457 ,8 ,-6 ,3, 15017.4439, 32831.0013
12387, -223, -437, 16762, 8, -11, -5, -78 ,-3438 ,16472 ,9 ,-7 ,3, 15184.9568, 32810.6374
12395, -216, -438, 16772, 8, -10, -4, -78 ,-3438 ,16454 ,8 ,-7 ,3, 15133.1455, 32821.6255
12403, -217, -432, 16767, 8, -11, -4, -83 ,-3436 ,16454 ,8 ,-7 ,3, 15098.2857, 32815.6590
12411, -228, -443, 16776, 8, -11, -6, -71 ,-3450 ,16462 ,8 ,-7 ,4, 15106.9432, 32821.6702
12419, -218, -440, 16768, 8, -10, -5, -72 ,-3425 ,16458 ,9 ,-6 ,4, 15114.0362, 32821.4020
12426, -218, -440, 16768, 8, -10, -5, -76 ,-3464 ,16457 ,7 ,-6 ,3, 15244.6777, 32827.4190
12434, -218, -436, 16781, 8, -9, -5, -82 ,-3444 ,16459 ,8 ,-5 ,3, 14994.4305, 32845.8607
12442, -225, -428, 16776, 7, -11, -4, -67 ,-3427 ,16459 ,8 ,-7 ,3, 15046.3521, 32823.9590
12450, -212, -445, 16785, 8, -11, -3, -71 ,-3427 ,16458 ,8 ,-6 ,3, 15022.2242, 32835.7995
12458, -204, -442, 16767, 7, -12, -5, -58 ,-3430 ,16452 ,9 ,-6 ,4, 14978.4625, 32830.9029
12466, -221, -428, 16771, 7, -11, -4, -58 ,-3430 ,16452 ,9 ,-6 ,4, 15114.2389, 32813.6027
12474, -227, -450, 16775, 7, -11, -4, -74 ,-3452 ,16472 ,7 ,-7 ,4, 15156.1975, 32824.2064
12482, -231, -435, 16776, 8, -11, -5, -78 ,-3429 ,16457 ,10 ,-7 ,4, 15116.8495, 32842.2964
12490, -231, -445, 16776, 8, -11, -5, -75 ,-3450 ,16440 ,7 ,-7 ,4, 15144.3779, 32826.2985
12497, -214, -445, 16765, 7, -11, -4, -66 ,-3438 ,16454 ,8 ,-7 ,4, 15095.1058, 32827.6485
12505, -227, -428, 16754, 8, -11, -5, -76 ,-3430 ,16454 ,7 ,-7 ,4, 15184.3995, 32845.7028
12513, -211, -437, 16776, 5, -11, -5, -72 ,-3452 ,16468 ,8 ,-6 ,4, 15113.4819, 32829.8867
12521, -221, -440, 16754, 9, -9, -5, -72 ,-3452 ,16460 ,8 ,-6 ,4, 15000.9066, 32815.3700
12529, -236, -430, 16783, 7, -10, -5, -71 ,-3421 ,16460 ,9 ,-6 ,4, 15123.7279, 32825.9498
12537, -204, -435, 16778, 8, -10, -4, -67 ,-3450 ,16467 ,7 ,-7 ,4, 15208.8046, 32818.8002
12545, -209, -427, 16775, 9, -10, -4, -69 ,-3424 ,16455 ,8 ,-6 ,3, 15135.9200, 32820.8059
12553, -209, -427, 16775, 9, -11, -4, -73 ,-3441 ,16456 ,9 ,-6 ,3, 15252.7869, 32806.1879
12560, -215, -436, 16756, 8, -11, -4, -74 ,-3434 ,16439 ,9 ,-5 ,3, 15109.9801, 32837.4922
12568, -231, -432, 16774, 7, -10, -4, -60 ,-3434 ,16460 ,8 ,-6 ,3, 15090.6891, 32836.8247
12576, -221, -433, 16762, 7, -11, -4, -72 ,-3458 ,16442 ,9 ,-6 ,3, 15000.4089, 32821.3334
12584, -226, -427, 16764, 10, -11, -4, -75 ,-3441 ,16460 ,9 ,-6 ,4, 15204.5786, 32812.1752
12592, -228, -449, 16785, 7, -11, -4, -75 ,-3441 ,16460 ,9 ,-6 ,4, 15083.4084, 32831.2308
12600, -221, -444, 16771, 8, -11, -5, -80 ,-3442 ,16462 ,8 ,-6 ,4, 15139.5649, 32817.3190
12608, -215, -438, 16773, 7, -10, -4, -79 ,-3442 ,16445 ,8 ,-6 ,4, 15130.2189, 32818.3115
12616, -215, -438, 16772, 7, -10, -4, -77 ,-3442 ,16459 ,9 ,-6 ,3, 15102.1510, 32833.1560
12624, -219, -447, 16772, 7, -10, -4, -79 ,-3447 ,16454 ,7 ,-7 ,3, 15123.3941, 32827.0763
12632, -212, -438, 16767, 6, -11, -4, -70 ,-3449 ,16472 ,8 ,-6 ,3, 15035.2329, 32841.7569
12639, -221, -457, 16766, 7, -10, -5, -75 ,-3431 ,16459 ,7 ,-7 ,3, 15055.3584, 32821.1218
12647, -216, -454, 16770, 7, -11, -5, -75 ,-3431 ,16459 ,7 ,-7 ,3, 15043.9978, 32819.5691
12655, -218, -441, 16755, 8, -12, -4, -67 ,-3459 ,16466 ,8 ,-7 ,3, 14934.6709, 32824.9067
12663, -230, -444, 16792, 8, -11, -4, -70 ,-3435 ,16460 ,7 ,-7 ,3, 15067.1899, 32829.2638
12671, -220, -433, 16760, 7, -10, -5, -71 ,-3453 ,16446 ,9 ,-7 ,3, 14920.7830, 32823.5775
12679, -215, -433, 16760, 7, -10, -5, -83 ,-3422 ,16455 ,8 ,-6 ,3, 15095.4634, 32820.8953
12687, -215, -429, 16795, 8, -10, -5, -75 ,-3461 ,16447 ,7 ,-6 ,3, 15190.9292, 32828.2535
12695, -220, -442, 16781, 8, -11, -4, -78 ,-3445 ,16466 ,9 ,-7 ,4, 15205.2045, 32833.8206
12702, -206, -433, 16782, 8, -10, -4, -75 ,-3438 ,16452 ,8 ,-7 ,4, 15069.0466, 32844.6567
12710, -210, -426, 16776, 8, -11, -5, -68 ,-3450 ,16452 ,8 ,-7 ,4, 14994.2100, 32830.2950
12718, -212, -425, 16770, 8, -11, -5, -68 ,-3450 ,16459 ,7 ,-7 ,4, 14977.1959, 32817.8167
12726, -223, -442, 16768, 7, -11, -5, -77 ,-3424 ,16454 ,8 ,-8 ,4, 15153.2084, 32833.3884
12734, -218, -445, 16777, 9, -11, -5, -62 ,-3453 ,16444 ,7 ,-7 ,4, 15156.8949, 32827.6426
12742, -218, -445, 16777, 7, -11, -5, -62 ,-3428 ,16462 ,9 ,-7 ,4, 15164.0117, 32831.7940
12750, -222, -432, 16782, 7, -11, -4, -71 ,-3436 ,16456 ,8 ,-7 ,3, 15105.2803, 32835.4418
12758, -224, -443, 16768, 8, -10, -5, -75 ,-3438 ,16460 ,8 ,-6 ,3, 15124.6488, 32831.8775
12767, -231, -440, 16769, 9, -10, -5, -61 ,-3435 ,16459 ,8 ,-6 ,3, 15085.3425, 32829.7973
12773, -230, -434, 16749, 8, -10, -5, -72 ,-3445 ,16459 ,8 ,-6 ,3, 15164.0594, 32834.3809
12781, -216, -435, 16770, 8, -10, -5, -72 ,-3445 ,16450 ,8 ,-6 ,3, 15136.2598, 32828.3221
12789, -207, -437, 16759, 10, -11, -6, -73 ,-3443 ,16461 ,9 ,-7 ,4, 15145.6267, 32839.5247
12797, -212, -426, 16790, 8, -11, -5, -86 ,-3438 ,16454 ,7 ,-6 ,3, 15039.5811, 32824.1825
12806, -222, -436, 16757, 8, -11, -5, -88 ,-3438 ,16472 ,7 ,-6 ,3, 15114.4713, 32835.8322
12814, -222, -436, 16757, 9, -11, -4, -86 ,-3429 ,16462 ,9 ,-6 ,3, 14988.1691, 32812.6907
12822, -220, -434, 16783, 9, -10, -4, -89 ,-3460 ,16440 ,8 ,-7 ,4, 15099.9188, 32835.2302
12830, -230, -436, 16761, 9, -10, -4, -78 ,-3429 ,16458 ,8 ,-6 ,4, 15174.9790, 32816.5442
12838, -220, -434, 16770, 8, -11, -4, -68 ,-3429 ,16458 ,8 ,-6 ,4, 15112.1706, 32817.3041
12844, -197, -438, 16772, 8, -11, -5, -68 ,-3447 ,16465 ,8 ,-6 ,4, 15150.5113, 32816.1627
12852, -213, -431, 16768, 8, -11, -4, -68 ,-3439 ,16475 ,10 ,-6 ,2, 15108.6479, 32808.2234
12861, -207, -441, 16774, 9, -11, -5, -83 ,-3439 ,16453 ,9 ,-7 ,3, 15043.3064, 32817.9777
12869, -219, -441, 16774, 9, -10, -5, -73 ,-3460 ,16452 ,9 ,-6 ,4, 15025.9256, 32832.3334
12877, -219, -436, 16748, 9, -10, -5, -74 ,-3425 ,16444 ,9 ,-6 ,4, 15103.8796, 32837.3641
12885, -226, -440, 16780, 7, -11, -5, -66 ,-3458 ,16476 ,8 ,-7 ,3, 15091.9616, 32826.3968
12893, -219, -437, 16770, 9, -11, -5, -88 ,-3440 ,16449 ,9 ,-7 ,3, 15186.3575, 32826.5071
12901, -227, -436, 16785, 10, -10, -4, -79 ,-3440 ,16449 ,7 ,-5 ,3, 15090.7189, 32831.0639
12909, -224, -456, 16768, 9, -11, -5, -79 ,-3456 ,16451 ,7 ,-5 ,3, 15154.1680, 32833.4779
12916, -219, -430, 16780, 10, -10, -5, -83 ,-3441 ,16451 ,7 ,-6 ,3, 15026.8912, 32846.7786
12924, -211, -428, 16788, 9, -12, -4, -77 ,-3435 ,16461 ,8 ,-7 ,3, 15043.9948, 32832.6106
12932, -211, -435, 16758, 9, -11, -4, -70 ,-3450 ,16458 ,8 ,-7 ,4, 15083.5693, 32821.6553
12940, -220, -435, 16758, 9, -11, -5, -77 ,-3438 ,16441 ,9 ,-6 ,4, 15114.1346, 32839.0360
12948, -229, -449, 16779, 9, -11, -5, -75 ,-3443 ,16448 ,9 ,-7 ,3, 15088.3973, 32821.9354
12956, -221, -443, 16783, 9, -11, -4, -62 ,-3438 ,16445 ,10 ,-6 ,4, 15168.0887, 32840.6930
12964, -221, -442, 16785, 7, -9, -4, -69 ,-3433 ,16460 ,9 ,-6 ,3, 15052.4259, 32828.2505
12972, -232, -438, 16768, 6, -10, -4, -69 ,-3433 ,16460 ,9 ,-6 ,3, 15060.4486, 32842.2427
12980, -235, -438, 16766, 7, -11, -4, -60 ,-3456 ,16452 ,8 ,-7 ,4, 15146.5505, 32831.3172
12987, -218, -436, 16775, 7, -11, -3, -83 ,-3430 ,16440 ,8 ,-7 ,4, 15077.8264, 32825.4431
12995, -215, -440, 16775, 7, -11, -4, -68 ,-3450 ,16438 ,7 ,-7 ,4, 15092.6322, 32829.2102
13003, -215, -440, 16770, 8, -11, -4, -74 ,-3430 ,16472 ,7 ,-7 ,3, 15189.2722, 32824.1855
13011, -223, -447, 16762, 8, -10, -5, -82 ,-3443 ,16468 ,8 ,-6 ,3, 15194.6306, 32826.4028
13019, -220, -430, 16775, 8, -10, -5, -66 ,-3438 ,16454 ,7 ,-7 ,3, 14939.1592, 32821.2261
13027, -216, -431, 16768, 7, -10, -5, -66 ,-3438 ,16454 ,7 ,-7 ,3, 15003.1388, 32829.2370
13035, -239, -428, 16786, 7, -10, -5, -65 ,-3419 ,16447 ,8 ,-7 ,3, 15019.7029, 32825.5683
13043, -231, -434, 16773, 8, -10, -4, -70 ,-3445 ,16464 ,8 ,-7 ,4, 15078.1721, 32830.6735
13051, -223, -414, 16773, 8, -11, -4, -77 ,-3434 ,16457 ,8 ,-7 ,3, 15143.3676, 32828.7065
13058, -223, -414, 16776, 8, -11, -5, -68 ,-3429 ,16457 ,8 ,-6 ,4, 15104.1359, 32820.5198
13066, -226, -442, 16776, 8, -11, -5, -71 ,-3445 ,16455 ,8 ,-6 ,4, 15066.5581, 32822.5017
13074, -221, -436, 16781, 8, -11, -5, -65 ,-3434 ,16455 ,8 ,-6 ,5, 14985.6806, 32818.1326
13082, -227, -423, 16775, 9, -11, -5, -61 ,-3442 ,16447 ,8 ,-8 ,4, 15053.9041, 32847.2733
13090, -218, -434, 16790, 9, -11, -4, -61 ,-3440 ,16480 ,9 ,-7 ,4, 15030.0443, 32834.6401
13098, -217, -428, 16788, 8, -10, -5, -73 ,-3440 ,16480 ,9 ,-7 ,3, 15207.4069, 32826.7485
13106, -212, -426, 16785, 8, -10, -5, -79 ,-3436 ,16451 ,8 ,-7 ,4, 15023.6309, 32849.1926
13114, -236, -439, 16770, 8, -11, -5, -72 ,-3436 ,16462 ,9 ,-6 ,4, 15172.9465, 32825.2643
13121, -211, -441, 16773, 8, -11, -5, -75 ,-3442 ,16453 ,8 ,-5 ,4, 15009.3406, 32841.2592
13129, -211, -441, 16773, 7, -10, -5, -64 ,-3449 ,16444 ,8 ,-6 ,3, 15066.3018, 32834.7474
13137, -205, -435, 16783, 7, -10, -5, -88 ,-3432 ,16459 ,8 ,-6 ,3, 15045.8455, 32838.5919
13145, -228, -431, 16779, 9, -11, -5, -83 ,-3454 ,16446 ,7 ,-6 ,3, 15061.8941, 32830.1251
13153, -225, -444, 16784, 7, -12, -4, -83 ,-3454 ,16446 ,7 ,-7 ,3, 15078.6728, 32813.1288
13161, -223, -449, 16784, 8, -12, -5, -80 ,-3430 ,16453 ,10 ,-7 ,3, 15011.5758, 32824.2421
13169, -218, -443, 16782, 7, -12, -4, -74 ,-3430 ,16453 ,9 ,-7 ,3, 15030.0801, 32819.7300
13177, -214, -430, 16773, 7, -11, -5, -65 ,-3455 ,16448 ,8 ,-7 ,4, 15126.4757, 32817.3727
13185, -222, -430, 16773, 7, -11, -5, -74 ,-3434 ,16442 ,9 ,-7 ,4, 14994.5885, 32817.6111
13192, -222, -443, 16778, 7, -11, -5, -67 ,-3443 ,16456 ,9 ,-7 ,4, 15200.9904, 32841.8255
13200, -227, -442, 16773, 7, -10, -4, -70 ,-3436 ,16453 ,9 ,-6 ,4, 15080.7202, 32826.5905
13208, -228, -446, 16765, 9, -10, -5, -84 ,-3442 ,16458 ,8 ,-6 ,4, 15104.0971, 32808.7866
13216, -229, -434, 16773, 8, -10, -4, -84 ,-3447 ,16446 ,8 ,-6 ,4, 14989.2271, 32833.3855
13224, -226, -434, 16780, 8, -11, -4, -80 ,-3447 ,16446 ,8 ,-6 ,3, 15058.1270, 32824.1825
13232, -222, -438, 16774, 9, -11, -5, -68 ,-3433 ,16445 ,8 ,-7 ,3, 15151.1878, 32837.5340
13240, -219, -429, 16781, 9, -11, -4, -86 ,-3445 ,16455 ,9 ,-6 ,3, 14990.9049, 32824.4090
13249, -219, -447, 16773, 9, -11, -4, -85 ,-3436 ,16465 ,8 ,-6 ,4, 15113.3984, 32828.1909
13257, -234, -447, 16773, 9, -11, -5, -76 ,-3434 ,16454 ,9 ,-6 ,4, 15230.3874, 32831.1294
13263, -216, -445, 16787, 7, -11, -5, -68 ,-3451 ,16466 ,8 ,-7 ,4, 15114.0332, 32830.7003
13271, -222, -428, 16778, 9, -12, -5, -73 ,-3451 ,16449 ,8 ,-6 ,3, 14977.6667, 32826.9929
13279, -212, -447, 16779, 8, -12, -4, -73 ,-3449 ,16459 ,7 ,-6 ,3, 14979.4132, 32842.6868
13287, -215, -442, 16779, 8, -11, -4, -73 ,-3449 ,16459 ,7 ,-6 ,3, 14911.3029, 32841.9209
13296, -226, -445, 16769, 8, -11, -4, -69 ,-3432 ,16459 ,8 ,-6 ,3, 15118.4112, 32829.2221
13304, -219, -439, 16783, 8, -11, -5, -72 ,-3441 ,16467 ,7 ,-7 ,3, 15099.4420, 32823.2199
13312, -215, -445, 16782, 8, -10, -5, -65 ,-3440 ,16460 ,9 ,-7 ,4, 15222.4928, 32831.7344
13320, -215, -445, 16782, 7, -10, -5, -78 ,-3432 ,16457 ,8 ,-7 ,4, 15124.2554, 32838.4101
13326, -219, -419, 16764, 8, -11, -5, -77 ,-3445 ,16450 ,8 ,-7 ,4, 15067.0618, 32843.2024
13334, -216, -444, 16767, 7, -9, -4, -67 ,-3426 ,16448 ,8 ,-6 ,3, 15055.2154, 32825.4074
13342, -225, -431, 16776, 8, -10, -4, -67 ,-3426 ,16454 ,8 ,-6 ,3, 15069.0883, 32826.0034
13351, -238, -437, 16771, 8, -10, -4, -63 ,-3443 ,16454 ,8 ,-6 ,3, 15023.4997, 32845.6938
13359, -229, -426, 16772, 7, -11, -5, -73 ,-3439 ,16448 ,9 ,-7 ,3, 15101.3881, 32826.6025
13367, -237, -438, 16769, 7, -12, -5, -64 ,-3435 ,16452 ,8 ,-7 ,3, 15203.8842, 32830.9447
13375, -237, -438, 16766, 8, -11, -4, -67 ,-3453 ,16460 ,7 ,-7 ,3, 15090.5848, 32834.2944
13383, -232, -438, 16766, 8, -11, -4, -76 ,-3442 ,16468 ,7 ,-7 ,3, 15086.4750, 32837.2896
13391, -229, -443, 16777, 8, -10, -5, -72 ,-3446 ,16460 ,7 ,-6 ,4, 15069.0973, 32842.9997
13399, -224, -436, 16776, 7, -11, -5, -67 ,-3440 ,16475 ,9 ,-7 ,4, 14989.7397, 32842.9282
13406, -233, -436, 16772, 8, -11, -4, -60 ,-3460 ,16444 ,9 ,-7 ,4, 15155.4883, 32835.8591
13414, -236, -442, 16784, 7, -11, -4, -60 ,-3460 ,16444 ,9 ,-7 ,4, 14993.1282, 32829.1059
13422, -226, -433, 16770, 8, -11, -5, -70 ,-3466 ,16465 ,9 ,-7 ,4, 14996.3140, 32826.3581
13430, -226, -438, 16777, 8, -11, -5, -66 ,-3430 ,16463 ,8 ,-7 ,4, 14971.4798, 32841.3725
13438, -220, -434, 16777, 8, -11, -4, -69 ,-3456 ,16450 ,8 ,-6 ,4, 14938.0445, 32831.7285
13446, -220, -434, 16777, 8, -11, -4, -77 ,-3435 ,16472 ,9 ,-6 ,4, 15106.9850, 32829.6244
13454, -218, -444, 16766, 8, -12, -5, -85 ,-3440 ,16453 ,7 ,-7 ,3, 15098.7446, 32842.4990
13462, -228, -442, 16798, 7, -12, -4, -66 ,-3450 ,16458 ,8 ,-7 ,3, 15087.7535, 32801.4016
13469, -224, -444, 16766, 9, -11, -5, -66 ,-3450 ,16458 ,8 ,-7 ,3, 15015.0329, 32844.5822
13477, -232, -438, 16782, 7, -11, -4, -80 ,-3427 ,16464 ,8 ,-6 ,3, 14998.4479, 32832.7626
13485, -238, -440, 16782, 9, -11, -5, -66 ,-3448 ,16442 ,8 ,-7 ,3, 14965.4537, 32817.8734
13493, -221, -445, 16774, 8, -12, -5, -74 ,-3440 ,16473 ,10 ,-6 ,3, 15038.9731, 32828.3221
13501, -206, -409, 17030, 5, -9, -4, -63 ,-3444 ,16479 ,9 ,-7 ,3, 15032.0947, 32834.6968
13509, -206, -409, 17016, 5, -9, -4, -63 ,-3444 ,16479 ,9 ,-7 ,3, 15013.2358, 32841.1967
13517, -206, -409, 17016, 5, -9, -4, -63 ,-3444 ,16479 ,9 ,-7 ,3, 15161.2043, 32819.0506
13524, -206, -409, 17016, 5, -9, -4, -63 ,-3444 ,16479 ,9 ,-7 ,3, 15075.2068, 32829.0612
13532, -206, -409, 17016, 5, -9, -4, -63 ,-3444 ,16479 ,9 ,-7 ,3, 15043.6878, 32844.3110
13540, -206, -409, 17016, 5, -9, -4, -63 ,-3444 ,16479 ,9 ,-7 ,3, 14935.5531, 32835.4388
13548, -206, -409, 17016, 5, -9, -4, -63 ,-3444 ,16479 ,9 ,-7 ,3, 15092.2298, 32818.2638
13556, -206, -409, 17016, 5, -9, -4, -63 ,-3444 ,16479 ,9 ,-7 ,3, 14997.0919, 32825.0855
13564, -206, -409, 17016, 5, -9, -4, -63 ,-3444 ,16479 ,9 ,-7 ,3, 15191.9365, 32827.2998
13571, -206, -409, 17016, 5, -9, -4, -63 ,-3444 ,16479 ,9 ,-7 ,3, 14963.6805, 32859.7844
13579, -206, -409, 17016, 5, -9, -4, -63 ,-3444 ,16479 ,9 ,-7 ,3, 14978.8350, 32833.9964
13587, -206, -409, 17016, 5, -9, -4, -63 ,-3444 ,16479 ,9 ,-7 ,3, 14966.4223, 32806.6856
13595, -206, -409, 17016, 5, -9, -4, -63 ,-3444 ,16479 ,9 ,-7 ,3, 14984.9057, 32826.1733
13603, -206, -409, 17016, 5, -9, -4, -63 ,-3444 ,16479 ,9 ,-7 ,3, 15123.2034, 32827.0882
13611, -206, -409, 17016, 5, -9, -4, -63 ,-3444 ,16479 ,9 ,-7 ,3, 15139.5291, 32864.0878
13618, -206, -409, 17016, 5, -9, -4, -63 ,-3444 ,16479 ,9 ,-7 ,3, 15070.1076, 32837.0601
13626, -206, -409, 17016, 5, -9, -4, -63 ,-3444 ,16479 ,9 ,-7 ,3, 15117.8837, 32815.3133
13634, -206, -409, 17016, 5, -9, -4, -63 ,-3444 ,16479 ,9 ,-7 ,3, 15027.6154, 32832.8341
13642, -206, -409, 17016, 5, -9, -4, -63 ,-3444 ,16479 ,9 ,-7 ,3, 15165.5167, 32831.9639
13650, -206, -409, 17016, 5, -9, -4, -63 ,-3444 ,16479 ,9 ,-7 ,3, 15223.9472, 32821.2082
13657, -206, -409, 17016, 5, -9, -4, -63 ,-3444 ,16479 ,9 ,-7 ,3, 15002.5904, 32817.7065
13665, -206, -409, 17016, 5, -9, -4, -63 ,-3444 ,16479 ,9 ,-7 ,3, 15157.2108, 32815.8170
13673, -206, -409, 17016, 5, -9, -4, -63 ,-3444 ,16479 ,9 ,-7 ,3, 15163.9730, 32846.5223
13681, -206, -409, 17016, 5, -9, -4, -63 ,-3444 ,16479 ,9 ,-7 ,3, 15141.2278, 32829.5469
13689, -206, -409, 17016, 5, -9, -4, -63 ,-3444 ,16479 ,9 ,-7 ,3, 15179.4493, 32815.9153
13696, -206, -409, 17016, 5, -9, -4, -63 ,-3444 ,16479 ,9 ,-7 ,3, 15044.7547, 32829.4694
13704, -206, -409, 17016, 5, -9, -4, -63 ,-3444 ,16479 ,9 ,-7 ,3, 15145.1200, 32831.0668
13712, -206, -409, 17016, 5, -9, -4, -63 ,-3444 ,16479 ,9 ,-7 ,3, 15086.0816, 32846.4210
