11410, 185, -702, 16766, 8, -10, -3, -378 ,-11 ,16820 ,8 ,-6 ,1, 27709.8089, 27857.2053
11413, 185, -702, 16766, 8, -10, -3, -381 ,-15 ,16788 ,9 ,-7 ,2, 27698.2695, 27881.7654
11417, 185, -709, 16744, 7, -11, -4, -381 ,-15 ,16788 ,9 ,-7 ,2, 27816.3880, 27920.9644
11423, 196, -724, 16708, 8, -11, -2, -386 ,0 ,16762 ,10 ,-7 ,2, 27692.3448, 27756.3065
11431, 196, -724, 16708, 7, -10, -2, -366 ,29 ,16764 ,9 ,-7 ,3, 27563.1756, 27905.4970
11439, 179, -729, 16694, 7, -10, -2, -368 ,11 ,16759 ,12 ,-8 ,3, 27770.2868, 27890.5630
11446, 144, -755, 16724, 4, -9, -2, -368 ,11 ,16759 ,12 ,-8 ,3, 27577.3823, 27777.8119
11454, 174, -763, 16726, 3, -9, -3, -373 ,-11 ,16716 ,13 ,-8 ,4, 27492.0672, 27812.7104
11462, 183, -740, 16703, 4, -11, -3, -382 ,-15 ,16696 ,12 ,-6 ,3, 27664.0683, 27801.6418
11470, 205, -716, 16725, 6, -12, -4, -405 ,-9 ,16721 ,9 ,-6 ,3, 27745.1694, 27850.5951
11477, 228, -710, 16725, 8, -12, -2, -416 ,-15 ,16797 ,8 ,-6 ,2, 27631.7596, 27844.7121
11485, 228, -710, 16759, 8, -12, -2, -429 ,-26 ,16870 ,5 ,-6 ,2, 27568.5042, 27871.0365
11493, 210, -686, 16828, 11, -12, -3, -408 ,-41 ,16919 ,4 ,-7 ,2, 27592.7454, 27855.7897
11501, 201, -703, 16883, 11, -10, -3, -408 ,-41 ,16919 ,4 ,-7 ,2, 27635.5624, 27808.6275
11508, 204, -750, 16859, 10, -10, -3, -416 ,-21 ,16901 ,3 ,-7 ,2, 27699.2768, 27790.0904
11516, 202, -769, 16798, 10, -10, -3, -402 ,25 ,16884 ,3 ,-8 ,0, 27613.3865, 27873.3075
11524, 199, -751, 16760, 10, -11, -4, -382 ,0 ,16822 ,4 ,-9 ,0, 27499.7771, 27886.3877
11532, 174, -688, 16760, 9, -9, -4, -381 ,6 ,16772 ,5 ,-10 ,1, 27648.7887, 27850.6666
11539, 174, -688, 16750, 9, -9, -4, -374 ,-4 ,16706 ,6 ,-9 ,2, 27747.2734, 27775.9761
11547, 174, -665, 16706, 9, -9, -4, -367 ,-21 ,16687 ,6 ,-8 ,3, 27665.5227, 27814.8353
11554, 164, -696, 16707, 8, -10, -3, -367 ,-21 ,16687 ,7 ,-8 ,3, 27613.3895, 27653.2978
11562, 164, -747, 16731, 9, -12, -3, -373 ,-26 ,16688 ,8 ,-7 ,3, 27654.3736, 27780.5328
11570, 170, -758, 16746, 10, -13, -3, -373 ,-19 ,16728 ,7 ,-5 ,3, 27618.4410, 27802.0859
11578, 129, -772, 16765, 10, -13, -4, -334 ,9 ,16768 ,6 ,-4 ,0, 27614.3193, 27785.8049
11585, 129, -772, 16724, 12, -13, -5, -334 ,50 ,16799 ,6 ,-4 ,1, 27627.6827, 27750.4444
11593, 125, -805, 16724, 12, -13, -5, -340 ,75 ,16815 ,2 ,-5 ,1, 27562.6987, 27822.8223
11601, 137, -797, 16708, 15, -13, -5, -340 ,32 ,16797 ,2 ,-5 ,1, 27626.3148, 27860.2481
11609, 153, -776, 16708, 18, -11, -5, -335 ,32 ,16797 ,-3 ,-7 ,0, 27750.4802, 27874.6873
11617, 183, -754, 16731, 19, -10, -5, -353 ,40 ,16793 ,-4 ,-7 ,0, 27740.0643, 27851.0153
11624, 172, -738, 16748, 18, -10, -5, -368 ,17 ,16787 ,-4 ,-8 ,-1, 27584.0074, 27714.3627
11632, 167, -690, 16768, 17, -10, -5, -380 ,-20 ,16783 ,-1 ,-9 ,1, 27572.0596, 27732.5690
11640, 210, -690, 16785, 14, -10, -4, -400 ,9 ,16768 ,1 ,-8 ,2, 27562.4633, 27731.5199
11648, 210, -659, 16785, 14, -10, -4, -442 ,3 ,16764 ,2 ,-9 ,3, 27698.5914, 27798.4411
11655, 226, -659, 16791, 11, -12, -3, -442 ,-253 ,16789 ,2 ,-9 ,3, 27613.1719, 27757.7192
11663, 181, -627, 16832, 7, -11, -2, -414 ,-74 ,16789 ,7 ,-6 ,4, 27588.1976, 27790.6954
11671, 152, -653, 16843, 3, -12, -2, -342 ,-86 ,16820 ,10 ,-4 ,4, 27445.3312, 27906.5669
11679, 136, -689, 16824, 1, -11, -3, -340 ,-90 ,16843 ,14 ,-5 ,3, 27612.5133, 27761.6888
11687, 172, -697, 16780, 1, -13, -4, -365 ,-84 ,16833 ,14 ,-4 ,2, 27702.0782, 27804.1631
11694, 182, -718, 16734, 1, -13, -4, -390 ,-60 ,16835 ,14 ,-5 ,1, 27640.7152, 27746.6506
11702, 182, -717, 16734, 1, -13, -4, -366 ,-71 ,16794 ,12 ,-6 ,-1, 27552.9683, 27879.8193
11710, 173, -717, 16702, 5, -11, -6, -357 ,-48 ,16746 ,10 ,-5 ,-2, 27550.0715, 27804.4850
11718, 155, -713, 16688, 9, -10, -5, -366 ,-48 ,16746 ,10 ,-5 ,-2, 27545.9349, 27853.8704
11726, 190, -737, 16697, 11, -11, -7, -366 ,-11 ,16724 ,7 ,-5 ,-2, 27659.7410, 27809.5484
11734, 205, -728, 16710, 13, -11, -7, -395 ,10 ,16714 ,6 ,-5 ,-2, 27629.4202, 27825.5910
11741, 203, -718, 16726, 12, -12, -6, -391 ,31 ,16734 ,4 ,-6 ,-2, 27610.4927, 27776.8910
11749, 194, -686, 16765, 12, -12, -6, -394 ,-25 ,16759 ,4 ,-6 ,-1, 27534.0855, 27874.0287
11757, 180, -650, 16805, 11, -12, -6, -381 ,-75 ,16796 ,4 ,-5 ,-1, 27541.8073, 27745.0889
11765, 196, -650, 16805, 11, -12, -7, -376 ,-40 ,16841 ,6 ,-4 ,-1, 27509.2751, 27800.7716
11773, 196, -649, 16799, 9, -12, -6, -397 ,-40 ,16841 ,6 ,-4 ,-1, 27574.5898, 27765.5095
11781, 196, -705, 16786, 8, -11, -5, -397 ,231 ,16843 ,8 ,-5 ,-1, 27780.0411, 27818.3550
11789, 216, -719, 16763, 6, -11, -5, -414 ,11 ,16843 ,8 ,-5 ,1, 27720.2159, 27796.1761
11796, 191, -713, 16753, 4, -11, -4, -406 ,-6 ,16808 ,10 ,-5 ,2, 27604.6515, 27771.0199
11804, 197, -721, 16716, 4, -10, -4, -400 ,-32 ,16765 ,12 ,-6 ,2, 27505.4932, 27863.3058
11812, 216, -715, 16696, 4, -10, -4, -408 ,-21 ,16729 ,11 ,-8 ,1, 27640.8106, 27844.5274
11820, 234, -728, 16696, 4, -10, -4, -415 ,-27 ,16735 ,9 ,-7 ,0, 27605.6230, 27826.5893
11827, 234, -728, 16716, 7, -9, -4, -415 ,-1 ,16735 ,9 ,-7 ,1, 27647.1764, 27774.3787
11835, 223, -727, 16752, 10, -10, -4, -415 ,-1 ,16734 ,6 ,-8 ,1, 27690.9381, 27877.4947
11843, 224, -737, 16769, 10, -11, -4, -412 ,33 ,16746 ,5 ,-7 ,1, 27660.1881, 27824.1962
11850, 221, -747, 16775, 9, -11, -4, -408 ,28 ,16783 ,6 ,-7 ,1, 27664.1905, 27746.0188
11858, 170, -745, 16794, 9, -12, -4, -394 ,-5 ,16819 ,6 ,-6 ,0, 27522.4686, 27904.0217
11866, 183, -713, 16802, 8, -11, -4, -396 ,-9 ,16832 ,8 ,-6 ,0, 27715.3403, 27837.8367
11873, 183, -713, 16802, 8, -11, -4, -379 ,-26 ,16864 ,11 ,-6 ,0, 27666.9413, 27700.8832
11881, 173, -687, 16802, 5, -10, -3, -360 ,-23 ,16837 ,11 ,-6 ,1, 27634.2422, 27818.3609
11889, 166, -679, 16803, 3, -9, -4, -360 ,-23 ,16837 ,14 ,-7 ,1, 27591.4162, 27711.1560
11897, 152, -708, 16766, 1, -10, -3, -366 ,-43 ,16806 ,16 ,-6 ,1, 27717.1880, 27873.9721
11905, 146, -710, 16736, 2, -10, -5, -356 ,-74 ,16764 ,15 ,-5 ,1, 27662.1431, 27868.5480
11912, 181, -733, 16703, 4, -11, -5, -373 ,10 ,16746 ,12 ,-5 ,1, 27585.2919, 27794.6711
11920, 218, -756, 16686, 10, -11, -4, -414 ,39 ,16702 ,7 ,-5 ,0, 27628.8211, 27808.8510
11928, 218, -756, 16686, 10, -11, -3, -415 ,26 ,16688 ,2 ,-5 ,0, 27592.7782, 27846.8043
11936, 209, -755, 16702, 14, -12, -3, -408 ,1 ,16735 ,2 ,-5 ,0, 27663.7405, 27786.6781
11943, 208, -726, 16724, 15, -13, -3, -408 ,1 ,16735 ,0 ,-5 ,0, 27591.8573, 27803.7578
11951, 230, -726, 16738, 17, -13, -2, -411 ,0 ,16778 ,-1 ,-5 ,0, 27601.8232, 27823.2068
11959, 219, -688, 16766, 16, -13, -3, -408 ,-4 ,16821 ,-1 ,-6 ,0, 27689.3497, 27794.8558
11966, 214, -665, 16802, 12, -11, -2, -421 ,-7 ,16869 ,2 ,-6 ,1, 27604.2342, 27804.0767
11974, 191, -693, 16832, 8, -10, -1, -402 ,-41 ,16892 ,7 ,-6 ,1, 27553.9130, 27786.5559
11982, 191, -693, 16832, 8, -10, -1, -366 ,-102 ,16880 ,12 ,-5 ,-2, 27584.6899, 27798.3099
11990, 166, -654, 16840, 4, -10, -2, -363 ,-101 ,16808 ,14 ,-5 ,-7, 27600.2854, 27703.2614
11998, 173, -639, 16816, 3, -10, -2, -363 ,-101 ,16808 ,14 ,-5 ,-7, 27669.0036, 27820.3934
12006, 177, -691, 16762, 3, -10, -2, -367 ,-45 ,16756 ,15 ,-5 ,-10, 27643.1561, 27780.4822
12014, 187, -714, 16730, 5, -11, -1, -394 ,-12 ,16733 ,13 ,-4 ,-10, 27701.0053, 27728.0003
12022, 173, -715, 16742, 5, -12, -2, -396 ,6 ,16738 ,12 ,-4 ,-9, 27810.8209, 27870.8905
12029, 162, -719, 16734, 6, -11, -2, -374 ,-23 ,16728 ,10 ,-6 ,-4, 27632.4123, 27802.7982
12037, 173, -733, 16702, 8, -12, -3, -367 ,-45 ,16732 ,7 ,-5 ,-3, 27415.3352, 27790.7997
12045, 173, -733, 16702, 12, -13, -3, -366 ,-59 ,16758 ,4 ,-5 ,-6, 27622.5716, 27828.0109
12053, 178, -709, 16687, 12, -13, -4, -387 ,-52 ,16758 ,1 ,-6 ,-11, 27704.1852, 27819.0017
12061, 199, -664, 16709, 15, -12, -4, -387 ,-52 ,16778 ,1 ,-6 ,-11, 27688.0294, 27809.3934
12069, 208, -620, 16792, 14, -11, -4, -401 ,-28 ,16833 ,1 ,-7 ,-11, 27681.1182, 27875.1940
12078, 178, -654, 16834, 11, -11, -1, -396 ,-6 ,16885 ,5 ,-7 ,-8, 27627.0479, 27875.3340
12084, 159, -710, 16840, 8, -9, -1, -377 ,-13 ,16883 ,8 ,-6 ,-3, 27675.0207, 27678.0635
12092, 154, -688, 16847, 4, -9, -2, -365 ,-57 ,16840 ,12 ,-6 ,-1, 27655.3869, 27835.7446
12100, 172, -650, 16847, 1, -9, -3, -388 ,-82 ,16826 ,17 ,-6 ,0, 27572.2176, 27839.7948
12109, 172, -650, 16801, 1, -9, -3, -362 ,-74 ,16772 ,17 ,-6 ,-2, 27707.9135, 27750.1822
12115, 176, -671, 16739, -1, -9, -2, -379 ,-51 ,16719 ,15 ,-6 ,-2, 27623.8889, 27673.3398
12123, 184, -671, 16706, 1, -10, -3, -379 ,-51 ,16719 ,15 ,-6 ,-2, 27697.4171, 27735.7727
12131, 223, -689, 16680, 4, -11, -3, -410 ,-31 ,16706 ,12 ,-7 ,0, 27644.7982, 27754.2412
12139, 202, -700, 16696, 8, -12, -3, -407 ,-25 ,16747 ,10 ,-7 ,0, 27686.4797, 27903.4078
12148, 200, -709, 16732, 10, -11, -3, -400 ,-30 ,16772 ,7 ,-7 ,-1, 27655.6104, 27821.9998
12156, 183, -708, 16757, 10, -11, -3, -390 ,-30 ,16769 ,2 ,-7 ,-2, 27651.9567, 27847.8205
12164, 183, -708, 16784, 10, -12, -4, -400 ,12 ,16764 ,3 ,-8 ,-1, 27729.4040, 27867.0281
12170, 223, -706, 16784, 10, -12, -4, -424 ,-15 ,16805 ,4 ,-8 ,1, 27558.2939, 27748.7665
12179, 220, -718, 16785, 7, -12, -3, -424 ,-15 ,16805 ,4 ,-8 ,1, 27658.0632, 27789.5749
12187, 213, -684, 16771, 5, -11, -3, -430 ,-48 ,16827 ,9 ,-8 ,2, 27550.3784, 27784.2194
12195, 180, -654, 16779, 5, -10, -4, -399 ,-63 ,16844 ,12 ,-6 ,2, 27753.5349, 27851.4832
12201, 161, -675, 16787, 3, -9, -3, -372 ,-35 ,16809 ,14 ,-5 ,1, 27670.0556, 27675.3366
12210, 159, -681, 16769, -1, -8, -3, -366 ,-49 ,16793 ,16 ,-6 ,3, 27566.2065, 27838.3404
12218, 172, -681, 16765, -1, -9, -3, -371 ,-42 ,16778 ,15 ,-7 ,3, 27579.6831, 27834.1353
12226, 172, -687, 16765, -1, -9, -3, -384 ,-42 ,16775 ,16 ,-7 ,2, 27644.3303, 27784.8482
12234, 177, -740, 16724, 0, -9, -3, -384 ,-42 ,16775 ,16 ,-7 ,2, 27737.5430, 27854.0045
12240, 182, -726, 16729, 1, -11, -4, -396 ,-30 ,16774 ,14 ,-8 ,0, 27584.6899, 27722.1322
12249, 174, -699, 16743, 6, -10, -5, -390 ,-10 ,16774 ,11 ,-7 ,0, 27517.0147, 27752.6587
12257, 188, -715, 16733, 9, -9, -4, -387 ,0 ,16765 ,8 ,-8 ,0, 27488.4433, 27792.7577
12265, 206, -726, 16745, 11, -11, -4, -409 ,46 ,16775 ,6 ,-8 ,1, 27691.9872, 27799.3500
12271, 206, -715, 16752, 9, -11, -3, -412 ,14 ,16789 ,5 ,-7 ,3, 27577.2721, 27863.5114
12280, 224, -715, 16752, 9, -11, -3, -412 ,-12 ,16841 ,7 ,-7 ,3, 27554.1812, 27890.9504
12288, 186, -672, 16761, 7, -11, -3, -412 ,-12 ,16841 ,7 ,-7 ,3, 27684.3041, 27914.5241
12294, 172, -659, 16795, 3, -8, -4, -376 ,-40 ,16887 ,12 ,-7 ,3, 27658.0572, 27762.2312
12302, 168, -672, 16813, -3, -7, -2, -358 ,-18 ,16946 ,21 ,-8 ,3, 27589.7771, 27771.3299
12310, 183, -693, 16830, -9, -5, -2, -377 ,-53 ,16925 ,28 ,-10 ,3, 27581.5606, 27853.0478
12319, 194, -685, 16800, -14, -4, -2, -387 ,-91 ,16886 ,33 ,-11 ,2, 27578.9261, 27836.3228
12327, 225, -692, 16753, -15, -3, -4, -411 ,-90 ,16816 ,32 ,-15 ,1, 27617.0582, 27842.5634
12335, 225, -691, 16719, -15, -3, -4, -452 ,-60 ,16765 ,26 ,-20 ,0, 27650.3354, 27792.1647
12343, 246, -691, 16719, -14, -1, -4, -451 ,50 ,16716 ,20 ,-22 ,2, 27632.1054, 27761.5905
12351, 260, -723, 16702, -9, -2, -3, -473 ,50 ,16716 ,20 ,-22 ,2, 27679.0410, 27801.4094
12358, 279, -764, 16683, -4, -3, -2, -473 ,72 ,16660 ,15 ,-21 ,3, 27631.8133, 27846.9414
12366, 246, -730, 16701, 0, -5, -2, -466 ,13 ,16658 ,10 ,-20 ,3, 27487.9724, 27837.9828
12374, 184, -685, 16754, 1, -7, -1, -406 ,-9 ,16722 ,8 ,-18 ,4, 27637.9645, 27871.2898
12380, 136, -699, 16794, 2, -6, -1, -346 ,-40 ,16769 ,8 ,-16 ,4, 27707.0671, 27731.6898
12389, 104, -703, 16801, 2, -6, -1, -313 ,-52 ,16800 ,8 ,-14 ,4, 27535.0809, 27874.3267
12397, 104, -703, 16801, 2, -7, -2, -334 ,-75 ,16840 ,8 ,-14 ,3, 27568.8350, 27851.5697
12405, 134, -708, 16793, 3, -8, -3, -366 ,-48 ,16840 ,8 ,-14 ,3, 27634.7637, 27842.7541
12411, 173, -737, 16805, 5, -8, -4, -366 ,-48 ,16877 ,9 ,-13 ,1, 27684.8346, 27627.8973
12420, 175, -768, 16780, 4, -6, -4, -355 ,-10 ,16902 ,10 ,-12 ,-1, 27586.6330, 27930.6293
12428, 171, -746, 16811, 4, -5, -3, -351 ,21 ,16892 ,13 ,-12 ,-1, 27591.4818, 27815.4850
12436, 188, -742, 16813, 3, -5, -3, -370 ,55 ,16882 ,14 ,-13 ,0, 27656.7221, 27856.1801
12442, 200, -741, 16769, 1, -5, -3, -398 ,50 ,16830 ,15 ,-14 ,1, 27708.3963, 27646.1124
12450, 200, -741, 16769, 1, -4, -4, -398 ,84 ,16785 ,15 ,-15 ,2, 27678.2602, 27721.3603
12459, 204, -753, 16742, 0, -4, -2, -398 ,86 ,16817 ,15 ,-15 ,2, 27568.3761, 27793.6012
12467, 173, -772, 16737, 0, -3, -1, -378 ,86 ,16817 ,15 ,-16 ,3, 27643.8862, 27887.7825
12473, 149, -770, 16756, 0, -1, 0, -356 ,49 ,16853 ,14 ,-18 ,4, 27669.3940, 27738.0794
12481, 133, -748, 16772, -4, 1, 0, -335 ,4 ,16861 ,17 ,-19 ,5, 27587.1694, 27787.1758
12490, 128, -734, 16771, -8, 1, -1, -335 ,-49 ,16831 ,23 ,-22 ,5, 27662.4680, 27856.3648
12498, 134, -719, 16732, -8, 1, -3, -343 ,-62 ,16817 ,24 ,-22 ,3, 27678.6864, 27847.2453
12504, 134, -719, 16732, -9, 1, -3, -315 ,-39 ,16796 ,21 ,-22 ,-2, 27593.4815, 27766.0877
12512, 120, -735, 16711, -6, 3, -2, -315 ,2 ,16812 ,21 ,-22 ,-2, 27549.1267, 27680.3732
12520, 104, -729, 16727, -6, 4, -2, -280 ,2 ,16812 ,19 ,-23 ,-11, 27511.4179, 27819.2967
12529, 117, -773, 16750, -7, 5, -1, -291 ,114 ,16785 ,19 ,-24 ,-11, 27597.9370, 27839.0348
12537, 156, -795, 16754, -10, 5, -1, -322 ,117 ,16736 ,21 ,-27 ,-1, 27593.5233, 27801.4153
12545, 150, -796, 16749, -12, 1, -1, -361 ,84 ,16693 ,22 ,-28 ,6, 27731.3471, 27836.9576
12553, 157, -767, 16719, -10, 1, -1, -358 ,40 ,16759 ,20 ,-28 ,8, 27712.0739, 27777.5854
12560, 157, -767, 16719, -10, 2, -1, -361 ,32 ,16878 ,12 ,-32 ,13, 27577.1528, 27763.1670
12568, 135, -734, 16722, -6, 2, -1, -361 ,31 ,17076 ,4 ,-32 ,13, 27610.8831, 27869.6448
12576, 147, -711, 16777, -2, 5, -3, -375 ,31 ,17076 ,4 ,-44 ,44, 27582.3057, 27707.2698
12584, 156, -678, 16900, -5, 10, -5, -336 ,-34 ,17211 ,-1 ,-56 ,78, 27770.0603, 27854.7347
12592, 131, -662, 17019, -15, 17, -5, -326 ,79 ,17297 ,0 ,-60 ,109, 27740.7408, 27876.9642
12599, 72, -686, 17067, -31, 23, -4, -190 ,60 ,17172 ,-16 ,-50 ,124, 27678.1499, 27679.0529
12607, 27, -770, 17072, -54, 30, -4, -180 ,268 ,17288 ,-39 ,-35 ,120, 27647.5042, 27690.5358
12615, 25, -805, 16981, -76, 34, -3, -214 ,42 ,17275 ,-36 ,-42 ,156, 27642.4766, 27583.7123
12624, 40, -806, 16981, -76, 35, -4, 133 ,-210 ,18273 ,-49 ,-161 ,145, 27664.3574, 27850.9408
12632, 40, -806, 16842, -90, 35, -4, 653 ,427 ,17782 ,-106 ,-418 ,7, 27587.7148, 27823.0309
12640, 140, -782, 16490, -85, 32, -9, 653 ,648 ,15915 ,-62 ,-275 ,7, 27643.4839, 27912.3634
12648, 190, -648, 16292, -58, 30, -18, -2052 ,648 ,15915 ,-62 ,-531 ,-289, 27667.7340, 27765.9297
12656, 206, -714, 16322, -34, 26, -19, 182 ,-881 ,16296 ,35 ,-278 ,-141, 27539.7539, 27711.3795
12665, 134, -947, 16212, 1, 17, -13, 84 ,-391 ,17359 ,65 ,-174 ,-157, 27557.0095, 27763.4054
12673, -26, -1071, 16296, 44, 10, -10, 22 ,263 ,17425 ,84 ,-179 ,-177, 27656.8145, 27741.8256
12682, -167, -1067, 16472, 79, 3, -9, -3 ,937 ,17787 ,100 ,-185 ,-177, 27534.4282, 27846.1158
12690, -248, -1002, 16768, 96, -3, -13, -499 ,1562 ,17656 ,120 ,-181 ,-212, 27628.2728, 27902.8744
12698, -81, -927, 16962, 94, -6, -17, -570 ,1329 ,17227 ,191 ,-186 ,-163, 27501.2046, 27853.1551
12706, 23, -848, 17100, 79, -8, -18, 29 ,289 ,17324 ,201 ,-166 ,-131, 27706.1194, 27690.8457
12714, 156, -769, 17156, 53, -9, -18, 503 ,369 ,18190 ,182 ,-185 ,-126, 27670.5444, 27737.8380
12724, 198, -711, 16900, 25, -8, -16, 1365 ,-3 ,19293 ,145 ,-233 ,-32, 27702.4448, 27793.3776
12732, 198, -711, 16802, 1, -8, -16, 2271 ,432 ,20753 ,112 ,-327 ,76, 27617.0850, 27814.8472
12740, 218, -696, 16891, 1, -8, -14, 1675 ,488 ,20760 ,112 ,-470 ,229, 27645.5671, 27893.1826
12748, 132, -730, 16709, -11, -8, -10, 1675 ,134 ,20445 ,101 ,-558 ,52, 27555.0544, 27809.7421
12756, 28, -811, 16557, -9, -8, -10, 1459 ,134 ,20445 ,101 ,-558 ,308, 27608.5675, 27770.6414
12764, -14, -864, 16486, 3, -8, -10, 1198 ,275 ,19946 ,128 ,-661 ,295, 27626.3952, 27843.3859
12772, 16, -848, 16559, 16, -8, -10, 945 ,547 ,19445 ,163 ,-729 ,266, 27588.3228, 27707.7466
12780, 21, -847, 16639, 23, -7, -10, 675 ,746 ,18930 ,209 ,-764 ,233, 27716.1092, 27741.4620
12788, 26, -814, 16739, 26, -9, -10, 838 ,778 ,18754 ,226 ,-795 ,210, 27672.8868, 27773.8363
12798, 32, -792, 16849, 24, -9, -9, 1002 ,496 ,18701 ,204 ,-826 ,210, 27702.9395, 27788.2814
12806, 27, -785, 16905, 17, -11, -9, 1306 ,495 ,19202 ,185 ,-886 ,145, 27664.8641, 27813.4823
12814, 82, -766, 16884, 11, -14, -9, 1608 ,275 ,19523 ,133 ,-980 ,46, 27620.9891, 27658.2539
12822, 82, -766, 16829, 7, -13, -9, 2011 ,98 ,19726 ,100 ,-1070 ,-50, 27582.1865, 27875.9122
12830, 91, -747, 16829, 7, -13, -10, 2560 ,-24 ,20350 ,69 ,-1070 ,-65, 27646.5327, 27897.5338
12838, 116, -759, 16746, 7, -13, -9, 2743 ,-280 ,21024 ,18 ,-1243 ,-22, 27518.9489, 27751.2103
12846, 102, -767, 16717, 8, -12, -8, 3255 ,-261 ,21024 ,18 ,-1243 ,-22, 27561.6765, 27878.0013
12854, 93, -776, 16725, 9, -11, -8, 2778 ,450 ,20755 ,-66 ,-1399 ,70, 27551.2606, 27714.1958
12862, 92, -746, 16741, 10, -9, -7, 2324 ,962 ,20524 ,-135 ,-1516 ,215, 27644.8786, 27752.9627
12872, 82, -735, 16726, 9, -9, -7, 1830 ,1758 ,19730 ,-143 ,-1606 ,301, 27735.9158, 27822.7448
12880, 86, -701, 16766, 7, -9, -7, 988 ,2685 ,18797 ,-125 ,-1613 ,419, 27608.0489, 27864.7006
12888, 97, -716, 16728, 9, -10, -6, 795 ,2571 ,17691 ,-56 ,-1562 ,485, 27498.9814, 27923.1250
12896, 92, -740, 16736, 9, -11, -6, 1555 ,2201 ,17883 ,17 ,-1468 ,507, 27573.4156, 27826.9470
12904, 65, -745, 16753, 10, -10, -6, 2943 ,1531 ,18885 ,58 ,-1432 ,527, 27516.2458, 27698.1771
12912, 65, -751, 16756, 11, -10, -7, 4223 ,894 ,20067 ,37 ,-1486 ,519, 27594.1283, 27774.4979
12920, 65, -744, 16757, 11, -10, -7, 4496 ,1058 ,20892 ,-11 ,-1592 ,491, 27655.8667, 27705.3267
12930, 73, -744, 16757, 11, -9, -7, 4309 ,1461 ,20799 ,-77 ,-1765 ,456, 27553.7968, 27805.3254
12938, 61, -723, 16796, 10, -9, -8, 4029 ,587 ,19724 ,-133 ,-1935 ,399, 27559.4145, 27858.2364
12946, 51, -705, 16796, 9, -11, -7, 4029 ,587 ,19724 ,-133 ,-1935 ,399, 27507.0250, 27772.1077
12954, 68, -723, 16780, 6, -12, -8, 4216 ,-475 ,18326 ,-188 ,-2047 ,275, 27595.1654, 27847.6506
12963, 74, -724, 16768, 6, -11, -8, 4086 ,-1061 ,16969 ,-252 ,-2081 ,112, 27607.6853, 27851.6769
12971, 67, -728, 16778, 5, -10, -8, 2632 ,1109 ,15800 ,-277 ,-2043 ,-15, 27511.8142, 27882.4300
12980, 64, -754, 16750, 5, -10, -8, 2224 ,2932 ,16033 ,-234 ,-1939 ,53, 27569.7798, 27822.8402
12988, 64, -733, 16740, 5, -10, -9, 3708 ,2844 ,17597 ,-159 ,-1865 ,216, 27613.7650, 27756.4794
12997, 60, -719, 16756, 6, -9, -9, 5509 ,2163 ,18999 ,-90 ,-1882 ,377, 27771.0676, 27794.7158
13005, 82, -712, 16755, 6, -9, -7, 6328 ,1467 ,19551 ,-58 ,-1971 ,549, 27651.5216, 27902.1382
13013, 71, -709, 16752, 6, -10, -7, 5840 ,1082 ,18793 ,-25 ,-2058 ,675, 27555.0842, 27896.3119
13023, 100, -732, 16732, 6, -8, -5, 5738 ,562 ,17905 ,53 ,-2088 ,706, 27669.6920, 27816.2688
13029, 113, -755, 16730, 6, -8, -5, 5733 ,371 ,17036 ,89 ,-2099 ,686, 27544.4925, 27854.0939
13037, 113, -755, 16730, 6, -7, -5, 5799 ,-96 ,15791 ,61 ,-2095 ,688, 27588.8115, 27788.8745
13046, 118, -752, 16749, 5, -8, -5, 5799 ,-96 ,15791 ,61 ,-2095 ,688, 27543.5597, 27801.1739
13054, 109, -804, 16746, 6, -7, -4, 6998 ,-1167 ,15486 ,-4 ,-2083 ,682, 27581.8765, 27763.0657
13062, 96, -821, 16746, 6, -8, -4, 8263 ,-1894 ,15742 ,-71 ,-2086 ,592, 27673.9717, 27652.8150
13071, 105, -807, 16757, 7, -7, -4, 9085 ,-2725 ,15807 ,-132 ,-2113 ,425, 27674.6839, 27865.7049
13079, 86, -806, 16762, 8, -7, -4, 9940 ,-3309 ,16263 ,-156 ,-2150 ,240, 27461.0728, 27825.0128
13087, 94, -792, 16757, 8, -8, -5, 10238 ,-2950 ,16553 ,-137 ,-2210 ,69, 27561.1073, 27782.0498
13097, 100, -795, 16765, 8, -8, -5, 10163 ,-2474 ,16400 ,-119 ,-2272 ,-62, 27703.3597, 27803.3793
13105, 95, -772, 16765, 9, -7, -4, 9942 ,-1355 ,16362 ,-65 ,-2304 ,-167, 27557.4595, 27891.0965
13113, 137, -672, 16735, 9, -6, -4, 9035 ,-983 ,14992 ,-26 ,-2336 ,-206, 27571.6722, 27815.8635
13121, 138, -693, 16762, 8, -5, -1, 8015 ,-42 ,13708 ,6 ,-2361 ,-222, 27555.9902, 27743.1637
13129, 112, -787, 16755, 8, -6, 0, 7656 ,-9 ,12085 ,47 ,-2307 ,-135, 27536.5621, 27680.5580
13137, 64, -787, 16755, 8, -6, -1, 8690 ,-818 ,11376 ,71 ,-2132 ,-29, 27591.2791, 27707.7734
13146, 64, -834, 16729, 8, -6, -1, 9511 ,-949 ,11918 ,51 ,-2018 ,-35, 27558.0376, 27873.0839
13155, 65, -822, 16719, 8, -5, -3, 9493 ,-949 ,11918 ,51 ,-2018 ,-48, 27642.5868, 27872.9320
13163, 63, -810, 16715, 10, -5, -2, 10005 ,-719 ,12413 ,-19 ,-2081 ,-48, 27740.6275, 27783.8528
13171, 66, -782, 16728, 12, -6, -2, 10688 ,-371 ,12577 ,-108 ,-2178 ,3, 27601.3315, 27784.5114
13179, 92, -757, 16699, 13, -5, -1, 10829 ,-368 ,12466 ,-200 ,-2249 ,23, 27475.2498, 27783.4415
13187, 99, -742, 16685, 14, -4, 0, 10343 ,281 ,11769 ,-195 ,-2263 ,24, 27511.0185, 27725.5327
13195, 91, -737, 16676, 15, -4, 1, 10070 ,511 ,10936 ,-142 ,-2261 ,72, 27631.5451, 27682.6590
13204, 94, -765, 16737, 15, -3, 1, 9169 ,1053 ,8977 ,-61 ,-2167 ,159, 27586.7730, 27899.6408
13212, 65, -764, 16794, 14, -1, 2, 10325 ,522 ,9484 ,5 ,-2092 ,231, 27618.7092, 27788.2189
13219, 53, -740, 16866, 13, -2, 3, 11093 ,-559 ,11586 ,111 ,-2188 ,233, 27613.8932, 27703.4640
13229, 55, -755, 16866, 13, -2, 3, 9944 ,1074 ,6764 ,210 ,-2210 ,252, 27659.1390, 27784.9585
13237, 55, -755, 16791, 12, -2, 3, 10649 ,-303 ,7633 ,284 ,-1796 ,476, 27606.5528, 27865.6960
13245, 72, -778, 16835, 12, -3, 3, 11095 ,-259 ,7633 ,284 ,-1796 ,476, 27636.9750, 27810.9074
13253, 39, -747, 16771, 11, -3, 3, 11095 ,-1027 ,6654 ,407 ,-1585 ,502, 27592.0182, 27817.4847
13261, 34, -792, 16805, 10, -4, 2, 11346 ,-1797 ,6428 ,407 ,-1585 ,519, 27553.3915, 27783.9720
13269, 36, -784, 16782, 10, -5, 2, 12077 ,-2961 ,6003 ,407 ,-1558 ,495, 27683.6425, 27722.5614
13278, 52, -737, 16754, 10, -4, 2, 13479 ,-3613 ,6715 ,371 ,-1558 ,396, 27597.8863, 27783.9243
13286, 65, -720, 16676, 10, -5, 3, 14442 ,-3470 ,7553 ,262 ,-1619 ,332, 27681.7203, 27719.5662
13295, 65, -699, 16642, 11, -2, 3, 13924 ,-2811 ,6794 ,130 ,-1686 ,337, 27565.1306, 27833.4677
13303, 42, -712, 16696, 13, -1, 3, 12723 ,-2193 ,5414 ,72 ,-1690 ,317, 27605.6439, 27888.9179
13311, 24, -728, 16798, 15, 0, 4, 12737 ,-2229 ,5060 ,83 ,-1652 ,308, 27624.7501, 27838.6593
13319, -17, -770, 16869, 15, -2, 3, 13220 ,-2590 ,4946 ,111 ,-1650 ,280, 27643.8981, 27787.1311
13328, -52, -770, 16869, 14, -5, 3, 12741 ,-2230 ,4087 ,194 ,-1630 ,149, 27719.8672, 27716.9824
13336, -52, -782, 16887, 14, -5, 3, 12598 ,-1897 ,3435 ,309 ,-1546 ,45, 27601.4090, 27876.6841
13344, -51, -747, 16846, 14, -6, 2, 12598 ,-1897 ,3179 ,423 ,-1440 ,10, 27532.5477, 27905.7711
13352, -69, -724, 16789, 14, -5, 1, 13391 ,-2317 ,3115 ,423 ,-1440 ,-246, 27657.8248, 27872.1660
13362, -66, -711, 16775, 11, -6, 0, 13391 ,-2317 ,3115 ,557 ,-1266 ,-235, 27656.7936, 27847.6059
13370, -33, -688, 16759, 10, -4, -1, 13859 ,-2227 ,3119 ,557 ,-1266 ,21, 27633.9918, 27824.2856
13378, -25, -694, 16738, 10, -2, 0, 14364 ,-2283 ,3154 ,481 ,-1244 ,89, 27551.3113, 27849.3583
13386, -26, -710, 16711, 7, -3, 1, 14441 ,-3496 ,2272 ,376 ,-1250 ,125, 27704.6472, 27788.3798
13396, -32, -734, 16705, 7, -3, 3, 14809 ,-3818 ,1761 ,287 ,-1228 ,108, 27673.7183, 27828.0973
13404, -26, -752, 16683, 8, -1, 3, 14649 ,-4082 ,1026 ,175 ,-1217 ,96, 27558.9556, 27809.7808
13412, -26, -761, 16716, 10, -2, 2, 14335 ,-3885 ,474 ,59 ,-1187 ,83, 27630.2755, 27801.4302
13420, -61, -762, 16750, 11, -3, 3, 14445 ,-3398 ,608 ,-85 ,-1155 ,68, 27562.2308, 27809.4679
13428, -60, -753, 16765, 12, -3, 3, 14552 ,-2689 ,1039 ,-162 ,-1121 ,5, 27543.8577, 27861.8217
13436, -58, -753, 16803, 13, -4, 2, 14222 ,-1907 ,1309 ,-132 ,-1077 ,-69, 27649.9987, 27854.7049
13444, -58, -736, 16815, 14, -4, 2, 13899 ,-997 ,1346 ,14 ,-1010 ,-155, 27686.5810, 27724.6326
13453, -42, -707, 16815, 14, -4, 2, 13862 ,-997 ,1346 ,175 ,-944 ,-210, 27661.1149, 27863.8393
13462, -24, -692, 16827, 12, -4, 1, 14154 ,-1753 ,666 ,301 ,-944 ,-210, 27652.4663, 27789.3692
13470, -23, -672, 16827, 11, -3, 1, 14154 ,-1753 ,666 ,301 ,-877 ,-246, 27606.2429, 27860.8352
13478, 7, -665, 16822, 9, -3, 1, 14726 ,-1967 ,608 ,351 ,-835 ,-283, 27667.2572, 27728.5069
13486, 20, -683, 16782, 5, -4, 2, 15252 ,-2220 ,488 ,282 ,-844 ,-277, 27624.8634, 27789.1487
13494, 9, -709, 16722, 3, -4, 0, 15625 ,-2214 ,460 ,86 ,-896 ,-197, 27681.1361, 27755.2187
13502, 16, -715, 16685, 3, -2, -1, 15456 ,-2144 ,296 ,-98 ,-946 ,-132, 27579.8142, 27863.3058
13510, 21, -730, 16680, 3, -2, -1, 15017 ,-1651 ,-23 ,-189 ,-964 ,-98, 27612.3464, 27756.2857
13518, 24, -732, 16706, 5, -2, 0, 14664 ,-909 ,-174 ,-177 ,-946 ,-142, 27637.5979, 27705.9644
13527, -6, -746, 16745, 6, -2, -1, 14322 ,-173 ,-559 ,-97 ,-907 ,-144, 27771.0497, 27834.0667
13536, -6, -756, 16778, 7, -2, -1, 13824 ,-209 ,-1467 ,37 ,-842 ,-150, 27633.5567, 27846.1695
13544, -20, -768, 16778, 7, -3, -2, 13694 ,-11 ,-1467 ,199 ,-746 ,-163, 27629.2175, 27873.0750
13552, -16, -768, 16803, 9, -3, -2, 13934 ,-276 ,-2336 ,279 ,-680 ,-163, 27518.9996, 27854.8717
13560, -28, -777, 16828, 9, -4, -2, 13934 ,-276 ,-2336 ,279 ,-680 ,-108, 27610.9248, 27754.8134
13569, -14, -772, 16822, 8, -6, -3, 14473 ,-533 ,-2451 ,270 ,-631 ,-56, 27683.2908, 27866.9894
13577, -15, -764, 16782, 7, -6, -3, 14848 ,-970 ,-2397 ,190 ,-629 ,15, 27707.6066, 27940.7531
13585, -21, -774, 16754, 4, -6, -4, 15859 ,-2392 ,-2412 ,67 ,-646 ,94, 27569.2374, 27803.3525
13593, -12, -762, 16685, 1, -5, -5, 16063 ,-2280 ,-2409 ,-36 ,-686 ,139, 27495.1428, 27912.9982
13601, -7, -762, 16677, 3, -3, -4, 15502 ,-1986 ,-3344 ,-121 ,-730 ,159, 27604.2819, 27717.9927
13611, -1, -751, 16707, 6, -2, -4, 14810 ,-1578 ,-4240 ,-165 ,-697 ,145, 27718.8838, 27863.1151
13619, -19, -753, 16754, 9, -2, -3, 14265 ,-749 ,-4507 ,-151 ,-618 ,67, 27578.4820, 27864.8376
13627, 3, -766, 16788, 9, -2, -3, 14192 ,-354 ,-4595 ,-97 ,-504 ,27, 27655.6909, 27872.9588
13635, -1, -768, 16815, 11, -3, -2, 14407 ,-292 ,-4243 ,-6 ,-377 ,6, 27526.0299, 27874.2045
13643, -24, -756, 16771, 11, -3, -2, 15175 ,-461 ,-3515 ,109 ,-269 ,-30, 27548.0866, 27808.9583
13651, -24, -756, 16771, 11, -6, -3, 15726 ,-855 ,-3075 ,109 ,-209 ,-16, 27529.1383, 27795.4489
13661, -30, -757, 16752, 11, -8, -1, 15970 ,-1734 ,-3536 ,219 ,-180 ,-11, 27616.9866, 27853.3399
13669, -36, -771, 16724, 13, -8, 0, 15970 ,-1734 ,-3536 ,219 ,-180 ,-11, 27672.0107, 27869.2484
13677, -36, -769, 16714, 12, -8, 0, 16007 ,-1809 ,-3860 ,241 ,-154 ,-57, 27588.9665, 27832.8359
13685, -32, -765, 16719, 12, -6, 2, 16078 ,-1901 ,-3906 ,223 ,-141 ,-63, 27607.7330, 27809.7332
13694, -48, -766, 16746, 11, -5, 2, 16315 ,-1834 ,-3860 ,196 ,-131 ,-72, 27703.6011, 27829.2239
13702, -52, -761, 16756, 11, -5, 2, 16432 ,-1731 ,-3612 ,96 ,-144 ,-59, 27621.4659, 27863.3565
13711, -49, -769, 16764, 12, -4, 3, 16219 ,-1473 ,-3503 ,31 ,-149 ,-74, 27533.4507, 27872.7174
13719, -56, -782, 16776, 12, -5, 3, 16369 ,-1679 ,-3508 ,-16 ,-150 ,-72, 27513.3461, 27861.6250
13728, -50, -767, 16793, 13, -6, 2, 15758 ,-1263 ,-3889 ,-51 ,-134 ,-43, 27738.1480, 27787.1609
13736, -45, -768, 16795, 12, -6, 1, 15060 ,-949 ,-4334 ,-43 ,-76 ,-27, 27595.0760, 27774.0836
13744, -66, -737, 16788, 12, -7, 1, 14890 ,-818 ,-4200 ,12 ,27 ,-73, 27598.4824, 27799.6957
13752, -71, -740, 16804, 12, -7, 1, 15310 ,-671 ,-3253 ,63 ,115 ,-122, 27659.9199, 27823.8297
13760, -71, -740, 16804, 9, -8, 0, 15646 ,-620 ,-2528 ,91 ,174 ,-133, 27526.6498, 27833.7240
13768, -48, -748, 16758, 6, -8, 0, 15513 ,-280 ,-2179 ,105 ,211 ,-157, 27558.3744, 27814.2095
13777, -46, -751, 16754, 8, -9, -1, 15513 ,-280 ,-2179 ,105 ,211 ,-157, 27562.5050, 27748.4387
13785, -62, -749, 16772, 9, -8, -3, 15491 ,-192 ,-1876 ,93 ,240 ,-137, 27623.1110, 27748.2837
13794, -76, -743, 16778, 9, -8, -3, 16043 ,-782 ,-1144 ,85 ,252 ,-111, 27758.9202, 27876.0731
13802, -100, -719, 16774, 8, -9, -3, 16829 ,-1434 ,-387 ,54 ,208 ,-101, 27731.5170, 27766.7731
13810, -108, -708, 16781, 7, -10, -4, 17091 ,-1461 ,197 ,-4 ,112 ,-96, 27600.4940, 27896.1569
13818, -127, -720, 16779, 8, -9, -6, 16518 ,-796 ,-115 ,-62 ,8 ,-78, 27536.3505, 27803.8830
13826, -141, -724, 16793, 7, -10, -7, 15231 ,321 ,-924 ,-90 ,-49 ,-52, 27537.2446, 27892.1068
13834, -158, -721, 16783, 6, -10, -8, 14514 ,878 ,-1570 ,-41 ,-30 ,-36, 27453.7355, 27793.4134
13842, -132, -702, 16761, 5, -11, -10, 14635 ,1111 ,-1425 ,12 ,27 ,-24, 27559.1165, 27795.8095
13851, -123, -702, 16761, 6, -11, -10, 15038 ,632 ,-1273 ,40 ,85 ,2, 27572.9984, 27706.6618
13859, -123, -716, 16769, 6, -11, -10, 15558 ,-300 ,-1141 ,69 ,138 ,2, 27677.2976, 27711.5911
13867, -140, -708, 16772, 6, -13, -11, 15558 ,-300 ,-1141 ,69 ,178 ,2, 27621.0219, 27755.7403
13876, -129, -702, 16787, 6, -13, -12, 16346 ,-1958 ,-619 ,106 ,178 ,-16, 27680.0722, 27791.3839
13884, -142, -722, 16765, 7, -13, -13, 17138 ,-1958 ,-107 ,88 ,168 ,-16, 27552.9802, 27863.6754
13892, -132, -716, 16751, 6, -14, -14, 17607 ,-2121 ,267 ,60 ,125 ,-49, 27616.8972, 27781.1080
13900, -140, -697, 16752, 7, -14, -15, 17487 ,-1488 ,540 ,7 ,58 ,-55, 27660.8139, 27779.9338
13908, -120, -708, 16770, 6, -14, -15, 17201 ,-1047 ,439 ,-53 ,-16 ,-22, 27764.2846, 27688.0443
13918, -112, -698, 16782, 6, -14, -16, 16998 ,-1019 ,125 ,-109 ,-74 ,39, 27628.0582, 27794.5429
13926, -107, -697, 16759, 7, -15, -16, 16494 ,-832 ,-553 ,-149 ,-102 ,65, 27515.5514, 27835.5241
13934, -105, -711, 16772, 7, -15, -17, 16237 ,-906 ,-978 ,-176 ,-90 ,67, 27612.6653, 27756.9681
13943, -120, -705, 16781, 7, -15, -18, 15984 ,-982 ,-1380 ,-128 ,-44 ,17, 27698.7284, 27866.5066
13952, -106, -680, 16789, 7, -14, -18, 15748 ,-852 ,-1597 ,-31 ,26 ,-39, 27543.2438, 27812.3468
13960, -94, -678, 16792, 6, -14, -18, 15930 ,-1169 ,-1576 ,49 ,96 ,-67, 27616.3191, 27782.7084
13968, -94, -678, 16804, 6, -14, -18, 16516 ,-1804 ,-1080 ,86 ,140 ,-88, 27580.0198, 27860.9782
13977, -72, -736, 16804, 6, -14, -18, 16460 ,-1804 ,-1080 ,86 ,140 ,-110, 27718.1089, 27915.7370
13985, -68, -745, 16774, 5, -14, -19, 17228 ,-1307 ,399 ,68 ,152 ,-110, 27586.5614, 27827.6622
13993, -56, -741, 16768, 5, -15, -19, 17213 ,-1512 ,399 ,68 ,115 ,-77, 27599.4092, 27819.7259
14001, -38, -727, 16743, 4, -15, -20, 17213 ,-1090 ,646 ,1 ,53 ,-77, 27570.9778, 27839.1868
14009, -19, -727, 16738, 5, -15, -20, 16935 ,-947 ,558 ,-70 ,-14 ,-24, 27539.2473, 27803.7637
14017, 9, -716, 16737, 7, -14, -19, 16444 ,-860 ,42 ,-75 ,-45 ,-38, 27565.2677, 27740.4308
14028, 36, -702, 16730, 7, -13, -19, 16149 ,-555 ,-202 ,-58 ,-47 ,-57, 27527.0849, 27828.1331
14034, 55, -684, 16746, 8, -13, -17, 15650 ,-76 ,-503 ,-21 ,-24 ,-78, 27690.4851, 27677.0979
14042, 72, -693, 16754, 7, -11, -16, 15490 ,112 ,-598 ,19 ,18 ,-67, 27655.8429, 27689.5136
14050, 60, -716, 16753, 5, -10, -15, 15625 ,29 ,-486 ,42 ,59 ,-41, 27667.3049, 27606.1177
14058, 60, -724, 16745, 5, -10, -15, 15688 ,-174 ,-428 ,39 ,83 ,-31, 27567.3211, 27803.7339
14066, 72, -724, 16745, 3, -11, -14, 15804 ,-230 ,-428 ,39 ,83 ,-40, 27680.8470, 27872.0945
14074, 77, -718, 16720, 5, -11, -13, 15804 ,-230 ,-466 ,48 ,109 ,-40, 27622.6759, 27784.4816
14082, 76, -712, 16736, 7, -11, -12, 15650 ,-44 ,-492 ,42 ,118 ,-47, 27516.2667, 27816.4744
14090, 81, -710, 16758, 9, -11, -10, 15877 ,-386 ,-544 ,33 ,120 ,-28, 27592.1851, 27770.8799
14098, 93, -686, 16750, 10, -11, -10, 16360 ,-590 ,-270 ,13 ,101 ,-3, 27581.6172, 27665.2068
14106, 102, -660, 16757, 12, -11, -8, 16546 ,-734 ,-265 ,-42 ,54 ,51, 27604.1746, 27731.6630
14114, 122, -648, 16782, 11, -10, -7, 16201 ,-912 ,-878 ,-71 ,23 ,65, 27568.7009, 27679.7116
14124, 112, -626, 16757, 11, -11, -5, 15910 ,-960 ,-1492 ,-58 ,29 ,58, 27647.4983, 27825.0813
14132, 111, -622, 16763, 8, -10, -2, 15859 ,-1032 ,-1736 ,-41 ,63 ,33, 27646.1273, 27790.8832
14140, 101, -629, 16766, 8, -10, -2, 16089 ,-1178 ,-1635 ,-27 ,107 ,-11, 27626.0346, 27826.6847
14148, 111, -629, 16766, 6, -10, 0, 16089 ,-1178 ,-1512 ,-18 ,151 ,-32, 27521.6371, 27823.7641
14156, 111, -660, 16734, 4, -10, 1, 15981 ,-693 ,-1538 ,-18 ,151 ,-39, 27596.3306, 27765.7986
14164, 115, -680, 16717, 2, -8, 2, 15981 ,-693 ,-1538 ,-19 ,181 ,-39, 27656.5999, 27715.5727
14172, 125, -708, 16684, 2, -8, 3, 16039 ,-697 ,-1479 ,-27 ,213 ,-28, 27646.6370, 27784.4012
14180, 124, -715, 16708, 6, -8, 6, 16185 ,-714 ,-1231 ,-14 ,239 ,-45, 27697.4678, 27697.6377
14190, 116, -706, 16750, 8, -7, 7, 16329 ,-635 ,-968 ,-8 ,241 ,-52, 27655.4972, 27757.1201
14198, 133, -688, 16783, 10, -6, 8, 16559 ,-624 ,-669 ,-35 ,218 ,-36, 27661.7795, 27807.1523
14206, 109, -655, 16820, 11, -7, 8, 16553 ,-664 ,-609 ,-97 ,172 ,2, 27717.8913, 27766.4930
14213, 92, -657, 16844, 8, -8, 10, 16530 ,-687 ,-619 ,-169 ,121 ,42, 27574.5183, 27734.8340
14221, 97, -692, 16805, 6, -8, 10, 16244 ,-940 ,-1053 ,-226 ,86 ,64, 27593.2163, 27675.6972
14229, 97, -692, 16805, 6, -9, 11, 15774 ,-735 ,-1389 ,-224 ,86 ,58, 27657.1989, 27709.5169
14237, 94, -726, 16768, 1, -9, 11, 15774 ,-735 ,-1389 ,-224 ,91 ,58, 27649.7960, 27697.0178
14245, 59, -774, 16725, 0, -6, 11, 15513 ,-700 ,-1535 ,-190 ,125 ,37, 27669.2301, 27694.4399
14254, 31, -778, 16692, 2, -6, 11, 15770 ,-918 ,-1123 ,-161 ,167 ,17, 27657.3896, 27868.3722
14262, 5, -750, 16704, 5, -5, 10, 16201 ,-1019 ,-424 ,-143 ,197 ,-13, 27673.2892, 27856.9579
14271, -2, -769, 16725, 8, -5, 10, 16319 ,-673 ,95 ,-146 ,200 ,-32, 27619.3351, 27873.4386
14279, -12, -796, 16742, 9, -7, 9, 16391 ,-337 ,582 ,-163 ,182 ,-20, 27717.4294, 27798.5692
14287, -41, -805, 16767, 9, -7, 8, 16273 ,106 ,829 ,-158 ,162 ,-8, 27602.0885, 27764.7525
14293, -74, -789, 16779, 9, -8, 6, 16219 ,332 ,932 ,-143 ,140 ,2, 27663.4336, 27738.3149
14302, -74, -789, 16779, 9, -8, 4, 16300 ,-24 ,761 ,-121 ,121 ,2, 27588.0873, 27883.8217
14310, -121, -799, 16788, 8, -9, 4, 16300 ,-24 ,761 ,-121 ,121 ,4, 27602.5802, 27847.5404
14318, -164, -800, 16752, 8, -8, 5, 16298 ,-521 ,155 ,-81 ,120 ,-31, 27551.1652, 27827.3195
14326, -177, -750, 16709, 8, -10, 4, 16259 ,-545 ,-256 ,-52 ,127 ,-72, 27604.2461, 27815.9082
14334, -180, -705, 16696, 8, -9, 3, 16363 ,-790 ,-540 ,-73 ,125 ,-47, 27552.8133, 27738.3238
14342, -179, -698, 16694, 7, -7, 3, 16384 ,-794 ,-748 ,-115 ,119 ,-15, 27530.1725, 27854.5678
14350, -210, -682, 16724, 5, -7, 2, 16045 ,-731 ,-1272 ,-165 ,109 ,3, 27633.8309, 27832.3919
14358, -216, -712, 16789, 6, -6, 2, 15786 ,-864 ,-1950 ,-194 ,121 ,22, 27695.9509, 27712.3034
14366, -232, -710, 16822, 9, -7, 2, 15500 ,-1132 ,-2717 ,-209 ,162 ,31, 27717.7125, 27729.5142
14376, -222, -711, 16855, 9, -10, 1, 15203 ,-1163 ,-3213 ,-193 ,225 ,-5, 27678.2453, 27816.2956
14384, -222, -711, 16855, 12, -12, -1, 15058 ,-949 ,-3389 ,-203 ,290 ,-1, 27671.9689, 27882.1409
14392, -202, -667, 16886, 12, -11, -1, 14313 ,41 ,-3514 ,-215 ,366 ,46, 27595.9879, 27801.3021
14400, -155, -657, 16875, 8, -11, 0, 14313 ,41 ,-3514 ,-215 ,366 ,46, 27688.1129, 27770.6504
14408, -142, -673, 16842, 4, -11, 0, 13807 ,275 ,-3763 ,-215 ,465 ,131, 27649.6202, 27791.9948
14417, -139, -684, 16792, 0, -11, -1, 13834 ,-289 ,-3743 ,-211 ,589 ,213, 27650.3086, 27698.4900
14425, -108, -710, 16728, -2, -11, -1, 14398 ,-1289 ,-3413 ,-211 ,723 ,237, 27513.3878, 27815.1959
14433, -73, -721, 16666, -2, -11, -3, 14756 ,-1681 ,-2886 ,-207 ,852 ,241, 27612.2570, 27686.2234
14443, -45, -728, 16619, 2, -10, -2, 14687 ,-1760 ,-2380 ,-179 ,965 ,175, 27608.2456, 27876.8450
14452, -26, -762, 16653, 6, -9, -3, 14977 ,-1898 ,-1688 ,-121 ,1060 ,84, 27691.9335, 27948.5524
14459, -1, -757, 16684, 9, -7, -3, 15915 ,-2554 ,-491 ,-100 ,1098 ,34, 27595.6184, 27779.6745
14467, -14, -737, 16768, 12, -7, -3, 16778 ,-2424 ,880 ,-172 ,1043 ,31, 27594.4680, 27663.8836
14477, -15, -747, 16806, 12, -7, -5, 16555 ,-2057 ,970 ,-336 ,929 ,75, 27551.9669, 27841.0047
14485, -9, -720, 16811, 9, -8, -5, 15068 ,-672 ,223 ,-475 ,828 ,117, 27567.2346, 27914.4704
14493, -11, -724, 16811, 6, -9, -7, 13624 ,196 ,-989 ,-564 ,795 ,208, 27610.5285, 27861.4402
14501, -11, -724, 16806, 3, -9, -7, 12229 ,854 ,-2198 ,-573 ,866 ,301, 27618.7927, 27802.6015
14509, -21, -724, 16790, 3, -10, -7, 12229 ,854 ,-3222 ,-733 ,866 ,301, 27607.5035, 27737.6950
14517, -35, -745, 16747, 1, -9, -8, 11137 ,960 ,-3232 ,-477 ,1049 ,338, 27611.1543, 27800.5809
14525, -47, -753, 16721, 1, -9, -9, 10625 ,556 ,-3362 ,-329 ,1300 ,309, 27656.4002, 27742.1802
14534, -47, -743, 16701, 3, -8, -9, 10874 ,-140 ,-2771 ,-159 ,1593 ,243, 27660.7275, 27821.7196
14542, -34, -722, 16726, 4, -8, -9, 12095 ,-1036 ,-684 ,-54 ,1854 ,208, 27593.1418, 27832.1832
14551, -43, -727, 16742, 7, -7, -10, 13972 ,-2323 ,2242 ,-25 ,1996 ,247, 27552.4408, 27859.5805
14559, -27, -713, 16797, 8, -8, -10, 16410 ,-4514 ,5020 ,14 ,2023 ,236, 27596.1220, 27814.1320
14567, -41, -703, 16834, 9, -9, -10, 18528 ,-5672 ,6977 ,-27 ,1900 ,162, 27684.7452, 27676.0310
14576, -59, -727, 16824, 10, -11, -9, 18095 ,-5369 ,6635 ,-189 ,1683 ,128, 27562.6838, 27784.8601
14584, -75, -720, 16825, 8, -12, -9, 16217 ,-4074 ,5105 ,-314 ,1516 ,109, 27543.8309, 27800.2679
14592, -93, -722, 16798, 6, -13, -9, 14060 ,-2307 ,3673 ,-416 ,1442 ,144, 27629.9596, 27703.7203
14602, -106, -729, 16790, 5, -14, -10, 12238 ,-979 ,2624 ,-431 ,1476 ,198, 27660.6679, 27832.2220
14610, -96, -754, 16768, 3, -14, -10, 11314 ,-237 ,2423 ,-331 ,1614 ,197, 27594.0865, 27848.1126
14618, -96, -760, 16769, 2, -14, -10, 10831 ,-31 ,2654 ,-171 ,1797 ,88, 27667.2125, 27803.4896
14627, -90, -765, 16769, 2, -14, -10, 10983 ,-300 ,2654 ,-171 ,1797 ,88, 27736.2227, 27808.2609
14635, -94, -765, 16750, 1, -14, -10, 10983 ,-300 ,3454 ,48 ,2108 ,-47, 27694.0495, 27791.4286
14643, -78, -766, 16746, 2, -14, -9, 12224 ,-2365 ,4412 ,48 ,2108 ,-140, 27576.8369, 27844.6674
14652, -100, -787, 16755, 2, -16, -9, 12224 ,-2365 ,5896 ,52 ,2184 ,-169, 27617.2817, 27805.8589
14661, -96, -778, 16756, 4, -16, -9, 15192 ,-5057 ,8764 ,-22 ,2163 ,-240, 27711.3467, 27836.9606
14669, -107, -753, 16758, 6, -19, -9, 17314 ,-6173 ,11106 ,-238 ,1971 ,-282, 27622.6699, 27889.7911
14677, -103, -764, 16751, 7, -19, -9, 17247 ,-5252 ,12012 ,-489 ,1711 ,-217, 27698.8626, 27792.5283
14687, -112, -741, 16785, 8, -19, -9, 15629 ,-3541 ,11474 ,-689 ,1480 ,-67, 27530.8341, 27818.8139
14695, -112, -738, 16814, 10, -19, -9, 13833 ,-2340 ,10233 ,-752 ,1338 ,57, 27657.3032, 27680.3911
14704, -112, -730, 16821, 9, -20, -10, 12199 ,-1898 ,8797 ,-704 ,1316 ,118, 27559.7632, 27750.1673
14712, -110, -710, 16820, 9, -20, -9, 10730 ,-1055 ,7810 ,-554 ,1407 ,106, 27626.0525, 27786.8658
14722, -96, -704, 16786, 6, -20, -10, 9810 ,-637 ,7494 ,-391 ,1562 ,56, 27732.8283, 27900.7643
14730, -79, -702, 16772, 4, -20, -10, 9600 ,-693 ,7872 ,-217 ,1744 ,-48, 27586.6210, 27900.0729
14738, -82, -721, 16780, 1, -20, -10, 9550 ,-522 ,8606 ,-52 ,1905 ,-174, 27603.9362, 27824.6433
14746, -91, -733, 16764, -1, -20, -11, 10076 ,-1262 ,9717 ,69 ,2018 ,-272, 27638.3460, 27799.2010
14755, -75, -745, 16737, -2, -21, -13, 11452 ,-2750 ,11151 ,129 ,2057 ,-360, 27751.1656, 27830.6544
14763, -72, -737, 16710, 0, -21, -12, 12370 ,-3192 ,12677 ,90 ,2008 ,-406, 27718.1834, 27890.7359
14773, -77, -748, 16714, 3, -22, -12, 12695 ,-2664 ,14294 ,-27 ,1880 ,-425, 27767.1844, 27769.1394
14781, -69, -758, 16743, 7, -22, -14, 12956 ,-2550 ,15108 ,-213 ,1691 ,-346, 27647.3701, 27713.4269
14790, -52, -806, 16779, 7, -23, -14, 12444 ,-1912 ,15072 ,-104 ,1691 ,-346, 27684.1670, 27780.7057
14798, -55, -806, 16779, 9, -26, -14, 10872 ,-1912 ,15072 ,-360 ,1388 ,-145, 27638.0926, 27870.1156
14809, -92, -643, 16843, 11, -22, -15, 9441 ,-152 ,12885 ,-397 ,1351 ,-95, 27543.2497, 27711.5375
14816, -92, -643, 16843, 11, -22, -15, 8345 ,-152 ,12885 ,-397 ,1400 ,-58, 27545.7323, 27886.4384
14824, -64, -679, 16850, 6, -22, -14, 8345 ,-260 ,11405 ,-303 ,1400 ,-58, 27671.8348, 27807.5516
14833, -34, -703, 16827, -1, -22, -15, 7691 ,-702 ,10333 ,-142 ,1530 ,-70, 27754.1697, 27838.8411
14841, -7, -712, 16799, -2, -21, -16, 7105 ,-836 ,9767 ,31 ,1706 ,-127, 27626.5591, 27775.8449
14849, -4, -721, 16781, -4, -21, -17, 7746 ,-1564 ,11974 ,181 ,1824 ,-190, 27730.3368, 27869.8593
14859, -20, -711, 16752, -2, -22, -18, 7876 ,-1900 ,11147 ,210 ,1883 ,-253, 27642.3395, 27842.9329
14867, -3, -728, 16719, 0, -23, -18, 8570 ,-2950 ,12840 ,170 ,2054 ,-273, 27560.6513, 27780.5686
14875, -21, -710, 16710, 3, -23, -20, 8184 ,-2935 ,13338 ,150 ,2067 ,-368, 27692.2256, 27751.7736
14884, -27, -733, 16730, 5, -25, -18, 8074 ,-2526 ,14504 ,130 ,2032 ,-426, 27587.5181, 27828.5086
14893, -24, -754, 16740, 6, -26, -18, 8406 ,-1908 ,15573 ,96 ,1949 ,-419, 27582.0225, 27828.0497
14902, -6, -726, 16792, 6, -26, -18, 8018 ,-836 ,16431 ,45 ,1883 ,-376, 27732.4349, 27799.9878
14910, 30, -730, 16797, 6, -25, -18, 6932 ,-251 ,15945 ,22 ,1810 ,-304, 27737.3523, 27895.4595
14918, 49, -740, 16827, 7, -25, -17, 6324 ,-215 ,15602 ,37 ,1767 ,-210, 27615.9495, 27908.7394
14926, 48, -733, 16847, 5, -24, -17, 6003 ,-1065 ,15135 ,87 ,1748 ,-152, 27539.4410, 27837.3748
14934, 55, -755, 16826, 5, -26, -18, 6107 ,-2170 ,14833 ,146 ,1771 ,-169, 27591.4550, 27744.6687
14944, 49, -755, 16826, -256, -26, -18, 6313 ,-2670 ,14678 ,146 ,1791 ,-255, 27726.4774, 27875.5516
14952, 49, -750, 16752, -1, -25, -18, 6313 ,-2767 ,16728 ,198 ,1763 ,-90, 27597.7045, 27843.2012
14960, 37, -742, 16744, -1, -25, -18, 6203 ,-2587 ,16849 ,198 ,1688 ,-398, 27583.7332, 27780.1991
14969, 47, -741, 16731, 1, -27, -18, 6203 ,-2587 ,15313 ,187 ,1688 ,-398, 27614.9333, 27798.6199
14977, 60, -741, 16694, 3, -25, -18, 5683 ,-1678 ,16415 ,161 ,1780 ,-428, 27602.4342, 27779.8504
14985, 77, -748, 16683, 6, -25, -17, 5382 ,-825 ,17016 ,148 ,1710 ,-433, 27683.1776, 27764.9432
14995, 88, -727, 16685, 8, -25, -17, 5779 ,-963 ,17860 ,79 ,1626 ,-375, 27614.3193, 27843.8717
15003, 81, -714, 16734, 9, -22, -15, 6104 ,-1435 ,18647 ,-36 ,1492 ,-329, 27589.2258, 27861.4104
15011, 85, -708, 16786, 7, -22, -14, 5807 ,-1044 ,18750 ,-130 ,1329 ,-279, 27638.2744, 27801.7163
15020, 92, -735, 16807, 5, -22, -14, 5032 ,-795 ,18195 ,-162 ,1196 ,-235, 27654.7700, 27875.5426
15028, 121, -762, 16796, 3, -21, -14, 3953 ,-189 ,17019 ,-140 ,1126 ,-224, 27614.2091, 27846.3095
15037, 132, -736, 16796, 3, -21, -14, 3727 ,-519 ,16421 ,-110 ,1120 ,-208, 27557.3254, 27745.2141
15046, 183, -775, 16765, 3, -20, -14, 3363 ,-864 ,15711 ,-28 ,1153 ,-268, 27652.4872, 27870.5746
15054, 85, -648, 16778, 5, -21, -14, 3090 ,-1150 ,15618 ,55 ,1207 ,-328, 27515.4561, 27858.8235
15062, 110, -670, 16760, 4, -21, -11, 3070 ,-1140 ,16175 ,91 ,1238 ,-381, 27544.7011, 27815.6102
15072, 125, -718, 16701, 3, -22, -10, 3074 ,-443 ,17445 ,117 ,1258 ,-393, 27752.7422, 27841.5442
15080, 128, -730, 16701, 5, -22, -11, 3760 ,-51 ,18996 ,165 ,1234 ,-406, 27600.2884, 27838.8321
15088, 126, -730, 16701, 5, -22, -10, 3991 ,824 ,19911 ,151 ,1126 ,-422, 27587.1664, 27850.4461
15096, 126, -723, 16674, 6, -21, -10, 3447 ,504 ,19398 ,182 ,1022 ,-410, 27676.1055, 27748.6384
15105, 132, -713, 16692, 6, -21, -10, 3447 ,504 ,19398 ,182 ,1022 ,-410, 27667.2900, 27719.7808
15113, 120, -725, 16718, 3, -18, -9, 3402 ,318 ,18890 ,248 ,948 ,-419, 27537.4085, 27782.5415
15121, 173, -852, 16725, 1, -16, -9, 2994 ,1170 ,18466 ,254 ,893 ,-332, 27581.5845, 27888.1907
15129, 128, -740, 16746, -1, -14, -11, 1959 ,1633 ,17382 ,228 ,823 ,-223, 27633.4763, 27837.3986
15139, 105, -746, 16778, -1, -13, -10, 223 ,1828 ,15529 ,229 ,823 ,-112, 27652.7315, 27685.9879
15147, 144, -766, 16806, 1, -13, -9, 299 ,339 ,14603 ,253 ,921 ,-65, 27617.5290, 27821.5885
15155, 156, -719, 16806, 5, -15, -8, 198 ,-337 ,14432 ,289 ,1009 ,-167, 27709.8596, 27864.4919
15163, 170, -695, 16782, 6, -16, -8, 724 ,-678 ,15675 ,319 ,1094 ,-275, 27573.1713, 27816.4446
15171, 173, -682, 16773, 6, -16, -7, 1248 ,-746 ,17111 ,247 ,1088 ,-373, 27605.3637, 27882.7280
15179, 172, -725, 16757, 3, -15, -7, 1583 ,-582 ,18286 ,144 ,1035 ,-408, 27591.4878, 27718.2043
15189, 167, -752, 16726, 2, -14, -7, 1871 ,-114 ,19728 ,46 ,957 ,-458, 27770.3583, 27791.7504
15197, 157, -752, 16710, 2, -12, -6, 1693 ,1006 ,20913 ,-34 ,842 ,-403, 27683.6187, 27885.3625
15205, 157, -758, 16714, 2, -12, -6, 1328 ,2470 ,21748 ,-58 ,739 ,-257, 27678.0933, 27833.9297
15213, 142, -758, 16714, 2, -12, -6, 1328 ,2470 ,21748 ,-58 ,739 ,-257, 27661.4815, 27827.1854
15221, 137, -750, 16699, 3, -11, -6, 774 ,2774 ,21363 ,1 ,649 ,-178, 27680.0275, 27820.0746
15229, 122, -743, 16763, 3, -9, -6, 44 ,2642 ,20211 ,118 ,613 ,-117, 27627.8257, 27724.2661
15237, 106, -734, 16798, 2, -11, -5, -437 ,1224 ,18888 ,260 ,653 ,-102, 27626.8840, 27820.9090
15247, 90, -774, 16813, -2, -12, -4, 443 ,-766 ,18775 ,373 ,711 ,-211, 27767.6851, 27889.3560
15255, 51, -809, 16779, -5, -12, -3, 1278 ,-1453 ,19534 ,324 ,711 ,-260, 27734.6522, 27807.7364
15263, 44, -820, 16728, -8, -13, -4, 1797 ,-1386 ,20555 ,181 ,629 ,-203, 27630.5825, 27946.5914
15271, 35, -817, 16661, -7, -12, -6, 1593 ,-284 ,21158 ,29 ,481 ,-133, 27514.7140, 27837.7235
15279, 31, -796, 16664, -4, -10, -5, 1583 ,366 ,21402 ,-121 ,316 ,-17, 27668.8516, 27785.7900
15287, 12, -793, 16686, 0, -9, -5, 1639 ,199 ,21116 ,-235 ,161 ,83, 27627.2625, 27725.3985
15295, -151, -907, 15954, 17, -12, -5, 877 ,960 ,20251 ,-309 ,45 ,175, 27613.1541, 27713.8442
15304, 34, -832, 15954, 17, -12, -6, 877 ,960 ,20251 ,-309 ,45 ,259, 27699.4914, 27930.8856
15311, 34, -832, 16476, 73, -20, -9, -977 ,2544 ,19039 ,-266 ,26 ,259, 27661.6544, 27645.4836
15321, 180, -767, 16606, 86, -20, -7, -396 ,2430 ,19039 ,-25 ,149 ,212, 27615.3147, 27854.4903
15329, 257, -659, 17080, 78, -16, -5, -394 ,2490 ,18394 ,223 ,218 ,67, 27715.3403, 27918.4639
15337, 249, -552, 17439, 44, -12, -2, 478 ,1067 ,17948 ,374 ,273 ,37, 27476.1528, 27810.2845
15345, 179, -528, 17455, -1, -9, 0, 1134 ,-320 ,17335 ,408 ,284 ,20, 27418.6015, 27821.7047
15353, 99, -626, 17172, -32, -5, 1, 1280 ,-1392 ,16455 ,345 ,257 ,-5, 27624.5713, 27788.9639
15361, 67, -712, 16740, -40, -6, 0, 1477 ,-1670 ,16129 ,236 ,234 ,21, 27649.2089, 27873.8171
15369, 79, -762, 16394, -24, -8, -1, 1084 ,-1350 ,15830 ,93 ,193 ,76, 27623.2451, 27858.9934
15377, 116, -796, 16219, 5, -10, -1, 1239 ,-2063 ,14287 ,-77 ,565 ,80, 27674.2488, 27808.7348
15385, 171, -774, 16284, 5, -10, -1, 1170 ,-1359 ,16201 ,-201 ,830 ,-53, 27734.6104, 27775.8390
15395, 217, -774, 16284, 32, -12, 1, 178 ,-1359 ,16201 ,-201 ,830 ,-91, 27656.8323, 27838.9275
15403, 217, -742, 16535, 51, -14, 1, 178 ,1310 ,16138 ,-183 ,869 ,-91, 27718.5827, 27759.9871
15411, 242, -719, 16788, 52, -13, 3, -1171 ,2185 ,16138 ,-183 ,707 ,86, 27652.6153, 27806.6218
15419, 232, -635, 17076, 35, -10, 6, -903 ,1420 ,16116 ,-14 ,862 ,139, 27628.9999, 27784.5621
15427, 198, -609, 17146, 6, -7, 9, -1401 ,2400 ,16823 ,161 ,987 ,8, 27639.7526, 27845.9460
15435, 112, -664, 17041, -20, -5, 8, -785 ,887 ,17199 ,315 ,1036 ,99, 27572.6825, 27889.1653
15443, 60, -749, 16808, -36, -3, 8, 212 ,-668 ,17941 ,337 ,1023 ,105, 27505.4365, 27881.3690
15451, 46, -818, 16542, -28, -5, 7, -112 ,-964 ,17575 ,214 ,946 ,15, 27571.8689, 27834.6598
15461, 53, -829, 16398, -3, -7, 5, -476 ,-384 ,17907 ,52 ,891 ,-72, 27692.5445, 27826.8039
15467, 97, -740, 16470, 22, -11, 3, -516 ,-288 ,18083 ,-66 ,750 ,-88, 27561.1520, 27864.8317
15475, 105, -622, 16470, 22, -11, 4, -516 ,-288 ,18558 ,-106 ,589 ,-88, 27487.7578, 27813.0054
15484, 105, -622, 16681, 26, -19, 4, -1640 ,1151 ,18558 ,-106 ,589 ,126, 27702.5878, 27682.0034
15493, 122, -615, 16766, 18, -19, 4, -1640 ,1151 ,18020 ,-142 ,398 ,126, 27682.2537, 27886.7960
15501, 175, -702, 16769, 18, -19, 7, -2974 ,2899 ,16725 ,-164 ,326 ,144, 27429.0740, 27906.5281
15509, 333, -825, 16834, 19, -15, 11, -3200 ,2877 ,16220 ,-125 ,369 ,313, 27482.2891, 27876.5589
15517, 270, -842, 16967, 8, -8, 13, -2149 ,936 ,16125 ,-31 ,446 ,456, 27579.1824, 27607.6138
15527, 95, -763, 17042, -11, -3, 12, -1340 ,-972 ,15878 ,8 ,543 ,412, 27656.6535, 27846.3751
15535, -47, -713, 16972, -26, -4, 9, -1506 ,-988 ,15390 ,55 ,654 ,274, 27690.2109, 27909.3027
15543, -108, -656, 16812, -31, -5, 4, -1012 ,-786 ,17025 ,122 ,757 ,185, 27591.0795, 27852.3952
15551, -107, -624, 16663, -28, -7, 3, -538 ,-755 ,18480 ,145 ,691 ,133, 27483.2755, 27822.9415
15559, -105, -688, 16629, -25, -11, 2, -536 ,-791 ,19343 ,137 ,510 ,45, 27547.1687, 27807.7781
15567, -183, -736, 16708, -22, -16, 2, -761 ,46 ,20113 ,2 ,87 ,8, 27647.2598, 27779.1411
15575, -77, -787, 16708, -22, -19, -1, -1685 ,-753 ,16892 ,2 ,87 ,-248, 27559.1791, 27789.5689
15583, -77, -787, 16630, -1, -17, -1, -1685 ,-753 ,16380 ,-14 ,-63 ,-54, 27614.9929, 27743.0981
15593, 94, -784, 16808, -1, -17, -3, -2835 ,1542 ,16449 ,-14 ,-63 ,202, 27590.1854, 27823.1084
15601, 258, -822, 16834, -5, -17, -1, -2835 ,1542 ,16449 ,-145 ,-66 ,2, 27669.6473, 27783.2747
15609, 271, -896, 16724, -8, -17, 4, -2165 ,726 ,16793 ,-171 ,-33 ,21, 27558.0198, 27812.5763
15617, 161, -872, 16691, -4, -15, 8, -2134 ,572 ,16653 ,-134 ,-34 ,38, 27656.9933, 27795.6843
15625, 101, -740, 16739, -2, -15, 7, -2252 ,454 ,16455 ,-165 ,-55 ,70, 27636.7009, 27740.6007
15633, 60, -698, 16749, -4, -17, 5, -2023 ,-313 ,16369 ,-172 ,-84 ,104, 27694.2492, 27789.7298
15642, 2, -709, 16704, -4, -21, 3, -1728 ,-529 ,16522 ,-134 ,-106 ,97, 27657.8099, 27842.4740
15650, -110, -692, 16730, 2, -26, -1, -1781 ,-262 ,16610 ,-81 ,-110 ,109, 27656.8770, 27803.8889
15659, -130, -730, 16780, 7, -26, -4, -1788 ,-121 ,16776 ,-59 ,-114 ,136, 27518.2366, 27872.9409
15667, -141, -855, 16891, 9, -25, -7, -1593 ,113 ,16894 ,-54 ,-121 ,159, 27731.7584, 27745.9234
15676, -3, -973, 16819, 7, -23, -8, -1673 ,146 ,16853 ,-48 ,-109 ,125, 27699.9176, 27783.0124
15684, 150, -973, 16819, 8, -21, -8, -1826 ,381 ,16646 ,-50 ,-109 ,125, 27618.9893, 27902.7671
15692, 150, -929, 16642, 10, -21, -8, -2156 ,374 ,16390 ,-109 ,-110 ,85, 27487.1379, 27755.6777
15700, 273, -824, 16642, 10, -21, -6, -2156 ,630 ,16526 ,-109 ,-110 ,85, 27508.2499, 27817.9914
15708, 288, -764, 16619, 18, -19, 0, -1877 ,526 ,16619 ,-158 ,-110 ,81, 27687.5645, 27656.4896
15718, 221, -724, 16676, 19, -19, 2, -1901 ,37 ,16617 ,-142 ,-95 ,39, 27588.2453, 27874.9347
15726, 144, -677, 16797, 14, -22, 3, -1836 ,-114 ,16421 ,-84 ,-102 ,39, 27648.7112, 27839.4938
15734, 25, -665, 16799, 4, -25, 1, -1767 ,-288 ,16252 ,-97 ,-125 ,61, 27515.0388, 27820.1520
15742, -62, -629, 16716, 5, -29, -2, -1643 ,-403 ,16209 ,-170 ,-170 ,100, 27555.1200, 27789.4884
15750, -104, -649, 16640, 18, -33, -7, -1627 ,-487 ,16346 ,-230 ,-209 ,133, 27560.4337, 27727.8483
15760, -101, -682, 16728, 36, -38, -8, -1619 ,-424 ,16463 ,-236 ,-248 ,200, 27654.4899, 27914.7118
15768, -95, -796, 16718, 47, -40, -8, -1624 ,-407 ,16791 ,-209 ,-310 ,324, 27548.0151, 27850.1421
15776, -107, -866, 16841, 51, -38, -8, -2062 ,-647 ,16365 ,-100 ,-485 ,510, 27671.5994, 27717.2983
15785, 195, -926, 17049, 23, -13, -4, -2454 ,-49 ,16481 ,368 ,-2166 ,1080, 27637.6277, 27790.3140
15793, 283, -675, 17937, -74, -10, -14, 2213 ,651 ,16848 ,-138 ,-2850 ,680, 27641.0460, 27772.2865
15803, 278, -897, 15289, -63, -58, -12, -989 ,770 ,14642 ,-155 ,-817 ,21, 27697.8076, 27764.1952
15811, 157, -906, 15602, 77, -58, 1, -296 ,452 ,16818 ,232 ,-155 ,-29, 27599.6029, 27744.0667
15819, 157, -654, 17320, 86, -21, 5, -373 ,-201 ,17657 ,66 ,-106 ,-15, 27680.2033, 27866.9715
15827, 89, -810, 17320, 86, -21, 5, -373 ,-201 ,17657 ,66 ,-106 ,-15, 27676.0459, 27762.3892
15835, 109, -810, 17586, 33, -23, 0, -482 ,-74 ,16344 ,164 ,-121 ,-23, 27680.3821, 27836.6715
15844, 159, -734, 17198, 30, -31, -3, -406 ,-94 ,16845 ,25 ,-19 ,11, 27707.7049, 27792.2869
15852, 128, -679, 16824, 31, -35, -4, -371 ,-280 ,17061 ,-8 ,4 ,-3, 27652.3411, 27830.6037
15859, 24, -700, 16658, 25, -27, -7, -286 ,-298 ,17119 ,-6 ,5 ,-24, 27632.2931, 27729.6513
15867, 14, -760, 16748, 20, -22, -10, -241 ,-166 ,16877 ,0 ,1 ,-29, 27654.0488, 27706.8436
15875, 129, -769, 16798, 16, -22, -12, -390 ,38 ,16684 ,4 ,-1 ,-31, 27597.5734, 27694.7439
15883, 272, -759, 16709, 14, -22, -10, -516 ,158 ,16558 ,6 ,0 ,-15, 27609.1754, 27837.1602
15891, 315, -695, 16526, 20, -26, -7, -545 ,38 ,16419 ,0 ,3 ,-1, 27631.6941, 27774.7899
15900, 253, -695, 16526, 20, -26, -7, -753 ,38 ,16419 ,0 ,3 ,-1, 27594.8226, 27884.1615
15908, 253, -649, 16384, 37, -29, -6, -497 ,-58 ,16405 ,-17 ,7 ,3, 27703.1958, 27873.0989
15916, 208, -647, 16502, 57, -32, -4, -416 ,-38 ,16493 ,-38 ,7 ,5, 27733.1233, 27841.3147
15922, 157, -732, 16733, 66, -33, -2, -392 ,-58 ,16657 ,-48 ,8 ,6, 27625.9661, 27752.7362
15930, 123, -748, 16893, 67, -35, -4, -366 ,-142 ,16796 ,-48 ,10 ,3, 27618.2771, 27714.2048
15939, 122, -680, 16859, 62, -34, -7, -373 ,-258 ,16857 ,-42 ,11 ,1, 27609.0145, 27754.7717
15947, 211, -560, 16816, 59, -36, -10, -455 ,-242 ,16886 ,-41 ,10 ,2, 27602.5027, 27802.9114
15955, 355, -516, 16779, 59, -34, -10, -581 ,-206 ,16920 ,-38 ,10 ,11, 27667.5999, 27896.4818
15963, 362, -504, 16783, 59, -34, -10, -635 ,-402 ,16994 ,-38 ,8 ,24, 27619.9073, 27817.9318
15972, 362, -504, 16783, 59, -32, -15, -635 ,-402 ,16994 ,-38 ,8 ,24, 27689.8175, 27873.5965
15980, 269, -524, 16878, 59, -29, -15, -532 ,-420 ,17029 ,-36 ,6 ,34, 27807.7185, 27799.0222
15988, 191, -562, 16954, 55, -26, -17, -423 ,-293 ,17023 ,-28 ,5 ,45, 27708.2950, 27860.4120
15996, 245, -643, 16937, 46, -24, -17, -486 ,-9 ,16930 ,-15 ,5 ,60, 27782.8008, 27790.0457
16005, 294, -636, 16888, 38, -25, -12, -630 ,-239 ,17079 ,14 ,-10 ,144, 27716.9704, 27878.6063
16013, 238, -612, 16865, 28, -26, -3, 185 ,-1807 ,15736 ,29 ,-43 ,242, 27637.0347, 27928.2779
16021, 177, -653, 16591, 22, -30, -2, -767 ,1498 ,17062 ,4 ,88 ,-65, 27571.7884, 27869.2514
16029, 281, -502, 16637, 32, -32, -8, -567 ,239 ,16640 ,-18 ,23 ,-33, 27571.2550, 27913.4989
16037, 185, -504, 16736, 27, -32, -6, -413 ,-70 ,16674 ,-14 ,15 ,0, 27552.9623, 27782.9975
16045, 203, -589, 16784, 27, -32, -4, -425 ,-155 ,16687 ,-7 ,13 ,5, 27542.3586, 27807.2655
16053, 203, -589, 16784, 19, -32, -4, -425 ,-155 ,16687 ,-7 ,15 ,5, 27618.9178, 27806.7261
16061, 196, -605, 16751, 17, -34, -6, -418 ,-256 ,16659 ,-4 ,15 ,3, 27570.1702, 27808.5142
16069, 159, -687, 16746, 23, -36, -9, -404 ,-297 ,16598 ,-7 ,18 ,-2, 27676.5972, 27834.2217
16077, 77, -762, 16777, 33, -39, -15, -370 ,-541 ,16560 ,-17 ,22 ,-10, 27768.0427, 27783.3819
16085, 130, -775, 16675, 39, -45, -26, -388 ,-556 ,16532 ,-25 ,25 ,-22, 27687.1294, 27838.9782
16093, 203, -634, 16703, 51, -49, -35, -444 ,-430 ,16592 ,-38 ,26 ,-32, 27555.2988, 27765.6913
16101, 359, -455, 16695, 57, -51, -38, -554 ,-130 ,16723 ,-47 ,25 ,-34, 27663.3322, 27875.0151
16110, 524, -304, 16755, 54, -50, -33, -680 ,13 ,16933 ,-47 ,24 ,-29, 27587.8906, 27760.5116
16118, 528, -248, 16839, 45, -45, -25, -723 ,-3 ,17156 ,-37 ,20 ,-20, 27633.4673, 27716.3863
16127, 413, -317, 16877, 27, -36, -18, -608 ,-170 ,17313 ,-18 ,13 ,-11, 27655.0591, 27842.1104
16135, 332, -421, 16877, 27, -27, -14, -608 ,-314 ,17289 ,-18 ,13 ,-11, 27761.5309, 27827.5371
16143, 332, -421, 16870, -247, -19, -14, -542 ,-314 ,17289 ,1 ,-2 ,-8, 27691.6236, 27809.7004
16151, 296, -488, 16822, -4, -19, -14, -506 ,-375 ,17255 ,17 ,-2 ,-8, 27543.1454, 27848.7116
16159, 235, -508, 16833, -8, -10, -16, -462 ,-363 ,17096 ,24 ,-8 ,-10, 27537.6052, 27887.8391
16167, 230, -550, 16828, -9, -9, -17, -445 ,-264 ,16865 ,24 ,-12 ,-13, 27537.4740, 27843.9611
16175, 236, -616, 16762, -5, -9, -18, -469 ,-264 ,16710 ,20 ,-13 ,-16, 27514.3623, 27788.6093
16184, 180, -649, 16738, 2, -12, -21, -405 ,-260 ,16583 ,13 ,-9 ,-20, 27661.6871, 27671.3610
16192, 98, -708, 16700, 8, -15, -23, -320 ,-224 ,16586 ,9 ,-5 ,-27, 27634.5700, 27674.5677
16200, 118, -716, 16623, 14, -16, -26, -333 ,-31 ,16660 ,4 ,-4 ,-32, 27676.9102, 27731.6600
16208, 180, -704, 16614, 17, -15, -25, -388 ,156 ,16735 ,-2 ,-4 ,-32, 27752.1253, 27701.6997
16216, 235, -654, 16639, 18, -14, -20, -458 ,156 ,16735 ,-2 ,-6 ,-24, 27710.8938, 27728.9182
16225, 235, -654, 16895, 13, -12, -20, -458 ,153 ,16824 ,0 ,-6 ,-24, 27662.3040, 27813.7922
16233, 282, -630, 16688, 13, -12, -16, -482 ,153 ,16824 ,0 ,-9 ,-15, 27724.9634, 27749.2136
16241, 326, -620, 16744, 7, -9, -12, -498 ,53 ,16818 ,8 ,-10 ,-6, 27743.2293, 27810.4275
16248, 364, -586, 16785, 2, -8, -8, -567 ,15 ,16798 ,15 ,-11 ,-2, 27525.7409, 27814.1916
16256, 385, -588, 16795, -3, -8, -5, -595 ,-88 ,16772 ,18 ,-12 ,1, 27481.4487, 27786.3979
16264, 372, -535, 16829, -2, -7, -5, -585 ,-200 ,16770 ,19 ,-10 ,2, 27464.2318, 27799.7792
16272, 301, -535, 16831, -3, -9, -6, -530 ,-390 ,16805 ,20 ,-8 ,2, 27437.7108, 27815.2287
16280, 240, -531, 16860, -1, -9, -9, -465 ,-432 ,16808 ,18 ,-8 ,-2, 27517.0058, 27825.1082
16289, 240, -531, 16834, 4, -11, -12, -471 ,-283 ,16808 ,18 ,-6 ,-7, 27689.8831, 27768.1231
16297, 247, -552, 16834, 4, -11, -12, -471 ,-283 ,16816 ,13 ,-6 ,-7, 27649.2655, 27806.1807
16305, 322, -580, 16803, 10, -12, -12, -523 ,-149 ,16826 ,6 ,-5 ,-8, 27651.7183, 27928.9275
16313, 301, -617, 16781, 15, -13, -10, -507 ,-121 ,16795 ,2 ,-4 ,-9, 27710.5361, 27907.0050
16321, 275, -618, 16770, 19, -15, -11, -483 ,-78 ,16742 ,0 ,-2 ,-11, 27705.5234, 27872.7949
16329, 290, -635, 16740, 18, -15, -9, -498 ,12 ,16698 ,1 ,-1 ,-11, 27653.6137, 27867.0847
16337, 304, -638, 16699, 18, -16, -7, -504 ,28 ,16711 ,-1 ,1 ,-8, 27639.1596, 27848.7682
16344, 280, -609, 16665, 20, -17, -6, -496 ,-53 ,16660 ,-3 ,1 ,-4, 27706.8287, 27738.5235
16352, 269, -586, 16626, 22, -18, -4, -496 ,-53 ,16615 ,-7 ,0 ,-3, 27664.1488, 27866.8821
16360, 269, -490, 16590, 28, -18, -4, -507 ,-248 ,16590 ,-7 ,0 ,-3, 27521.7026, 27886.5576
16368, 284, -490, 16590, 28, -17, -5, -507 ,-248 ,16590 ,-12 ,1 ,-3, 27544.4627, 27862.6800
16376, 364, -455, 16673, 31, -18, -5, -582 ,-191 ,16666 ,-15 ,1 ,0, 27586.9846, 27889.8388
16384, 399, -474, 16697, 31, -17, -3, -608 ,-205 ,16756 ,-18 ,0 ,2, 27525.1925, 27836.3287
16392, 428, -475, 16718, 34, -16, -1, -655 ,-211 ,16859 ,-19 ,-3 ,4, 27526.2862, 27856.1950
16400, 483, -442, 16805, 37, -15, 0, -666 ,-164 ,16914 ,-22 ,-5 ,6, 27576.7744, 27798.2801
16408, 486, -438, 16879, 36, -12, 3, -688 ,-132 ,16976 ,-21 ,-7 ,8, 27537.3459, 27819.6037
16416, 484, -389, 16917, 31, -10, 6, -690 ,-180 ,17039 ,-16 ,-9 ,12, 27636.8648, 27823.5912
16425, 430, -380, 16944, 21, -8, 10, -631 ,-180 ,17060 ,-6 ,-12 ,15, 27681.2673, 27822.2293
16433, 379, -430, 16929, 21, -8, 10, -582 ,-366 ,16949 ,250 ,-12 ,16, 27703.7114, 27796.6440
16441, 379, -430, 16929, 9, -6, 11, -582 ,-366 ,16949 ,7 ,-11 ,16, 27577.9366, 27896.0496
16449, 280, -444, 16886, -3, -6, 9, -508 ,-453 ,16828 ,20 ,-10 ,14, 27719.6020, 27926.4659
16457, 294, -486, 16775, -12, -6, 7, -494 ,-359 ,16737 ,29 ,-8 ,12, 27690.9143, 27898.7885
16465, 285, -536, 16641, -11, -7, 5, -516 ,-300 ,16623 ,28 ,-8 ,9, 27609.4139, 27819.4487
16473, 337, -572, 16608, -3, -10, 3, -560 ,-248 ,16595 ,21 ,-8 ,8, 27657.5029, 27812.7402
16480, 385, -602, 16603, 6, -11, 5, -599 ,-120 ,16623 ,10 ,-9 ,7, 27615.9257, 27740.4487
16488, 426, -614, 16668, 16, -12, 6, -634 ,-28 ,16662 ,-2 ,-9 ,9, 27553.6716, 27887.0583
16496, 447, -629, 16730, 16, -12, 6, -654 ,-213 ,16747 ,-13 ,-9 ,11, 27659.5235, 27885.9854
16504, 447, -629, 16730, 26, -13, 8, -654 ,43 ,16747 ,-13 ,-9 ,11, 27537.4860, 27854.4933
16512, 425, -614, 16810, 28, -12, 11, -642 ,-8 ,16829 ,-15 ,-8 ,16, 27582.7259, 27876.6900
16520, 438, -580, 16812, 24, -12, 13, -657 ,-86 ,16850 ,-10 ,-9 ,19, 27647.0155, 27849.7159
16528, 483, -548, 16803, 20, -10, 14, -682 ,-161 ,16887 ,-7 ,-10 ,20, 27557.8231, 27862.8618
16536, 456, -471, 16844, 15, -8, 15, -654 ,-275 ,16933 ,-1 ,-12 ,19, 27574.9505, 27792.9544
16544, 419, -437, 16875, 10, -7, 14, -640 ,-383 ,16976 ,5 ,-12 ,18, 27622.3928, 27858.4749
16552, 355, -399, 16937, 6, -5, 12, -572 ,-463 ,16981 ,9 ,-12 ,14, 27718.5619, 27848.0470
16561, 333, -358, 16991, 6, -6, 11, -520 ,-440 ,16889 ,11 ,-11 ,11, 27661.9077, 27794.3939
16567, 311, -408, 16991, 6, -6, 10, -520 ,-440 ,16889 ,11 ,-11 ,11, 27661.1567, 27728.8556
16575, 311, -408, 16911, 6, -8, 10, -510 ,-406 ,16795 ,12 ,-9 ,5, 27648.2373, 27748.6831
16585, 307, -487, 16785, 7, -11, 10, -495 ,-345 ,16854 ,11 ,-5 ,-3, 27595.8598, 27811.6018
16592, 305, -554, 16658, 10, -15, 9, -506 ,-244 ,16598 ,7 ,-3 ,-12, 27602.8693, 27790.9726
16601, 277, -596, 16584, 15, -15, 9, -476 ,-164 ,16587 ,1 ,-3 ,-14, 27597.0519, 27864.2446
16608, 263, -598, 16601, 19, -15, 8, -477 ,-142 ,16598 ,-4 ,-3 ,-13, 27618.8403, 27851.5816
16616, 340, -553, 16645, 21, -16, 9, -552 ,-41 ,16580 ,-7 ,-4 ,-4, 27576.0204, 27912.6108
16624, 396, -470, 16653, 20, -16, 12, -584 ,-82 ,16652 ,-9 ,-5 ,9, 27641.8835, 27853.0777
16632, 361, -379, 16687, 20, -17, 14, -573 ,-205 ,16800 ,-7 ,-3 ,18, 27742.3948, 27872.6190
16640, 361, -379, 16687, 19, -13, 14, -573 ,-205 ,17056 ,-7 ,-3 ,18, 27659.7619, 27863.2015
16648, 274, -351, 16744, 17, -13, 18, -491 ,-345 ,16963 ,-3 ,-5 ,21, 27587.8429, 27825.9426
16656, 246, -387, 16800, 13, -10, 18, -451 ,-407 ,16999 ,1 ,-8 ,23, 27628.8271, 27801.4988
16664, 240, -392, 16835, 8, -6, 17, -455 ,-433 ,16982 ,6 ,-11 ,22, 27689.6894, 27841.2670
16672, 245, -364, 16839, 4, -5, 16, -448 ,-471 ,16906 ,12 ,-15 ,20, 27660.0480, 27737.3493
16679, 250, -374, 16778, 2, -4, 13, -441 ,-519 ,16796 ,13 ,-15 ,16, 27662.4024, 27762.6872
16687, 223, -356, 16751, 4, -4, 13, -414 ,-570 ,16741 ,12 ,-15 ,8, 27648.7857, 27737.3880
16695, 190, -366, 16760, 6, -4, 10, -360 ,-552 ,16687 ,10 ,-12 ,-8, 27624.6876, 27837.2228
16703, 146, -420, 16760, 7, -6, 9, -355 ,-552 ,16687 ,10 ,-12 ,-8, 27538.2727, 27828.3477
16711, 146, -420, 16734, 7, -6, 9, -355 ,-444 ,16882 ,10 ,-10 ,-25, 27427.7329, 27765.4886
16719, 150, -471, 16764, 8, -9, 8, -370 ,-313 ,16648 ,9 ,-7 ,-30, 27642.3812, 27734.8399
16727, 179, -457, 16774, 7, -11, 7, -401 ,-218 ,16703 ,10 ,-5 ,-23, 27604.9644, 27804.2346
16736, 205, -471, 16750, 5, -13, 6, -436 ,-226 ,16696 ,9 ,-4 ,-11, 27671.7067, 27804.0767
16744, 242, -471, 16706, 10, -13, 6, -454 ,-259 ,16744 ,6 ,-3 ,-4, 27760.7679, 27741.8107
16750, 249, -471, 16674, 14, -13, 6, -463 ,-342 ,16821 ,1 ,-4 ,-3, 27486.8011, 27699.1487
16758, 237, -400, 16711, 16, -10, 5, -455 ,-391 ,16863 ,-1 ,-6 ,-2, 27669.4298, 27686.5065
16767, 236, -400, 16711, 13, -8, 4, -455 ,-391 ,16863 ,1 ,-10 ,-2, 27571.1179, 27734.4644
16775, 236, -381, 16748, 13, -8, 4, -422 ,-447 ,16882 ,1 ,-10 ,3, 27671.3222, 27794.8529
16783, 218, -350, 16782, 11, -5, 4, -422 ,-447 ,16893 ,2 ,-12 ,6, 27638.0122, 27846.0145
16791, 160, -389, 16790, 8, -3, 2, -378 ,-505 ,16831 ,7 ,-14 ,6, 27740.0792, 27833.0684
16797, 179, -420, 16787, 3, -2, -1, -382 ,-531 ,16778 ,12 ,-17 ,3, 27625.0422, 27607.4469
16806, 160, -425, 16790, 4, -2, -5, -386 ,-466 ,16811 ,11 ,-15 ,-1, 27573.0610, 27675.3604
16814, 183, -424, 16838, 2, -2, -8, -400 ,-420 ,16800 ,13 ,-16 ,-3, 27614.4564, 27776.6496
16822, 177, -408, 16829, 1, -3, -9, -388 ,-478 ,16811 ,15 ,-15 ,-5, 27678.3794, 27862.3879
16830, 177, -408, 16844, -1, -4, -11, -372 ,-505 ,16786 ,15 ,-15 ,-5, 27655.3810, 27693.8200
16838, 142, -416, 16816, -1, -4, -11, -372 ,-505 ,16786 ,17 ,-14 ,-7, 27689.4361, 27800.5898
16846, 98, -485, 16816, -1, -4, -14, -342 ,-424 ,16780 ,17 ,-13 ,-10, 27676.4780, 27843.8926
16854, 149, -509, 16788, -1, -6, -16, -354 ,-304 ,16789 ,15 ,-11 ,-12, 27705.1121, 27769.2378
16862, 150, -532, 16780, -1, -6, -17, -356 ,-271 ,16844 ,14 ,-12 ,-13, 27616.7959, 27761.0898
16872, 114, -558, 16776, -1, -5, -18, -322 ,-248 ,16861 ,18 ,-11 ,-14, 27746.2661, 27734.6432
16880, 118, -580, 16780, -3, -5, -20, -338 ,-237 ,16795 ,19 ,-12 ,-14, 27717.4801, 27708.7480
16888, 143, -586, 16758, -3, -5, -20, -367 ,-267 ,16732 ,19 ,-12 ,-15, 27625.3521, 27856.3112
16896, 160, -564, 16753, -1, -5, -22, -365 ,-278 ,16723 ,18 ,-12 ,-18, 27567.2644, 27888.6259
16904, 214, -528, 16783, 0, -7, -23, -432 ,-212 ,16753 ,15 ,-11 ,-19, 27559.6440, 27914.6940
16912, 251, -523, 16777, 0, -7, -23, -455 ,-210 ,16768 ,15 ,-10 ,-18, 27528.9863, 27860.9246
16920, 507, -527, 16788, 1, -7, -23, -497 ,-197 ,16798 ,15 ,-10 ,-18, 27631.2679, 27831.4322
16928, 289, -545, 16788, 1, -7, -23, -497 ,-197 ,16798 ,15 ,-11 ,-18, 27610.3079, 27675.9952
16936, 293, -545, 16793, 0, -8, -22, -512 ,-180 ,16824 ,14 ,-11 ,-17, 27708.2056, 27723.8309
16944, 265, -539, 16781, 3, -7, -21, -479 ,-221 ,16867 ,13 ,-11 ,-19, 27680.1527, 27677.7267
16952, 258, -533, 16804, 4, -5, -21, -452 ,-222 ,16863 ,12 ,-12 ,-20, 27690.3540, 27743.0594
16960, 277, -538, 16789, 2, -5, -20, -480 ,-249 ,16868 ,12 ,-12 ,-24, 27656.0575, 27693.1256
16970, 241, -539, 16770, 0, -4, -21, -448 ,-234 ,16822 ,15 ,-15 ,-29, 27723.8309, 27849.4805
16978, 263, -562, 16753, -2, -3, -21, -473 ,-136 ,16758 ,18 ,-14 ,-28, 27660.7752, 27824.8489
16986, 299, -595, 16738, -3, -4, -20, -514 ,-152 ,16685 ,19 ,-13 ,-26, 27623.0901, 27846.8966
16994, 305, -562, 16715, 0, -6, -19, -521 ,-192 ,16657 ,17 ,-12 ,-28, 27621.8235, 27787.3576
17002, 337, -515, 16743, 1, -7, -18, -542 ,-149 ,16657 ,17 ,-11 ,-25, 27526.2147, 27796.2804
17010, 348, -511, 16777, 1, -7, -18, -542 ,-148 ,16706 ,15 ,-8 ,-25, 27557.7813, 27753.6601
17018, 348, -511, 16777, 0, -8, -17, -549 ,-148 ,16706 ,15 ,-8 ,-20, 27630.4811, 27788.1831
17026, 336, -496, 16804, 0, -10, -16, -557 ,-162 ,16755 ,16 ,-6 ,-16, 27604.6187, 27882.9098
17034, 347, -533, 16762, -1, -9, -14, -545 ,-187 ,16764 ,16 ,-5 ,-12, 27582.2490, 27752.2057
17042, 398, -531, 16715, -2, -10, -13, -584 ,-168 ,16791 ,17 ,-6 ,-11, 27449.2741, 27854.5320
17051, 416, -522, 16729, 2, -9, -12, -625 ,-142 ,16836 ,14 ,-8 ,-9, 27619.3380, 27864.1254
17059, 416, -479, 16789, 4, -8, -10, -616 ,-205 ,16820 ,9 ,-9 ,-7, 27622.0888, 27873.6055
17067, 416, -445, 16768, 8, -8, -9, -620 ,-316 ,16790 ,7 ,-9 ,-7, 27567.5595, 27798.6407
17075, 387, -441, 16755, 12, -9, -9, -579 ,-269 ,16799 ,7 ,-10 ,-8, 27638.1314, 27778.3811
17083, 389, -438, 16812, 12, -9, -7, -579 ,-212 ,16821 ,0 ,-10 ,-8, 27739.8974, 27776.4648
17091, 389, -438, 16812, 15, -9, -7, -602 ,-212 ,16821 ,0 ,-10 ,-8, 27730.6765, 27770.8709
17099, 357, -485, 16856, 14, -8, -5, -572 ,-171 ,16843 ,0 ,-10 ,-6, 27765.0744, 27808.5709
17107, 316, -526, 16794, 11, -8, -3, -541 ,-158 ,16768 ,1 ,-9 ,-3, 27785.6469, 27853.0449
17114, 300, -525, 16747, 11, -9, -4, -523 ,-218 ,16696 ,3 ,-7 ,-1, 27654.1919, 27753.8806
17122, 291, -454, 16756, 11, -10, -3, -510 ,-272 ,16707 ,5 ,-5 ,0, 27615.9555, 27764.5648
17130, 295, -434, 16757, 9, -11, -2, -488 ,-306 ,16732 ,7 ,-6 ,1, 27713.8501, 27845.6151
17138, 317, -433, 16759, 8, -12, -2, -488 ,-288 ,16737 ,8 ,-5 ,1, 27554.6432, 27835.9234
17146, 312, -439, 16766, 8, -12, -1, -506 ,-288 ,16766 ,8 ,-5 ,1, 27691.6593, 27802.8518
17154, 312, -439, 16766, 6, -12, -1, -517 ,-265 ,16766 ,11 ,-5 ,4, 27826.4612, 27890.4915
17161, 344, -434, 16739, 5, -12, 0, -559 ,-287 ,16774 ,11 ,-4 ,5, 27605.3578, 27676.9519
17169, 347, -435, 16716, 7, -11, 1, -550 ,-266 ,16778 ,10 ,-6 ,6, 27631.4229, 27728.5635
17177, 373, -431, 16717, 7, -10, 1, -571 ,-263 ,16795 ,7 ,-7 ,8, 27636.3194, 27854.2727
17185, 352, -404, 16771, 6, -9, 4, -560 ,-284 ,16824 ,8 ,-9 ,9, 27684.3905, 27828.4431
17192, 314, -414, 16785, 4, -9, 5, -526 ,-306 ,16787 ,10 ,-9 ,11, 27612.7309, 27752.2832
17200, 299, -413, 16797, 4, -10, 6, -499 ,-330 ,16792 ,11 ,-9 ,11, 27552.8967, 27845.4959
17208, 299, -413, 16797, 4, -9, 6, -499 ,-330 ,16792 ,11 ,-9 ,11, 27549.1118, 27739.5397
17216, 296, -415, 16803, 2, -9, 6, -500 ,-381 ,16781 ,12 ,-10 ,11, 27494.0878, 27845.2516
17224, 256, -396, 16818, 2, -10, 5, -471 ,-433 ,16838 ,14 ,-9 ,10, 27646.5833, 27699.3841
17232, 226, -422, 16820, 1, -9, 4, -451 ,-399 ,16864 ,16 ,-7 ,9, 27723.1395, 27787.9119
17239, 260, -487, 16786, 1, -9, 3, -490 ,-316 ,16841 ,16 ,-9 ,8, 27614.3461, 27740.1447
17247, 270, -494, 16764, 1, -8, 2, -494 ,-298 ,16811 ,14 ,-9 ,7, 27488.7621, 27886.2834
17255, 299, -482, 16778, 3, -8, 1, -500 ,-268 ,16767 ,12 ,-10 ,6, 27589.7950, 27839.2196
17263, 266, -482, 16778, 2, -8, 4, -500 ,-268 ,16767 ,12 ,-10 ,6, 27747.0380, 27771.4640
17270, 266, -475, 16781, 2, -8, 4, -477 ,-285 ,16757 ,15 ,-9 ,6, 27639.8718, 27732.2799
17278, 217, -486, 16787, 1, -9, 3, -433 ,-259 ,16736 ,15 ,-8 ,6, 27539.9178, 27758.3987
17286, 202, -537, 16784, 2, -9, 2, -399 ,-255 ,16743 ,16 ,-8 ,7, 27481.8212, 27886.8139
17294, 191, -513, 16748, 4, -11, 2, -410 ,-258 ,16738 ,15 ,-7 ,5, 27593.8511, 27814.4479
17302, 204, -510, 16745, 3, -12, 1, -413 ,-257 ,16724 ,13 ,-6 ,6, 27670.8454, 27731.1981
17309, 199, -518, 16749, 4, -12, 2, -411 ,-277 ,16765 ,11 ,-5 ,6, 27605.7631, 27811.5839
17317, 189, -518, 16749, 4, -10, 1, -411 ,-333 ,16765 ,11 ,-5 ,6, 27541.1457, 27808.8212
17325, 189, -556, 16729, 4, -10, 1, -404 ,-333 ,16806 ,11 ,-6 ,4, 27532.8636, 27740.4070
17333, 186, -563, 16705, 4, -9, -2, -412 ,-301 ,16797 ,10 ,-9 ,2, 27624.2822, 27743.5005
17341, 244, -545, 16700, 6, -7, -5, -454 ,-247 ,16775 ,8 ,-11 ,1, 27660.0629, 27826.7801
17348, 267, -520, 16748, 7, -7, -4, -482 ,-184 ,16788 ,7 ,-11 ,0, 27618.1310, 27792.5223
17356, 251, -530, 16814, 4, -6, -2, -470 ,-194 ,16824 ,10 ,-11 ,1, 27548.9360, 27803.1975
17364, 259, -577, 16846, 0, -7, -3, -477 ,-207 ,16816 ,15 ,-12 ,1, 27519.0711, 27829.8676
17372, 232, -560, 16816, -2, -7, -3, -442 ,-202 ,16800 ,17 ,-11 ,0, 27596.3902, 27801.5643
17380, 232, -560, 16811, -2, -8, -3, -442 ,-202 ,16800 ,17 ,-11 ,0, 27688.9592, 27779.5374
17388, 230, -581, 16811, -2, -8, -3, -432 ,-164 ,16774 ,18 ,-10 ,0, 27632.8772, 27878.6063
17397, 210, -601, 16780, -4, -9, -4, -413 ,-223 ,16757 ,20 ,-8 ,0, 27726.7575, 27764.1416
17405, 176, -611, 16745, -3, -9, -6, -408 ,-212 ,16761 ,19 ,-7 ,-2, 27733.9369, 27824.4615
17411, 200, -582, 16722, 2, -9, -6, -408 ,-154 ,16752 ,15 ,-8 ,-3, 27637.8781, 27757.7192
17419, 196, -587, 16745, 4, -10, -6, -411 ,-216 ,16750 ,11 ,-9 ,-4, 27607.5542, 27732.1696
17428, 175, -613, 16752, 6, -10, -7, -402 ,-232 ,16786 ,8 ,-8 ,-6, 27589.4970, 27772.8260
17436, 175, -619, 16759, 9, -10, -8, -395 ,-165 ,16794 ,5 ,-8 ,-8, 27549.1476, 27803.7906
17444, 175, -619, 16742, 11, -10, -8, -395 ,-165 ,16790 ,4 ,-8 ,-8, 27594.6110, 27782.1779
17452, 189, -606, 16742, 11, -10, -8, -411 ,-167 ,16790 ,4 ,-8 ,-10, 27618.7003, 27857.3394
17460, 201, -604, 16732, 12, -10, -8, -420 ,-160 ,16769 ,3 ,-7 ,-9, 27617.4396, 27862.4654
17468, 238, -578, 16740, 13, -10, -9, -456 ,-138 ,16734 ,1 ,-7 ,-7, 27667.9844, 27824.1664
17476, 300, -543, 16752, 13, -10, -8, -498 ,-141 ,16726 ,3 ,-7 ,-5, 27540.7225, 27905.6609
17484, 308, -504, 16790, 11, -11, -7, -510 ,-188 ,16754 ,5 ,-8 ,-3, 27641.7345, 27825.4837
17492, 258, -486, 16815, 7, -10, -5, -454 ,-259 ,16790 ,9 ,-8 ,-2, 27713.5789, 27851.8438
17499, 225, -486, 16823, 3, -10, -4, -438 ,-261 ,16788 ,13 ,-6 ,-2, 27630.3798, 27610.8295
17507, 245, -510, 16788, 2, -11, -5, -450 ,-261 ,16788 ,13 ,-6 ,-2, 27660.6232, 27716.1926
17515, 245, -499, 16779, 2, -11, -5, -450 ,-289 ,16775 ,14 ,-6 ,-2, 27657.6698, 27825.3704
17523, 234, -499, 16779, 2, -11, -6, -457 ,-280 ,16775 ,14 ,-5 ,-2, 27658.5191, 27798.9566
17531, 235, -502, 16756, 1, -13, -6, -445 ,-255 ,16771 ,16 ,-5 ,-2, 27509.2065, 27763.9329
17539, 254, -529, 16739, 2, -12, -6, -461 ,-257 ,16766 ,14 ,-5 ,-1, 27596.8939, 27832.9194
17547, 248, -543, 16713, 6, -12, -6, -464 ,-270 ,16777 ,11 ,-5 ,-2, 27537.2863, 27792.2422
17555, 260, -512, 16757, 10, -11, -7, -473 ,-246 ,16749 ,6 ,-5 ,-3, 27513.3759, 27872.8992
17563, 284, -512, 16782, 12, -12, -7, -499 ,-256 ,16758 ,3 ,-6 ,-3, 27550.4559, 27864.6499
17572, 301, -517, 16783, 14, -13, -8, -506 ,-264 ,16779 ,1 ,-5 ,-2, 27573.1057, 27832.0819
17580, 300, -506, 16747, 16, -12, -8, -510 ,-282 ,16779 ,1 ,-5 ,-3, 27634.3077, 27746.8115
17588, 288, -506, 16747, 16, -12, -7, -510 ,-282 ,16818 ,0 ,-5 ,-3, 27723.5746, 27855.5006
17596, 288, -470, 16772, 16, -12, -8, -510 ,-281 ,16832 ,0 ,-6 ,-3, 27690.8934, 27806.4817
17604, 287, -461, 16778, 13, -11, -8, -488 ,-278 ,16822 ,2 ,-7 ,-4, 27761.5964, 27880.8624
17611, 270, -456, 16770, 9, -10, -6, -491 ,-282 ,16773 ,5 ,-8 ,-2, 27692.7829, 27680.9514
17619, 302, -421, 16778, 7, -10, -5, -492 ,-301 ,16754 ,8 ,-7 ,-2, 27708.3933, 27720.1653
17627, 296, -430, 16764, 5, -10, -5, -490 ,-292 ,16757 ,11 ,-7 ,-1, 27673.0806, 27784.4071
17635, 298, -435, 16775, 5, -10, -5, -490 ,-291 ,16779 ,13 ,-7 ,1, 27653.9236, 27836.6506
17643, 265, -450, 16802, 3, -12, -4, -490 ,-291 ,16747 ,12 ,-6 ,0, 27579.0423, 27845.1562
17651, 252, -478, 16802, 3, -12, -5, -480 ,-297 ,16747 ,12 ,-6 ,0, 27628.4039, 27871.6117
17659, 252, -478, 16781, 2, -12, -5, -472 ,-328 ,16756 ,13 ,-5 ,0, 27625.9333, 27854.4009
17667, 240, -520, 16732, 5, -12, -6, -480 ,-322 ,16744 ,11 ,-4 ,-2, 27671.5547, 27771.4580
17675, 268, -511, 16725, 9, -12, -7, -479 ,-282 ,16787 ,7 ,-5 ,-2, 27701.9322, 27835.8489
17682, 271, -487, 16752, 12, -12, -8, -499 ,-220 ,16820 ,3 ,-7 ,-1, 27719.0238, 27740.6842
17690, 311, -502, 16779, 12, -12, -5, -509 ,-208 ,16821 ,2 ,-6 ,-1, 27678.7162, 27768.8682
17705, 280, -501, 16781, 12, -10, -4, -493 ,-220 ,16824 ,4 ,-7 ,1, 27597.3856, 27799.4424
17706, 280, -493, 16777, 10, -10, -4, -498 ,-263 ,16790 ,4 ,-7 ,2, 27599.2244, 27804.1303
17714, 233, -475, 16809, 10, -10, -4, -498 ,-263 ,16790 ,6 ,-8 ,2, 27514.1835, 27789.7090
17722, 233, -475, 16809, 10, -9, -4, -463 ,-314 ,16793 ,6 ,-8 ,1, 27532.4166, 27808.6334
17730, 221, -455, 16812, 8, -10, -4, -426 ,-317 ,16792 ,6 ,-8 ,0, 27585.4796, 27788.6152
17737, 208, -472, 16799, 6, -9, -5, -431 ,-323 ,16779 ,8 ,-8 ,0, 27717.2178, 27737.0542
17745, 247, -493, 16763, 4, -10, -5, -443 ,-274 ,16764 ,11 ,-6 ,-1, 27599.2841, 27798.2652
17753, 244, -495, 16755, 3, -10, -5, -435 ,-272 ,16767 ,14 ,-6 ,-1, 27550.1579, 27875.3251
17761, 230, -525, 16752, 1, -10, -5, -445 ,-253 ,16788 ,14 ,-6 ,0, 27524.0630, 27838.1526
17769, 243, -538, 16743, 3, -11, -5, -467 ,-253 ,16788 ,12 ,-7 ,-1, 27617.8151, 27798.3606
17778, 288, -538, 16743, 3, -10, -6, -467 ,-216 ,16761 ,12 ,-7 ,-1, 27486.5806, 27867.2516
17786, 288, -553, 16738, 3, -10, -6, -494 ,-219 ,16751 ,11 ,-8 ,0, 27559.7543, 27785.3608
17794, 292, -539, 16753, 6, -10, -6, -497 ,-237 ,16764 ,10 ,-7 ,0, 27586.5436, 27798.9298
17802, 290, -523, 16790, 7, -11, -6, -501 ,-218 ,16824 ,6 ,-8 ,0, 27675.5661, 27796.1046
17808, 267, -516, 16829, 8, -11, -6, -473 ,-237 ,16823 ,6 ,-8 ,1, 27624.7621, 27778.6136
17817, 242, -529, 16813, 9, -12, -5, -451 ,-238 ,16782 ,6 ,-8 ,-1, 27566.0485, 27836.8086
17825, 250, -508, 16780, 10, -12, -5, -450 ,-252 ,16761 ,6 ,-8 ,1, 27518.6658, 27758.1573
17833, 259, -483, 16797, 10, -11, -5, -460 ,-250 ,16758 ,7 ,-7 ,1, 27660.5576, 27763.4531
17841, 259, -483, 16797, 7, -11, -5, -460 ,-250 ,16758 ,7 ,-7 ,1, 27676.2724, 27836.2393
17849, 250, -512, 16761, 7, -11, -5, -450 ,-265 ,16789 ,8 ,-6 ,1, 27742.6869, 27805.4416
17856, 225, -496, 16749, 7, -11, -5, -422 ,-276 ,16827 ,10 ,-6 ,0, 27571.1387, 27745.5062
17864, 229, -498, 16750, 7, -10, -4, -440 ,-244 ,16796 ,10 ,-7 ,1, 27522.1258, 27724.7280
17872, 246, -514, 16747, 7, -10, -4, -459 ,-285 ,16750 ,11 ,-8 ,0, 27601.9037, 27817.8066
17880, 260, -491, 16758, 6, -10, -6, -462 ,-276 ,16778 ,11 ,-9 ,-1, 27625.9452, 27885.7470
17888, 275, -506, 16790, 6, -10, -6, -494 ,-236 ,16764 ,11 ,-8 ,-1, 27586.0876, 27797.8212
17896, 302, -513, 16770, 4, -9, -6, -516 ,-245 ,16765 ,11 ,-8 ,0, 27648.8543, 27849.7040
17904, 302, -513, 16770, 2, -10, -6, -516 ,-245 ,16765 ,11 ,-8 ,0, 27653.3812, 27892.9651
17912, 310, -535, 16759, 2, -10, -5, -508 ,-224 ,16770 ,12 ,-7 ,1, 27788.5407, 27815.6877
17919, 280, -535, 16741, 2, -11, -5, -506 ,-265 ,16796 ,14 ,-6 ,0, 27618.1132, 27687.1175
17927, 281, -528, 16744, 2, -11, -6, -507 ,-270 ,16794 ,14 ,-7 ,-1, 27639.0910, 27689.0129
17935, 288, -530, 16745, 6, -9, -6, -509 ,-249 ,16787 ,12 ,-7 ,-1, 27730.7808, 27826.3211
17943, 308, -510, 16777, 9, -9, -8, -530 ,-254 ,16759 ,8 ,-7 ,-2, 27596.0475, 27867.8954
17951, 306, -498, 16829, 11, -10, -7, -516 ,-256 ,16765 ,5 ,-7 ,-2, 27615.0167, 27844.2949
17959, 302, -492, 16823, 13, -12, -6, -512 ,-262 ,16817 ,3 ,-7 ,-2, 27670.1093, 27842.0389
17967, 302, -492, 16818, 12, -11, -6, -512 ,-262 ,16817 ,3 ,-7 ,-2, 27725.3360, 27881.8101
17975, 272, -488, 16818, 12, -11, -6, -486 ,-238 ,16812 ,6 ,-6 ,-1, 27608.4185, 27886.5784
17984, 245, -499, 16791, 8, -12, -6, -464 ,-231 ,16802 ,9 ,-5 ,1, 27646.7562, 27774.5485
17990, 233, -499, 16777, 5, -12, -5, -446 ,-249 ,16802 ,10 ,-5 ,0, 27661.3176, 27657.1274
17998, 242, -484, 16744, 7, -11, -5, -462 ,-283 ,16757 ,9 ,-5 ,0, 27691.5729, 27770.0633
18006, 273, -487, 16722, 6, -11, -5, -488 ,-293 ,16783 ,8 ,-7 ,0, 27600.1364, 27897.2477
18014, 247, -498, 16720, 9, -10, -6, -458 ,-256 ,16774 ,7 ,-8 ,0, 27478.8857, 27790.9160
18023, 226, -507, 16750, 10, -10, -5, -458 ,-256 ,16774 ,6 ,-8 ,0, 27672.8302, 27876.3413
18029, 226, -532, 16778, 10, -10, -5, -465 ,-264 ,16774 ,6 ,-8 ,0, 27725.2227, 27670.1421
18037, 215, -532, 16778, 10, -11, -6, -465 ,-243 ,16759 ,5 ,-8 ,0, 27694.3803, 27823.9369
18045, 260, -550, 16807, 11, -10, -5, -468 ,-224 ,16778 ,6 ,-7 ,-1, 27682.9630, 27823.0458
18054, 262, -514, 16814, 12, -11, -4, -475 ,-199 ,16789 ,4 ,-6 ,-1, 27598.8221, 27836.1827
18062, 263, -487, 16812, 10, -10, -5, -478 ,-234 ,16818 ,6 ,-7 ,0, 27620.8162, 27840.2239
18070, 238, -500, 16776, 8, -11, -4, -455 ,-260 ,16808 ,9 ,-7 ,0, 27557.2211, 27825.6357
18078, 237, -499, 16726, 5, -10, -5, -453 ,-265 ,16791 ,11 ,-8 ,1, 27627.9598, 27770.4746
18086, 248, -472, 16727, 4, -10, -5, -467 ,-265 ,16791 ,11 ,-8 ,1, 27713.2630, 27806.5473
18094, 504, -468, 16734, 4, -10, -5, -467 ,-301 ,16763 ,14 ,-8 ,1, 27598.1218, 27731.1414
18101, 272, -468, 16734, 4, -9, -5, -484 ,-270 ,16715 ,14 ,-8 ,0, 27625.4863, 27668.5596
18109, 263, -479, 16738, 5, -10, -5, -479 ,-281 ,16713 ,12 ,-7 ,0, 27531.3079, 27861.2196
18117, 272, -480, 16747, 8, -10, -4, -493 ,-256 ,16741 ,9 ,-8 ,0, 27577.6893, 27909.6514
18125, 283, -485, 16785, 7, -11, -3, -495 ,-218 ,16787 ,7 ,-7 ,1, 27569.1479, 27789.8997
18133, 252, -482, 16821, 7, -11, -3, -450 ,-261 ,16825 ,7 ,-6 ,2, 27625.6263, 27821.9789
18140, 214, -480, 16844, 6, -12, -2, -416 ,-304 ,16824 ,8 ,-6 ,2, 27620.3215, 27788.9699
18148, 216, -508, 16847, 5, -14, -3, -416 ,-304 ,16824 ,9 ,-5 ,2, 27624.0915, 27651.5961
18156, 198, -508, 16847, 5, -14, -3, -421 ,-358 ,16828 ,9 ,-5 ,2, 27573.7911, 27845.0370
18164, 198, -475, 16822, 5, -14, -5, -418 ,-372 ,16814 ,13 ,-5 ,-1, 27598.2916, 27878.1027
18172, 216, -449, 16779, 5, -12, -7, -435 ,-356 ,16804 ,13 ,-5 ,-1, 27598.8072, 27786.3204
18180, 230, -462, 16762, 5, -12, -8, -433 ,-333 ,16809 ,13 ,-5 ,-2, 27627.4204, 27790.6507
18188, 242, -482, 16770, 4, -13, -8, -442 ,-274 ,16790 ,12 ,-6 ,-2, 27695.9687, 27891.8594
18196, 236, -503, 16753, 5, -11, -7, -447 ,-248 ,16782 ,11 ,-6 ,-2, 27744.3498, 27740.7646
18204, 270, -506, 16704, 7, -10, -6, -477 ,-218 ,16778 ,8 ,-6 ,-2, 27729.1149, 27848.6073
18211, 289, -490, 16723, 9, -11, -6, -477 ,-223 ,16756 ,8 ,-6 ,-2, 27655.1664, 27708.2711
18219, 277, -496, 16723, 9, -11, -6, -484 ,-223 ,16756 ,7 ,-7 ,-2, 27683.1865, 27747.7056
18227, 277, -496, 16740, 7, -10, -6, -486 ,-236 ,16786 ,7 ,-7 ,0, 27585.0892, 27778.7000
18235, 266, -499, 16746, 7, -11, -6, -498 ,-235 ,16752 ,7 ,-8 ,1, 27575.6717, 27719.3099
18243, 282, -488, 16759, 6, -11, -5, -485 ,-267 ,16735 ,9 ,-8 ,1, 27710.1368, 27783.7008
18251, 264, -504, 16759, 3, -11, -4, -477 ,-261 ,16761 ,11 ,-7 ,2, 27707.4873, 27839.1153
18258, 278, -547, 16754, 2, -11, -4, -506 ,-293 ,16740 ,13 ,-6 ,1, 27678.1321, 27706.4145
18266, 296, -537, 16738, 4, -12, -5, -521 ,-265 ,16773 ,12 ,-7 ,-1, 27635.5386, 27705.2552
18274, 313, -503, 16759, 7, -11, -5, -521 ,-265 ,16773 ,12 ,-8 ,0, 27624.0200, 27742.1355
18282, 323, -503, 16759, 7, -11, -5, -534 ,-210 ,16845 ,7 ,-8 ,0, 27603.7812, 27763.3339
18290, 323, -498, 16826, 7, -11, -5, -531 ,-221 ,16836 ,7 ,-8 ,0, 27641.1086, 27835.6075
18299, 271, -517, 16878, 6, -10, -6, -486 ,-256 ,16852 ,10 ,-8 ,0, 27692.9259, 27869.8236
18307, 235, -552, 16855, 5, -11, -6, -460 ,-257 ,16818 ,10 ,-6 ,0, 27742.7256, 27832.4515
18313, 254, -529, 16774, 6, -12, -6, -470 ,-242 ,16819 ,11 ,-6 ,-1, 27620.9265, 27686.9148
18321, 255, -530, 16704, 8, -12, -6, -460 ,-207 ,16764 ,9 ,-6 ,-1, 27693.8498, 27699.1963
18330, 280, -549, 16645, 11, -12, -5, -501 ,-207 ,16764 ,9 ,-8 ,0, 27679.9023, 27728.6798
18338, 315, -539, 16682, 13, -12, -5, -757 ,-157 ,16732 ,2 ,-8 ,0, 27602.4401, 27849.8530
18346, 315, -539, 16682, 13, -10, -3, -519 ,-157 ,16732 ,2 ,-9 ,1, 27552.0116, 27813.5926
18354, 297, -508, 16750, 11, -10, -3, -480 ,-173 ,16741 ,5 ,-8 ,3, 27610.8444, 27846.8281
18362, 259, -498, 16798, 8, -9, -2, -468 ,-273 ,16745 ,8 ,-7 ,4, 27665.4065, 27884.0870
18369, 239, -490, 16822, 5, -9, -2, -450 ,-320 ,16769 ,12 ,-6 ,4, 27734.8608, 27688.4794
18377, 262, -466, 16811, 4, -11, -3, -474 ,-302 ,16784 ,12 ,-6 ,4, 27687.8059, 27826.7205
18385, 299, -477, 16805, 4, -11, -3, -495 ,-288 ,16818 ,13 ,-5 ,3, 27619.1354, 27890.0117
18393, 308, -488, 16787, 4, -12, -3, -495 ,-291 ,16825 ,13 ,-4 ,3, 27578.3420, 27791.0590
18401, 329, -498, 16770, 4, -12, -4, -522 ,-262 ,16825 ,13 ,-5 ,2, 27564.0577, 27849.9335
18409, 329, -498, 16770, 6, -12, -4, -522 ,-262 ,16830 ,11 ,-5 ,2, 27646.3747, 27834.9012
18417, 311, -523, 16752, 10, -12, -4, -486 ,-245 ,16826 ,8 ,-5 ,2, 27657.6161, 27852.3654
18424, 290, -534, 16759, 11, -12, -4, -493 ,-194 ,16782 ,5 ,-6 ,2, 27617.1297, 27659.2314
18432, 307, -554, 16715, 12, -12, -3, -516 ,-136 ,16754 ,4 ,-6 ,4, 27626.1568, 27812.8654
18440, 306, -531, 16681, 13, -12, -2, -504 ,-214 ,16718 ,3 ,-6 ,4, 27686.3366, 27756.2708
18448, 273, -511, 16680, 11, -11, -3, -458 ,-309 ,16731 ,6 ,-6 ,4, 27591.3566, 27851.1256
18456, 260, -482, 16702, 10, -11, -3, -450 ,-343 ,16740 ,6 ,-6 ,2, 27519.2767, 27871.6922
18464, 254, -481, 16702, 12, -10, -4, -450 ,-343 ,16740 ,7 ,-6 ,2, 27606.2608, 27846.2648
18472, 254, -481, 16730, 12, -10, -4, -458 ,-311 ,16747 ,4 ,-8 ,1, 27670.3328, 27881.3273
18480, 260, -462, 16794, 14, -8, -5, -468 ,-305 ,16770 ,0 ,-8 ,1, 27671.2894, 27831.1044
18487, 278, -475, 16840, 16, -11, -5, -491 ,-274 ,16823 ,-1 ,-8 ,1, 27657.8695, 27768.1530
18495, 277, -468, 16873, 15, -12, -4, -483 ,-276 ,16864 ,0 ,-8 ,1, 27675.2889, 27896.0973
18503, 255, -471, 16902, 12, -11, -4, -460 ,-297 ,16925 ,5 ,-7 ,1, 27470.6632, 27870.6074
18511, 230, -456, 16894, 7, -10, -5, -425 ,-294 ,16908 ,10 ,-6 ,1, 27490.4370, 27813.9710
18519, 218, -481, 16837, 3, -9, -4, -425 ,-266 ,16855 ,14 ,-7 ,1, 27617.5559, 27742.1325
18527, 253, -481, 16760, 1, -9, -4, -436 ,-266 ,16855 ,14 ,-7 ,1, 27626.2611, 27812.7491
18534, 253, -463, 16760, 1, -9, -4, -441 ,-293 ,16815 ,16 ,-8 ,1, 27608.7731, 27837.0202
18542, 255, -450, 16734, 1, -9, -3, -446 ,-294 ,16740 ,15 ,-8 ,1, 27574.1786, 27847.9010
18550, 253, -457, 16681, 4, -9, -4, -459 ,-322 ,16715 ,11 ,-10 ,2, 27631.7507, 27843.6989
18558, 237, -463, 16695, 6, -10, -3, -456 ,-302 ,16692 ,9 ,-10 ,1, 27581.9570, 27781.4239
18566, 238, -474, 16705, 9, -9, -4, -454 ,-299 ,16687 ,6 ,-9 ,2, 27620.9801, 27826.3539
18575, 235, -499, 16750, 10, -10, -4, -453 ,-287 ,16716 ,5 ,-9 ,0, 27761.0779, 27789.9116
18581, 250, -498, 16758, 10, -11, -5, -466 ,-297 ,16746 ,5 ,-9 ,1, 27612.0245, 27768.3526
18589, 250, -498, 16782, 11, -11, -5, -466 ,-297 ,16746 ,5 ,-9 ,1, 27663.8269, 27828.3566
18597, 273, -490, 16782, 11, -11, -6, -500 ,-269 ,16800 ,5 ,-8 ,1, 27576.7207, 27840.5011
18606, 279, -491, 16791, 9, -11, -5, -488 ,-255 ,16825 ,6 ,-8 ,0, 27545.7293, 27777.8029
18614, 289, -480, 16821, 7, -11, -5, -490 ,-250 ,16812 ,8 ,-8 ,0, 27597.4482, 27834.7462
18622, 272, -477, 16829, 7, -10, -4, -487 ,-256 ,16808 ,10 ,-6 ,1, 27724.6386, 27869.0726
18628, 264, -504, 16810, 4, -11, -4, -497 ,-296 ,16820 ,12 ,-6 ,2, 27637.3297, 27730.5454
18636, 243, -495, 16794, 3, -13, -4, -461 ,-294 ,16802 ,12 ,-6 ,2, 27637.8244, 27800.7805
18645, 254, -477, 16778, 4, -12, -4, -461 ,-294 ,16802 ,12 ,-6 ,2, 27591.4580, 27818.6530
18653, 254, -493, 16735, 4, -12, -4, -469 ,-302 ,16780 ,13 ,-6 ,1, 27488.7472, 27819.4398
18661, 271, -493, 16735, 4, -11, -4, -504 ,-264 ,16758 ,13 ,-6 ,0, 27592.2477, 27812.7491
18669, 281, -492, 16708, 5, -11, -4, -503 ,-235 ,16773 ,10 ,-7 ,0, 27685.3561, 27800.8938
18677, 279, -505, 16722, 7, -12, -5, -511 ,-253 ,16763 ,9 ,-7 ,2, 27714.2167, 27748.0960
18684, 282, -517, 16753, 9, -10, -4, -496 ,-221 ,16762 ,7 ,-8 ,2, 27614.0660, 27822.8343
18692, 278, -486, 16776, 9, -10, -3, -494 ,-251 ,16781 ,7 ,-7 ,2, 27601.3702, 27844.4290
18700, 256, -476, 16795, 8, -11, -2, -466 ,-267 ,16799 ,6 ,-7 ,2, 27543.3630, 27820.0835
18708, 0, -484, 16803, 7, -11, -3, -466 ,-267 ,16799 ,6 ,-7 ,2, 27538.1297, 27801.1262
18716, 225, -484, 16803, 7, -11, -3, -445 ,-260 ,16784 ,8 ,-7 ,3, 27771.9080, 27779.8653
18723, 209, -516, 16794, 6, -11, -3, -428 ,-264 ,16762 ,9 ,-7 ,3, 27610.0516, 27770.1527
18731, 204, -504, 16753, 6, -11, -4, -415 ,-304 ,16773 ,10 ,-6 ,2, 27624.8187, 27958.5361
18739, 210, -496, 16754, 8, -12, -6, -436 ,-281 ,16742 ,7 ,-6 ,1, 27537.6856, 27859.8219
18747, 240, -519, 16753, 10, -12, -5, -453 ,-229 ,16765 ,5 ,-6 ,2, 27601.0156, 27757.6447
18755, 257, -523, 16779, 12, -12, -4, -475 ,-178 ,16797 ,5 ,-5 ,1, 27670.1182, 27779.1917
18763, 255, -533, 16816, 10, -12, -3, -475 ,-178 ,16797 ,5 ,-5 ,1, 27722.2991, 27759.8590
18770, 220, -516, 16799, 10, -12, -3, -444 ,-465 ,16805 ,8 ,-5 ,2, 27626.0227, 27756.5986
18778, 220, -516, 16799, 6, -11, -2, -445 ,-269 ,16805 ,11 ,-5 ,2, 27643.3021, 27763.8376
18786, 230, -485, 16771, 4, -11, -3, -437 ,-284 ,16787 ,12 ,-7 ,1, 27523.8425, 27776.0863
18794, 252, -449, 16738, 4, -10, -4, -453 ,-302 ,16798 ,10 ,-7 ,2, 27478.1287, 27799.0967
18802, 236, -440, 16748, 7, -12, -3, -442 ,-320 ,16784 ,9 ,-7 ,2, 27594.1104, 27827.6592
18810, 220, -445, 16785, 8, -11, -4, -440 ,-329 ,16791 ,9 ,-7 ,2, 27736.5476, 27766.0370
18817, 217, -494, 16790, 8, -10, -5, -447 ,-336 ,16826 ,8 ,-7 ,2, 27632.2544, 27740.6812
18825, 218, -496, 16763, 7, -10, -6, -447 ,-336 ,16806 ,8 ,-7 ,2, 27617.1237, 27781.1140
18833, 242, -496, 16763, 7, -10, -6, -444 ,-326 ,16806 ,7 ,-7 ,0, 27578.2138, 27798.2146
18841, 242, -520, 16764, 8, -10, -6, -464 ,-287 ,16774 ,6 ,-8 ,-1, 27565.5717, 27771.1958
18849, 284, -521, 16752, 12, -11, -6, -491 ,-246 ,16717 ,4 ,-8 ,-2, 27641.3769, 27850.2673
18857, 290, -503, 16762, 11, -11, -6, -488 ,-235 ,16719 ,4 ,-7 ,-2, 27668.8010, 27808.6245
18865, 280, -494, 16761, 8, -13, -5, -471 ,-240 ,16718 ,5 ,-6 ,0, 27750.4742, 27685.2459
18872, 240, -492, 16745, 7, -12, -5, -468 ,-305 ,16747 ,7 ,-5 ,-1, 27565.0382, 27648.6307
18880, 242, -451, 16731, 4, -12, -6, -465 ,-305 ,16803 ,11 ,-6 ,0, 27569.8245, 27768.6268
18888, 262, -454, 16753, 5, -12, -6, -468 ,-305 ,16803 ,11 ,-6 ,0, 27569.1241, 27863.5710
18896, 262, -454, 16753, 5, -12, -7, -468 ,-288 ,16816 ,13 ,-7 ,0, 27663.1653, 27797.7258
18904, 303, -444, 16804, 2, -11, -7, -500 ,-296 ,16818 ,12 ,-7 ,0, 27473.1040, 27859.0351
18912, 299, -464, 16834, 3, -12, -6, -502 ,-325 ,16870 ,14 ,-6 ,0, 27692.4163, 27788.5169