11410, 942, 101, 16730, 10, -7, -2, -1269 ,-4181 ,16265 ,7 ,-12 ,3, 27726.8261, 28009.8855
11411, 936, 150, 16730, 10, -7, -2, -1280 ,-4185 ,16290 ,5 ,-10 ,4, 27707.9791, 27873.0690
11416, 936, 150, 16730, 10, -7, -2, -1280 ,-4185 ,16290 ,5 ,-10 ,4, 27556.3538, 27983.3943
11425, 956, 178, 16724, 11, -8, -2, -1302 ,-4204 ,16256 ,4 ,-11 ,4, 27591.8752, 27997.5593
11433, 958, 157, 16703, 11, -6, 0, -1296 ,-4186 ,16267 ,6 ,-11 ,4, 27643.0994, 27996.9513
11441, 956, 146, 16691, 7, -7, 0, -1287 ,-4160 ,16266 ,8 ,-11 ,4, 27684.3876, 27955.5917
11449, 948, 157, 16717, 6, -6, 0, -1280 ,-4177 ,16282 ,7 ,-12 ,4, 27677.5777, 27998.8170
11456, 936, 134, 16744, 7, -7, 1, -1275 ,-4177 ,16282 ,7 ,-12 ,5, 27617.8241, 27826.4284
11464, 924, 134, 16765, 8, -8, 1, -1275 ,-4188 ,16285 ,9 ,-11 ,5, 27595.2756, 27904.2900
11472, 924, 119, 16768, 8, -8, 1, -1254 ,-4168 ,16276 ,7 ,-11 ,5, 27697.1757, 27893.3823
11480, 925, 132, 16768, 11, -7, 1, -1277 ,-4179 ,16303 ,5 ,-12 ,5, 27747.1364, 27860.4835
11488, 938, 125, 16753, 10, -8, 1, -1292 ,-4170 ,16276 ,6 ,-11 ,5, 27634.0604, 27964.6963
11495, 954, 96, 16749, 10, -8, 0, -1283 ,-4167 ,16264 ,7 ,-10 ,5, 27643.3200, 27820.3666
11503, 956, 81, 16785, 11, -9, 0, -1292 ,-4149 ,16276 ,5 ,-9 ,5, 27674.2369, 27925.7536
11511, 956, 50, 16738, 10, -9, -1, -1281 ,-4149 ,16276 ,5 ,-9 ,4, 27612.5699, 27899.7600
11519, 945, 88, 16680, 10, -9, -1, -1281 ,-4145 ,16252 ,6 ,-9 ,4, 27670.5384, 27858.4450
11527, 945, 108, 16686, 9, -9, -1, -1285 ,-4161 ,16252 ,6 ,-10 ,3, 27667.9844, 27975.3298
11534, 941, 108, 16686, 9, -9, -2, -1274 ,-4170 ,16262 ,6 ,-10 ,2, 27613.4729, 27780.5358
11542, 941, 118, 16713, 9, -8, -3, -1266 ,-4177 ,16269 ,6 ,-10 ,2, 27610.4301, 27828.4311
11550, 914, 105, 16712, 10, -9, -2, -1264 ,-4193 ,16277 ,6 ,-10 ,2, 27592.1315, 27853.8465
11558, 933, 100, 16700, 10, -7, -3, -1264 ,-4182 ,16268 ,6 ,-11 ,2, 27606.8658, 27811.0057
11566, 930, 97, 16727, 10, -7, -4, -1269 ,-4168 ,16267 ,8 ,-10 ,1, 27630.8894, 27973.7473
11574, 930, 100, 16722, 12, -7, -3, -1269 ,-4168 ,16273 ,7 ,-11 ,1, 27531.8265, 27970.2902
11582, 920, 151, 16736, 11, -7, -4, -1272 ,-4181 ,16273 ,7 ,-11 ,0, 27516.0670, 27889.7226
11590, 926, 115, 16791, 10, -6, -4, -1272 ,-4181 ,16276 ,7 ,-11 ,0, 27606.8449, 27853.6886
11598, 923, 115, 16791, 10, -6, -4, -1270 ,-4168 ,16291 ,6 ,-11 ,1, 27626.3177, 27971.3094
11606, 923, 101, 16798, 9, -8, -3, -1254 ,-4165 ,16290 ,8 ,-11 ,1, 27591.0228, 27908.2179
11614, 928, 97, 16751, 6, -8, -3, -1270 ,-4170 ,16284 ,11 ,-10 ,1, 27672.5769, 27926.4003
11621, 923, 92, 16706, 5, -7, -4, -1251 ,-4167 ,16273 ,11 ,-9 ,1, 27643.1352, 27880.9071
11629, 923, 80, 16715, 5, -7, -5, -1247 ,-4164 ,16271 ,10 ,-10 ,0, 27597.1174, 27975.9407
11637, 930, 76, 16725, 7, -8, -6, -1286 ,-4164 ,16248 ,10 ,-10 ,0, 27506.8074, 27905.0827
11645, 945, 98, 16703, 9, -8, -5, -1286 ,-4164 ,16270 ,9 ,-11 ,255, 27507.0369, 28023.8330
11653, 948, 112, 16731, 9, -7, -5, -1302 ,-4177 ,16270 ,9 ,-11 ,-1, 27559.3668, 27941.4475
11662, 916, 112, 16731, 9, -7, -5, -1281 ,-4171 ,16283 ,8 ,-10 ,-1, 27559.5516, 27912.5601
11670, 916, 142, 16749, 8, -8, -6, -1258 ,-4186 ,16274 ,7 ,-9 ,-1, 27550.4470, 27883.9618
11678, 944, 162, 16745, 8, -8, -6, -1259 ,-4179 ,16274 ,8 ,-10 ,-1, 27610.3318, 27844.8939
11686, 955, 184, 16738, 6, -8, -6, -1284 ,-4205 ,16266 ,9 ,-9 ,0, 27692.1511, 27874.3297
11693, 957, 207, 16721, 6, -8, -4, -1270 ,-4225 ,16266 ,9 ,-9 ,1, 27615.3952, 27884.4506
11701, 920, 196, 16728, 5, -7, -4, -1270 ,-4225 ,16295 ,10 ,-10 ,1, 27553.3289, 27927.3033
11709, 875, 172, 16731, 4, -6, -4, -1219 ,-4227 ,16310 ,10 ,-10 ,1, 27505.5677, 27893.2661
11717, 871, 139, 16734, 6, -7, -3, -1219 ,-4227 ,16310 ,10 ,-10 ,1, 27535.5160, 27902.7522
11725, 868, 139, 16734, 6, -7, -4, -1204 ,-4224 ,16286 ,9 ,-10 ,1, 27645.7578, 27805.0214
11733, 868, 136, 16733, 8, -6, -4, -1209 ,-4200 ,16281 ,8 ,-10 ,0, 27553.5017, 27905.5804
11741, 880, 125, 16791, 10, -8, -4, -1233 ,-4184 ,16291 ,8 ,-10 ,0, 27616.9866, 27903.4704
11749, 924, 103, 16891, 10, -9, -5, -1273 ,-4182 ,16310 ,7 ,-8 ,0, 27723.3273, 27908.9779
11757, 928, 28, 16823, 10, -11, -5, -1277 ,-4182 ,16291 ,7 ,-6 ,0, 27616.3846, 27889.7047
11764, 959, 86, 16786, 10, -11, -6, -1304 ,-4168 ,16273 ,7 ,-6 ,-1, 27482.6288, 27826.6042
11772, 944, 186, 16872, 6, -12, -7, -1302 ,-4168 ,16303 ,10 ,-3 ,-1, 27624.1183, 27833.3575
11780, 980, 159, 16871, 2, -15, -6, -1302 ,-4178 ,16303 ,10 ,-3 ,-1, 27664.2680, 27787.5513
11788, 991, 100, 16778, 2, -15, -6, -1323 ,-4202 ,16309 ,12 ,-4 ,0, 27585.4349, 27883.2167
11796, 991, 100, 16778, 2, -15, -6, -1317 ,-4170 ,16292 ,14 ,-2 ,1, 27653.1428, 27855.2085
11804, 950, 127, 16774, 3, -16, -6, -1299 ,-4185 ,16258 ,12 ,-2 ,1, 27605.0121, 27901.7776
11812, 967, 152, 16825, 4, -17, -5, -1323 ,-4177 ,16295 ,10 ,1 ,1, 27456.1465, 27976.7245
11820, 986, 98, 16733, -1, -18, -4, -1340 ,-4165 ,16252 ,16 ,1 ,1, 27505.2369, 27911.6452
11828, 1070, 204, 16823, -2, -18, -5, -1411 ,-4289 ,16229 ,15 ,2 ,0, 27488.8903, 27965.8616
11837, 1012, 227, 16824, 5, -22, -6, -1325 ,-4189 ,16281 ,10 ,5 ,0, 27505.8776, 27941.5399
11845, 946, 156, 16926, 12, -24, -5, -1325 ,-4189 ,16281 ,10 ,5 ,1, 27572.7183, 27898.6782
11853, 961, 45, 16889, 17, -27, -6, -1309 ,-4207 ,16234 ,2 ,7 ,3, 27625.7396, 27851.0123
11861, 961, 45, 16889, 18, -31, -6, -1302 ,-4139 ,16337 ,-1 ,11 ,3, 27649.3728, 27901.5005
11868, 990, 122, 16837, 18, -31, -6, -1342 ,-4225 ,16268 ,-2 ,13 ,3, 27564.4660, 27819.6067
11876, 932, 169, 16856, 17, -33, -6, -1256 ,-4182 ,16281 ,-2 ,15 ,3, 27580.9675, 27806.7857
11884, 836, 174, 16868, 20, -35, -6, -1162 ,-4213 ,16267 ,-6 ,17 ,4, 27644.7982, 27747.7741
11892, 758, 124, 16988, 33, -39, -6, -1136 ,-4205 ,16316 ,-20 ,21 ,5, 27640.1997, 27793.9171
11900, 890, 14, 16817, 41, -44, -8, -1262 ,-4252 ,16340 ,-27 ,26 ,3, 27654.8922, 27756.7744
11908, 884, 70, 16627, 40, -43, -10, -1207 ,-4137 ,16254 ,-25 ,23 ,2, 27571.4487, 27761.4444
11916, 838, -150, 16312, 41, -40, -11, -1207 ,-4137 ,16254 ,-25 ,23 ,2, 27640.8106, 27741.3815
11925, 919, 11, 15890, 58, -34, -16, -1207 ,-4118 ,16182 ,-27 ,22 ,0, 27604.2819, 27854.0820
11934, 1134, 549, 16658, 51, -22, -14, -1301 ,-4153 ,16197 ,-43 ,15 ,-7, 27628.7585, 27853.0926
11942, 1134, 549, 17096, 9, -19, -7, -1441 ,-4270 ,16275 ,-28 ,5 ,-6, 27497.0978, 27917.6563
11951, 986, 601, 16932, -14, -20, -7, -1265 ,-4330 ,16253 ,13 ,2 ,0, 27598.0622, 27869.3289
11958, 882, 520, 17054, -14, -20, -2, -1212 ,-4329 ,16293 ,29 ,4 ,6, 27580.9437, 27884.3164
11966, 980, 263, 17275, -17, -27, 2, -1341 ,-4275 ,16382 ,28 ,9 ,11, 27588.3317, 27891.4809
11974, 1051, 190, 17108, -10, -33, 2, -1407 ,-4344 ,16340 ,23 ,16 ,12, 27542.2096, 27920.1984
11982, 951, 13, 16954, 2, -40, 0, -1300 ,-4284 ,16314 ,11 ,22 ,11, 27604.4756, 27932.9658
11990, 819, -124, 16865, 16, -46, -4, -1193 ,-4226 ,16271 ,-6 ,27 ,7, 27497.4734, 27912.0296
11998, 888, -41, 17292, 38, -52, -10, -1280 ,-4213 ,16426 ,-27 ,35 ,4, 27495.1786, 27995.3152
12006, 1128, 183, 17709, 40, -62, -11, -1280 ,-4213 ,16682 ,-27 ,35 ,4, 27556.4581, 27864.7810
12014, 1292, 239, 17877, 14, -67, -8, -1503 ,-4153 ,16691 ,-24 ,45 ,5, 27437.8598, 27710.3543
12022, 1292, -17, 16680, -6, -67, -11, -1591 ,-4286 ,16618 ,5 ,52 ,11, 27481.1417, 27813.2021
12032, 1194, 295, 16831, -6, -67, -11, -1632 ,-4314 ,16233 ,19 ,62 ,10, 27516.8061, 27987.7007
12040, 1576, 345, 16319, 20, -77, -14, -1860 ,-4243 ,16257 ,-10 ,57 ,4, 27493.5067, 28005.9367
12048, 1343, 332, 16902, 0, -71, -12, -1607 ,-4043 ,16114 ,22 ,55 ,8, 27494.7554, 27995.3778
12056, 1044, 434, 16494, -38, -71, -7, -1275 ,-4061 ,16124 ,54 ,54 ,14, 27382.0996, 27852.7558
12064, 846, 502, 16546, -49, -67, 2, -1107 ,-4184 ,16193 ,59 ,49 ,22, 27491.0897, 27871.6713
12072, 557, 223, 17089, -47, -67, 7, -941 ,-4473 ,16193 ,54 ,49 ,24, 27543.7623, 27834.3171
12080, 818, -3, 17364, -30, -78, 2, -1278 ,-4304 ,16440 ,35 ,61 ,23, 27567.9469, 27806.3059
12088, 1267, 44, 16818, -13, -87, -1, -1695 ,-4305 ,16451 ,19 ,69 ,20, 27570.0003, 27759.5937
12096, 1431, 30, 16306, 14, -84, -4, -1695 ,-4305 ,16451 ,-2 ,69 ,20, 27560.8122, 27720.8090
12106, 1189, 115, 17065, 48, -64, -10, -1848 ,-4132 ,16238 ,-2 ,68 ,16, 27501.7202, 27842.1968
12114, 1445, 551, 16609, 46, -80, -18, -1572 ,-5359 ,16398 ,-15 ,67 ,5, 27456.1971, 27728.3996
12122, 811, 210, 16388, 46, -80, -18, -1514 ,-3646 ,15766 ,-33 ,60 ,1, 27375.7368, 27863.9197
12130, 904, 210, 15876, 1, -82, -8, -1127 ,-3880 ,15741 ,15 ,63 ,12, 27403.9030, 27805.4029
12138, 574, 287, 15762, -23, -73, -4, -855 ,-3868 ,16146 ,34 ,50 ,15, 27248.1531, 27838.6474
12146, 676, 246, 16048, -31, -60, 4, -1030 ,-4095 ,16301 ,42 ,35 ,19, 27434.8378, 27931.0673
12154, 1194, 274, 16836, -22, -44, 9, -1647 ,-4190 ,16763 ,44 ,30 ,24, 27328.6104, 27942.2909
12162, 1597, -131, 16430, -7, -46, 9, -1977 ,-4402 ,16084 ,12 ,23 ,19, 27400.7112, 27830.6216
12170, 1597, 161, 16628, 7, -41, 3, -1879 ,-4056 ,15809 ,9 ,24 ,15, 27356.8749, 27770.2391
12178, 1445, -186, 17077, 6, -50, 3, -1829 ,-4026 ,15809 ,9 ,24 ,15, 27166.8941, 27894.3956
12187, 1551, -8, 17280, 0, -63, 0, -1829 ,-4026 ,16053 ,18 ,42 ,16, 27224.4096, 27713.4657
12195, 1125, -622, 17599, -17, -70, 254, -1888 ,-4088 ,16301 ,18 ,42 ,16, 27159.3958, 27887.3652
12204, 1091, -543, 17257, -29, -70, -2, -1374 ,-3514 ,16156 ,30 ,54 ,16, 27214.6940, 27938.8666
12212, 1332, -710, 17257, -29, -79, -7, -1557 ,-3542 ,16697 ,52 ,69 ,16, 27069.4703, 27900.5259
12220, 1332, 314, 16298, -83, -76, -3, -1536 ,-4367 ,16609 ,122 ,59 ,20, 26923.0694, 27828.4162
12228, 462, 104, 16254, -144, -56, -4, -824 ,-4730 ,16329 ,176 ,39 ,14, 26944.7267, 27763.7631
12238, 1100, 214, 15866, -186, -42, -15, -1540 ,-4378 ,16251 ,210 ,25 ,1, 27061.6740, 27925.1516
12246, 1319, 642, 17545, -211, -33, -15, -1595 ,-4054 ,16391 ,228 ,19 ,3, 26817.6645, 27912.2561
12254, 1172, 148, 17372, -205, -44, -3, -1516 ,-4244 ,16346 ,212 ,31 ,15, 26735.4399, 27921.7094
12262, 1179, 168, 16842, -152, -59, -6, -1620 ,-4384 ,15742 ,164 ,44 ,14, 26646.4561, 27858.0040
12271, 1617, 78, 17500, -123, -81, -8, -1993 ,-3961 ,15730 ,137 ,63 ,15, 26667.0853, 27931.9674
12279, 1713, -433, 17575, -119, -105, -10, -2195 ,-3843 ,16363 ,138 ,88 ,17, 26626.2919, 27927.3331
12289, 1849, 291, 17349, -123, -116, -8, -2047 ,-3808 ,16652 ,142 ,97 ,24, 26614.3173, 27903.8399
12297, 1244, -278, 17289, -141, -121, -3, -1568 ,-4130 ,16731 ,161 ,99 ,29, 26447.1650, 27874.7588
12305, 1163, -237, 16850, -153, -121, -9, -1568 ,-4226 ,16581 ,167 ,99 ,29, 26509.6754, 27800.3484
12314, 1029, -116, 16933, -157, -115, -13, -1582 ,-4226 ,16581 ,167 ,95 ,19, 26193.7588, 27853.1253
12323, 603, -656, 17136, -183, -109, -13, -814 ,-3581 ,16648 ,204 ,95 ,19, 26333.3321, 27831.6915
12332, 999, -857, 16004, -224, -100, -16, -902 ,-3581 ,16648 ,204 ,88 ,16, 26301.5330, 27894.4582
12340, 1447, -596, 15400, -177, -89, -6, -1414 ,-2599 ,15974 ,230 ,88 ,16, 26107.9550, 27936.3066
12348, 2398, 942, 16153, -137, -85, 6, -1930 ,-2991 ,16380 ,166 ,81 ,25, 26102.9541, 27837.0887
12358, 2136, 114, 16491, -137, -77, 1, -2767 ,-5296 ,16143 ,160 ,64 ,32, 26116.8152, 27872.9528
12366, 2095, 114, 16491, -139, -75, -12, -2431 ,-4749 ,15997 ,151 ,57 ,22, 25945.1896, 27881.8488
12374, 1583, -252, 15952, -116, -74, -12, -1806 ,-3768 ,15798 ,127 ,57 ,10, 26003.9419, 27846.0324
12383, 1085, -491, 16120, -76, -74, -13, -1367 ,-3416 ,15833 ,97 ,56 ,9, 25921.7590, 27780.9620
12391, 908, -664, 15780, -69, -75, -15, -1292 ,-3298 ,15860 ,87 ,52 ,6, 25842.7471, 27899.3279
12399, 1063, -687, 15820, -52, -70, -16, -1316 ,-3721 ,16512 ,76 ,55 ,5, 25954.4909, 27781.7398
12409, 986, -675, 16762, -33, -57, -19, -1465 ,-3620 ,16759 ,59 ,42 ,-5, 25740.0364, 27850.7024
12417, 1316, -582, 16436, -53, -47, -24, -1715 ,-3427 ,16614 ,70 ,26 ,-9, 25710.9880, 27938.8577
12425, 1726, -126, 16735, -24, -42, -20, -2138 ,-3785 ,16314 ,33 ,22 ,-6, 25540.7870, 27918.7918
12433, 1867, -642, 17174, -2, -45, -18, -2253 ,-3913 ,16329 ,19 ,28 ,-7, 25657.3260, 27700.2752
12442, 1909, -165, 17389, 0, -56, -26, -2230 ,-4280 ,16356 ,21 ,38 ,-10, 25636.3094, 27911.8359
12450, 1226, -1042, 17639, 11, -70, -34, -1462 ,-3940 ,15712 ,-6 ,60 ,-10, 25387.4958, 27850.1958
12459, 1414, -904, 16797, 74, -77, -55, -2143 ,-3452 ,15712 ,-6 ,89 ,-34, 25369.8468, 27744.3558
12468, 2908, 1178, 16252, 61, -75, -43, -3167 ,-3635 ,15800 ,-10 ,64 ,-34, 25358.0511, 27932.8048
12476, 1818, -573, 16659, 1, -73, -25, -3075 ,-3635 ,15800 ,-10 ,64 ,-16, 25131.5862, 27942.2790
12484, 1316, -370, 16204, -8, -67, -22, -1957 ,-3172 ,16404 ,10 ,58 ,-4, 25222.9571, 27868.8371
12494, 1244, -1485, 15776, -59, -58, -27, -1568 ,-3651 ,16176 ,31 ,51 ,-4, 25257.5159, 27843.2637
12502, 1560, -1446, 16032, -66, -49, -35, -1706 ,-2976 ,16198 ,67 ,39 ,-12, 25093.7432, 27878.6689
12510, 1560, -934, 15680, -77, -41, -26, -1900 ,-2692 ,16012 ,73 ,32 ,-18, 25240.9279, 27671.0868
12519, 1658, -688, 15587, -93, -41, -26, -2010 ,-2691 ,16370 ,88 ,21 ,-11, 25216.0519, 27861.9498
12527, 1936, -560, 15554, -93, -23, -14, -2240 ,-2997 ,16434 ,110 ,-1 ,-3, 25236.2460, 27810.9819
12537, 1871, -660, 15060, -96, 7, -5, -2159 ,-3514 ,16236 ,118 ,-25 ,-1, 25240.9548, 27875.5188
12545, 1777, -873, 14859, -44, 34, -8, -2168 ,-3773 ,15778 ,65 ,-48 ,-13, 25324.2165, 27812.9697
12553, 1864, -410, 15133, 9, 52, -19, -2205 ,-3760 ,15716 ,12 ,-63 ,-27, 25461.3757, 27836.0128
12561, 2012, -57, 15126, 32, 69, -21, -2380 ,-3649 ,16090 ,-16 ,-81 ,-30, 25636.8518, 27717.2834
12570, 2390, 32, 15154, 60, 91, -14, -2723 ,-3880 ,16243 ,-61 ,-104 ,-30, 25685.5786, 27875.2148
12578, 2474, 14, 15376, 125, 112, -9, -2745 ,-3819 ,15992 ,-134 ,-124 ,-33, 25751.7308, 27803.0366
12588, 2275, 567, 15500, 165, 120, -1, -2530 ,-3798 ,15478 ,-175 ,-139 ,-28, 26116.2639, 27936.2917
12596, 2169, 204, 14403, 191, 127, 8, -2414 ,-4120 ,15552 ,-218 ,-156 ,-25, 26275.9179, 27819.2818
12604, 1964, -87, 13641, 277, 163, 9, -1984 ,-3948 ,15998 ,-294 ,-199 ,-35, 26400.8939, 27740.0821
12613, -186, -1767, 14744, 308, 218, 1, -160 ,-3416 ,16432 ,-309 ,-233 ,-58, 26495.9365, 27863.3237
12621, -292, -1663, 15634, 260, 254, -22, -250 ,-3122 ,17013 ,-241 ,-267 ,-85, 26777.0886, 27788.2487
12631, 198, -1780, 15172, 191, 288, -38, -704 ,-3085 ,15935 ,-163 ,-293 ,-104, 26744.1750, 27843.6780
12640, -23, -1583, 14841, 203, 309, -57, -478 ,-3309 ,16197 ,-186 ,-307 ,-126, 27130.6753, 27885.8095
12648, 208, -1043, 16872, 233, 304, -70, -747 ,-3289 ,16144 ,-206 ,-319 ,-141, 27168.7865, 27812.0041
12658, 717, -54, 18713, 174, 303, -74, -1293 ,-3514 ,16263 ,-118 ,-303 ,-137, 27227.1395, 27791.1186
12667, 1491, 332, 19333, 54, 279, -67, -1964 ,-3518 ,15763 ,11 ,-269 ,-116, 27310.1985, 27846.9831
12675, 1915, 561, 20103, -75, 232, -54, -1964 ,-3518 ,15763 ,11 ,-269 ,-116, 27239.6505, 27799.4335
12683, 2265, 382, 19506, -163, 185, -42, -2356 ,-4002 ,16777 ,122 ,-220 ,-90, 27326.4140, 27713.1617
12693, 1862, 571, 19544, -211, 137, -32, -2586 ,-3955 ,16575 ,201 ,-177 ,-67, 27401.7394, 27859.4315
12702, 1709, 755, 20333, -217, 81, -27, -2148 ,-4518 ,16396 ,224 ,-138 ,-49, 27530.8371, 27879.9593
12710, 1666, 532, 19064, -188, 33, -23, -2118 ,-4774 ,17021 ,214 ,-85 ,-32, 27530.1725, 27829.3908
12720, 1235, 457, 18013, -127, 6, -20, -1950 ,-4704 ,16868 ,185 ,-41 ,-21, 27518.4363, 27813.0829
12728, 1018, 500, 17764, -47, -16, -16, -1520 ,-4506 ,16797 ,121 ,-15 ,-14, 27371.1234, 27831.4650
12736, 1026, 193, 17459, 19, -34, -16, -1327 ,-4246 ,16430 ,47 ,4 ,-6, 27564.3945, 27746.9128
12745, 1004, -413, 17474, 19, -34, -9, -1383 ,-4041 ,16540 ,-13 ,21 ,4, 27608.9847, 27909.4219
12753, 1004, -413, 16706, 67, -44, -6, -1388 ,-3845 ,16404 ,-57 ,28 ,6, 27519.3065, 27729.0136
12761, 1539, -558, 15980, 93, -44, -10, -2090 ,-3641 ,16325 ,-74 ,25 ,0, 27500.6443, 27855.9148
12770, 1858, -739, 15716, 82, -24, -13, -2069 ,-3545 ,16323 ,-53 ,5 ,-7, 27507.0041, 27855.6019
12778, 1420, -701, 16189, 16, -2, -17, -1737 ,-3256 ,15724 ,20 ,-12 ,-12, 27610.8205, 27660.4474
12787, 917, 312, 17778, -48, -7, -15, -1037 ,-3678 ,16690 ,73 ,-6 ,-5, 27529.6509, 27832.8449
12795, 784, 1289, 17859, -93, -14, 5, -1034 ,-3950 ,15742 ,120 ,-8 ,23, 27536.2194, 27857.5778
12803, 915, 768, 18374, -60, -55, 27, -1256 ,-3928 ,17402 ,60 ,41 ,44, 27480.1344, 27844.2979
12811, 980, 278, 17447, -59, -65, 46, -1338 ,-3554 ,17311 ,83 ,34 ,68, 27526.5038, 27822.1607
12819, 857, -398, 15544, -56, -46, 61, -1338 ,-3554 ,17311 ,83 ,34 ,74, 27596.6018, 27767.8698
12829, 97, -1224, 16292, 1, -31, 55, -1060 ,-4161 ,16100 ,62 ,13 ,74, 27701.4583, 27912.2263
12837, -398, -1457, 17488, 73, -36, 27, -475 ,-4282 ,16100 ,-2 ,1 ,58, 27593.8153, 27841.2133
12845, -138, -1336, 18653, 73, -36, -3, -132 ,-4229 ,16344 ,-69 ,15 ,29, 27617.6989, 27908.4563
12853, 704, -1336, 18653, 110, -59, -17, -546 ,-3653 ,16847 ,-95 ,48 ,6, 27468.3356, 27746.5016
12861, 704, -848, 18372, 118, -89, -17, -1273 ,-3378 ,17001 ,-99 ,76 ,2, 27602.3567, 27835.9383
12869, 1388, -862, 18019, 120, -107, -19, -1918 ,-3725 ,16610 ,-107 ,94 ,4, 27597.8923, 27608.9549
12879, 1659, -711, 17605, 137, -126, -24, -2034 ,-3561 ,16565 ,-120 ,114 ,2, 27562.1861, 27848.2318
12887, 1396, -426, 15847, 92, -127, -28, -1615 ,-3423 ,16222 ,-59 ,108 ,0, 27658.9364, 27737.6473
12896, 900, -328, 14521, 15, -99, -26, -1124 ,-3600 ,15880 ,13 ,76 ,-3, 27616.2863, 27933.3353
12904, 737, -337, 14313, -30, -60, -27, -1071 ,-3938 ,15562 ,44 ,40 ,-13, 27567.5297, 27909.9494
12912, 686, -31, 14716, -8, -32, -32, -1021 ,-3976 ,15681 ,14 ,15 ,-23, 27582.3057, 27810.2040
12920, 721, -228, 15012, 34, -11, -34, -1063 ,-3792 ,15886 ,-23 ,-5 ,-29, 27601.0275, 27784.9376
12930, 784, -556, 14987, 61, 12, -36, -1194 ,-3772 ,15969 ,-49 ,-26 ,-38, 27524.1047, 27851.8617
12938, 947, -922, 15228, 103, 30, -43, -1426 ,-3816 ,15947 ,-92 ,-44 ,-52, 27543.4762, 27865.0165
12946, 1206, -877, 15470, 153, 45, -58, -1687 ,-3816 ,15947 ,-92 ,-44 ,-71, 27589.3122, 27702.5402
12955, 1442, -781, 15675, 183, 56, -73, -1687 ,-3950 ,15965 ,-164 ,-55 ,-71, 27509.0307, 27806.1271
12963, 1363, -550, 15692, 178, 71, -87, -1703 ,-3909 ,15965 ,-164 ,-65 ,-104, 27665.9638, 27720.3470
12973, 1195, -330, 15762, 150, 87, -91, -1703 ,-3788 ,15933 ,-121 ,-76 ,-104, 27571.2371, 27905.4075
12982, 794, -137, 16015, 126, 99, -94, -1033 ,-3823 ,15933 ,-121 ,-90 ,-113, 27678.2066, 27910.2206
12990, 416, 8, 17218, 133, 102, -92, -1033 ,-3823 ,16586 ,-101 ,-100 ,-113, 27602.6279, 27843.7823
13000, 663, 657, 18298, 145, 90, -87, -780 ,-3997 ,16594 ,-114 ,-99 ,-111, 27672.2789, 27873.9661
13008, 854, 671, 18782, 162, 67, -76, -1067 ,-4240 ,16832 ,-123 ,-87 ,-102, 27538.4992, 27753.6064
13016, 1010, 777, 18706, 181, 39, -68, -1238 ,-4489 ,16929 ,-145 ,-64 ,-86, 27614.1614, 27778.0503
13025, 1307, 1567, 18706, 163, 16, -56, -1398 ,-4503 ,16854 ,-161 ,-39 ,-73, 27536.3505, 27752.4740
13033, 1431, 1567, 18555, 99, -4, -30, -1571 ,-4262 ,16589 ,-128 ,-20 ,-53, 27575.3617, 27759.0156
13043, 1431, 1754, 18398, 46, -27, -2, -1656 ,-4263 ,16412 ,-64 ,-6 ,-18, 27656.8234, 27875.4085
13051, 1246, 1339, 18598, 46, -27, -2, -1432 ,-4312 ,16531 ,-21 ,14 ,13, 27467.3879, 27856.9847
13059, 811, 691, 19456, -11, -54, 16, -1092 ,-4210 ,16796 ,42 ,42 ,35, 27570.3102, 27721.9862
13068, 549, 174, 19624, -111, -86, 22, -892 ,-4205 ,16874 ,135 ,74 ,48, 27653.7925, 27825.2304
13077, 470, 578, 18430, -188, -120, 26, -899 ,-4416 ,16634 ,186 ,101 ,60, 27584.0729, 27906.1049
13085, 1163, 188, 15042, -154, -133, 28, -1692 ,-4528 ,16144 ,130 ,100 ,58, 27461.5556, 27927.9768
13093, 1574, 542, 15713, -83, -111, 27, -1888 ,-4443 ,16237 ,70 ,78 ,53, 27490.2463, 27789.6672
13102, 1581, 488, 15191, -59, -95, 30, -1827 ,-4237 ,15348 ,67 ,61 ,53, 27501.5384, 27819.4040
13110, 1122, 137, 16323, -60, -82, 31, -1313 ,-3991 ,16219 ,69 ,55 ,52, 27391.4397, 27821.0998
13118, 485, -275, 16116, -60, -75, 32, -1313 ,-3991 ,16505 ,68 ,47 ,52, 27392.4202, 27862.2508
13126, -139, -384, 16247, -60, -61, 32, -135 ,-3783 ,16670 ,68 ,47 ,48, 27314.7166, 27812.3319
13136, -2, -55, 16631, -73, -50, 31, -135 ,-3783 ,16670 ,71 ,33 ,48, 27301.5022, 27869.5554
13142, 702, 135, 16476, -83, -42, 34, -486 ,-3931 ,16557 ,88 ,21 ,45, 27150.7263, 27707.2251
13152, 702, -121, 16371, -82, -37, 33, -1212 ,-4129 ,16258 ,90 ,13 ,48, 27160.3435, 27768.3794
13160, 1033, 375, 16234, -82, -37, 33, -1460 ,-4510 ,16046 ,90 ,8 ,43, 27063.0032, 27784.4965
13168, 1197, 497, 16234, -84, -34, 25, -1516 ,-4380 ,16020 ,93 ,5 ,36, 26892.2925, 27838.8679
13176, 1201, -88, 16571, -94, -28, 26, -1598 ,-4296 ,16135 ,108 ,1 ,35, 26768.1569, 27819.8600
13184, 1334, -670, 17195, -96, -32, 16, -1856 ,-4184 ,16114 ,100 ,8 ,24, 26717.7165, 27844.1370
13192, 1669, 154, 17453, -84, -48, 5, -1949 ,-3794 ,16461 ,90 ,26 ,20, 26711.6070, 27749.1987
13202, 1426, 88, 17045, -107, -55, 12, -1685 ,-3712 ,16815 ,120 ,26 ,31, 26758.8407, 27868.5242
13210, 1313, -568, 17034, -152, -47, 19, -1634 ,-3159 ,16691 ,161 ,21 ,36, 26590.8122, 27845.0429
13218, 1191, -384, 17148, -162, -46, 26, -1374 ,-3017 ,16715 ,162 ,21 ,46, 26464.2239, 27803.1260
13227, 977, -207, 17034, -153, -50, 41, -1279 ,-3017 ,16685 ,154 ,22 ,63, 26434.7285, 27740.4249
13235, 1067, -271, 16542, -140, -49, 56, -1492 ,-3554 ,16643 ,141 ,22 ,63, 26278.1352, 27885.7470
13243, 1366, -836, 16624, -93, -50, 61, -1492 ,-3554 ,16643 ,141 ,19 ,75, 26329.2581, 27825.2423
13253, 1026, -60, 16886, -62, -50, 52, -1702 ,-3986 ,16453 ,92 ,17 ,72, 26115.6708, 27820.8822
13261, 845, -299, 16954, -74, -48, 46, -1364 ,-4270 ,16575 ,78 ,17 ,65, 26072.9909, 27843.4128
13269, 1101, -285, 16754, -76, -43, 31, -1288 ,-4614 ,16698 ,89 ,13 ,57, 25842.6368, 27857.3900
13277, 1443, -70, 16544, -76, -43, 31, -1655 ,-4400 ,16341 ,88 ,13 ,41, 25924.2296, 27817.2582
13285, 1485, -70, 16544, -77, -40, 22, -1860 ,-3830 ,16282 ,94 ,11 ,34, 25914.6333, 27711.0934
13295, 1427, -623, 16107, -96, -36, 22, -1699 ,-3609 ,15844 ,106 ,6 ,32, 25802.5974, 27723.0263
13303, 1301, -719, 15962, -81, -40, 17, -1720 ,-3484 ,15711 ,75 ,6 ,27, 25704.6670, 27797.5947
13311, 1340, -564, 16246, -33, -45, 13, -1399 ,-3781 ,15855 ,37 ,10 ,24, 25702.2381, 27841.5322
13319, 1035, -1125, 15166, -14, -40, 6, -1606 ,-3408 ,16443 ,30 ,5 ,14, 25648.6773, 27713.8621
13328, -3, -2432, 15260, 34, -10, -5, -81 ,-2321 ,14887 ,-81 ,-10 ,-10, 25551.2625, 27892.2826
13336, 1081, -236, 15821, 187, -10, -22, -2069 ,-3637 ,15911 ,-184 ,-2 ,-16, 25489.2468, 27923.5959
13344, 2232, 365, 17873, 226, -3, -10, -2309 ,-4517 ,18164 ,-195 ,-3 ,-16, 25262.7343, 27828.5712
13354, 1402, -1155, 16336, 149, -12, -21, -1819 ,-5090 ,14878 ,-47 ,-2 ,-18, 25391.6323, 27885.0883
13362, 373, -760, 16974, 82, -3, -38, -519 ,-2818 ,17477 ,-17 ,-15 ,-38, 25217.3811, 27946.0669
13370, 761, -98, 16754, 42, -1, -38, -519 ,-2818 ,17477 ,-17 ,-15 ,-38, 25115.4125, 27841.7856
13378, 1750, 953, 17828, -44, -13, -34, -1359 ,-3803 ,15966 ,-21 ,-21 ,-35, 24988.8271, 27674.5737
13387, 1124, -70, 17164, -169, 10, -27, -1984 ,-4311 ,16427 ,95 ,-13 ,-26, 24968.4364, 27820.9507
13396, 485, -685, 17856, -188, -12, -28, -1368 ,-3902 ,16770 ,215 ,-22 ,-20, 24892.2497, 27702.6594
13405, 2752, 632, 16227, -127, -27, -22, -1191 ,-3418 ,16547 ,178 ,-7 ,-20, 24758.5118, 27851.5130
13413, 1436, -147, 16678, -38, -19, 5, -2884 ,-3050 ,16534 ,140 ,1 ,-3, 24785.5037, 27828.1093
13421, 1003, -1431, 16678, -38, -19, -3, -1626 ,-4495 ,16325 ,67 ,-5 ,16, 24813.9262, 27737.7605
13431, 1003, -1431, 16236, 21, -26, -44, -1122 ,-4054 ,14596 ,-47 ,9 ,-8, 24543.0022, 27871.8054
13439, 561, -1432, 14842, 164, -54, -44, -1489 ,-3400 ,16541 ,-207 ,28 ,-40, 24526.7272, 27816.2867
13448, 2905, 1406, 15070, 182, -30, -31, -3077 ,-2974 ,16279 ,-135 ,-12 ,-22, 24607.1458, 27779.5881
13456, 1133, -1479, 15317, 156, 23, -7, -971 ,-3784 ,16620 ,-119 ,-46 ,-14, 24496.3706, 27823.6598
13466, 547, -310, 15866, 159, 33, -18, -1064 ,-4309 ,16356 ,-137 ,-69 ,-34, 24596.0563, 27814.2571
13474, 684, -1140, 17222, 76, 48, -34, -1152 ,-3777 ,15962 ,-46 ,-73 ,-52, 24427.6494, 27907.3894
13482, 1093, -1377, 18104, -28, 37, -56, -1769 ,-2700 ,15802 ,48 ,-54 ,-63, 24451.2856, 27735.7668
13491, 2405, 354, 20023, -129, -4, -53, -2808 ,-3386 ,16003 ,138 ,-6 ,-40, 24301.0968, 27773.7647
13499, 2008, -735, 19014, -191, -57, -42, -2142 ,-3838 ,16762 ,191 ,45 ,-24, 24359.8282, 27776.8075
13509, 1588, -492, 17324, -184, -82, -46, -1962 ,-3478 ,17063 ,184 ,64 ,-22, 24262.2167, 27834.1889
13517, 1488, 225, 15909, -121, -74, -38, -1358 ,-3636 ,16657 ,130 ,52 ,-13, 24178.5526, 27749.4133
13526, -513, -953, 15244, -71, -57, -31, -167 ,-4485 ,16145 ,78 ,32 ,-21, 24256.0267, 27886.5784
13534, 1610, 112, 13251, -24, -23, -47, -1673 ,-2831 ,15948 ,31 ,-8 ,-42, 24161.8931, 27896.9020
13542, 429, 960, 13515, 31, 39, -25, -470 ,-3941 ,15978 ,-22 ,-68 ,-24, 24195.5519, 27806.6725
13552, 1427, 708, 12335, 57, 101, 0, -470 ,-3941 ,15978 ,-56 ,-68 ,-24, 24315.6344, 27945.2533
13560, 345, -232, 14063, 158, 154, 12, -196 ,-3873 ,15763 ,-56 ,-127 ,-20, 24308.5593, 27875.8109
13568, 1673, -730, 15481, 270, 160, -9, -196 ,-4192 ,15186 ,-177 ,-175 ,-28, 24191.8176, 27854.9403
13577, 3704, 599, 20775, 217, 142, -3, -3799 ,-4060 ,15730 ,-285 ,-176 ,-50, 24265.0300, 27794.9065
13585, 1877, -1463, 21408, 77, 68, -46, -3799 ,-5659 ,15007 ,-144 ,-152 ,-38, 24240.0676, 27799.0878
13595, 1422, 114, 21558, -106, -5, -61, -2004 ,-3768 ,16281 ,-20 ,-58 ,-64, 24347.6421, 27861.5057
13603, 1529, -34, 19984, -287, -50, -44, -1716 ,-3164 ,17394 ,173 ,13 ,-46, 24309.6977, 27872.9707
13612, 1050, 211, 19984, -322, -68, -7, -1655 ,-2532 ,18167 ,313 ,50 ,-14, 24525.8272, 27946.1414
13620, 1118, 211, 18613, -237, -57, 46, -985 ,-2178 ,19118 ,315 ,59 ,31, 24394.0830, 27853.2386
13629, 862, -8, 17267, -96, -57, 46, -1084 ,-1495 ,19014 ,224 ,36 ,79, 24477.8365, 27794.0959
13637, 1473, 400, 16321, -96, -31, 108, -1491 ,-1618 ,17920 ,96 ,2 ,135, 24560.8985, 27676.2873
13646, 1264, -1063, 15596, 42, -9, 164, -1698 ,-3415 ,15960 ,-34 ,-26 ,168, 24655.7683, 27826.7324
13654, 1457, -1266, 16184, 140, -15, 153, -2163 ,-5959 ,13950 ,-117 ,-15 ,142, 24564.1649, 27830.2312
13664, 1613, -1075, 17330, 116, -49, 87, -2425 ,-7237 ,13256 ,-77 ,36 ,76, 24880.6745, 27812.4958
13672, 1979, -955, 16643, 26, -86, -2, -2773 ,-5504 ,14484 ,8 ,87 ,2, 24919.5158, 27755.0191
13680, 2618, -952, 15167, -46, -91, -57, -3072 ,-3675 ,15380 ,70 ,99 ,-39, 25222.7485, 27825.7847
13689, 2062, -1168, 13850, -113, -61, -76, -1775 ,-2983 ,16233 ,138 ,64 ,-59, 25372.8777, 27825.1946
13697, -30, -2477, 12647, -172, 2, -86, -38 ,-1838 ,17458 ,181 ,2 ,-83, 25526.1868, 27841.2372
13705, -744, -1352, 11074, -151, 103, -83, 973 ,-276 ,19115 ,173 ,-113 ,-87, 25736.8505, 27738.1361
13715, -1077, 696, 10925, -84, 237, -16, 973 ,-276 ,19115 ,126 ,-268 ,-40, 25944.3820, 27752.1163
13723, -980, 1000, 11297, -23, 391, 67, 990 ,-3335 ,18631 ,126 ,-268 ,-40, 26156.4970, 27827.5847
13732, -1826, 440, 11116, 128, 527, 112, 990 ,-3335 ,18631 ,-128 ,-567 ,-256, 26473.6474, 27882.3227
13740, -1530, 593, 11729, 265, 624, 120, 558 ,-4710 ,17485 ,-128 ,-567 ,0, 26542.5324, 27809.4977
13750, -787, 81, 17877, 361, 698, 120, 558 ,-4710 ,17485 ,-258 ,-684 ,-25, 26875.9459, 27736.2466
13758, 460, -312, 20484, 423, 678, 103, -162 ,-4948 ,16493 ,-346 ,-726 ,-39, 26861.8017, 27782.7770
13766, 1650, -628, 22766, 369, 576, 63, -1701 ,-5430 ,15311 ,-374 ,-675 ,-53, 27124.5897, 27685.0492
13775, 1723, -1009, 23404, 294, 419, 11, -2748 ,-5220 ,14029 ,-317 ,-554 ,-72, 27048.9722, 27851.5965
13785, 946, -160, 23078, 211, 231, -32, -2256 ,-4442 ,12121 ,-244 ,-382 ,-84, 27332.6844, 27855.4380
13793, 266, 309, 22114, 94, 41, -51, -1276 ,-3941 ,11796 ,-160 ,-182 ,-79, 27343.0049, 27911.2518
13802, -240, -110, 20377, 3, -56, -53, -520 ,-3882 ,15321 ,-53 ,-15 ,-51, 27492.2252, 27742.0342
13810, -240, -57, 19593, -37, -90, -53, -173 ,-4154 ,17916 ,26 ,64 ,-32, 27460.9119, 27832.0372
13818, -300, -88, 19538, -37, -90, -51, -71 ,-3836 ,18909 ,55 ,86 ,-22, 27437.7614, 27826.6013
13826, -120, -88, 19538, -71, -97, -41, -565 ,-3763 ,18690 ,95 ,87 ,-8, 27462.5242, 27737.0274
13836, 784, -510, 19416, -123, -100, -29, -1048 ,-3707 ,18044 ,149 ,95 ,1, 27629.3963, 27797.9046
13844, 82, -1965, 19160, -162, -114, -34, -513 ,-2692 ,18176 ,182 ,111 ,-3, 27505.7405, 27854.2578
13852, 355, -948, 17354, -187, -122, -38, -882 ,-2832 ,16994 ,194 ,115 ,1, 27601.1407, 27733.8356
13861, 943, -596, 17058, -154, -126, -27, -1354 ,-3298 ,16121 ,149 ,119 ,10, 27546.4892, 27814.1767
13870, 1058, -1096, 16616, -111, -143, -28, -1634 ,-3398 ,15912 ,112 ,133 ,8, 27489.2271, 27787.3635
13879, 1467, -521, 14955, -89, -145, -33, -1898 ,-3498 ,15580 ,95 ,128 ,3, 27542.1321, 27889.9372
13887, 3226, 1327, 12581, -49, -124, -31, -4506 ,-4166 ,14800 ,37 ,96 ,2, 27587.5717, 27847.9338
13896, 5312, 1890, 11122, 49, -72, 2, -4877 ,-4767 ,14008 ,-61 ,27 ,20, 27706.3876, 27835.3989
13905, 3197, -1137, 14341, 99, -28, 1, -3085 ,-4782 ,13896 ,-97 ,6 ,20, 27707.9374, 27853.2624
13913, 630, -2028, 18003, 205, -44, -42, -227 ,-4665 ,13896 ,-97 ,53 ,-46, 27551.9103, 27865.8092
13921, -2078, -3442, 19057, 310, -99, -102, -227 ,-4409 ,15644 ,-223 ,53 ,-46, 27670.0944, 27686.9923
13930, -308, 23, 16180, 290, -116, -131, 1168 ,-3385 ,17247 ,-294 ,111 ,-98, 27567.4671, 27844.6972
13938, -456, -529, 17109, 197, -87, -115, 212 ,-2851 ,16875 ,-242 ,112 ,-105, 27669.0930, 27696.7973
13948, 260, -854, 18588, 89, -83, -101, -608 ,-2678 ,17419 ,-153 ,84 ,-91, 27496.0130, 27881.7505
13956, -2148, 994, 21004, -25, -89, -103, 149 ,-3943 ,17504 ,-46 ,82 ,-80, 27530.0413, 27698.0132
13965, -2253, -1007, 18736, -72, -107, -99, 2062 ,-4985 ,18730 ,54 ,103 ,-74, 27596.6585, 27864.2505
13973, -1328, -2792, 18195, -73, -117, -119, 1404 ,-3638 ,17762 ,87 ,120 ,-70, 27611.6103, 27797.1596
13983, 80, -2969, 17746, -83, -125, -140, 319 ,-2521 ,17995 ,86 ,131 ,-93, 27544.8799, 27785.0628
13991, 1151, -2189, 17753, -72, -125, -155, -931 ,-2223 ,17905 ,99 ,135 ,-111, 27664.1190, 27729.6275
14000, 2022, -1087, 17832, -40, -133, -173, -1932 ,-3278 ,17088 ,72 ,139 ,-125, 27487.1677, 27786.8241
14010, 2225, -217, 18238, -44, -154, -183, -2591 ,-3914 ,16316 ,49 ,156 ,-140, 27623.3852, 27815.5833
14018, 2581, 1021, 17909, -61, -179, -174, -2624 ,-3605 ,16218 ,61 ,182 ,-140, 27613.1928, 27675.3306
14027, 2800, 2862, 17575, -71, -179, -134, -2788 ,-3488 ,16298 ,81 ,203 ,-117, 27643.4243, 27797.8003
14036, 2449, 3808, 17046, -71, -199, -64, -2880 ,-3505 ,16085 ,84 ,215 ,-63, 27631.4169, 27875.0718
14045, 1579, 5174, 16984, -62, -218, 28, -2068 ,-3425 ,16049 ,71 ,214 ,16, 27571.1805, 27788.0937
14054, 1615, 5174, 16984, -47, -230, 145, -1042 ,-3557 ,16267 ,61 ,205 ,115, 27677.7834, 27808.9583
14062, 591, 6951, 17166, -30, -261, 145, 184 ,-4122 ,16545 ,38 ,188 ,241, 27585.9475, 27912.5750
14071, -1288, 10071, 18261, -4, -279, 466, 1448 ,-4597 ,16691 ,20 ,172 ,399, 27542.1888, 27765.2323
14080, -1288, 10071, 18005, -11, -279, 466, 1404 ,-5890 ,16905 ,12 ,152 ,572, 27604.1836, 27822.9594
14089, 85, 9473, 16615, 69, -286, 631, -720 ,-6615 ,15909 ,-113 ,125 ,721, 27643.5494, 27866.2562
14097, 1548, 5872, 15927, 223, -288, 750, -2132 ,-7507 ,15105 ,-254 ,104 ,809, 27608.5258, 27800.0593
14106, 1205, 938, 16233, 240, -286, 771, -2283 ,-7700 ,15408 ,-199 ,97 ,795, 27619.8566, 27826.6460
14115, 1457, -2193, 16820, 70, -260, 698, -2650 ,-6172 ,16543 ,-5 ,91 ,709, 27393.9341, 27871.9962
14124, 1462, -4415, 15783, -83, -228, 597, -2371 ,-5242 ,16329 ,104 ,82 ,601, 27637.9049, 27823.4392
14132, 910, -4964, 15064, -107, -201, 484, -1706 ,-3922 ,15503 ,100 ,81 ,488, 27539.5304, 27845.7254
14141, 372, -5239, 14479, -58, -186, 385, -1292 ,-2850 ,15116 ,62 ,86 ,391, 27637.0376, 27745.3810
14150, 1157, -5492, 14966, -98, -165, 298, -2188 ,-2216 ,15693 ,132 ,84 ,307, 27587.4197, 27796.7006
14159, 969, -6359, 15632, -155, -148, 217, -1516 ,-1579 ,16451 ,163 ,86 ,226, 27622.9292, 27859.3183
14167, 149, -5630, 16318, -154, -141, 142, -529 ,-1338 ,16726 ,166 ,95 ,157, 27503.0375, 27807.7245
14177, -903, -4685, 16435, -160, -135, 90, 433 ,-2226 ,17102 ,168 ,97 ,109, 27699.1427, 27896.5592
14185, -1201, -3624, 16846, -142, -125, 43, 592 ,-2698 ,16853 ,154 ,100 ,62, 27566.9217, 27843.7257
14194, -1342, -2714, 17091, -175, -123, 5, 792 ,-2475 ,16731 ,217 ,103 ,30, 27741.4322, 27815.5088
14202, -1220, -3177, 16888, -282, -114, -23, 512 ,-2423 ,16899 ,322 ,104 ,3, 27577.0128, 27747.8933
14211, -605, -3238, 16910, -386, -104, -55, -244 ,-2341 ,17420 ,423 ,94 ,-28, 27635.5058, 27880.6686
14220, 514, -3667, 15356, -443, -81, -87, -1660 ,-2190 ,16259 ,424 ,84 ,-66, 27548.9181, 27798.8285
14229, 2407, -2283, 14187, -345, -63, -115, -1660 ,-2217 ,16259 ,424 ,84 ,-66, 27698.7195, 27866.1251
14237, 3685, -322, 15201, -247, -38, -107, -3187 ,-1961 ,16211 ,322 ,38 ,-90, 27657.7085, 27750.0242
14247, 4159, 966, 16355, -189, -26, -75, -4087 ,-2578 ,16361 ,233 ,38 ,-81, 27628.6125, 27823.0369
14255, 4028, 935, 16242, -186, -32, -39, -4278 ,-3090 ,15732 ,197 ,28 ,-47, 27712.6014, 27756.1724
14264, 4190, 1528, 15813, -169, -44, -11, -4207 ,-3546 ,14998 ,192 ,28 ,-14, 27569.6099, 27730.7361
14272, 3702, 399, 15096, -150, -49, 21, -4246 ,-3546 ,15191 ,179 ,32 ,16, 27554.9591, 27777.0132
14282, 3321, -310, 14756, -84, -53, 31, -3864 ,-3557 ,14789 ,140 ,29 ,44, 27621.6030, 27892.7237
14290, 1968, -389, 14429, -33, -40, 21, -3356 ,-4071 ,14962 ,79 ,28 ,46, 27494.2517, 27896.4132
14298, 1682, -502, 14140, -7, -10, 2, -2133 ,-4744 ,15700 ,34 ,11 ,24, 27545.8187, 27825.8979
14306, 1682, -246, 14004, 33, -10, 2, -1957 ,-4345 ,15759 ,8 ,-20 ,-1, 27549.3145, 27752.2445
14315, 1444, -58, 14004, 33, 27, -10, -1741 ,-4124 ,16008 ,-31 ,-58 ,-19, 27662.9806, 27867.0967
14323, 1418, -475, 14035, 65, 72, -14, -1755 ,-3647 ,15844 ,-57 ,-99 ,-32, 27583.5365, 27790.9964
14331, 1469, -803, 14629, 99, 108, -19, -1894 ,-3024 ,15951 ,-85 ,-129 ,-43, 27550.9298, 27873.9542
14341, 1776, -1195, 15507, 122, 131, -18, -2240 ,-2265 ,16068 ,-99 ,-148 ,-45, 27667.5940, 27812.1710
14349, 2048, -1349, 16640, 118, 137, -11, -2366 ,-1999 ,16259 ,-88 ,-151 ,-35, 27623.3226, 27770.9693
14358, 1982, -1452, 17276, 103, 130, 1, -2332 ,-2167 ,16289 ,-75 ,-142 ,-21, 27543.9620, 27849.4745
14368, 2013, -1369, 17461, 100, 111, 8, -2445 ,-3049 ,16373 ,-70 ,-125 ,-13, 27624.9766, 27751.9345
14376, 1959, -697, 18089, 86, 92, 6, -2262 ,-3905 ,16614 ,-57 ,-106 ,-13, 27480.3758, 27914.1933
14384, 1530, -494, 18334, 59, 72, -1, -1847 ,-3970 ,16576 ,-20 ,-84 ,-16, 27602.0199, 27730.5067
14393, 1522, -425, 17775, -4, 56, -10, -2004 ,-4194 ,16538 ,38 ,-69 ,-20, 27577.5790, 27771.9080
14401, 1560, -132, 17289, -45, 49, -19, -1832 ,-4018 ,16691 ,62 ,-63 ,-25, 27599.5255, 27839.0557
14409, 998, -601, 17680, -55, 43, -20, -1832 ,-3401 ,16739 ,69 ,-63 ,-25, 27620.9056, 27742.6839
14419, 610, -1525, 16744, -56, 36, -24, -1184 ,-3401 ,16739 ,69 ,-50 ,-31, 27672.8421, 27750.2954
14427, 1062, -2012, 15880, -33, 45, -43, -1184 ,-3225 ,16518 ,34 ,-50 ,-31, 27542.3408, 27738.7172
14435, 1330, -1736, 16498, 13, 55, -64, -1705 ,-3248 ,16518 ,34 ,-58 ,-73, 27673.1819, 27671.9719
14444, 1198, -1370, 17762, 56, 45, -64, -1705 ,-2388 ,16469 ,-7 ,-61 ,-73, 27471.3069, 27674.4843
14452, 939, -1094, 18652, 100, 12, -59, -1494 ,-2626 ,16305 ,-44 ,-43 ,-66, 27588.2721, 27602.3805
14462, 994, -239, 18933, 75, -24, -57, -1318 ,-2934 ,16567 ,-74 ,-6 ,-57, 27574.6286, 27702.6504
14470, 1320, 371, 17866, -3, -49, -44, -1412 ,-3373 ,16684 ,-24 ,25 ,-41, 27527.5171, 27684.0955
14478, 1329, -89, 17356, -50, -61, -33, -1698 ,-3817 ,16369 ,39 ,42 ,-22, 27547.6217, 27536.8243
14487, 1247, -255, 17997, -88, -61, -33, -1640 ,-3610 ,16438 ,79 ,49 ,-12, 27633.1872, 27628.8807
14496, 1270, -322, 17997, -88, -70, -29, -1628 ,-3575 ,16462 ,114 ,61 ,-4, 27533.5610, 27584.1653
14504, 1270, -322, 18572, -120, -95, -26, -1566 ,-3424 ,16128 ,152 ,88 ,8, 27624.6279, 27394.1070
14513, 966, -558, 18080, -165, -128, -24, -1182 ,-3104 ,16087 ,189 ,120 ,16, 27562.8746, 27424.5590
14521, 329, -856, 17682, -187, -157, -20, -474 ,-2847 ,15974 ,200 ,146 ,25, 27748.2539, 27375.9872
14531, -469, -1860, 16964, -176, -184, -22, 128 ,-2863 ,15861 ,176 ,174 ,25, 27515.0508, 27260.9562
14539, -849, -3147, 16471, -107, -206, -44, 52 ,-3366 ,16517 ,102 ,195 ,-5, 27578.8039, 27179.7508
14548, 177, -2517, 15866, -29, -211, -87, -1220 ,-3708 ,17215 ,33 ,196 ,-50, 27534.1660, 27217.3256
14556, 1470, -1976, 16522, 24, -190, -121, -2326 ,-3068 ,17765 ,-9 ,178 ,-84, 27589.0678, 27067.9981
14566, 2413, -1632, 17573, 24, -166, -135, -2875 ,-2593 ,17554 ,6 ,165 ,-96, 27501.0526, 27072.9661
14574, 2486, -347, 18329, -14, -163, -127, -2695 ,-2433 ,16771 ,46 ,166 ,-78, 27584.3412, 26840.1563
14583, 2367, -206, 17424, -49, -180, -102, -2447 ,-2670 ,16042 ,65 ,182 ,-47, 27521.6520, 26816.4247
14591, 1482, -1136, 15974, -53, -192, -86, -1590 ,-3386 ,16148 ,62 ,184 ,-39, 27638.4860, 26559.0221
14601, 792, -1460, 15134, -38, -181, -97, -1176 ,-3756 ,15648 ,44 ,171 ,-60, 27478.3254, 26607.7429
14610, 618, -1374, 15012, -13, -168, -121, -1146 ,-3785 ,15785 ,21 ,156 ,-85, 27638.5576, 26623.8064
14618, 1105, -1299, 14390, 13, -152, -143, -1719 ,-3058 ,15415 ,-20 ,138 ,-110, 27546.0243, 26471.7013
14628, 1705, -809, 14098, 84, -131, -151, -2104 ,-2463 ,15758 ,-85 ,115 ,-116, 27546.4058, 26308.4173
14637, 2141, -188, 15312, 135, -113, -136, -2433 ,-2723 ,16353 ,-117 ,90 ,-101, 27566.6386, 26135.4208
14645, 2395, -684, 15675, 137, -96, -116, -2874 ,-2731 ,16487 ,-108 ,68 ,-89, 27550.1013, 26010.0305
14654, 2911, -416, 15803, 126, -73, -103, -3040 ,-2296 ,16179 ,-108 ,68 ,-77, 27646.1929, 25829.0797
14663, 2478, 329, 15804, 102, -58, -76, -3040 ,-2552 ,16608 ,-60 ,31 ,-45, 27664.3783, 25742.8467
14672, 1900, 475, 15834, 54, -41, -37, -1983 ,-2266 ,17436 ,-12 ,-225 ,-9, 27662.0895, 25612.5093
14680, 2031, 124, 15470, 16, -4, 5, -1956 ,-2266 ,17098 ,15 ,-50 ,25, 27573.1683, 25571.8768
14688, 2419, 529, 16762, 11, 19, 51, -2212 ,-2114 ,17098 ,15 ,-50 ,25, 27609.6374, 25422.0009
14696, 2541, 387, 18376, 24, 1, 86, -2703 ,-2715 ,15863 ,16 ,-77 ,64, 27614.3491, 25382.5337
14704, 2104, -1321, 19365, 38, -59, 85, -2761 ,-3897 ,15040 ,-4 ,-48 ,97, 27651.5663, 25302.5025
14714, 1789, -1957, 19042, 38, -118, 48, -2548 ,-4385 ,15849 ,-17 ,16 ,95, 27608.3350, 25162.1544
14722, 1890, -2031, 19042, 50, -143, 14, -2232 ,-4101 ,16791 ,-15 ,74 ,67, 27621.6358, 25286.2215
14730, 1890, -1007, 17271, 74, -127, 14, -2348 ,-3974 ,17567 ,-27 ,93 ,42, 27618.5870, 25039.3987
14739, 2262, -1094, 16304, 124, -127, 2, -2681 ,-3076 ,17432 ,-63 ,75 ,28, 27579.9930, 25047.4513
14747, 2397, -1088, 15621, 124, -100, 2, -2517 ,-2788 ,17107 ,-114 ,51 ,26, 27429.3303, 24988.9046
14757, 2253, -834, 15603, 171, -73, 10, -2681 ,-3473 ,16466 ,-155 ,27 ,25, 27581.9808, 24973.9975
14765, 2365, -1760, 15302, 210, -51, 4, -2536 ,-3336 ,15450 ,-193 ,14 ,6, 27432.4983, 24915.5998
14773, 1592, -1570, 15377, 249, -43, -22, -1955 ,-3338 ,15209 ,-215 ,13 ,-20, 27565.5270, 24791.7980
14782, 1892, -322, 15932, 245, -41, -38, -2214 ,-3477 ,15094 ,-189 ,13 ,-27, 27582.7855, 24680.5698
14790, 2054, 62, 16738, 198, -50, -37, -2504 ,-3604 ,15419 ,-139 ,23 ,-18, 27571.7467, 24644.1960
14800, 2469, 839, 17735, 123, -68, -26, -2496 ,-3761 ,16076 ,-52 ,36 ,1, 27541.0414, 24628.7584
14808, 2224, 94, 17692, 26, -84, -13, -2428 ,-3619 ,17066 ,35 ,47 ,17, 27474.6001, 24511.4505
14816, 2625, 467, 16190, -50, -77, 4, -2755 ,-3062 ,17937 ,116 ,25 ,34, 27526.5425, 24618.8104
14824, 2495, 538, 17245, -119, -42, 37, -2755 ,-3062 ,17937 ,116 ,25 ,34, 27548.2088, 24476.8828
14834, 2886, -578, 16394, -92, -22, 59, -2703 ,-3339 ,17639 ,151 ,-7 ,61, 27533.1944, 24449.5243
14842, 2319, -1298, 18263, -33, -19, 59, -3190 ,-3568 ,17048 ,101 ,-24 ,69, 27440.9920, 24517.4468
14850, 1822, -2378, 16143, 75, -46, 31, -2415 ,-3776 ,16020 ,28 ,-8 ,62, 27507.8177, 24322.1909
14859, 1700, -1940, 16982, 205, -77, -13, -2381 ,-3959 ,14916 ,-85 ,23 ,28, 27477.4522, 24399.7723
14867, 1635, -1809, 17946, 283, -132, -50, -2047 ,-3577 ,14616 ,-189 ,62 ,-4, 27476.4270, 24492.7615
14877, 2393, -958, 17413, 302, -188, -80, -2402 ,-3672 ,14448 ,-258 ,129 ,-28, 27583.9925, 24454.1019
14885, 2061, -605, 15157, 252, -190, -97, -2700 ,-3989 ,16235 ,-264 ,181 ,-48, 27652.0342, 24386.9305
14894, 1920, -58, 13630, 181, -120, -93, -2154 ,-3360 ,17680 ,-211 ,173 ,-63, 27544.2094, 24611.2198
14904, 2729, 763, 14857, 62, -14, -63, -2114 ,-2872 ,18721 ,-131 ,87 ,-70, 27635.6667, 24745.0560
14912, 2729, -5, 16680, -82, 56, -39, -3066 ,-3531 ,17674 ,-10 ,-10 ,-55, 27495.6226, 24810.7046
14920, 2915, -622, 16778, -198, 56, -39, -3061 ,-4299 ,16638 ,113 ,-59 ,-50, 27502.5368, 24661.5976
14929, 2574, 178, 17432, -198, 79, -49, -2876 ,-4154 ,16384 ,203 ,-69 ,-65, 27601.9663, 24972.1974
14937, 2268, 77, 17432, -273, 88, -58, -2233 ,-3404 ,16541 ,258 ,-70 ,-68, 27630.5616, 25125.4529
14947, 2233, 77, 16912, -297, 80, -46, -2516 ,-2299 ,15866 ,253 ,-62 ,-48, 27730.3278, 25226.0864
14955, 2408, 609, 16135, -258, 65, -12, -2337 ,-1936 ,15492 ,200 ,-53 ,-6, 27613.3060, 25348.4279
14963, 1996, 338, 14964, -184, 57, 35, -1796 ,-2318 ,15995 ,108 ,-55 ,36, 27665.3290, 25587.0432
14972, 1129, -776, 14223, -79, 79, 70, -1140 ,-2724 ,17183 ,21 ,-82 ,52, 27681.1808, 25836.4707
14980, 1122, -919, 15198, -16, 131, 86, -1694 ,-2165 ,18701 ,-8 ,-138 ,55, 27586.4154, 26017.0043
14988, 2180, -197, 16063, -24, 190, 114, -2582 ,-2950 ,18392 ,0 ,-197 ,75, 27756.6701, 26122.2839
14998, 2542, -1350, 16450, -22, 242, 136, -3128 ,-3632 ,18311 ,20 ,-242 ,74, 27576.0382, 26478.6661
15006, 2907, -2540, 18816, -38, 275, 119, -3606 ,-4110 ,17491 ,52 ,-254 ,42, 27529.7254, 26485.1570
15015, 2882, -1202, 21653, -111, 248, 79, -3298 ,-5469 ,15740 ,131 ,-202 ,11, 27664.6167, 26809.2185
15023, 2198, 1048, 22799, -224, 151, 40, -2428 ,-6170 ,14115 ,230 ,-202 ,9, 27627.4562, 26788.2258
15033, 1531, 1367, 19775, -282, 24, 16, -2471 ,-6170 ,14115 ,230 ,-94 ,9, 27695.1611, 27049.6219
15044, 846, -552, 15749, -220, -71, -3, -1389 ,-4334 ,14285 ,159 ,89 ,13, 27658.8500, 27149.1408
15049, 1235, -1233, 14152, -67, -102, -30, -1389 ,-4334 ,14285 ,159 ,89 ,13, 27708.0417, 27166.4977
15058, 1014, -1413, 15085, 86, -94, -44, -1553 ,-3428 ,15521 ,8 ,98 ,-12, 27458.3191, 27280.3932
15066, 1028, -1714, 15629, 191, -70, -51, -1446 ,-3087 ,17103 ,-104 ,81 ,-27, 27608.4960, 27357.0210
15076, 944, -977, 15334, 262, -33, -50, -1468 ,-2850 ,17478 ,-184 ,56 ,-41, 27593.9584, 27603.2388
15084, 711, -1481, 14966, 271, 15, -41, -990 ,-2640 ,17766 ,-231 ,17 ,-46, 27596.5512, 27581.7990
15093, 1342, -771, 15285, 242, 63, -28, -1204 ,-2107 ,17352 ,-224 ,-31 ,-49, 27691.8828, 27567.8992
15101, 1936, -707, 15397, 167, 106, -10, -1923 ,-2577 ,17222 ,-186 ,-80 ,-40, 27641.1802, 27667.7519
15111, 1615, 806, 15933, 87, 146, 9, -1991 ,-2688 ,17412 ,-119 ,-129 ,-34, 27632.1054, 27668.9887
15119, 1067, 1785, 15957, 49, 146, 53, -1591 ,-2888 ,16129 ,-55 ,-170 ,-12, 27549.7407, 27710.5749
15128, 390, 751, 15957, 49, 165, 95, -1039 ,-3411 ,15830 ,-34 ,-189 ,34, 27658.1943, 27786.3294
15136, 390, 751, 16334, 62, 163, 102, -578 ,-3784 ,15668 ,-72 ,-196 ,65, 27531.6775, 27798.7897
15145, 150, -1879, 15042, 152, 154, 102, -925 ,-3753 ,15376 ,-175 ,-189 ,54, 27576.1157, 27742.4425
15154, 1091, -2961, 14272, 267, 159, 61, -2398 ,-3940 ,15401 ,-267 ,-194 ,0, 27761.4444, 27747.0261
15162, 1990, -579, 14206, 328, 183, 19, -1910 ,-3411 ,15608 ,-291 ,-216 ,-32, 27530.6314, 27876.4397
15171, 1672, 580, 16175, 304, 210, 18, -2282 ,-4105 ,16464 ,-255 ,-238 ,-29, 27715.8529, 27792.0216
15180, 2489, -366, 18722, 234, 214, 22, -3318 ,-3536 ,16494 ,-174 ,-229 ,-25, 27608.4065, 27885.4579
15189, 3347, 39, 18401, 130, 195, 23, -3714 ,-3756 ,15970 ,-72 ,-203 ,-17, 27596.4171, 27807.2596
15197, 3571, 249, 18110, 38, 171, 29, -4344 ,-3870 ,15625 ,12 ,-178 ,-3, 27525.0643, 27848.7176
15205, 3663, 92, 17792, -42, 136, 37, -3130 ,-3153 ,15018 ,61 ,-143 ,17, 27650.9672, 27724.4210
15215, 2312, -542, 16551, -41, 100, 44, -2797 ,-2802 ,15984 ,52 ,-121 ,31, 27752.0150, 27892.6492
15223, 2442, -54, 16387, -18, 86, 55, -2797 ,-2802 ,15984 ,28 ,-113 ,46, 27493.9328, 27813.1336
15231, 1120, -772, 17224, -5, 84, 62, -1315 ,-3188 ,16101 ,28 ,-113 ,46, 27655.4942, 27804.3121
15240, 448, -2798, 18885, -108, 75, 44, -1315 ,-3188 ,16869 ,145 ,-88 ,23, 27699.4109, 27806.8364
15248, 825, -2987, 18724, -137, 45, 4, -1039 ,-3566 ,16746 ,145 ,-88 ,23, 27586.6598, 27822.0594
15256, 684, -1874, 16946, -130, 12, -34, -1201 ,-3176 ,16508 ,141 ,-43 ,-11, 27554.3630, 27842.2862
15266, 2142, -3405, 15235, -98, 9, -70, -2125 ,-3638 ,15845 ,138 ,-17 ,-37, 27701.7832, 27843.1326
15274, 1672, -4378, 15775, -71, 18, -123, -2865 ,-3260 ,15912 ,80 ,-9 ,-89, 27662.2266, 27858.8772
15283, 1027, -835, 15814, -127, 17, -146, -1491 ,-597 ,15875 ,111 ,-14 ,-133, 27662.8524, 27875.5695
15291, 170, 2169, 17266, -95, 22, -111, -1103 ,-3086 ,16430 ,134 ,-16 ,-136, 27611.1782, 27831.8495
15301, -460, 1694, 17498, -61, 5, -59, 234 ,-3064 ,16275 ,92 ,-22 ,-86, 27574.5779, 27942.7201
15309, 166, 1785, 17498, -32, 2, -21, 31 ,-4302 ,16660 ,69 ,-12 ,-37, 27461.4900, 27814.2929
15317, 166, 1785, 16522, 7, 2, -21, -744 ,-4491 ,17711 ,34 ,-26 ,-7, 27427.2412, 27831.3398
15325, 1168, 759, 17607, 7, 22, 4, -1697 ,-4537 ,18040 ,2 ,-47 ,8, 27473.5928, 27901.1101
15333, 1722, 915, 18758, 23, 30, 18, -2298 ,-5139 ,17776 ,-17 ,-50 ,17, 27582.5769, 27879.8521
15341, 2241, 520, 19253, 50, 19, 23, -2699 ,-4601 ,16616 ,-38 ,-29 ,21, 27517.6764, 27773.2968
15349, 1958, 148, 19100, 39, -13, 22, -1881 ,-4601 ,16616 ,-7 ,9 ,31, 27542.9994, 27810.6511
15357, 1074, -222, 18354, -22, -56, 26, -1252 ,-2902 ,15584 ,59 ,9 ,31, 27561.4142, 27791.0143
15365, 958, 257, 16183, -100, -88, 42, -1252 ,-2902 ,15584 ,59 ,48 ,50, 27693.3461, 27727.7142
15375, 1080, -48, 15405, -150, -91, 62, -1223 ,-2855 ,15319 ,133 ,63 ,73, 27603.6114, 27805.2866
15383, 1423, -453, 15404, -148, -75, 75, -1497 ,-3196 ,16124 ,162 ,53 ,92, 27596.1190, 27872.3091
15391, 1483, -1378, 15572, -105, -49, 71, -1818 ,-3762 ,16693 ,139 ,32 ,93, 27671.9689, 27734.7028
15400, 1842, -1936, 15646, -60, -22, 54, -2059 ,-3645 ,17168 ,97 ,7 ,76, 27507.2336, 27812.0190
15408, 1694, -854, 15823, -56, 6, 33, -2382 ,-3298 ,16557 ,74 ,-17 ,51, 27483.3858, 27781.4716
15416, 1694, -854, 16025, -37, 20, 29, -1985 ,-4230 ,16402 ,72 ,-38 ,30, 27546.6919, 27837.1036
15426, 1752, -1266, 15854, -37, 20, 29, -1967 ,-4457 ,15027 ,33 ,-42 ,25, 27656.0098, 27841.4160
15434, 1043, -1148, 15854, -21, 15, 23, -1150 ,-3378 ,15038 ,38 ,-32 ,14, 27516.8747, 27834.0071
15442, 439, -616, 16391, -65, 8, 6, -783 ,-3713 ,15755 ,92 ,-24 ,5, 27479.9854, 27838.8113
15450, 479, 13, 16358, -112, 3, 4, -918 ,-3518 ,16046 ,145 ,-26 ,9, 27475.0084, 27801.6388
15458, 951, -1235, 14350, -155, 20, 6, -1553 ,-2423 ,16373 ,159 ,-52 ,2, 27503.6275, 27839.8842
15466, 1500, -2721, 15056, -135, 52, -2, -2145 ,-1885 ,16908 ,147 ,-83 ,244, 27570.2149, 27775.8002
15476, 2022, -1844, 16316, -109, 77, -7, -2440 ,-3302 ,17022 ,102 ,-100 ,-20, 27628.6751, 27894.0588
15484, 1677, -1521, 16586, -36, 86, -15, -1861 ,-3666 ,16481 ,33 ,-103 ,-36, 27545.8068, 27697.2264
15493, 1086, -1563, 16063, 11, 92, -34, -1496 ,-3755 ,16390 ,6 ,-107 ,-60, 27581.3341, 27759.6474
15501, 1234, -851, 17132, 7, 102, -54, -1496 ,-3755 ,16390 ,6 ,-107 ,-60, 27549.1834, 27763.9747
15511, 1543, 7, 18993, -22, 89, -56, -1763 ,-3451 ,16532 ,22 ,-109 ,-75, 27705.0346, 27734.8012
15519, 1729, -36, 20221, -79, 42, -44, -1930 ,-3292 ,16158 ,59 ,-82 ,-62, 27625.3909, 27605.2892
15527, 1472, -972, 20746, -126, -34, -32, -2070 ,-2993 ,15814 ,114 ,-25 ,-34, 27518.5704, 27615.4071
15536, 926, -1297, 19902, -132, -123, -31, -1757 ,-2765 ,15681 ,146 ,54 ,-8, 27559.4860, 27593.2252
15544, 275, -1534, 17936, -122, -196, -37, -1126 ,-2751 ,15583 ,145 ,137 ,10, 27544.1229, 27534.0468
15554, 430, -989, 15257, -95, -211, -57, -648 ,-3890 ,16103 ,130 ,192 ,9, 27613.7590, 27595.4217
15562, 1352, -590, 14665, -88, -158, -74, -1145 ,-4385 ,17651 ,102 ,184 ,-17, 27547.5770, 27559.9658
15571, 2646, -896, 15512, -101, -81, -69, -2177 ,-3399 ,18728 ,99 ,118 ,-41, 27648.3178, 27465.7577
15579, 3067, -1579, 17242, -122, -25, -51, -3173 ,-2288 ,18453 ,118 ,44 ,-42, 27612.6832, 27530.1337
15589, 2942, -1669, 18923, -159, -12, -51, -3369 ,-2315 ,17853 ,144 ,8 ,-34, 27621.9577, 27482.0596
15597, 2372, -1591, 18981, -188, -12, -43, -3154 ,-2341 ,16976 ,185 ,15 ,-26, 27566.7310, 27412.4652
15606, 1896, -2115, 17633, -188, -41, -36, -2506 ,-2220 ,16110 ,192 ,55 ,-12, 27479.7857, 27504.4769
15614, 1682, -1650, 17633, -155, -87, -37, -2294 ,-2805 ,15791 ,141 ,101 ,-12, 27525.2491, 27437.8806
15624, 1628, -1715, 17497, -98, -123, -49, -1951 ,-2274 ,15844 ,104 ,134 ,-15, 27526.7631, 27528.0356
15633, 1470, -435, 16941, -73, -151, -26, -1942 ,-2960 ,16002 ,89 ,153 ,0, 27670.3387, 27421.0960
15641, 1470, 349, 15880, -71, -160, -26, -1424 ,-3845 ,15704 ,87 ,149 ,16, 27563.9832, 27469.5754
15649, 610, -231, 14231, -70, -148, -18, -635 ,-3663 ,15254 ,70 ,126 ,14, 27647.7933, 27390.1314
15659, -117, -1499, 12684, -41, -118, -28, -307 ,-3327 ,15533 ,34 ,83 ,-9, 27530.0682, 27538.8956
15667, 128, -915, 12397, -5, -67, -43, -617 ,-3240 ,15954 ,13 ,22 ,-32, 27538.7168, 27425.7451
15675, 507, -50, 12926, 3, 2, -42, -640 ,-2423 ,16328 ,22 ,-47 ,-35, 27586.6896, 27381.9625
15683, 646, -286, 13609, -14, 66, -17, -1129 ,-2162 ,16623 ,37 ,-113 ,-18, 27620.3483, 27332.4251
15693, 1325, -218, 14653, -15, 119, 15, -1846 ,-2909 ,16591 ,34 ,-162 ,1, 27603.6650, 27439.7969
15701, 2099, -646, 16328, -7, 151, 37, -2614 ,-3147 ,16591 ,34 ,-162 ,1, 27487.2720, 27384.5553
15709, 2488, -1326, 17525, -12, 149, 38, -2683 ,-3147 ,16250 ,31 ,-168 ,9, 27626.8274, 27304.8043
15718, 2296, -1534, 17942, -20, 118, 38, -2890 ,-2474 ,15687 ,38 ,-168 ,8, 27608.1651, 27323.3861
15726, 1847, -1350, 18741, -33, 70, 40, -2486 ,-2088 ,15438 ,44 ,-133 ,21, 27586.7820, 27188.8196
15734, 1698, -1050, 19843, -75, 19, 43, -2111 ,-2658 ,16093 ,69 ,-83 ,37, 27564.4720, 27128.7978
15744, 1916, -787, 20230, -133, -26, 44, -2242 ,-3269 ,17176 ,114 ,-33 ,49, 27591.6934, 27150.7680
15752, 1738, -1158, 19253, -175, -64, 43, -2252 ,-3346 ,17436 ,159 ,11 ,59, 27726.5877, 27099.6660
15761, 1648, -1209, 17139, -169, -82, 42, -2102 ,-3149 ,17400 ,179 ,45 ,65, 27590.8709, 27087.7659
15769, 1356, -1384, 16285, -122, -70, 39, -1886 ,-3396 ,17564 ,152 ,58 ,64, 27570.3162, 27041.9031
15779, 1418, -554, 16242, -122, -49, 40, -1742 ,-2966 ,17469 ,113 ,42 ,54, 27612.3136, 27006.2298
15787, 1266, -554, 16498, -89, -32, 52, -1683 ,-3216 ,17199 ,94 ,16 ,57, 27472.0311, 27082.5952
15795, 1266, -298, 16790, -71, -22, 52, -1464 ,-3634 ,16791 ,81 ,-3 ,65, 27598.2171, 26957.5834
15803, 902, -845, 16855, -67, -22, 56, -1063 ,-3692 ,16031 ,77 ,-4 ,61, 27625.3164, 26814.1001
15812, 348, -1590, 17208, -63, -33, 43, -840 ,-3585 ,15741 ,65 ,18 ,44, 27720.0460, 26922.1246
15828, 824, -1878, 17819, -71, -62, -14, -1648 ,-2227 ,16468 ,92 ,48 ,-3, 27506.2382, 26943.4631
15830, 824, -1878, 17819, -71, -62, -14, -1648 ,-2227 ,16468 ,92 ,48 ,-3, 27712.0143, 26842.7312
15837, 1423, -1715, 17404, -155, -76, -28, -1663 ,-3355 ,16906 ,190 ,59 ,-7, 27668.3122, 26736.9151
15846, 1420, -1136, 17417, -202, -78, -34, -1919 ,-2609 ,16713 ,182 ,59 ,-7, 27530.7238, 26921.7193
15855, 1769, -2213, 16641, -165, -85, -35, -2030 ,-2609 ,16713 ,182 ,73 ,-11, 27529.4870, 26789.6861
15863, 1824, -2548, 15846, -99, -92, -40, -2286 ,-1585 ,16525 ,79 ,73 ,-11, 27586.9131, 26817.9089
15873, 1728, -2453, 15248, -25, -84, -41, -2120 ,-1585 ,16525 ,79 ,64 ,-19, 27650.2192, 26875.8446
15881, 1904, -2273, 15136, 30, -70, -37, -2120 ,-1906 ,16087 ,-22 ,64 ,-19, 27562.8060, 26895.9016
15889, 1792, -1876, 15008, 41, -52, -37, -2272 ,-1906 ,16087 ,-22 ,46 ,-21, 27558.8125, 26574.5074
15898, 1347, -2348, 14282, 54, -33, -42, -1994 ,-2144 ,15612 ,-29 ,28 ,-25, 27615.3803, 26692.2444
15906, 2069, -3639, 14597, 74, -7, -68, -1839 ,-3001 ,15751 ,-56 ,7 ,-42, 27618.5542, 26679.1433
15916, 1982, -3464, 14473, 34, 17, -121, -2930 ,-2624 ,15274 ,-47 ,-9 ,-87, 27675.6167, 26695.2306
15924, 922, -256, 15941, 53, 36, -138, -1889 ,-2240 ,15820 ,-23 ,-25 ,-133, 27569.8632, 26757.6516
15933, 453, 2076, 18589, 113, 38, -110, -777 ,-3363 ,17112 ,-59 ,-37 ,-134, 27586.7581, 26735.7737
15942, 1021, -16, 18738, 123, 17, -69, -886 ,-4026 ,17231 ,-110 ,-33 ,-94, 27568.5400, 26747.1075
15950, 2199, -345, 18954, 65, 6, -57, -1753 ,-2910 ,17470 ,-97 ,-18 ,-62, 27641.0788, 26574.1825
15959, 2215, -1369, 17315, 62, -20, -29, -2770 ,-2196 ,18092 ,-59 ,16 ,-47, 27594.3041, 26737.8688
15967, 2727, -942, 16941, -5, -32, -29, -2375 ,-2397 ,15378 ,-18 ,-3 ,-1, 27457.4220, 26719.9427
15977, 1077, 577, 17326, -5, -32, -22, -1408 ,-3248 ,17297 ,47 ,2 ,-8, 27707.0552, 26742.4047
15985, 1492, 547, 17326, -9, -20, -8, -1990 ,-2580 ,16460 ,0 ,16 ,15, 27672.8034, 26736.6976
15993, 2145, -1696, 16759, 37, -34, 19, -2714 ,-2972 ,15733 ,-36 ,23 ,26, 27621.2275, 26752.3557
16001, 2214, -2448, 16738, 52, -46, 3, -2655 ,-3503 ,15640 ,-38 ,40 ,3, 27470.5261, 26734.7246
16009, 1905, -1638, 17920, 36, -66, -30, -2109 ,-3518 ,16102 ,-12 ,70 ,-19, 27469.2953, 26673.2842
16018, 1515, -534, 18079, -9, -91, -48, -1833 ,-3106 ,15949 ,-12 ,96 ,-20, 27617.1118, 26597.9648
16026, 1878, 478, 17896, -82, -102, -34, -1833 ,-2394 ,17019 ,122 ,101 ,-248, 27545.6727, 26712.7246
16036, 1778, 292, 17397, -162, -103, 5, -1638 ,-1986 ,17051 ,122 ,102 ,50, 27661.5441, 26506.0574
16044, 1368, 442, 17559, -216, -108, 51, -1638 ,-1832 ,16694 ,241 ,105 ,100, 27546.0571, 26542.8543
16053, 1563, -258, 16772, -247, -118, 99, -1520 ,-1832 ,16694 ,241 ,105 ,100, 27627.0598, 26546.5856
16061, 1623, -1589, 17681, -252, -119, 114, -1956 ,-2982 ,16698 ,259 ,107 ,138, 27535.7544, 26521.0509
16071, 1539, -2286, 16623, -222, -131, 85, -2208 ,-4045 ,16421 ,232 ,111 ,133, 27679.7086, 26349.5415
16079, 981, -3389, 15183, -223, -144, 44, -1892 ,-3370 ,15233 ,235 ,121 ,102, 27604.4905, 26314.9291
16088, 849, -4133, 14426, -148, -142, 5, -1538 ,-2022 ,15798 ,213 ,112 ,69, 27514.4488, 26228.6127
16096, 291, -2766, 14996, -27, -125, -30, -1102 ,-2165 ,16128 ,121 ,93 ,30, 27617.4098, 26087.3705
16106, 940, -2807, 15550, 90, -103, -46, -933 ,-2418 ,16955 ,3 ,83 ,0, 27497.1336, 26032.7965
16114, 1032, -2151, 16298, 170, -82, -68, -1556 ,-2931 ,17051 ,-103 ,75 ,-29, 27526.3011, 26017.7016
16123, 948, -1994, 16322, 213, -76, -81, -1406 ,-2732 ,16547 ,-168 ,71 ,-56, 27588.5463, 25979.8229
16131, 1086, -1959, 16048, 231, -80, -88, -1324 ,-2294 ,16234 ,-201 ,70 ,-68, 27494.6779, 25972.7031
16141, 1799, -2271, 15014, 251, -77, -95, -1904 ,-2526 ,16092 ,-220 ,60 ,-73, 27580.8990, 25882.5690
16149, 1849, -3068, 16077, 262, -61, -119, -2218 ,-2696 ,15985 ,-234 ,43 ,-87, 27629.9119, 25793.3497
16158, 2405, -1868, 16215, 257, -55, -141, -2572 ,-2332 ,16214 ,-226 ,38 ,-113, 27564.2455, 25719.8155
16168, 2121, -1394, 16548, 225, -56, -137, -2673 ,-2028 ,16072 ,-207 ,39 ,-121, 27688.0145, 25646.5882
16176, 1994, -642, 16796, 211, -59, -120, -2195 ,-2030 ,16602 ,-180 ,34 ,-110, 27595.0670, 25479.6714
16185, 2400, -80, 16628, 196, -51, -89, -2315 ,-2128 ,17100 ,-171 ,30 ,-87, 27591.1570, 25449.3535
16193, 2558, -436, 16684, 173, -37, -56, -2630 ,-2314 ,17083 ,-154 ,16 ,-57, 27655.0591, 25437.8378
16203, 3142, -596, 16707, 182, -35, -37, -3015 ,-2859 ,16211 ,-146 ,6 ,-35, 27527.4903, 25355.2973
16211, 2654, -3115, 16187, 182, -35, -59, -3802 ,-3746 ,15334 ,-150 ,11 ,-27, 27585.6853, 25227.6063
16220, 2017, -970, 18188, 146, -40, -86, -2420 ,-2749 ,15288 ,-137 ,28 ,-57, 27532.0500, 25263.8847
16228, 1628, -777, 18188, 184, -77, -88, -2195 ,-2684 ,15972 ,-157 ,68 ,-62, 27609.2291, 25159.0818
16238, 1632, -265, 16616, 149, -102, -48, -1672 ,-2512 ,17119 ,-111 ,78 ,-47, 27612.9007, 25144.7916
16246, 1632, 1247, 16980, 105, -96, -248, -1862 ,-2571 ,17420 ,-45 ,60 ,-1, 27627.6916, 25000.4947
16255, 2056, 1130, 15736, 9, -66, 8, -2208 ,-2968 ,17114 ,44 ,15 ,44, 27543.9084, 25002.5094
16263, 2159, -307, 16083, -70, -30, 46, -2391 ,-3218 ,16728 ,95 ,-22 ,66, 27516.7704, 24910.1311
16271, 2047, -1311, 16328, -73, -13, 55, -2622 ,-3793 ,16678 ,77 ,-33 ,60, 27630.3411, 24823.4659
16281, 2535, -2298, 17679, -43, -9, 35, -3262 ,-3710 ,16344 ,57 ,-22 ,30, 27634.3852, 24840.1463
16289, 2762, -3063, 19167, -36, -34, -7, -3472 ,-3556 ,15408 ,38 ,26 ,-6, 27388.9989, 24848.3628
16297, 2884, -3728, 18289, -20, -91, -60, -2739 ,-2799 ,15261 ,35 ,99 ,-50, 27614.5250, 24624.6845
16306, 1301, -1036, 19153, -5, -147, -106, -1152 ,-3140 ,16334 ,9 ,154 ,-63, 27600.1751, 24746.4061
16314, 508, 223, 15919, 15, -181, -106, -1152 ,-2628 ,16334 ,9 ,154 ,-63, 27569.1956, 24625.4623
16324, 797, 982, 15358, 76, -178, -61, -634 ,-2571 ,16702 ,-24 ,165 ,-44, 27771.6249, 24638.3697
16332, 1222, -1464, 13264, 102, -142, -30, -1246 ,-3222 ,16430 ,-73 ,137 ,1, 27567.3121, 24610.1797
16340, 1472, -1920, 12643, 119, -80, -45, -1639 ,-3165 ,16274 ,-94 ,85 ,-2, 27641.7792, 24468.4160
16349, 1667, -1485, 14234, 117, -21, -66, -1952 ,-3265 ,15805 ,-99 ,23 ,-36, 27594.6558, 24423.4174
16358, 2131, -1110, 15674, 99, 15, -66, -2061 ,-2445 ,16252 ,-83 ,-26 ,-60, 27730.7838, 24299.4726
16367, 2834, -1757, 16881, 99, 19, -59, -2479 ,-2365 ,15816 ,-84 ,-47 ,-55, 27434.5189, 24366.1076
16375, 2142, -1004, 18131, 30, 19, -70, -3286 ,-2530 ,16367 ,-49 ,-42 ,-59, 27542.5524, 24287.6679
16384, 2177, -537, 18827, 23, -21, -51, -2301 ,-2910 ,16774 ,-2 ,-27 ,-56, 27647.5817, 24309.3014
16393, 2122, 596, 19660, 7, -59, -34, -2244 ,-3261 ,16951 ,14 ,10 ,-29, 27550.8016, 24348.4348
16401, 2988, 46, 19500, 4, -84, -7, -2560 ,-3042 ,17128 ,23 ,45 ,0, 27627.1909, 24186.4800
16409, 2988, 46, 16940, 22, -84, -7, -3400 ,-3183 ,17283 ,17 ,53 ,25, 27590.9841, 24252.5280
16417, 3583, -212, 16384, 22, -73, 14, -4318 ,-3134 ,16868 ,-3 ,40 ,36, 27535.6770, 24168.7596
16425, 4038, -937, 14655, 14, -37, 29, -3285 ,-2419 ,17339 ,-1 ,5 ,44, 27589.9053, 24087.5900
16434, 2744, 1610, 19293, 59, -25, 61, -2816 ,-4054 ,16217 ,-49 ,4 ,85, 27646.4283, 24253.5412
16449, 1892, -2776, 17268, -18, -76, 30, -2874 ,-4710 ,15613 ,-20 ,36 ,81, 27714.0945, 24233.2488
16450, 1892, -2776, 17268, -18, -76, 30, -2874 ,-4710 ,15613 ,-20 ,36 ,21, 27606.0790, 24187.0403
16460, 1803, -1162, 17588, -109, -91, -25, -2261 ,-4293 ,15329 ,133 ,58 ,21, 27677.2141, 24251.6547
16468, 1440, -885, 17256, -151, -120, -36, -2004 ,-3016 ,15329 ,133 ,80 ,1, 27560.1923, 24199.4172
16477, 1523, -808, 15955, -156, -139, -35, -1748 ,-3045 ,16325 ,146 ,115 ,1, 27660.1523, 24090.8682
16485, 1262, -1175, 13757, -109, -123, -36, -1712 ,-3144 ,16325 ,146 ,125 ,-7, 27472.0460, 24207.6516
16495, 1654, -508, 13520, -22, -64, -26, -1456 ,-2737 ,17459 ,84 ,95 ,-7, 27625.7604, 24226.3615
16503, 2389, 375, 14605, 7, 10, 9, -2054 ,-2337 ,17870 ,21 ,21 ,-4, 27550.3367, 24200.5825
16511, 2790, -19, 16404, 2, 59, 45, -2648 ,-2798 ,17306 ,11 ,-48 ,19, 27452.8474, 24219.2715
16519, 2601, -1559, 18352, -2, 62, 51, -3062 ,-3506 ,16490 ,14 ,-82 ,39, 27556.2257, 24284.2615
16527, 2462, -1591, 19303, -10, 25, 20, -2959 ,-3832 ,16054 ,15 ,-61 ,31, 27633.1633, 24253.8959
16537, 2462, -2615, 20344, -27, -35, 237, -3060 ,-2950 ,16054 ,29 ,-8 ,1, 27705.1866, 24287.8467
16545, 2539, -1328, 19492, -27, -35, -19, -2787 ,-2100 ,15835 ,46 ,64 ,-11, 27549.5261, 24255.7317
16553, 2279, -1299, 19492, -35, -113, -29, -2397 ,-2306 ,16548 ,45 ,134 ,7, 27601.2868, 24174.3326
16562, 1909, -1238, 17355, -22, -161, -20, -1869 ,-2918 ,17566 ,25 ,160 ,17, 27686.1221, 24430.9902
16570, 1310, -874, 13879, 17, -145, -13, -1289 ,-2766 ,18170 ,-19 ,118 ,15, 27649.6619, 24417.2007
16580, 1429, 627, 10417, 94, -54, 11, -1575 ,-2865 ,18131 ,-90 ,-1 ,23, 27623.1378, 24511.7038
16588, 1701, 870, 8201, 168, 99, 58, -1724 ,-2826 ,17927 ,-149 ,-170 ,30, 27654.7521, 24709.4512
16596, 2361, 586, 9893, 207, 280, 103, -3047 ,-2793 ,15814 ,-170 ,-350 ,37, 27524.5756, 24789.5718
16605, 2753, -1371, 16608, 198, 379, 130, -3182 ,-3933 ,11809 ,-163 ,-375 ,36, 27575.6717, 24782.6874
16613, 2366, -1964, 22351, 189, 281, 88, -3227 ,-4184 ,11731 ,-140 ,-212 ,17, 27602.1481, 24822.6285
16623, 2687, -1417, 23412, 172, 82, 36, -3227 ,-4184 ,13726 ,-145 ,-10 ,17, 27561.5275, 25032.4488
16631, 1360, -2961, 22952, 170, -96, -22, -1859 ,-4966 ,13700 ,-145 ,-10 ,-25, 27573.9729, 24949.4642
16640, 1004, -1985, 19505, 181, -206, -93, -1859 ,-4966 ,19389 ,-149 ,231 ,-67, 27585.2829, 25202.9091
16650, 856, -116, 14128, 159, -186, -121, -1423 ,-1996 ,19416 ,-149 ,231 ,-77, 27633.8667, 25281.8674
16658, 2238, 2417, 10243, 153, -29, -60, -1423 ,-1996 ,21892 ,-111 ,-71 ,-21, 27617.4396, 25293.4426
16667, 2281, 2164, 9813, 164, 192, 54, -1911 ,-2009 ,21948 ,-111 ,-71 ,32, 27547.4399, 25616.0140
16675, 2379, 2034, 10060, 186, 409, 156, -1911 ,-2009 ,19005 ,-177 ,-520 ,65, 27679.4940, 25728.0678
16685, 2734, -71, 13842, 221, 579, 224, -2778 ,-3089 ,19005 ,-177 ,-520 ,65, 27582.2043, 25950.6851
16693, 4004, -1992, 21338, 232, 597, 216, -3901 ,-3727 ,15664 ,-203 ,-639 ,52, 27636.0214, 26001.3014
16704, 2970, -3130, 28497, 205, 367, 162, -3510 ,-3346 ,6956 ,-196 ,-545 ,70, 27647.4386, 26283.0675
16712, 2558, -3188, 28189, 178, -15, 79, -3510 ,-3346 ,6956 ,-169 ,-214 ,70, 27638.3758, 26408.1419
16720, 2953, -3692, 23817, 124, -321, -1, -3732 ,-3238 ,10571 ,-111 ,144 ,87, 27525.5263, 26573.4106
16729, 2781, -3482, 22611, 27, -549, -71, -3946 ,-2944 ,12265 ,-46 ,413 ,72, 27606.9641, 26760.3934
16737, 1915, -2056, 18658, -67, -650, -111, -3117 ,-2926 ,16873 ,46 ,596 ,49, 27592.5696, 26848.7811
16747, 1209, -630, 11705, -40, -611, -110, -2151 ,-2814 ,18556 ,92 ,637 ,26, 27679.5447, 27002.0515
16755, 1270, -925, 9662, 25, -413, -86, -1279 ,-3066 ,22810 ,10 ,530 ,15, 27631.6583, 27006.6261
16764, 1038, 100, 10734, 21, -151, -70, -1399 ,-4092 ,22966 ,-26 ,306 ,-17, 27472.9341, 27153.8764
16772, 206, -834, 12887, -39, 61, -50, -791 ,-4103 ,21471 ,-4 ,72 ,-53, 27464.9799, 27230.3939
16780, 625, 460, 12238, -85, 201, -57, -669 ,-4380 ,18907 ,62 ,-95 ,-81, 27478.2121, 27243.2774
16790, 628, 123, 12374, -138, 201, -59, -952 ,-4753 ,16223 ,108 ,-221 ,-110, 27622.2825, 27383.9712
16798, 757, -603, 12471, -138, 301, -69, -1071 ,-4073 ,14767 ,153 ,-315 ,-128, 27593.9792, 27423.7067
16807, 1194, -1230, 13562, -173, 355, -88, -1440 ,-3534 ,13437 ,173 ,-349 ,-146, 27715.9810, 27393.7821
16815, 1906, -1021, 15118, -153, 357, -101, -2042 ,-3007 ,13755 ,151 ,-323 ,-162, 27693.4952, 27448.7168
16825, 2686, -861, 18244, -121, 60, -105, -2666 ,-2513 ,13226 ,120 ,-266 ,-156, 27579.2152, 27552.8729
16834, 3202, -296, 17601, -80, 236, -85, -3453 ,-1560 ,13571 ,69 ,-184 ,-134, 27386.2511, 27703.1273
16844, 2632, -1290, 17490, -25, 86, -53, -3125 ,-1491 ,14662 ,7 ,-118 ,-91, 27665.1293, 27588.8383
16852, 2697, -1290, 18002, 6, 65, -37, -2521 ,-2224 ,17777 ,5 ,-74 ,-58, 27534.5951, 27805.3731
16860, 2185, -1186, 18255, -13, 65, -37, -2642 ,-3073 ,17447 ,21 ,-57 ,-46, 27710.4586, 27722.7581
16869, 2132, -340, 18649, 13, 55, -29, -2290 ,-3167 ,17658 ,5 ,-53 ,-31, 27571.1507, 27774.0270
16877, 2042, 151, 18854, -17, 44, -10, -2323 ,-2618 ,18181 ,46 ,-48 ,-2, 27569.2731, 27763.9568
16885, 1955, -940, 19191, -57, 30, 19, -2246 ,-1498 ,17413 ,70 ,-39 ,29, 27566.3406, 27678.5791
16897, 2470, -1036, 18131, -63, -23, 23, -3026 ,-3204 ,16018 ,75 ,-14 ,39, 27568.9185, 27775.2072
16903, 2470, -1036, 17107, -30, -23, 23, -2811 ,-4734 ,16463 ,17 ,7 ,21, 27507.8565, 27839.0676
16911, 2280, 346, 18598, 6, -40, 6, -2448 ,-4651 ,16094 ,10 ,34 ,15, 27504.5663, 27770.5461
16919, 1878, 655, 18481, -3, -71, 0, -2448 ,-4651 ,16094 ,10 ,34 ,15, 27478.2896, 27764.3621
16927, 1797, 537, 18294, -3, -107, 6, -2159 ,-4288 ,16056 ,8 ,70 ,24, 27583.2891, 27769.2735
16935, 1980, 323, 17597, -36, -129, 15, -2139 ,-4038 ,16363 ,23 ,98 ,38, 27568.0184, 27797.9523
16943, 2040, -36, 16786, -61, -136, 24, -2377 ,-3765 ,16578 ,55 ,111 ,51, 27682.3848, 27815.9380
16953, 1730, -702, 15368, -57, -131, 26, -2234 ,-3585 ,16161 ,67 ,108 ,59, 27605.8525, 27743.6912
16961, 1997, -732, 15556, -57, -115, 27, -2157 ,-3084 ,16024 ,55 ,98 ,54, 27565.5866, 27833.4647
16969, 2052, -732, 15556, -44, -91, 38, -2330 ,-2726 ,16288 ,65 ,75 ,56, 27583.9835, 27677.4794
16978, 2052, -275, 14797, -10, -65, 38, -2439 ,-2336 ,16224 ,31 ,50 ,61, 27623.0484, 27797.5887
16986, 2308, -1031, 15016, -10, -65, 57, -2159 ,-2746 ,15951 ,11 ,23 ,73, 27510.8874, 27864.0687
16994, 1202, -1781, 14891, 6, -46, 66, -1303 ,-2664 ,15882 ,-13 ,5 ,70, 27557.9274, 27742.1474
17002, 788, -1993, 15177, 51, -29, 54, -1455 ,-3217 ,15692 ,-47 ,-8 ,48, 27623.6534, 27735.4330
17012, 717, -3385, 14511, 54, -9, 24, -1114 ,-2779 ,16050 ,-31 ,-25 ,4, 27657.9976, 27926.2424
17020, 911, -2081, 14968, 50, 17, -15, -1630 ,-3094 ,15982 ,-41 ,-43 ,-28, 27543.2855, 27849.7338
17028, 1430, -918, 15507, 84, 36, -29, -1630 ,-3094 ,15982 ,-41 ,-43 ,-28, 27667.2512, 27782.9587
17037, 1886, -813, 16037, 106, 54, -30, -1975 ,-3321 ,16412 ,-96 ,-61 ,-36, 27690.0202, 27909.9852
17046, 2443, -380, 16875, 128, 60, -37, -2422 ,-3892 ,16275 ,-96 ,-72 ,-44, 27539.1668, 27906.8083
17055, 2577, -770, 18133, 118, 54, -38, -2934 ,-3637 ,16589 ,-92 ,-71 ,-50, 27718.9344, 27785.6648
17063, 2611, -1374, 18130, 96, 38, -46, -2973 ,-3547 ,16721 ,-92 ,-57 ,-51, 27595.3233, 27730.2444
17071, 2636, -1733, 17371, 88, 17, -60, -3222 ,-3235 ,16472 ,-79 ,-34 ,-56, 27625.7485, 27727.0138
17081, 2986, -1409, 17551, 79, 10, -80, -3129 ,-3632 ,16749 ,-78 ,-16 ,-71, 27433.4133, 27762.5531
17089, 3225, -184, 17918, 26, 3, -81, -3519 ,-2666 ,16543 ,-46 ,-7 ,-82, 27618.2055, 27741.9478
17098, 2876, 1188, 17074, -40, -10, -58, -3403 ,-3229 ,16214 ,22 ,3 ,-66, 27616.0687, 27840.2418
17106, 1687, 297, 16705, -76, -15, -28, -2288 ,-3475 ,16140 ,70 ,6 ,-32, 27486.7088, 27858.7908
17114, 2259, 35, 17991, -83, -23, -22, -2293 ,-4173 ,16308 ,85 ,5 ,-13, 27577.8353, 27884.7516
17122, 2259, 730, 19147, -140, -43, -22, -2522 ,-3647 ,16703 ,109 ,17 ,-6, 27522.2778, 27729.6573
17132, 1790, 422, 19784, -140, -43, -12, -1831 ,-3194 ,17082 ,190 ,40 ,20, 27731.9491, 27861.7203
17140, 1577, 322, 19784, -231, -71, 15, -1724 ,-3297 ,17074 ,261 ,67 ,57, 27539.9745, 27886.6768
17148, 1357, -702, 18586, -256, -108, 36, -2219 ,-3798 ,16460 ,226 ,102 ,72, 27618.0059, 27792.8978
17157, 2398, -141, 16879, -159, -141, 35, -3049 ,-3897 ,16112 ,114 ,122 ,74, 27594.8048, 27865.7854
17165, 2466, -1314, 15131, -36, -150, 34, -2381 ,-4135 ,15069 ,-28 ,122 ,56, 27537.2744, 27719.1490
17175, 1147, -3007, 13586, 129, -139, -2, -1370 ,-4343 ,15311 ,-195 ,118 ,-5, 27465.3137, 27712.6670
17184, 553, -2292, 15092, 249, -122, -62, -1117 ,-3266 ,16058 ,-245 ,109 ,-62, 27612.8769, 27901.8372
17192, 899, -1552, 15186, 251, -99, -95, -1425 ,-2324 ,16388 ,-236 ,90 ,-79, 27480.4860, 27838.9782
17202, 1365, -538, 16173, 239, -80, -91, -1940 ,-2595 ,16974 ,-211 ,71 ,-65, 27685.2012, 27824.7714
17210, 2221, 208, 17791, 200, -69, -65, -2573 ,-2470 ,16725 ,-168 ,64 ,-35, 27638.5397, 27776.7777
17219, 1889, -1620, 16511, 190, -74, -38, -2006 ,-3087 ,16074 ,-244 ,75 ,-23, 27617.6959, 27696.8151
17227, 1482, -2105, 16644, 326, -93, -48, -2161 ,-3599 ,15885 ,-244 ,75 ,-23, 27539.5542, 27761.7693
17237, 1796, -1854, 17031, 446, -104, -71, -2161 ,-3599 ,16653 ,-490 ,108 ,-65, 27678.0337, 27845.3052
17246, 1847, -1210, 16990, 570, -118, -86, -2408 ,-3758 ,16770 ,-490 ,108 ,-65, 27654.7998, 27821.1534
17254, 2302, 532, 16961, 645, -128, -87, -2408 ,-3758 ,16770 ,-627 ,116 ,-66, 27586.6300, 27839.3120
17264, 2542, 1849, 16390, 644, -124, -69, -2660 ,-4350 ,15806 ,-627 ,116 ,-66, 27575.3856, 27793.5266
17272, 2386, 1568, 15742, 633, -116, -42, -2660 ,-4350 ,15806 ,-608 ,92 ,-18, 27518.0489, 27695.8734
17281, 2090, 687, 15603, 618, -107, -19, -2261 ,-4118 ,15819 ,-608 ,92 ,-18, 27512.5176, 27835.7267
17289, 1854, 368, 15254, 545, -86, -11, -2060 ,-4118 ,15819 ,-464 ,48 ,-4, 27647.2658, 27723.0918
17299, 1801, 728, 15455, 420, -55, -8, -2060 ,-4107 ,15741 ,-464 ,48 ,-4, 27607.4946, 27808.0791
17307, 1795, 1286, 15416, 247, -25, 8, -2026 ,-3723 ,15578 ,-314 ,16 ,1, 27588.0009, 27866.0983
17315, 1508, 906, 15008, 46, 7, 36, -1854 ,-3365 ,15380 ,-126 ,-16 ,22, 27581.6977, 27692.1481
17324, 747, -1248, 14982, -69, 37, 58, -1333 ,-2736 ,15572 ,38 ,-47 ,48, 27692.3954, 27784.1330
17332, 1200, -1467, 15825, -46, 50, 50, -1254 ,-3255 ,16092 ,73 ,-71 ,51, 27538.6810, 27771.9796
17340, 1998, -587, 16425, 17, 53, 30, -2120 ,-4219 ,16110 ,27 ,-78 ,30, 27586.6032, 27848.0291
17348, 2301, -251, 16779, 96, 48, 12, -2630 ,-4599 ,16091 ,-42 ,-72 ,10, 27645.1409, 27727.4668
17358, 2335, -202, 16754, 96, 48, -2, -2732 ,-4620 ,16151 ,-117 ,-63 ,-5, 27685.8628, 27814.9903
17366, 2404, -202, 16754, 165, 34, -15, -2778 ,-4642 ,16058 ,-167 ,-55 ,-18, 27570.5010, 27817.4996
17374, 2404, -49, 16479, 197, 39, -15, -2868 ,-4560 ,15943 ,-167 ,-54 ,-31, 27603.1673, 27688.7685
17383, 2565, 380, 16203, 168, 39, -25, -2969 ,-4256 ,15689 ,-110 ,-61 ,-36, 27507.9012, 27855.4529
17392, 2661, 817, 15971, 83, 53, -24, -2721 ,-3952 ,15883 ,-22 ,-75 ,-30, 27605.6200, 27720.4990
17401, 2210, 356, 16411, 2, 67, -13, -2384 ,-3904 ,16086 ,29 ,-83 ,-20, 27687.7761, 27876.7079
17409, 2085, 121, 16820, -29, 70, -7, -2464 ,-4242 ,16268 ,44 ,-82 ,-14, 27507.4780, 27766.2665
17417, 2243, 544, 17026, -26, 65, -3, -2675 ,-4602 ,16268 ,44 ,-80 ,-11, 27516.3591, 27763.9776
17425, 2381, 993, 16929, -11, 58, 2, -2675 ,-4726 ,16049 ,17 ,-76 ,-11, 27541.1993, 27746.3615
17435, 2311, 1107, 16643, 8, 53, 9, -2651 ,-4726 ,16049 ,17 ,-76 ,-3, 27694.9197, 27927.1841
17443, 2151, 916, 16569, 20, 53, 19, -2515 ,-4604 ,16040 ,1 ,-76 ,5, 27643.6776, 27875.7393
17451, 2028, 498, 16397, 37, 53, 27, -2346 ,-4333 ,15945 ,-11 ,-76 ,13, 27608.6211, 27853.6946
17459, 2314, 737, 16625, 56, 50, 31, -2461 ,-4363 ,15954 ,-33 ,-76 ,20, 27556.7651, 27916.9947
17467, 2464, 645, 16684, 55, 47, 39, -2727 ,-4322 ,15893 ,-40 ,-76 ,26, 27518.2068, 27876.1268
17475, 2499, 394, 16639, 55, 44, 45, -2807 ,-4266 ,15927 ,-41 ,-72 ,35, 27509.0218, 27776.6496
17483, 2499, 394, 16639, 54, 41, 45, -2848 ,-4497 ,15912 ,-40 ,-70 ,38, 27647.4088, 27718.8629
17493, 2551, 488, 16441, 54, 41, 45, -2874 ,-4599 ,15852 ,-33 ,-70 ,37, 27679.1692, 27809.5514
17501, 2503, 610, 16170, 43, 43, 45, -2767 ,-4549 ,15920 ,-13 ,-77 ,37, 27575.2962, 27929.3865
17509, 2384, 752, 16093, 13, 52, 46, -2574 ,-4510 ,15958 ,28 ,-89 ,38, 27559.0390, 27893.8919
17517, 2120, 564, 15964, -34, 67, 50, -2062 ,-4295 ,15905 ,64 ,-101 ,38, 27524.4147, 27698.9043
17525, 1879, 104, 15925, -58, 80, 51, -2268 ,-4350 ,15987 ,64 ,-113 ,35, 27607.7777, 27667.5195
17534, 1934, 185, 16018, -70, 91, 47, -2298 ,-4460 ,15912 ,97 ,-123 ,29, 27590.0543, 27862.2121
17542, 1879, 140, 16001, -90, 102, 43, -2298 ,-4460 ,15912 ,97 ,-123 ,29, 27503.1924, 27850.1213
17552, 1587, -215, 16164, -111, 113, 37, -2072 ,-4289 ,15958 ,119 ,-133 ,22, 27527.9820, 27813.4704
17560, 1586, -278, 16310, -103, 119, 32, -1927 ,-3985 ,16048 ,127 ,-137 ,14, 27729.0642, 27858.3050
17568, 1701, -332, 16570, -71, 119, 28, -2050 ,-4009 ,16167 ,102 ,-139 ,10, 27531.2155, 27889.9550
17577, 1816, -428, 16724, -40, 116, 20, -2168 ,-4218 ,16201 ,70 ,-138 ,5, 27644.5180, 27795.2969
17585, 1714, -728, 16887, -26, 113, 8, -2250 ,-4260 ,16188 ,47 ,-133 ,-6, 27583.3756, 27794.2926
17594, 1639, -945, 17302, -19, 108, -7, -2078 ,-3988 ,16334 ,39 ,-126 ,-20, 27666.1038, 27768.5910
17603, 1799, -645, 17460, -7, 96, -21, -2146 ,-3910 ,16370 ,31 ,-115 ,-33, 27623.6087, 27863.4816
17611, 1909, -131, 17669, 12, 80, -31, -2316 ,-4231 ,16332 ,13 ,-99 ,-42, 27482.6467, 27756.8430
17619, 1872, 125, 17836, 18, 63, -36, -2307 ,-4370 ,16345 ,1 ,-81 ,-46, 27609.2529, 27710.3871
17629, 1872, 140, 17881, 6, 63, -36, -2204 ,-4296 ,16412 ,5 ,-64 ,-45, 27635.1929, 27728.1284
17637, 1757, 124, 17881, 6, 47, -39, -2050 ,-4199 ,16386 ,17 ,-47 ,-42, 27634.5968, 27774.7035
17645, 1637, 124, 17697, -6, 30, -38, -1948 ,-4193 ,16306 ,21 ,-31 ,-39, 27514.0584, 27675.6406
17653, 1527, 134, 17384, 0, 14, -37, -1880 ,-4216 ,16294 ,5 ,-17 ,-35, 27488.8635, 27814.6029
17661, 1520, 272, 17286, 21, 1, -36, -1878 ,-4304 ,16336 ,-8 ,-7 ,-31, 27600.9798, 27796.9271
17669, 1530, 444, 17114, 25, -8, -33, -1878 ,-4304 ,16336 ,-8 ,-3 ,-31, 27654.8803, 27754.5124
17678, 1450, 455, 16808, 14, -10, -30, -1809 ,-4575 ,16292 ,-2 ,-3 ,-27, 27572.2265, 27902.5525
17686, 1316, 290, 16504, -4, -8, -28, -1726 ,-4319 ,16268 ,11 ,-3 ,-23, 27499.1542, 27788.8894
17695, 1194, -148, 16244, -20, 1, -27, -1595 ,-4087 ,16260 ,30 ,-10 ,-22, 27465.8918, 27792.2064
17703, 1339, -324, 16115, -25, 9, -28, -1601 ,-3912 ,16228 ,40 ,-18 ,-24, 27612.9007, 27710.5868
17712, 1554, -240, 16181, -22, 18, -33, -1842 ,-4016 ,16157 ,39 ,-27 ,-29, 27688.9503, 27948.2394
17720, 1614, -296, 16382, -28, 25, -38, -1976 ,-4071 ,16115 ,42 ,-33 ,-36, 27562.0282, 27864.1671
17728, 1518, -578, 16461, -38, 31, -45, -1957 ,-3970 ,16099 ,52 ,-37 ,-42, 27583.2355, 27790.7491
17738, 1481, -813, 16486, -27, 29, -55, -1876 ,-3793 ,16063 ,50 ,-36 ,-50, 27656.0962, 27864.1284
17746, 1704, -501, 16517, -4, 27, -66, -1991 ,-3945 ,16082 ,31 ,-33 ,-61, 27584.6511, 27924.7940
17755, 1873, -272, 16571, -248, 27, -66, -2238 ,-4110 ,16060 ,15 ,-31 ,-72, 27642.1279, 27887.9762
17763, 1805, -305, 16571, 8, 26, -74, -2238 ,-4166 ,16096 ,11 ,-28 ,-79, 27611.7861, 27837.4672
17771, 1805, -305, 16644, 3, 26, -82, -2185 ,-4228 ,16152 ,26 ,-28 ,-87, 27628.7585, 27819.7706
17779, 1780, -90, 16600, -16, 29, -90, -2094 ,-4136 ,16077 ,43 ,-28 ,-94, 27656.7340, 27732.3812
17789, 1674, -103, 16464, -28, 32, -94, -1996 ,-3986 ,16170 ,39 ,-28 ,-96, 27554.8667, 27810.2964
17797, 1695, 76, 16664, -17, 33, -95, -2134 ,-4123 ,16174 ,26 ,-29 ,-95, 27587.6105, 27795.0644
17805, 1866, 490, 16768, -5, 29, -92, -2134 ,-4378 ,16139 ,26 ,-29 ,-95, 27665.1859, 27729.0940
17814, 1913, 834, 16868, 0, 25, -86, -2216 ,-4378 ,16139 ,17 ,-25 ,-80, 27641.6987, 27921.0716
17822, 1880, 1061, 16815, -5, 22, -77, -2182 ,-4551 ,16082 ,19 ,-25 ,-80, 27491.9122, 27789.8937
17831, 1879, 1239, 16742, -10, 21, -65, -2155 ,-4551 ,16082 ,25 ,-25 ,-69, 27569.9556, 27839.0050
17840, 1858, 1239, 16748, -13, 19, -49, -2146 ,-4488 ,16054 ,27 ,-27 ,-55, 27699.2977, 27871.7995
17848, 1852, 1245, 16760, -17, 19, -34, -2107 ,-4557 ,16145 ,30 ,-29 ,-40, 27539.0267, 27927.0053
17856, 1867, 1258, 16717, -24, 20, -20, -2120 ,-4631 ,16143 ,36 ,-32 ,-27, 27564.3975, 27791.7236
17865, 1835, 1160, 16659, -34, 19, -8, -2127 ,-4620 ,16081 ,46 ,-34 ,-13, 27552.5093, 27872.0111
17874, 1678, 910, 16549, -54, 21, 3, -2061 ,-4585 ,16064 ,61 ,-39 ,-2, 27539.9297, 27892.6075
17882, 1404, 303, 16486, -59, 23, 10, -1832 ,-4297 ,16040 ,73 ,-42 ,7, 27563.5779, 27857.1010
17890, 1560, 348, 16537, -59, 23, 14, -1766 ,-4089 ,16112 ,62 ,-42 ,12, 27566.2482, 27888.1967
17898, 1543, 348, 16537, -34, 20, 21, -2035 ,-4322 ,16173 ,33 ,-42 ,16, 27576.4018, 27814.5999
17907, 1799, 553, 16641, -6, 20, 21, -2164 ,-4495 ,16122 ,14 ,-43 ,21, 27650.0344, 27786.4873
17915, 1810, 406, 16636, 7, 20, 23, -2129 ,-4488 ,16115 ,7 ,-42 ,21, 27658.5400, 27899.6855
17923, 1750, 297, 16603, 8, 20, 21, -2082 ,-4414 ,16150 ,7 ,-42 ,18, 27663.4365, 27890.7388
17931, 1703, 423, 16608, -5, 22, 20, -2082 ,-4158 ,16143 ,32 ,-46 ,18, 27628.1029, 27851.7038
17940, 1518, 121, 16490, -25, 26, 21, -1969 ,-4262 ,16143 ,32 ,-46 ,19, 27576.0323, 27808.0285
17948, 1387, -108, 16526, -14, 27, 23, -1776 ,-3985 ,16156 ,37 ,-49 ,19, 27441.3168, 27916.5089
17956, 1510, 139, 16731, 8, 26, 21, -1808 ,-4229 ,16225 ,18 ,-50 ,17, 27496.3021, 27840.2209
17964, 1593, 324, 16839, 17, 25, 19, -1963 ,-4379 ,16215 ,3 ,-48 ,16, 27535.1971, 27711.2573
17972, 1520, 281, 16780, 15, 25, 19, -1913 ,-4437 ,16189 ,1 ,-46 ,16, 27559.8705, 27708.4440
17981, 1479, 275, 16680, 15, 24, 17, -1850 ,-4434 ,16205 ,5 ,-45 ,15, 27719.2116, 27811.4825
17989, 1479, 275, 16680, -248, 27, 16, -1798 ,-4404 ,16193 ,15 ,-47 ,14, 27580.7202, 27875.7095
17997, 1397, 272, 16552, -5, 27, 16, -1674 ,-4293 ,16170 ,29 ,-51 ,11, 27536.2164, 27781.7339
18006, 1292, 180, 16496, -17, 31, 15, -1611 ,-4192 ,16198 ,38 ,-54 ,12, 27503.2103, 27788.5258
18014, 1238, 231, 16584, -24, 35, 15, -1642 ,-4276 ,16254 ,42 ,-57 ,12, 27586.4631, 27779.9368
18022, 1375, 531, 16770, -28, 36, 17, -1642 ,-4276 ,16246 ,45 ,-58 ,16, 27561.3070, 27695.3280
18030, 1390, 559, 16774, -28, 37, 23, -1697 ,-4369 ,16271 ,45 ,-58 ,22, 27668.7115, 27740.2312
18039, 1340, 427, 16714, -27, 38, 30, -1697 ,-4369 ,16271 ,44 ,-60 ,22, 27703.8127, 27800.9385
18047, 1288, 457, 16811, -31, 39, 32, -1656 ,-4375 ,16323 ,43 ,-62 ,26, 27574.2739, 27861.6965
18055, 1178, 376, 16734, -35, 40, 36, -1550 ,-4243 ,16266 ,50 ,-65 ,28, 27422.3655, 27829.7156
18063, 1298, 450, 16917, -11, 37, 43, -1506 ,-4068 ,16281 ,37 ,-64 ,34, 27659.6367, 27778.3871
18072, 1485, 656, 17278, -4, 30, 54, -1797 ,-4175 ,16570 ,19 ,-62 ,44, 27559.8019, 27706.8257
18081, 1360, 457, 16779, 19, 22, 59, -1748 ,-4549 ,16068 ,14 ,-56 ,54, 27593.0971, 27877.4947
18089, 1394, 457, 17035, 46, 17, 60, -1706 ,-4394 ,16205 ,-20 ,-50 ,55, 27633.2229, 27820.6468
18097, 1394, 450, 16966, 39, 17, 60, -1791 ,-4260 ,16308 ,-28 ,-47 ,59, 27525.7021, 27773.8214
18105, 1480, 478, 16966, 39, 14, 65, -1774 ,-4219 ,16237 ,-13 ,-46 ,65, 27585.5988, 27720.2874
18113, 1352, 130, 16689, 25, 14, 69, -1637 ,-4176 ,16231 ,-12 ,-45 ,67, 27632.0428, 27772.9213
18121, 1264, -13, 16732, 31, 13, 69, -1674 ,-4221 ,16285 ,-16 ,-45 ,65, 27669.3255, 27668.3003
18131, 1338, 177, 16716, 31, 13, 67, -1672 ,-4221 ,16237 ,-12 ,-46 ,65, 27635.9886, 27818.2089
18139, 1271, 230, 16569, 24, 14, 66, -1672 ,-4281 ,16237 ,-12 ,-46 ,65, 27530.2112, 27896.6516
18147, 1121, -30, 16448, 15, 20, 66, -1554 ,-4224 ,16247 ,-3 ,-49 ,64, 27459.1535, 27853.8942
18155, 1045, -270, 16402, 14, 25, 63, -1423 ,-4027 ,16243 ,2 ,-55 ,61, 27548.0747, 27754.8492
18163, 1150, -240, 16528, 15, 29, 58, -1457 ,-3996 ,16277 ,2 ,-59 ,57, 27577.7936, 27830.4875
18171, 1214, -223, 16756, 11, 33, 57, -1562 ,-4027 ,16282 ,3 ,-63 ,52, 27634.3048, 27834.4780
18179, 1289, -189, 16894, 8, 33, 52, -1637 ,-4097 ,16324 ,7 ,-62 ,48, 27625.9929, 27801.8713
18189, 1327, -445, 16879, 5, 31, 47, -1702 ,-4115 ,16303 ,9 ,-61 ,45, 27571.9732, 27849.6742
18197, 1327, -265, 16897, 5, 31, 47, -1693 ,-4146 ,16305 ,9 ,-57 ,39, 27661.9405, 27799.5378
18205, 1267, -327, 16897, 6, 28, 40, -1671 ,-4134 ,16300 ,15 ,-54 ,32, 27594.0955, 27820.4739
18213, 1238, -368, 16822, -3, 26, 33, -1582 ,-3973 ,16267 ,19 ,-50 ,26, 27685.3740, 27856.7672
18221, 1154, -512, 16764, -5, 27, 26, -1601 ,-3915 ,16380 ,18 ,-47 ,19, 27508.6850, 27832.7733
18229, 1294, -351, 16920, -2, 24, 19, -1601 ,-3915 ,16380 ,18 ,-47 ,19, 27598.5926, 27856.5258
18237, 1423, -154, 17016, -8, 22, 16, -1761 ,-4004 ,16372 ,21 ,-45 ,15, 27599.6596, 27793.3389
18247, 1405, -140, 17074, -20, 19, 14, -1795 ,-4094 ,16344 ,30 ,-40 ,13, 27645.6773, 27730.1461
18255, 1370, -169, 17034, -32, 15, 10, -1767 ,-4099 ,16322 ,44 ,-36 ,13, 27611.0262, 27857.9652
18263, 1288, -381, 16899, -30, 10, 7, -1700 ,-3992 ,16266 ,48 ,-31 ,10, 27609.9533, 27804.4939
18271, 1269, -427, 16943, -8, 3, 1, -1648 ,-3964 ,16312 ,34 ,-24 ,6, 27606.3919, 27832.6541
18279, 1371, -225, 17004, 7, -1, -4, -1725 ,-4068 ,16335 ,14 ,-18 ,0, 27601.8679, 27839.7232
18287, 1371, -190, 16933, 9, -6, -8, -1765 ,-4141 ,16291 ,7 ,-13 ,-4, 27564.5971, 27865.7883
18295, 1234, -108, 16933, 9, -6, -8, -1641 ,-4124 ,16268 ,8 ,-8 ,-6, 27583.2981, 27860.4925
18303, 1234, -108, 16839, 7, -9, -13, -1564 ,-4058 ,16255 ,9 ,-4 ,-9, 27640.8017, 27850.6100
18311, 1190, 20, 16796, 6, -11, -15, -1529 ,-4067 ,16324 ,10 ,-4 ,-9, 27482.5960, 27648.6844
18319, 1172, 118, 16912, 6, -12, -14, -1521 ,-4119 ,16353 ,16 ,-3 ,-6, 27578.2973, 27733.7253
18329, 1173, 158, 16904, -2, -14, -13, -1521 ,-4119 ,16353 ,16 ,-3 ,-6, 27667.8056, 27866.5334
18337, 1161, 14, 16810, -7, -15, -10, -1514 ,-4072 ,16359 ,23 ,-2 ,-4, 27538.6333, 27900.2666
18345, 1078, -204, 16824, -4, -15, -10, -1453 ,-4030 ,16378 ,21 ,-1 ,-3, 27416.6703, 27883.2912
18353, 1231, -92, 16735, 0, -16, -12, -1524 ,-4005 ,16382 ,16 ,0 ,-4, 27580.0526, 27821.1504
18361, 1292, 21, 16746, -4, -15, -14, -1648 ,-4120 ,16330 ,17 ,-1 ,-5, 27590.3493, 27854.2250
18369, 1190, -105, 16703, -17, -13, -15, -1631 ,-4155 ,16253 ,27 ,-2 ,-7, 27596.0147, 27714.9171
18379, 1106, -273, 16577, -19, -14, -19, -1495 ,-4002 ,16186 ,36 ,-3 ,-10, 27589.4910, 27914.4436
18387, 1176, -216, 16669, -4, -13, -19, -1498 ,-3962 ,16253 ,26 ,-1 ,-13, 27515.7958, 27940.0021
18395, 1298, -61, 16822, -4, -13, -22, -1629 ,-4020 ,16276 ,12 ,0 ,-16, 27577.4986, 27658.9066
18404, 1298, -61, 16822, 7, -15, -23, -1694 ,-4103 ,16258 ,9 ,2 ,-16, 27707.9761, 27817.8960