96953, 10514, -7739, 7838, -111, -102, -33, 9644 ,9796 ,10751 ,62 ,-24 ,-16, 15175.3843, 32820.9221
96956, 10514, -7739, 7838, -111, -102, -33, 9644 ,9796 ,10751 ,62 ,-24 ,-16, 15216.4757, 32829.4903
96961, 10719, -7145, 7846, -66, -49, -58, 9525 ,10001 ,10751 ,62 ,-24 ,-16, 15202.4716, 32831.9013
96970, 10644, -7145, 7846, -30, 2, -71, 9525 ,10001 ,10826 ,-14 ,9 ,-16, 15141.0937, 32834.9948
96978, 10900, -6393, 9038, -30, 2, -71, 9119 ,9431 ,10677 ,-14 ,9 ,-16, 15083.0001, 32838.4548
96987, 11009, -5810, 9189, -13, 45, -67, 9119 ,9431 ,10677 ,-34 ,10 ,-10, 15044.9157, 32841.8493
96996, 11131, -5463, 10453, -7, 68, -56, 9049 ,9409 ,10298 ,-39 ,17 ,-10, 15119.7016, 32827.1031
97004, 11166, -5349, 11473, 3, 69, -42, 9008 ,9360 ,10014 ,-52 ,21 ,-11, 15286.3234, 32822.0159
97013, 11101, -5396, 12160, 17, 50, -28, 8924 ,9256 ,9754 ,-61 ,19 ,-5, 15236.2108, 32815.9273
97020, 10979, -5592, 12470, 33, 23, -17, 8944 ,9143 ,9623 ,-59 ,21 ,-2, 15255.8923, 32820.2933
97030, 10736, -5936, 12342, 47, -7, -7, 8978 ,9114 ,9539 ,-54 ,25 ,0, 15339.7620, 32817.2505
97038, 10435, -6288, 11755, 57, -31, -2, 9016 ,9020 ,9602 ,-45 ,26 ,4, 15313.4108, 32808.1459
97046, 10179, -6517, 11002, 63, -43, -2, 9117 ,9024 ,9680 ,-35 ,22 ,9, 15132.4809, 32815.4176
97055, 10041, -6692, 10593, 68, -41, -3, 9235 ,9134 ,9748 ,-29 ,21 ,12, 15100.2288, 32827.8780
97066, 9996, -6803, 10619, 69, -33, -7, 9242 ,8982 ,9764 ,-26 ,17 ,18, 15158.3374, 32823.8964
97071, 10054, -6830, 11083, 62, -28, -11, 9260 ,8953 ,9696 ,-20 ,11 ,20, 15275.6929, 32816.7439
97079, 10109, -6759, 11109, 62, -29, -14, 9260 ,8953 ,9696 ,-10 ,11 ,20, 15104.7647, 32826.6561
97087, 10143, -6605, 11430, 53, -30, -14, 9227 ,8922 ,9653 ,-10 ,8 ,20, 15028.4797, 32811.9755
97097, 10143, -6605, 11430, 21, -33, -14, 9227 ,8922 ,9643 ,9 ,1 ,19, 15248.1318, 32808.1101
97105, 10210, -6464, 11315, 21, -33, -9, 9232 ,9000 ,9667 ,9 ,1 ,16, 15265.2800, 32819.2055
97111, 10304, -6353, 11225, 8, -35, 0, 9212 ,9130 ,9657 ,17 ,-3 ,12, 15007.2247, 32838.0316
97120, 10338, -6422, 11206, -1, -35, 10, 9180 ,9096 ,9696 ,22 ,-6 ,8, 15136.0035, 32816.8601
97128, 10393, -6486, 11136, -8, -36, 18, 9175 ,9163 ,9745 ,31 ,-8 ,6, 15246.7340, 32840.1029
97136, 10425, -6494, 10932, -9, -36, 23, 9179 ,9245 ,9784 ,41 ,-8 ,4, 15159.2344, 32830.2145
97144, 10423, -6540, 10768, -1, -34, 28, 9211 ,9340 ,9846 ,47 ,-11 ,2, 15237.2688, 32811.3019
97157, 10442, -6629, 10608, 8, -29, 30, 9229 ,9367 ,9894 ,52 ,-10 ,1, 15187.4661, 32823.4285
97164, 10459, -6700, 10669, 15, -20, 31, 9244 ,9372 ,9995 ,52 ,-9 ,1, 15198.1801, 32833.5971
97172, 10561, -6747, 10840, 19, -16, 29, 9245 ,9363 ,10013 ,50 ,-8 ,2, 15273.8601, 32837.9333
97177, 10561, -6747, 10840, 19, -16, 29, 9245 ,9363 ,10013 ,50 ,-8 ,2, 15303.9575, 32809.6271
97187, 10670, -6915, 10940, 14, -8, 27, 9230 ,9494 ,10053 ,48 ,-5 ,6, 15127.2297, 32836.4789
97193, 10670, -6915, 10940, 14, -8, 24, 9230 ,9494 ,10053 ,48 ,-5 ,6, 15355.6079, 32834.0083
97203, 10657, -7048, 10830, 14, -5, 19, 9247 ,9563 ,10089 ,38 ,-3 ,7, 15258.8278, 32824.7905
97211, 10595, -7215, 10869, 15, 0, 13, 9245 ,9588 ,10051 ,25 ,-2 ,12, 15315.3181, 32800.9188
97218, 10546, -7358, 10968, 15, 5, 3, 9181 ,9508 ,10031 ,13 ,0 ,15, 15116.0777, 32834.8219
97226, 10550, -7394, 11079, 13, 6, -8, 9224 ,9451 ,9978 ,6 ,-1 ,16, 14970.6036, 32831.0549
97234, 10555, -7346, 11023, 14, 6, -20, 9169 ,9487 ,9916 ,6 ,-1 ,18, 15161.1656, 32814.0378
97243, 10562, -7255, 10922, 16, 7, -27, 9228 ,9557 ,9933 ,8 ,-1 ,17, 15192.4491, 32815.2686
97250, 10608, -7255, 10922, 21, 9, -30, 9180 ,9676 ,9940 ,8 ,-1 ,17, 15208.4112, 32809.5794
97258, 10608, -7032, 10872, 21, 9, -30, 9180 ,9676 ,9940 ,0 ,0 ,15, 15082.4696, 32829.0761
97266, 10627, -6804, 10990, 25, 13, -28, 9246 ,9681 ,9883 ,-8 ,-3 ,12, 15198.7761, 32795.8852
97274, 10677, -6583, 11177, 23, 14, -19, 9209 ,9601 ,9856 ,-13 ,-2 ,10, 15179.2079, 32820.7672
97282, 10646, -6460, 11362, 18, 13, -8, 9172 ,9536 ,9812 ,-12 ,-3 ,6, 15119.6241, 32824.1438
97292, 10553, -6448, 11533, 10, 10, 3, 9184 ,9425 ,9765 ,-9 ,-3 ,2, 15110.5940, 32823.9381
97300, 10474, -6498, 11614, 5, 2, 13, 9172 ,9362 ,9692 ,-3 ,-5 ,0, 15050.0298, 32824.7428
97308, 10421, -6593, 11623, 0, -7, 19, 9186 ,9300 ,9647 ,6 ,-7 ,0, 15261.8140, 32833.3855
97321, 10334, -6762, 11448, -2, -15, 21, 9216 ,9278 ,9676 ,17 ,-8 ,2, 15302.1067, 32822.3884
97324, 10252, -6893, 11070, -2, -19, 21, 9206 ,9254 ,9742 ,29 ,-11 ,5, 15238.3745, 32805.5888
97332, 10188, -6984, 10702, -1, -17, 17, 9227 ,9303 ,9822 ,37 ,-14 ,8, 15136.5608, 32814.3477
97347, 10137, -6999, 10498, 7, -10, 11, 9231 ,9338 ,9891 ,40 ,-16 ,10, 15262.7498, 32822.0874
97348, 10137, -6999, 10498, 7, -10, 11, 9231 ,9338 ,9891 ,36 ,-16 ,10, 15209.1920, 32816.6813
97365, 10242, -6696, 10560, 16, 12, -1, 9210 ,9346 ,9920 ,29 ,-22 ,13, 15072.3755, 32821.8728
97367, 10242, -6696, 10560, 15, 19, 0, 9210 ,9346 ,9920 ,22 ,-25 ,13, 15262.2670, 32834.5716
97380, 10476, -6467, 11077, 12, 21, 2, 9168 ,9283 ,9861 ,22 ,-24 ,15, 15127.4800, 32817.0151
97383, 10476, -6467, 11077, 12, 21, 2, 9168 ,9283 ,9861 ,22 ,-24 ,15, 15185.9969, 32828.3161
97391, 10607, -6433, 11326, 12, 21, 7, 9194 ,9304 ,9843 ,23 ,-25 ,14, 15189.5851, 32799.5151
97398, 10716, -6483, 11624, 11, 14, 13, 9130 ,9306 ,9835 ,23 ,-26 ,13, 15165.4273, 32799.6641
97404, 10814, -6586, 11828, 10, 4, 19, 9168 ,9286 ,9792 ,28 ,-26 ,11, 15257.9635, 32827.2671
97414, 10849, -6735, 11831, 10, -11, 21, 9138 ,9226 ,9826 ,37 ,-26 ,11, 15342.0568, 32840.1178
97422, 10849, -6851, 11557, 9, -24, 21, 9188 ,9226 ,9826 ,47 ,-21 ,9, 15168.2079, 32826.9064
97430, 10840, -6783, 11557, 9, -24, 21, 9188 ,9309 ,9930 ,47 ,-21 ,9, 15258.3092, 32802.7129
97438, 10791, -7039, 11147, 8, -30, 18, 9256 ,9462 ,10013 ,49 ,-18 ,7, 15170.2881, 32812.7623
97447, 10703, -7218, 10732, 7, -29, 13, 9278 ,9534 ,10106 ,44 ,-13 ,6, 15277.2903, 32841.5424
97454, 10657, -7261, 10466, 6, -22, 7, 9280 ,9575 ,10153 ,38 ,-7 ,5, 15117.6035, 32841.3159
97464, 10627, -7211, 10381, 7, -9, 2, 9264 ,9661 ,10140 ,31 ,-4 ,3, 15206.5605, 32808.7389
97472, 10591, -7187, 10639, 7, 5, -1, 9275 ,9681 ,10068 ,22 ,-3 ,2, 15276.7330, 32801.1900
97478, 10631, -7104, 11207, 3, 11, -1, 9228 ,9570 ,9936 ,10 ,-3 ,3, 14948.5528, 32797.5273
97486, 10729, -7020, 11820, -5, 7, -3, 9230 ,9495 ,9806 ,11 ,-6 ,3, 15211.9964, 32814.6011
97497, 10811, -6890, 12052, -10, -8, -3, 9216 ,9511 ,9799 ,18 ,-4 ,3, 15326.3867, 32828.5724
97508, 10840, -6780, 11965, -8, -23, -2, 9251 ,9593 ,9854 ,21 ,-3 ,2, 15102.7262, 32825.3478
97515, 10848, -6726, 11690, -2, -35, 0, 9255 ,9691 ,9844 ,21 ,-3 ,2, 15178.4718, 32844.5464
97519, 10848, -6726, 11690, -2, -35, 0, 9255 ,9691 ,9844 ,21 ,-3 ,2, 15271.1779, 32809.3201
97528, 10773, -6801, 11402, 9, -43, 2, 9316 ,9664 ,9926 ,19 ,-1 ,2, 15305.9632, 32832.7984
97536, 10679, -6879, 10989, 14, -45, 4, 9334 ,9666 ,10013 ,17 ,1 ,2, 15332.6422, 32833.7759
97549, 10583, -6999, 10496, 14, -31, 6, 9331 ,9614 ,10080 ,8 ,2 ,1, 15291.1335, 32821.8281
97552, 10583, -6999, 10496, 14, -31, 6, 9331 ,9614 ,10080 ,8 ,2 ,1, 15388.6944, 32806.8972
97560, 10512, -7017, 10513, 14, -20, 5, 9301 ,9579 ,10075 ,4 ,2 ,1, 15339.3775, 32826.9690
97571, 10506, -7001, 10750, 15, -9, 5, 9246 ,9460 ,10001 ,1 ,1 ,0, 15082.0106, 32811.7728
97584, 10578, -6781, 11371, 15, -7, 4, 9148 ,9422 ,9914 ,6 ,-2 ,-2, 15065.7207, 32825.3210
97587, 10578, -6781, 11371, 15, -7, 4, 9148 ,9422 ,9824 ,6 ,-2 ,-2, 15017.9535, 32819.7777
97591, 10578, -6781, 11371, 15, -7, 4, 9148 ,9422 ,9824 ,6 ,-2 ,-2, 15144.4823, 32833.3288
97599, 10639, -6662, 11641, 17, -15, 5, 9129 ,9397 ,9726 ,8 ,-3 ,-2, 15286.9016, 32816.3981
97607, 10653, -6593, 11794, 15, -26, 8, 9127 ,9370 ,9691 ,10 ,-4 ,-2, 15180.0275, 32814.3358
97617, 10641, -6614, 11767, 12, -40, 12, 9131 ,9298 ,9698 ,14 ,-5 ,-1, 15114.3849, 32818.5529
97623, 10638, -6709, 11583, 12, -54, 14, 9140 ,9253 ,9732 ,20 ,-3 ,0, 15160.0242, 32813.7755
97631, 10585, -6777, 11136, 9, -61, 14, 9174 ,9328 ,9830 ,28 ,-1 ,-1, 15130.7076, 32822.1500
97640, 10497, -6875, 10649, 7, -61, 14, 9178 ,9389 ,9911 ,28 ,0 ,-3, 15040.8477, 32822.2692
97649, 10361, -7005, 10153, 11, -52, 13, 9230 ,9380 ,9966 ,21 ,-1 ,-3, 15187.1771, 32817.8316
97656, 10361, -7005, 9897, 15, -35, 8, 9230 ,9380 ,9966 ,21 ,3 ,-3, 15317.6934, 32832.9414
97666, 10203, -7014, 10127, 16, -17, 1, 9203 ,9333 ,9942 ,6 ,5 ,-3, 15232.6167, 32809.8029
97674, 10203, -7014, 10487, 19, -4, 1, 9203 ,9333 ,9942 ,-250 ,5 ,-3, 15306.9347, 32835.2392
97681, 10237, -6931, 10487, 19, -4, -6, 9156 ,9245 ,9849 ,-4 ,5 ,-3, 15075.1948, 32821.8549
97688, 10278, -6763, 10954, 16, 4, -10, 9124 ,9134 ,9744 ,-5 ,4 ,-1, 15183.7140, 32832.0384
97696, 10414, -6598, 11516, 14, 0, -12, 9114 ,9131 ,9604 ,7 ,1 ,1, 15114.4922, 32834.9948
97704, 10537, -6484, 11949, 8, -11, -9, 9114 ,9157 ,9543 ,17 ,1 ,3, 15027.4843, 32818.8151
97712, 10559, -6414, 11926, 2, -27, -4, 9138 ,9210 ,9574 ,31 ,-1 ,2, 15146.2823, 32832.1785
97723, 10537, -6421, 11614, -1, -41, 5, 9184 ,9431 ,9646 ,42 ,-1 ,2, 15104.0375, 32820.9013
97730, 10467, -6578, 11223, -4, -49, 12, 9233 ,9523 ,9718 ,42 ,-1 ,0, 15218.2370, 32824.2242
97738, 10393, -6813, 11184, -4, -49, 18, 9233 ,9523 ,9718 ,44 ,-1 ,0, 14998.2661, 32813.5908
97744, 10393, -6813, 10928, -3, -49, 18, 9284 ,9534 ,9809 ,37 ,-2 ,0, 15222.0756, 32854.0385
97752, 10349, -7025, 10713, -3, -45, 19, 9313 ,9548 ,9868 ,32 ,-3 ,-1, 15288.0937, 32827.1806
97763, 10338, -7229, 10604, -2, -36, 17, 9337 ,9482 ,9886 ,30 ,-4 ,-2, 15154.8356, 32826.7485
97770, 10294, -7361, 10480, 4, -25, 9, 9320 ,9518 ,9936 ,27 ,-5 ,-2, 15077.9635, 32817.7601
97778, 10308, -7310, 10500, 10, -14, 1, 9325 ,9550 ,9960 ,22 ,-8 ,-2, 15264.2697, 32814.9468
97786, 10374, -7055, 10637, 15, -3, -5, 9273 ,9571 ,9922 ,16 ,-10 ,-2, 15248.7278, 32818.5916
97794, 10477, -6762, 10875, 15, 3, -6, 9264 ,9599 ,9845 ,10 ,-13 ,-4, 15226.6175, 32826.1465
97802, 10551, -6607, 11121, 12, 6, 0, 9205 ,9533 ,9838 ,3 ,-13 ,-4, 15229.7288, 32806.9508
97817, 10620, -6569, 11366, 5, 5, 7, 9185 ,9446 ,9812 ,3 ,-15 ,-4, 15173.1431, 32832.1248
97820, 10680, -6659, 11514, 2, -2, 13, 9185 ,9446 ,9812 ,3 ,-17 ,-4, 15124.4938, 32818.7406
97826, 10680, -6659, 11514, 2, -2, 13, 9164 ,9441 ,9758 ,8 ,-17 ,-4, 15192.9438, 32820.8894
97834, 10674, -6758, 11358, 6, -10, 16, 9164 ,9443 ,9812 ,15 ,-17 ,-5, 15144.9829, 32810.0622
97842, 10586, -6838, 11006, 13, -15, 16, 9192 ,9414 ,9885 ,20 ,-15 ,-4, 15113.3299, 32816.7886
97852, 10508, -6837, 10686, 18, -14, 13, 9212 ,9407 ,9954 ,19 ,-13 ,-3, 15259.0156, 32813.6414
97864, 10426, -6950, 10612, 23, -8, 5, 9250 ,9386 ,9985 ,14 ,-13 ,-1, 15164.2561, 32829.5678
97871, 10426, -6950, 10612, 23, 2, 5, 9225 ,9296 ,9966 ,8 ,-13 ,0, 15015.7481, 32830.6615
97884, 10532, -6933, 11112, 14, 11, -4, 9246 ,9248 ,9860 ,5 ,-13 ,0, 15244.9697, 32804.4266
97885, 10532, -6933, 11112, 14, 11, -4, 9246 ,9248 ,9860 ,5 ,-13 ,0, 15260.1212, 32815.7425
97895, 10596, -6950, 11436, 8, 9, -7, 9228 ,9299 ,9820 ,4 ,-13 ,-2, 15160.5099, 32828.3340
97908, 10666, -7004, 11658, -12, 250, -10, 9207 ,9327 ,9798 ,3 ,-12 ,-3, 15106.8211, 32798.8565
97910, 10704, -7015, 11588, -12, -6, -10, 9246 ,9362 ,9842 ,3 ,-12 ,-4, 15188.8072, 32803.4461
97920, 10703, -7018, 11375, -18, -11, -10, 9275 ,9367 ,9869 ,9 ,-10 ,-5, 14981.1298, 32815.0898
97931, 10681, -7002, 11190, -21, -16, -11, 9259 ,9438 ,9902 ,14 ,-7 ,-7, 15030.0413, 32817.7273
97942, 10598, -7031, 10943, -24, -16, -14, 9281 ,9427 ,9950 ,17 ,-5 ,-7, 15229.4159, 32827.6455
97965, 10458, -7035, 10740, -31, 5, -26, 9272 ,9406 ,9953 ,18 ,-3 ,-4, 15053.3348, 32818.7406
97966, 10458, -7035, 10740, -31, 5, -26, 9272 ,9406 ,9953 ,18 ,-3 ,-4, 15184.5843, 32802.6950
97977, 10548, -6979, 10968, -28, 8, -32, 9210 ,9453 ,9926 ,14 ,-2 ,-3, 15263.5098, 32802.0215
97979, 10548, -6979, 10968, -28, 8, -32, 9210 ,9453 ,9926 ,14 ,-2 ,-3, 15233.6478, 32818.4396
97989, 10634, -6858, 11162, -24, 7, -37, 9147 ,9502 ,9872 ,10 ,-3 ,-3, 15220.0550, 32812.0828
97998, 10624, -6765, 11289, -18, 4, -38, 9183 ,9438 ,9846 ,5 ,-5 ,-2, 15215.4773, 32830.7003
98005, 10648, -6613, 11236, -18, 1, -35, 9177 ,9510 ,9814 ,6 ,-5 ,-2, 15160.1493, 32805.7945
98013, 10615, -6562, 11144, -17, -1, -30, 9192 ,9599 ,9821 ,7 ,-5 ,-2, 15177.1456, 32833.5494
98021, 10649, -6666, 11185, -14, -3, -23, 9216 ,9644 ,9793 ,7 ,-5 ,-2, 15077.0187, 32828.5873
98030, 10650, -6804, 11244, -10, -6, -17, 9224 ,9660 ,9766 ,5 ,-5 ,-3, 15309.6110, 32820.9549
98037, 10644, -6957, 11305, -7, -11, -13, 9259 ,9622 ,9794 ,5 ,-5 ,-1, 15126.0138, 32824.3375
98052, 10641, -7044, 11327, 0, -14, -14, 9236 ,9562 ,9794 ,8 ,-4 ,-1, 15183.4488, 32818.0760
98055, 10654, -7018, 11240, 4, -19, -15, 9263 ,9562 ,9822 ,13 ,-5 ,-1, 15245.6641, 32815.0898
98063, 10654, -7018, 11240, 5, -22, -15, 9263 ,9541 ,9822 ,13 ,-5 ,-1, 15236.4522, 32805.2998
98071, 10619, -6947, 11144, 5, -22, -15, 9208 ,9541 ,9866 ,16 ,-3 ,0, 15065.3124, 32823.2855
98079, 10555, -6864, 10888, 3, -19, -13, 9249 ,9600 ,9868 ,14 ,-4 ,-3, 15156.0336, 32820.4960
98087, 10537, -6828, 10682, 2, -15, -9, 9211 ,9578 ,9874 ,8 ,-2 ,-3, 15150.6990, 32812.7176
98095, 10486, -6854, 10613, 0, -8, -7, 9202 ,9523 ,9890 ,4 ,-1 ,-5, 15020.2990, 32804.4921
98103, 10456, -6923, 10747, 5, -1, -6, 9194 ,9503 ,9863 ,1 ,-1 ,-6, 15134.3077, 32823.2080
98111, 10447, -6973, 11061, 6, 2, -8, 9175 ,9391 ,9808 ,-3 ,-2 ,-4, 15178.0695, 32841.6169
98127, 10570, -6846, 11686, 8, -10, -16, 9171 ,9341 ,9726 ,7 ,-5 ,-1, 15205.6873, 32812.0977
98129, 10570, -6846, 11686, 8, -10, -16, 9171 ,9341 ,9726 ,7 ,-5 ,-1, 15184.0627, 32835.2153
98138, 10656, -6748, 11792, 7, -23, -18, 9199 ,9383 ,9741 ,11 ,-7 ,2, 15308.4874, 32811.6447
98149, 10690, -6624, 11657, 4, -34, -17, 9233 ,9448 ,9756 ,16 ,-7 ,3, 15176.6896, 32808.8522
98155, 10666, -6575, 11378, 4, -43, -13, 9272 ,9428 ,9822 ,16 ,-9 ,5, 15313.6373, 32814.9468
98167, 10594, -6580, 11100, 3, -46, -8, 9279 ,9340 ,9884 ,19 ,-9 ,5, 15044.2570, 32833.8087
98182, 10535, -6649, 10515, -1, -36, 2, 9270 ,9413 ,9992 ,29 ,-8 ,2, 15216.0585, 32820.0817
98184, 10535, -6649, 10515, -1, -36, 2, 9270 ,9413 ,9992 ,29 ,-8 ,2, 15154.6448, 32812.1752
98189, 10447, -6797, 10259, 1, -26, 5, 9270 ,9413 ,9992 ,29 ,-8 ,2, 15063.0683, 32845.2170
98197, 10447, -6797, 10138, 4, -26, 5, 9248 ,9424 ,10006 ,27 ,-4 ,0, 15181.6905, 32826.7038
98205, 10383, -6900, 9988, 4, -10, 5, 9262 ,9475 ,10011 ,21 ,-4 ,-2, 15106.1028, 32827.6396
98213, 10366, -6953, 10244, 10, 5, 1, 9212 ,9399 ,9958 ,15 ,-3 ,-1, 15212.6104, 32822.1172
98225, 10410, -6814, 11258, 19, 17, -6, 9164 ,9438 ,9756 ,9 ,-2 ,-2, 15061.0328, 32826.5458
98229, 10489, -6814, 11258, 19, 17, -6, 9143 ,9391 ,9756 ,0 ,-5 ,-1, 15119.6778, 32808.1489
98237, 10574, -6802, 11863, 17, 9, -9, 1 ,9122 ,9253 ,-21979 ,-6 ,-7, 15089.0976, 32836.5684
98245, 10587, -6736, 11927, 11, -6, -10, 9156 ,9190 ,9608 ,0 ,-8 ,2, 15105.6319, 32804.8587
98258, 10574, -6676, 11648, 9, -21, -10, 9224 ,9230 ,9672 ,12 ,-8 ,3, 15192.6279, 32830.6019
98270, 10491, -6608, 10893, 11, -28, -4, 9288 ,9480 ,9717 ,25 ,-9 ,2, 15101.7874, 32836.6220
98272, 10491, -6608, 10893, 11, -29, -4, 9288 ,9480 ,9784 ,29 ,-10 ,2, 15144.1008, 32815.2537
98278, 10491, -6608, 10893, 11, -29, -253, 9288 ,9480 ,9784 ,29 ,-10 ,2, 15157.1333, 32823.8249
98290, 10504, -6632, 10492, 14, -18, 9, 9287 ,9590 ,9890 ,23 ,-7 ,0, 15184.1819, 32786.8342
98295, 10504, -6632, 10492, 14, -18, 9, 9287 ,9590 ,9890 ,23 ,-7 ,0, 15134.1408, 32826.5101
98303, 10504, -6694, 10435, 17, -6, 15, 9263 ,9653 ,9934 ,18 ,-5 ,-3, 15173.7034, 32841.4023
98311, 10505, -6834, 10680, 21, 4, 20, 9232 ,9568 ,9894 ,11 ,-6 ,-3, 15073.3531, 32817.2863
98322, 10500, -6974, 11042, 22, 9, 20, 9193 ,9430 ,9823 ,7 ,-7 ,-2, 15309.7004, 32824.6325
98327, 10515, -7055, 11272, 22, 7, 16, 9206 ,9415 ,9782 ,9 ,-7 ,-1, 15101.8500, 32822.5553
98335, 10581, -7057, 11452, 24, 1, 10, 9153 ,9463 ,9783 ,12 ,-6 ,1, 15074.6435, 32800.8562
98344, 10619, -7023, 11515, 25, -7, 5, 9204 ,9545 ,9767 ,12 ,-8 ,2, 15354.8867, 32795.1998
98350, 10619, -7023, 11367, 27, -7, 5, 9204 ,9545 ,9767 ,12 ,-8 ,2, 15075.2485, 32828.6618
98358, 10608, -6975, 11367, 27, -15, 1, 9228 ,9541 ,9796 ,9 ,-9 ,5, 15214.7025, 32819.7658
98366, 10590, -6921, 11239, 29, -19, 1, 9236 ,9534 ,9852 ,4 ,-8 ,6, 15150.8152, 32810.6672
98395, 10582, -6819, 10876, 13, -23, 2, 9262 ,9406 ,9947 ,10 ,-9 ,4, 15274.3578, 32837.7455
98397, 10610, -6851, 10745, 10, -17, 5, 9228 ,9519 ,9956 ,13 ,-7 ,2, 15164.1190, 32837.6919
98403, 10610, -6851, 10745, 10, -17, 5, 9228 ,9519 ,9956 ,13 ,-7 ,2, 15297.4576, 32823.5865
98409, 10607, -6889, 10721, 9, -11, 7, 9239 ,9577 ,9963 ,9 ,-7 ,-1, 15092.4146, 32822.8027
98417, 10641, -6904, 10932, 12, -6, 9, 9246 ,9539 ,9906 ,2 ,-8 ,-2, 14950.1681, 32828.7750
98429, 10674, -6912, 11302, 16, -8, 10, 9240 ,9431 ,9823 ,-3 ,-9 ,-4, 15137.1211, 32816.6217
98434, 10674, -6854, 11498, 16, -13, 8, 9207 ,9321 ,9826 ,-4 ,-7 ,-4, 15177.6105, 32846.0991
98443, 10640, -6839, 11600, 14, -21, 5, 9193 ,9065 ,9786 ,3 ,-7 ,-3, 15242.9134, 32835.4657
98450, 10640, -6839, 11600, 14, -30, 5, 9193 ,9200 ,9786 ,3 ,-7 ,-3, 15220.2338, 32819.8731
98458, 10593, -6826, 11402, 14, -30, 1, 9202 ,9184 ,9850 ,10 ,-6 ,-2, 15393.3078, 32821.8728
98466, 10506, -6778, 11123, 11, -34, -2, 9211 ,9236 ,9881 ,15 ,-5 ,0, 15193.6173, 32820.2575
98474, 10445, -6715, 10941, 9, -35, -5, 9211 ,9296 ,9844 ,15 ,-6 ,4, 15144.6611, 32822.5642
98489, 10345, -6638, 10762, 4, -28, -5, 9246 ,9258 ,9807 ,12 ,-8 ,6, 15108.3320, 32819.7479
98493, 10345, -6638, 10762, 4, -28, -5, 9246 ,9258 ,9807 ,12 ,-8 ,6, 15208.7629, 32830.1430
98498, 10408, -6668, 10942, 2, -25, -5, 9232 ,9284 ,9786 ,14 ,-9 ,7, 14990.4251, 32810.5569
98515, 10528, -6819, 11051, -3, -24, -1, 9235 ,9457 ,9798 ,17 ,-9 ,5, 15082.8868, 32810.8728
98517, 10528, -6819, 11051, -3, -24, -1, 9235 ,9457 ,9798 ,17 ,-9 ,5, 15168.0768, 32835.7905
98524, 10622, -6911, 11088, -4, -23, 0, 9238 ,9536 ,9812 ,15 ,-8 ,3, 14997.7565, 32810.3691
98530, 10630, -6911, 11088, -4, -23, 0, 9238 ,9536 ,9812 ,15 ,-8 ,3, 15177.5032, 32825.5415
98538, 10630, -7012, 11097, 0, -23, 0, 9271 ,9529 ,9843 ,9 ,-8 ,2, 15294.7962, 32832.2053
98558, 10635, -7058, 11024, 6, -24, -11, 9232 ,9366 ,9903 ,14 ,-5 ,3, 15119.0132, 32823.8070
98564, 10635, -6924, 10989, 7, -24, -11, 9231 ,9421 ,9903 ,20 ,-6 ,3, 15219.1103, 32833.4659
98567, 10635, -6924, 10989, 7, -24, -11, 9231 ,9421 ,9903 ,20 ,-6 ,3, 15179.4076, 32821.0562
98575, 10622, -6814, 10970, 5, -24, -11, 9248 ,9487 ,9914 ,22 ,-6 ,3, 15227.2582, 32816.1687
98583, 10674, -6738, 10996, 0, -21, -9, 9224 ,9537 ,9932 ,18 ,-4 ,3, 15185.4157, 32805.7855
98589, 10728, -6692, 11019, -5, -21, -4, 9198 ,9623 ,9903 ,12 ,-3 ,2, 15103.5607, 32831.5735
98603, 10732, -6797, 11052, -4, -21, 1, 9218 ,9646 ,9904 ,6 ,-3 ,-1, 15309.2325, 32831.9103
98605, 10691, -6977, 11152, -4, -22, 3, 9189 ,9599 ,9860 ,-2 ,-3 ,0, 15187.0489, 32820.6837
98614, 10641, -7186, 11210, -5, -25, 2, 9198 ,9510 ,9841 ,-7 ,-3 ,-1, 15345.2694, 32818.0254
98622, 10543, -7186, 11204, -3, -27, -4, 9198 ,9510 ,9841 ,-7 ,-3 ,-1, 15076.2647, 32832.0444
98631, 10543, -7340, 11115, -3, -27, -4, 9210 ,9339 ,9812 ,-5 ,-3 ,4, 15132.9786, 32815.8259
98639, 10482, -7340, 11115, -1, -30, -14, 9189 ,9266 ,9825 ,5 ,-4 ,4, 15118.6585, 32831.7881
98650, 10448, -6991, 10858, -5, -34, -29, 9179 ,9311 ,9798 ,15 ,-6 ,4, 15298.2056, 32825.4789
98655, 10448, -6991, 10858, -5, -34, -29, 9179 ,9404 ,9810 ,22 ,-4 ,4, 15220.1742, 32821.5897
98663, 10468, -6726, 10603, -11, -28, -28, 9162 ,9537 ,9811 ,20 ,-4 ,4, 15164.8790, 32820.1294
98671, 10473, -6585, 10542, -12, -22, -22, 9186 ,9584 ,9766 ,12 ,-4 ,3, 15253.1058, 32832.5689
98679, 10472, -6629, 10628, -14, -16, -16, 9112 ,9481 ,9752 ,8 ,-4 ,4, 15139.9642, 32799.9800
98689, 10483, -6696, 10783, -14, -11, -10, 9154 ,9451 ,9738 ,8 ,-5 ,2, 15151.1848, 32832.2619
98700, 10509, -6748, 10909, -10, -11, -7, 9151 ,9466 ,9703 ,7 ,-6 ,1, 15193.8766, 32820.8625
98710, 10554, -6804, 11222, -5, -14, -4, 9134 ,9410 ,9682 ,8 ,-8 ,1, 15256.8161, 32807.4723
98713, 10593, -6844, 11357, 0, -20, -6, 9134 ,9410 ,9663 ,12 ,-8 ,4, 15364.3489, 32803.2017
98721, 10663, -6807, 11462, 3, -29, -6, 9167 ,9358 ,9663 ,12 ,-8 ,4, 15179.5357, 32815.2180
98732, 10695, -6784, 11376, 3, -36, -6, 9214 ,9388 ,9802 ,26 ,-8 ,7, 15051.0877, 32810.9503
98737, 10695, -6784, 11376, 3, -36, -6, 9214 ,9388 ,9802 ,26 ,-8 ,7, 15093.1090, 32800.8533
98753, 10624, -6708, 10895, 1, -43, -3, 9208 ,9436 ,9871 ,30 ,-5 ,7, 15109.3036, 32826.7664
98756, 10624, -6708, 10895, 1, -43, -3, 9208 ,9436 ,9871 ,30 ,-5 ,7, 15134.7369, 32820.6271
98765, 10571, -6728, 10641, 1, -39, 0, 9322 ,9462 ,9907 ,27 ,-6 ,5, 15173.3488, 32839.5635
98769, 10572, -6726, 10384, 3, -32, 3, 9318 ,9603 ,9955 ,20 ,-5 ,3, 15341.5203, 32821.0235
98777, 10568, -6774, 10467, 9, -20, 7, 9330 ,9619 ,9975 ,10 ,-4 ,1, 15312.8624, 32822.7371
98786, 10654, -6916, 10869, 11, -12, 9, 9330 ,9619 ,9925 ,10 ,-4 ,1, 15320.5425, 32844.1054
98794, 10710, -7018, 11212, 11, -12, 7, 9239 ,9506 ,9925 ,-2 ,-4 ,3, 15236.6638, 32826.7723
98808, 10735, -7044, 11411, 13, -15, 2, 9204 ,9347 ,9872 ,4 ,-6 ,3, 15201.8189, 32814.5981
98811, 10826, -7044, 11411, 13, -15, -2, 9204 ,9347 ,9872 ,4 ,-6 ,3, 15137.7469, 32819.6019
98818, 10826, -7011, 11537, 13, -24, -2, 9214 ,9389 ,9860 ,12 ,-7 ,3, 15203.3836, 32828.5217
98826, 10854, -6896, 11368, 13, -34, -4, 9226 ,9483 ,9867 ,20 ,-5 ,4, 15088.6029, 32816.9942
98834, 10855, -6793, 11134, 14, -39, -2, 9213 ,9539 ,9950 ,21 ,-4 ,3, 15279.6417, 32822.3467
98842, 10801, -6697, 10786, 11, -40, 2, 9315 ,9537 ,9980 ,21 ,-3 ,1, 15248.3255, 32832.2828
98850, 10709, -6659, 10449, 7, -34, 8, 9259 ,9592 ,9969 ,18 ,2 ,-1, 15151.5424, 32834.1812
98858, 10613, -6757, 10479, 5, -24, 15, 9225 ,9592 ,9969 ,15 ,2 ,-2, 15251.8541, 32816.6425
98866, 10544, -7006, 10749, 5, -17, 19, 9212 ,9482 ,9830 ,7 ,2 ,-2, 15247.0440, 32833.9458
98874, 10544, -7006, 10935, 4, -17, 19, 9212 ,9482 ,9830 ,7 ,1 ,-2, 15192.9766, 32808.8969
98882, 10476, -7210, 10935, 4, -15, 16, 9172 ,9418 ,9750 ,4 ,-2 ,-2, 15375.1612, 32813.9722
98890, 10467, -7337, 11195, 4, -17, 9, 9201 ,9337 ,9700 ,5 ,-3 ,-1, 15017.5959, 32819.5214
98898, 10506, -7369, 11354, 4, -23, -2, 9144 ,9378 ,9668 ,7 ,-3 ,1, 15037.4264, 32814.4342
98906, 10529, -7267, 11330, 4, -31, -11, 9174 ,9443 ,9663 ,8 ,-3 ,0, 15014.2133, 32811.2870
98921, 10502, -6945, 10965, 0, -41, -19, 9181 ,9399 ,9742 ,7 ,-5 ,3, 15240.2043, 32802.6146
98923, 10502, -6945, 10965, 0, -41, -19, 9181 ,9399 ,9742 ,7 ,-5 ,3, 15124.8574, 32836.6727
98931, 10462, -6804, 10768, -4, -40, -18, 9194 ,9369 ,9735 ,12 ,-6 ,3, 15271.5206, 32820.9668
98939, 10485, -6732, 10726, -7, -36, -14, 9232 ,9369 ,9735 ,12 ,-6 ,3, 15410.0657, 32825.8812
98947, 10530, -6697, 10670, -10, -33, -9, 9232 ,9423 ,9759 ,17 ,-7 ,4, 15088.7370, 32821.6225
98955, 10530, -6697, 10670, -10, -28, -9, 9252 ,9491 ,9758 ,17 ,-7 ,3, 14996.4571, 32812.4195
98964, 10521, -6712, 10546, -8, -28, -5, 9238 ,9512 ,9770 ,17 ,-6 ,2, 15167.1231, 32810.0502
98972, 10549, -6765, 10553, -4, -21, -1, 9238 ,9490 ,9807 ,15 ,-6 ,2, 15307.2357, 32820.3142
98982, 10550, -6858, 10626, 6, -16, 0, 9270 ,9454 ,9858 ,15 ,-6 ,2, 15131.9712, 32819.8165
98987, 10608, -6923, 10824, 6, -12, -1, 9239 ,9381 ,9869 ,17 ,-6 ,3, 15055.2005, 32820.4662
99000, 10707, -6946, 11080, 6, -11, -2, 9234 ,9436 ,9852 ,21 ,-6 ,4, 15298.8434, 32829.6959
99003, 10806, -6898, 11254, 7, -15, -2, 9234 ,9503 ,9830 ,23 ,-6 ,3, 15187.3469, 32814.2494
99013, 10847, -6898, 11336, 6, -21, 0, 9224 ,9484 ,9835 ,21 ,-8 ,2, 15203.6607, 32811.7073
99021, 10760, -6866, 11092, 2, -26, 1, 9231 ,9516 ,9835 ,21 ,-5 ,1, 15110.4987, 32814.9915
99027, 10760, -6868, 10896, 2, -26, 1, 9231 ,9516 ,9876 ,21 ,-5 ,1, 15158.0751, 32827.0882
99035, 10720, -6868, 10896, 2, -27, 3, 9220 ,9540 ,9873 ,17 ,-6 ,1, 15290.1322, 32815.7932
99054, 10624, -6928, 10664, 5, -23, 4, 9234 ,9536 ,9865 ,9 ,-8 ,-1, 15041.8788, 32813.4149
99065, 10606, -6947, 11013, 3, -19, 6, 9228 ,9473 ,9852 ,1 ,-8 ,-2, 15069.9317, 32819.7867
99087, 10637, -6948, 11210, -5, -25, 1, 9234 ,9263 ,9765 ,9 ,-11 ,2, 15214.0349, 32800.5135
99088, 10637, -6948, 11210, -5, -25, 1, 9234 ,9263 ,9765 ,9 ,-11 ,2, 15215.0065, 32823.9173
99093, 10651, -6908, 11170, -4, -31, -1, 9218 ,9378 ,9742 ,16 ,-11 ,2, 15134.9187, 32817.9717
99111, 10689, -6806, 11152, -5, -40, -2, 9255 ,9454 ,9758 ,13 ,-9 ,3, 15326.0320, 32838.0585
99115, 10689, -6806, 11152, -5, -40, -2, 9283 ,9406 ,9774 ,13 ,-9 ,3, 15088.5344, 32819.9893
99121, 10691, -6761, 11019, -5, -44, 0, 9280 ,9326 ,9791 ,15 ,-10 ,4, 15144.1693, 32828.5635
99132, 10660, -6704, 10870, -10, -43, 3, 9283 ,9324 ,9860 ,22 ,-8 ,4, 15185.2340, 32811.6417
99140, 10722, -6738, 10835, -12, -43, 6, 9284 ,9408 ,9872 ,25 ,-8 ,3, 15192.0378, 32819.4857
99142, 10722, -6738, 10835, -12, -43, 6, 9284 ,9408 ,9872 ,25 ,-8 ,3, 15086.4989, 32835.9723
99151, 10741, -6810, 10736, -12, -41, 9, 9286 ,9485 ,9899 ,25 ,-9 ,3, 15079.9334, 32808.0386
99159, 10754, -6903, 10789, -7, -39, 10, 9281 ,9456 ,9904 ,21 ,-8 ,4, 15119.8089, 32835.0037
99167, 10747, -6952, 10937, 0, -38, 8, 9262 ,9458 ,9892 ,17 ,-8 ,3, 15152.0193, 32826.3998
99185, 10740, -6921, 11067, 6, -43, 1, 9265 ,9378 ,9879 ,13 ,-7 ,5, 15094.4293, 32823.3719
99186, 10740, -6921, 11067, 6, -43, 1, 9265 ,9378 ,9879 ,13 ,-7 ,5, 15266.3857, 32826.3313
99191, 10700, -6906, 10920, 3, -44, -2, 9265 ,9378 ,9879 ,13 ,-7 ,5, 15106.0343, 32811.7430
99209, 10693, -6999, 10615, -5, -41, 1, 9264 ,9448 ,9882 ,17 ,-7 ,5, 14989.8410, 32827.7528
99210, 10693, -6999, 10615, -5, -41, 1, 9264 ,9545 ,9904 ,17 ,-7 ,5, 15325.0754, 32837.4445
99215, 10693, -6999, 10615, -5, -41, 1, 9264 ,9545 ,9904 ,17 ,-7 ,5, 15128.4218, 32825.8127
99225, 10710, -7135, 10618, -8, -35, 2, 9250 ,9568 ,9890 ,11 ,-5 ,5, 15295.0913, 32819.6824
99232, 10754, -7321, 10900, -8, -32, 1, 9251 ,9524 ,9852 ,7 ,-6 ,4, 15066.5015, 32832.9116
99240, 10791, -7452, 11070, -7, -36, -4, 9217 ,9548 ,9796 ,9 ,-5 ,2, 15076.7297, 32824.5252
99248, 10804, -7433, 11224, -5, -39, -11, 9200 ,9567 ,9787 ,9 ,-6 ,1, 15037.2386, 32826.8588
99256, 10847, -7311, 11394, -5, -47, -15, 9210 ,9608 ,9744 ,9 ,-7 ,0, 14910.7844, 32820.9460
99264, 10831, -7181, 11396, -11, -56, -18, 9233 ,9591 ,9737 ,9 ,-7 ,0, 15309.3010, 32818.7078
99273, 10751, -7083, 11171, -19, -65, -17, 9178 ,9591 ,9737 ,7 ,-9 ,2, 15189.5523, 32819.3128
99280, 10751, -7083, 10908, -30, -70, -17, 9178 ,9488 ,9734 ,7 ,-9 ,2, 15241.6557, 32808.0446
99289, 10681, -7037, 10908, -30, -70, -15, 9183 ,9484 ,9702 ,12 ,-8 ,2, 15173.0716, 32808.1369
99297, 10631, -7094, 10718, -39, -70, -13, 9222 ,9499 ,9689 ,11 ,-8 ,0, 15045.2822, 32832.8699
99305, 10590, -7094, 10674, -45, -69, -11, 9180 ,9425 ,9692 ,11 ,-9 ,1, 15239.6798, 32825.6518
99315, 10604, -7157, 10605, -49, -68, -12, 9166 ,9350 ,9700 ,16 ,-9 ,1, 15116.1969, 32836.3836
99323, 10670, -7200, 10696, -49, -67, -16, 9144 ,9394 ,9709 ,22 ,-8 ,1, 15035.3014, 32814.7739
99331, 10759, -7241, 10776, -49, -68, -20, 9158 ,9483 ,9724 ,23 ,-7 ,-1, 15097.7731, 32819.4946
99339, 10782, -7154, 10650, -46, -70, -24, 9137 ,9449 ,9772 ,23 ,-9 ,1, 15332.8210, 32833.9756
99347, 10806, -7080, 10489, -38, -70, -28, 9202 ,9526 ,9797 ,25 ,-8 ,3, 15247.5804, 32818.0432
99355, 10834, -7004, 10542, -33, -68, -29, 9223 ,9520 ,9833 ,22 ,-5 ,2, 15350.5027, 32829.8986
99363, 10866, -6880, 10811, -33, -68, -28, 9191 ,9480 ,9821 ,14 ,-3 ,0, 15153.0147, 32826.5160
99373, 10946, -6790, 11141, -35, -71, -27, 9181 ,9432 ,9821 ,14 ,-3 ,0, 15214.9588, 32836.5415
99381, 10957, -6755, 11411, -39, -80, -24, 9181 ,9432 ,9791 ,7 ,-7 ,-255, 15068.9185, 32833.8593
99391, 10984, -6755, 11501, -47, -91, -20, 9259 ,9362 ,9762 ,9 ,-7 ,0, 15217.1016, 32816.8303
99404, 10993, -6711, 11508, -54, -103, -16, 9271 ,9307 ,9784 ,17 ,-8 ,3, 14957.0167, 32831.9877
99405, 10993, -6711, 11508, -54, -103, -16, 9271 ,9307 ,9784 ,17 ,-8 ,3, 15129.7331, 32851.4725
99414, 11039, -6695, 11462, -59, -116, -10, 9267 ,9429 ,9782 ,25 ,-9 ,1, 14925.6140, 32829.9493
99424, 11108, -6792, 11538, -61, -129, -5, 9295 ,9512 ,9787 ,31 ,-9 ,-2, 15116.2922, 32810.1188
99430, 11152, -6959, 11486, -60, -143, -1, 9283 ,9481 ,9779 ,33 ,-12 ,0, 15122.9233, 32839.4473
99441, 11187, -7003, 11550, -61, -156, 1, 9297 ,9445 ,9830 ,39 ,-15 ,-1, 15046.1078, 32821.1039
99448, 11218, -7010, 11564, -62, -172, 3, 9328 ,9514 ,9840 ,44 ,-14 ,-3, 15004.2057, 32804.2865
99457, 11189, -7060, 11546, -67, -186, 4, 9274 ,9475 ,9815 ,45 ,-13 ,-2, 15191.3315, 32813.4805
99464, 11250, -7188, 11802, -78, -201, 5, 9286 ,9369 ,9825 ,46 ,-13 ,-3, 15037.1552, 32845.7177
99481, 11295, -7259, 11586, -113, -241, 2, 9210 ,9325 ,9796 ,57 ,-15 ,-2, 14960.8374, 32821.7745
99490, 11321, -7266, 11343, -132, -258, 2, 9210 ,9325 ,9796 ,57 ,-15 ,-2, 15049.3652, 32807.3055
99492, 11321, -7266, 11343, -132, -258, 2, 9182 ,9298 ,9748 ,66 ,-15 ,0, 14949.9714, 32826.1405
99499, 11281, -7485, 11024, -148, -272, 0, 9197 ,9405 ,9742 ,72 ,-14 ,-7, 14947.1849, 32824.1915
99507, 11278, -7722, 10742, -157, -283, -7, 9197 ,9405 ,9742 ,72 ,-11 ,-7, 14956.7127, 32844.6001
99516, 11387, -7755, 10533, -155, -292, -19, 9177 ,9556 ,9832 ,80 ,-11 ,-5, 15225.2257, 32819.8940
99524, 11525, -7755, 10277, -144, -300, -31, 9204 ,9556 ,9832 ,94 ,-7 ,-8, 15217.2953, 32824.5938
99533, 11525, -7647, 10741, -136, -300, -31, 9236 ,9855 ,9839 ,88 ,0 ,-12, 14906.9458, 32808.3605
99542, 11679, -7484, 10536, -136, -309, -38, 9145 ,9952 ,9880 ,72 ,6 ,-17, 15011.3165, 32850.8049
99550, 11769, -7389, 11048, -137, -323, -40, 9168 ,9812 ,9899 ,49 ,6 ,-18, 14957.1657, 32823.4881
99558, 11824, -7217, 11256, -148, -344, -39, 9073 ,9749 ,9808 ,40 ,12 ,-15, 15105.7184, 32831.2039
99567, 11878, -7078, 11416, -162, -366, -34, 9007 ,9790 ,9711 ,38 ,15 ,-21, 14903.4560, 32824.1944
99576, 11928, -7077, 11667, -179, -393, -26, 9055 ,9898 ,9641 ,32 ,17 ,-29, 14971.9268, 32841.6854
99585, 11883, -7270, 11442, -191, -425, -17, 8953 ,9880 ,9574 ,22 ,14 ,-29, 15048.3251, 32810.3900
99593, 11652, -7332, 10714, -186, -450, -11, 9100 ,9848 ,9500 ,21 ,7 ,-33, 14865.0974, 32827.2253
99602, 11552, -7319, 9969, -163, -466, -10, 9244 ,9854 ,9626 ,19 ,12 ,-38, 14942.2795, 32803.7560
99610, 11601, -7262, 9738, -128, -476, -13, 9277 ,9638 ,9783 ,29 ,14 ,-34, 14953.6997, 32814.8305
99621, 11726, -7124, 9701, -97, -488, -17, 9372 ,9604 ,9782 ,50 ,10 ,-32, 14794.0665, 32802.9394
99631, 11640, -6861, 9174, -76, -495, -17, 9373 ,9640 ,9903 ,54 ,20 ,-35, 14931.5417, 32826.8677
99636, 11431, -6546, 8548, -62, -488, -11, 9362 ,9486 ,9958 ,55 ,18 ,-31, 14958.8138, 32816.3534
99644, 11136, -6308, 7955, -50, -471, -1, 9452 ,9378 ,9816 ,64 ,11 ,-20, 14913.5679, 32833.8236
99655, 11087, -6374, 7554, -41, -447, 12, 9394 ,9436 ,9865 ,60 ,19 ,-20, 14738.3392, 32818.9582
99661, 11195, -6543, 7579, -12, -423, 19, 9394 ,9518 ,9759 ,60 ,19 ,-20, 14786.9647, 32833.5613
99671, 11348, -6695, 7999, 43, -410, 24, 9327 ,9518 ,9759 ,52 ,4 ,-25, 14866.6203, 32819.4529
99678, 11427, -6822, 8955, 118, -416, 24, 9229 ,9666 ,9739 ,49 ,4 ,-25, 14828.9353, 32830.1698
99686, 11427, -7078, 10682, 183, -416, 24, 9090 ,9668 ,9532 ,36 ,-5 ,-25, 14846.0388, 32832.7209
99695, 11742, -7139, 11692, 214, -491, 19, 8992 ,9558 ,9290 ,14 ,-12 ,-21, 14789.1134, 32836.6905
99703, 11857, -7139, 11692, 214, -491, 7, 9059 ,9326 ,9153 ,-7 ,-27 ,-22, 14488.2023, 32835.0008
99713, 11836, -7232, 11196, 205, -539, -3, 9176 ,9041 ,9155 ,3 ,-32 ,-15, 14726.6299, 32803.4610
99721, 11629, -7206, 9612, 182, -559, -6, 9194 ,8801 ,9253 ,43 ,-32 ,-3, 14591.0203, 32781.2582
99731, 11558, -7509, 9110, 157, -549, -5, 9462 ,8757 ,9496 ,98 ,-34 ,2, 14565.9536, 32812.6788
99737, 11833, -8137, 9685, 124, -543, -9, 9554 ,9150 ,9575 ,154 ,-30 ,1, 14604.6817, 32818.9582
99746, 12286, -8661, 10037, 97, -561, -21, 9413 ,9740 ,9563 ,193 ,-20 ,-1, 14585.4056, 32820.9609
99758, 12476, -9224, 9767, 91, -591, -50, 9456 ,10218 ,9662 ,204 ,-24 ,-13, 14352.1070, 32839.7393
99762, 12476, -9224, 8850, 87, -591, -50, 9622 ,10578 ,9884 ,188 ,-25 ,-20, 14313.4207, 32827.4786
99772, 12120, -9385, 7353, 72, -571, -66, 9726 ,10661 ,10100 ,150 ,-21 ,-26, 14511.9458, 32810.3185
99780, 11536, -9217, 5635, 38, -518, -85, 9794 ,10520 ,10236 ,112 ,-23 ,-28, 14526.1556, 32807.6720
99789, 11146, -8945, 5362, 1, -441, -100, 9785 ,10200 ,10201 ,78 ,-31 ,-27, 14421.8653, 32833.1232
99797, 11142, -8554, 5987, -32, -370, -111, 9618 ,10041 ,9782 ,50 ,-39 ,-23, 14461.5322, 32826.1524
99808, 11668, -8002, 7500, -53, -333, -123, 9167 ,10276 ,9403 ,25 ,-43 ,-29, 14236.1522, 32844.5733
99816, 12394, -8303, 9972, -65, -335, -135, 8971 ,10434 ,9152 ,6 ,-54 ,-38, 14462.2892, 32811.8593
99824, 13754, -8152, 11222, -74, -401, -141, 8971 ,10240 ,8926 ,-24 ,-54 ,-38, 14376.6046, 32806.1759
99833, 13620, -8390, 10462, -57, -472, -149, 8767 ,10439 ,8926 ,-24 ,-76 ,-29, 14296.0072, 32838.8155
99841, 13802, -7791, 8968, -23, -515, -162, 8767 ,10461 ,9409 ,-12 ,-70 ,-29, 14247.9062, 32825.9319
99852, 13627, -6323, 6091, 34, -528, -163, 9312 ,11310 ,9807 ,21 ,-52 ,-70, 14175.8323, 32820.3976
99862, 13350, -4838, 3698, 104, -485, -137, 9558 ,11298 ,10439 ,-2 ,-30 ,-79, 14100.9271, 32833.0278
99868, 13357, -3955, 4508, 161, -418, -81, 9558 ,11298 ,10439 ,-2 ,-30 ,-79, 14025.2203, 32822.6268
99878, 13214, -4152, 5334, 175, -360, -26, 9473 ,10504 ,10625 ,-55 ,-25 ,-67, 14398.4884, 32841.4500
99886, 12666, -4755, 5533, 146, -297, 9, 9157 ,9658 ,10282 ,-95 ,-20 ,-51, 14162.5226, 32817.8883
99895, 12292, -5421, 6132, 105, -226, 29, 8945 ,8917 ,9957 ,-61 ,-7 ,-38, 14013.0490, 32800.7758
99903, 12183, -5421, 6132, 105, -184, 39, 8878 ,9007 ,9649 ,3 ,5 ,-39, 14034.0030, 32809.5466
99911, 12183, -6256, 7438, 73, -184, 39, 8765 ,8896 ,9194 ,30 ,2 ,-18, 13888.0163, 32821.1784
99919, 11828, -6912, 8356, 63, -183, 35, 8610 ,8819 ,8854 ,28 ,-8 ,1, 13934.4245, 32829.6989
99928, 11907, -7302, 8954, 71, -213, 13, 8624 ,8803 ,8612 ,24 ,-20 ,8, 14025.8193, 32820.0579
99936, 11767, -7658, 8796, 74, -251, -19, 8899 ,8671 ,8597 ,31 ,-31 ,13, 14049.5837, 32831.5735
99945, 11864, -8089, 8479, 68, -280, -56, 9005 ,8528 ,8773 ,44 ,-30 ,24, 13881.8204, 32837.6442
99953, 11894, -8504, 7897, 64, -300, -103, 9109 ,8483 ,9068 ,77 ,-32 ,35, 13892.8056, 32820.7046
99962, 11721, -9146, 6832, 58, -317, -151, 9359 ,8725 ,9384 ,117 ,-31 ,35, 13772.2194, 32821.2202
99970, 11359, -9143, 4977, 43, -287, -202, 9165 ,9276 ,9210 ,112 ,-28 ,41, 13927.5491, 32828.4740
99980, 11577, -8021, 4651, 18, -209, -236, 9190 ,9837 ,9354 ,109 ,-34 ,30, 13897.0613, 32832.2172
99987, 11746, -6508, 4931, -20, -132, -228, 9190 ,10093 ,9125 ,77 ,-38 ,21, 13934.7315, 32831.3053
99996, 12514, -5689, 7519, -62, -80, -184, 8923 ,10145 ,8750 ,77 ,-38 ,19, 13766.0384, 32827.4220
100004, 13508, -5547, 10143, -110, -91, -130, 8894 ,9889 ,8425 ,-39 ,-61 ,6, 13772.7827, 32825.1332
100013, 13958, -6058, 10431, -140, -151, -85, 9126 ,10012 ,8432 ,-28 ,-61 ,-16, 13896.6382, 32823.1364
100022, 13752, -6438, 8687, -130, -210, -59, 9126 ,10012 ,9024 ,-28 ,-70 ,-16, 13903.2722, 32812.2437
100031, 13564, -6598, 7524, -67, -256, -53, 9480 ,10000 ,9024 ,11 ,-65 ,-26, 13723.3943, 32831.5824
100040, 12982, -6919, 5027, 15, -267, -61, 9667 ,10394 ,9509 ,43 ,-53 ,-36, 13713.0409, 32818.9284
100050, 12866, -6695, 4732, 73, -204, -80, 9433 ,10609 ,9727 ,40 ,-52 ,-36, 13731.7717, 32837.4743
100058, 12729, -5850, 5033, 99, -136, -89, 9590 ,9495 ,9737 ,44 ,-58 ,-32, 13881.4420, 32835.2511
100066, 12659, -5850, 6100, 93, -85, -72, 9670 ,9661 ,9993 ,63 ,-57 ,-24, 13612.8545, 32806.8823
100074, 12915, -4264, 7674, 53, -54, -72, 9482 ,9704 ,9620 ,77 ,-57 ,-10, 13770.1482, 32830.1877
100087, 14283, -4267, 8488, 40, -61, 37, 9384 ,10559 ,9206 ,75 ,-73 ,-6, 13796.5083, 32817.5306
100101, 13880, -5030, 8930, 85, -96, 68, 9268 ,10505 ,9434 ,36 ,-70 ,-2, 13646.4000, 32817.2386
100113, 13639, -6796, 6538, 159, -143, 49, 9421 ,9525 ,9831 ,7 ,-77 ,12, 13760.1674, 32830.9894
100114, 13639, -6796, 6538, 159, -143, 49, 9503 ,9570 ,9831 ,7 ,-77 ,16, 13611.2124, 32830.5781
100120, 13320, -7829, 5754, 127, -108, 49, 9503 ,9570 ,9831 ,7 ,-77 ,16, 13649.2491, 32839.7840
100130, 12800, -8388, 5581, 124, -73, 11, 9687 ,9448 ,10263 ,38 ,-64 ,12, 13688.3289, 32835.3375
100142, 12915, -7932, 6827, 120, -43, -31, 9304 ,8891 ,9714 ,36 ,-71 ,39, 13644.4092, 32838.8363
100146, 12915, -7932, 6827, 120, -38, -61, 9304 ,8891 ,9714 ,36 ,-71 ,39, 13721.1740, 32812.7891
100154, 13484, -7192, 8025, 83, -38, -61, 9284 ,9142 ,9341 ,57 ,-71 ,42, 13635.8827, 32820.8297
100163, 14276, -6303, 8061, 28, -46, -63, 9196 ,9861 ,9206 ,77 ,-59 ,28, 13512.8349, 32810.5956
100171, 14587, -5830, 7728, -2, -60, -32, 9164 ,10503 ,9366 ,64 ,-48 ,7, 13588.4404, 32839.2208
100180, 14182, -6406, 6978, -11, -71, 7, 9084 ,10679 ,9553 ,10 ,-45 ,-10, 13575.6344, 32838.6366
100188, 13212, -7652, 6305, -8, -69, 17, 9187 ,10034 ,9561 ,-46 ,-49 ,-11, 13487.9738, 32821.6434
100211, 13025, -7594, 6562, -16, -24, -88, 9222 ,9170 ,9348 ,-33 ,-39 ,-17, 13662.8687, 32830.3486
100214, 13025, -7594, 6562, -16, -24, -88, 9046 ,9465 ,9352 ,1 ,-37 ,-17, 13627.2579, 32838.8333
100220, 13483, -6395, 7648, -35, -26, -96, 9046 ,9721 ,9158 ,9 ,-37 ,-17, 13436.8867, 32838.1360
100227, 13995, -6352, 7648, -35, -26, -96, 8976 ,9682 ,9158 ,9 ,-43 ,-9, 13495.5615, 32816.7200
100235, 13873, -5584, 8220, -76, -40, -77, 8949 ,9428 ,9022 ,10 ,-45 ,0, 13432.7084, 32833.5613
100245, 14139, -5064, 7938, -93, -65, -45, 9038 ,9821 ,8843 ,34 ,-40 ,-4, 13571.5365, 32817.1104
100253, 13989, -5073, 7076, -64, -90, -16, 9071 ,10387 ,9052 ,55 ,-30 ,-19, 13564.1038, 32836.0528
100265, 12909, -5726, 6148, -235, -98, 8, 9107 ,10394 ,9358 ,43 ,-23 ,-24, 13496.5479, 32813.0335
100275, 13037, -5953, 6072, 48, -84, 5, 9440 ,9730 ,8922 ,25 ,-25 ,-1, 13532.5581, 32851.2579
100278, 13037, -5953, 6072, 48, -84, 5, 9184 ,9474 ,8922 ,25 ,-25 ,-1, 13375.8068, 32830.2354
100288, 13256, -5646, 6395, 55, -55, -1, 9256 ,9702 ,9029 ,53 ,-18 ,-5, 13644.6387, 32803.5712
100296, 13602, -5227, 6928, 51, -44, 14, 9334 ,9698 ,9440 ,62 ,-12 ,-2, 13481.2772, 32821.4198
100304, 13743, -5068, 7420, 53, -50, 46, 9077 ,9664 ,9219 ,50 ,-22 ,16, 13549.1639, 32819.2204
100312, 13908, -5877, 8157, 44, -61, 76, 9214 ,9460 ,9057 ,58 ,-27 ,23, 13579.6428, 32812.3689
100320, 13688, -7264, 7651, 31, -82, 80, 9214 ,9460 ,9057 ,58 ,-27 ,23, 13385.5343, 32842.8358
100337, 13367, -8177, 6256, 84, -93, 17, 9219 ,10120 ,9323 ,94 ,-12 ,22, 13440.5524, 32814.4073
100341, 13367, -8177, 6256, 84, -93, 17, 9324 ,10344 ,9394 ,90 ,-15 ,21, 13569.7722, 32819.5900
100352, 13374, -7910, 6415, 100, -81, -17, 9352 ,10538 ,9488 ,43 ,-8 ,10, 13540.2322, 32825.8246
100357, 13626, -7494, 7104, 97, -73, -35, 9317 ,9840 ,9280 ,-6 ,-8 ,18, 13567.2748, 32828.0210
100365, 13809, -7184, 7482, 70, -75, -36, 9317 ,9840 ,9181 ,1 ,-8 ,18, 13423.5889, 32815.0332
100371, 13809, -7184, 7482, 70, -75, -36, 9329 ,9832 ,9181 ,1 ,-10 ,14, 13442.9276, 32819.2353
100386, 13916, -7185, 7417, 0, -83, -11, 9315 ,9788 ,9307 ,25 ,-9 ,17, 13413.6885, 32843.8848
100396, 13877, -6780, 6620, -6, -90, -3, 9360 ,10122 ,9219 ,40 ,-11 ,12, 13476.4224, 32806.5008
100402, 13847, -6123, 6138, 12, -84, -1, 9360 ,10122 ,9509 ,62 ,-8 ,5, 13478.0675, 32810.2142
100404, 13847, -6123, 6138, 12, -84, -1, 9409 ,10279 ,9509 ,62 ,-8 ,5, 13551.4259, 32829.6542
100411, 13795, -5850, 6808, 26, -74, 2, 9449 ,9702 ,9570 ,48 ,-4 ,13, 13385.1349, 32843.6911
100421, 13533, -6052, 6917, 11, -69, 2, 9461 ,9702 ,9409 ,47 ,2 ,15, 13516.4022, 32817.9270
100429, 13476, -7010, 6639, -15, -61, -9, 9387 ,9945 ,9214 ,67 ,2 ,3, 13316.5181, 32826.6621
100437, 13599, -7880, 6838, -25, -49, -29, 9387 ,9945 ,9214 ,67 ,15 ,3, 13379.0076, 32814.4968
100447, 13691, -7842, 7178, -18, -54, -50, 9291 ,10054 ,9498 ,24 ,14 ,11, 13260.3794, 32822.5136
100454, 13756, -7842, 6666, -19, -66, -62, 9291 ,10054 ,9498 ,24 ,14 ,11, 13482.3263, 32822.4748
100473, 14300, -5498, 7544, -40, -49, -35, 9321 ,10047 ,9366 ,1 ,12 ,16, 13386.5535, 32833.4510
100476, 14300, -5498, 7544, -40, -49, -35, 9456 ,10047 ,9366 ,1 ,13 ,8, 13291.2815, 32829.3353
100485, 14037, -6248, 6955, -19, -64, -18, 9393 ,9983 ,9260 ,1 ,9 ,9, 13420.5401, 32810.9950
100488, 14037, -6248, 6955, -19, -64, -18, 9393 ,9983 ,9260 ,1 ,9 ,9, 13528.0401, 32822.0546
100497, 13674, -6553, 6689, 31, -71, -20, 9466 ,10151 ,9186 ,17 ,7 ,5, 13483.4856, 32829.5261
100505, 13296, -7003, 6336, 50, -68, -34, 9527 ,10322 ,9304 ,24 ,14 ,-3, 13475.7817, 32819.0565
100513, 13245, -7272, 6216, 35, -50, -45, 9437 ,10313 ,9210 ,13 ,17 ,-2, 13490.7544, 32818.4158
100527, 13926, -6064, 7357, 16, -33, -40, 9330 ,10494 ,8966 ,3 ,15 ,-4, 13456.7499, 32834.6103
100539, 13985, -5656, 7627, 4, -41, 29, 9227 ,9895 ,8911 ,-25 ,3 ,1, 13493.3144, 32825.9319
100541, 13985, -5656, 7627, 4, -41, 29, 9227 ,9895 ,8911 ,-25 ,3 ,1, 13349.2529, 32825.7143
100550, 13719, -5593, 7384, 14, -58, 60, 9306 ,9496 ,8992 ,-4 ,-3 ,10, 13465.9469, 32813.6355
100555, 12976, -6168, 6819, 28, -67, 64, 9306 ,9496 ,8992 ,-4 ,-3 ,10, 13503.6975, 32823.0619
100564, 12654, -6468, 6234, 37, -56, 41, 9250 ,9393 ,8878 ,50 ,-1 ,11, 13422.6680, 32818.4426
100571, 12614, -6468, 6234, 75, -46, 14, 9250 ,9887 ,8878 ,50 ,-1 ,11, 13463.2587, 32814.8007
100580, 12614, -6770, 6144, 99, -39, -3, 9294 ,9825 ,8822 ,44 ,-4 ,9, 13396.7459, 32813.9156
100588, 12728, -6977, 6473, 99, -39, -3, 9332 ,9818 ,8684 ,25 ,-12 ,8, 13332.3103, 32827.6575
100595, 12962, -7215, 6718, 78, -30, -5, 9291 ,9583 ,8759 ,11 ,-14 ,15, 13383.1590, 32820.2784
100605, 13410, -7141, 6949, 50, -24, 0, 9253 ,9494 ,8940 ,17 ,-11 ,23, 13403.3233, 32831.6718
100617, 13832, -6911, 7134, 21, -35, 6, 9171 ,10130 ,9098 ,30 ,-8 ,15, 13395.2618, 32812.5715
100621, 13800, -6911, 7134, 21, -35, 11, 9216 ,9929 ,9227 ,24 ,-13 ,17, 13354.2597, 32813.6772
100629, 13686, -6870, 6896, 5, -36, 16, 9320 ,9964 ,9144 ,31 ,-17 ,16, 13395.0889, 32827.1776
100638, 13498, -7164, 6621, -13, -31, 17, 9340 ,9910 ,9159 ,44 ,-13 ,8, 13445.2611, 32802.9394
100646, 13250, -7743, 6500, -31, -23, 12, 9291 ,9949 ,9098 ,50 ,-13 ,2, 13383.2216, 32828.9509
100654, 13254, -8181, 6669, -47, -15, -4, 9291 ,9949 ,9098 ,52 ,-12 ,2, 13466.6026, 32796.9909
100662, 13601, -8201, 6974, -56, -14, -24, 9278 ,10017 ,9054 ,52 ,-12 ,0, 13313.0997, 32839.3996
100672, 13874, -7406, 6727, -49, -21, -38, 9221 ,10442 ,8958 ,49 ,-9 ,1, 13496.7119, 32836.8038
100678, 14070, -7406, 6727, -49, -21, -37, 9143 ,10905 ,9051 ,34 ,-4 ,-7, 13330.8262, 32835.2004
100688, 14070, -6410, 6875, -16, -44, -37, 9120 ,10805 ,9188 ,-2 ,-9 ,-11, 13462.4153, 32814.7709
100696, 14282, -5483, 7063, 8, -44, -20, 9198 ,10290 ,9210 ,-16 ,-18 ,-7, 13389.4682, 32827.5651
100704, 14131, -5255, 6995, 15, -54, 8, 9303 ,9841 ,9243 ,7 ,-19 ,-5, 13295.1498, 32812.2228
100724, 13379, -7088, 6358, -18, -31, 34, 9386 ,9833 ,9268 ,50 ,-12 ,-5, 13253.5785, 32819.7241
100727, 13065, -7822, 6176, -18, -31, 17, 9323 ,10103 ,9155 ,42 ,-9 ,0, 13367.5396, 32825.5057
100732, 13065, -7822, 6176, -18, -31, 17, 9323 ,10103 ,9155 ,42 ,-9 ,0, 13278.0552, 32801.7622
100740, 13180, -8148, 6678, -16, -24, -16, 9288 ,9968 ,8984 ,21 ,-9 ,10, 13270.0324, 32816.4846
100748, 13464, -7924, 7180, -13, -30, -49, 9248 ,10151 ,8992 ,13 ,-6 ,13, 13253.8378, 32814.2732
100756, 13743, -7178, 7330, -10, -42, -67, 9207 ,9944 ,9035 ,-8 ,-10 ,18, 13388.4519, 32809.8923
100766, 14097, -6232, 7220, -10, -58, -64, 9266 ,9917 ,9106 ,-8 ,-14 ,18, 13337.1264, 32819.4648
100775, 14152, -5811, 6401, -8, -68, -48, 9410 ,10014 ,9407 ,0 ,-12 ,10, 13340.2050, 32819.3486
100782, 13816, -5739, 5993, -3, -60, -33, 9489 ,9803 ,9566 ,-7 ,-8 ,10, 13281.2917, 32816.2163
100790, 13506, -5956, 5892, -10, -38, -23, 9529 ,9475 ,9402 ,-10 ,-6 ,10, 13257.0356, 32822.8652
100799, 13426, -6052, 6079, -22, -15, -22, 9529 ,9475 ,9402 ,13 ,-1 ,10, 13448.4380, 32822.3526
100809, 13673, -5516, 6713, -22, -4, -19, 9420 ,9606 ,9008 ,36 ,3 ,9, 13223.5169, 32840.6543
100821, 13966, -5032, 7405, -12, -9, -4, 9301 ,10085 ,8947 ,30 ,4 ,4, 13349.6374, 32827.5323
100825, 14100, -5207, 8021, -4, -29, 20, 9301 ,10085 ,8947 ,30 ,4 ,4, 13386.0707, 32819.0148
100833, 13971, -5207, 8021, 252, -54, 36, 9330 ,9765 ,8949 ,-2 ,1 ,9, 13229.7695, 32836.3717
100845, 13666, -6620, 6592, 31, -68, 37, 9540 ,9620 ,9227 ,20 ,-248 ,11, 13301.1192, 32817.2266
100854, 13318, -7201, 6310, 57, -68, 20, 9618 ,9540 ,9405 ,42 ,5 ,5, 13270.9652, 32841.7122
100857, 13318, -7201, 6310, 57, -68, 20, 9618 ,9540 ,9405 ,42 ,5 ,5, 13335.5290, 32826.4862
100873, 13655, -7189, 6872, 19, -47, -18, 9592 ,9504 ,9168 ,92 ,0 ,16, 13256.1713, 32796.4425
100875, 13655, -7189, 6872, 19, -47, -18, 9592 ,9504 ,9168 ,92 ,0 ,16, 13407.3198, 32827.9138
100881, 13974, -6268, 6757, -1, -43, -14, 9499 ,10328 ,9017 ,116 ,7 ,5, 13205.4269, 32815.8230
100889, 13965, -5896, 6801, -5, -39, 8, 9395 ,10833 ,9113 ,86 ,5 ,-4, 13112.0294, 32806.5306
100899, 14025, -6395, 7198, -15, -39, 36, 9386 ,10833 ,9113 ,86 ,5 ,-4, 13340.9709, 32799.9294
100907, 13908, -7659, 7164, -24, -46, 44, 9386 ,10482 ,9004 ,14 ,-5 ,0, 13384.0442, 32821.7417
100922, 13646, -8822, 6829, -22, -57, 20, 9376 ,10034 ,9250 ,25 ,0 ,-3, 13260.6387, 32824.2391
100926, 13458, -8870, 6316, -7, -60, -27, 9443 ,10107 ,9481 ,28 ,0 ,-3, 13106.8558, 32823.9769
100942, 13629, -7494, 6348, -17, -42, -97, 9449 ,10124 ,9443 ,17 ,-3 ,0, 13095.9868, 32837.6770
100953, 13931, -6938, 6759, -40, -35, -101, 9458 ,9952 ,9132 ,13 ,-4 ,7, 13336.8880, 32800.1767
100955, 13931, -6938, 6759, -40, -35, -101, 9458 ,9952 ,9132 ,24 ,-4 ,14, 13435.2118, 32819.0386
100961, 14146, -6506, 6802, -50, -38, -90, 9458 ,9952 ,9132 ,24 ,-4 ,14, 13199.8181, 32829.5916
100969, 14034, -6395, 6335, -50, -38, -74, 9330 ,10737 ,9045 ,34 ,0 ,10, 13406.6463, 32829.9373
100981, 13926, -6126, 6261, -46, -32, -52, 9311 ,10714 ,9109 ,-49 ,-12 ,3, 13180.2917, 32813.6355
100985, 13926, -6126, 6517, -17, -32, -52, 9311 ,10714 ,9109 ,-49 ,-12 ,3, 13222.4083, 32824.6474
100994, 14076, -5622, 6463, -17, -32, -30, 9176 ,10427 ,8893 ,-69 ,-12 ,3, 13180.7119, 32813.1407
101002, 13903, -5280, 6931, 26, -39, -13, 9164 ,9963 ,8927 ,-63 ,-8 ,2, 13408.3509, 32815.8945
101013, 13367, -5811, 6730, 35, -46, -2, 9233 ,9342 ,8907 ,-45 ,-11 ,8, 13365.7604, 32819.7688
101020, 13282, -5730, 6730, 35, -49, 9, 9342 ,9101 ,8725 ,-6 ,-14 ,12, 13244.6736, 32839.7572
101032, 13378, -6973, 6048, 27, -47, 9, 9440 ,9292 ,8800 ,46 ,-11 ,12, 13240.9930, 32808.2263
101037, 13378, -6973, 6048, 27, -47, 9, 9373 ,9807 ,9104 ,76 ,-2 ,9, 13403.9611, 32841.9328
101052, 13755, -6956, 6361, 9, -22, -1, 9323 ,10010 ,9260 ,33 ,-3 ,9, 13254.8779, 32807.9671
101061, 13920, -6974, 7125, -3, -16, -1, 9287 ,9672 ,9070 ,15 ,-6 ,7, 13115.4686, 32836.4283
101064, 13920, -6974, 7125, -3, -16, -1, 9287 ,9672 ,9070 ,15 ,-6 ,7, 13170.3705, 32821.5837
101069, 13953, -7104, 7301, -2, -31, -7, 9287 ,9672 ,9070 ,17 ,-5 ,7, 13335.6988, 32840.2907
101077, 13888, -7133, 6747, 16, -50, -24, 9282 ,9841 ,8873 ,17 ,-5 ,6, 13260.6834, 32810.9205
101084, 13888, -7133, 6747, 16, -58, -41, 9252 ,10406 ,9094 ,16 ,2 ,-3, 13254.4696, 32836.7442
101095, 13646, -6227, 5812, 53, -52, -47, 9396 ,9918 ,9333 ,-8 ,-3 ,3, 13275.1048, 32830.7092
101102, 13646, -6227, 5812, 53, -52, -47, 9531 ,9833 ,9262 ,-4 ,-4 ,7, 13315.4184, 32825.2137
101115, 13800, -5492, 6474, 18, -9, -11, 9563 ,9891 ,9149 ,46 ,4 ,5, 13255.7929, 32820.4364
101118, 13800, -5492, 6474, 18, -9, -11, 9509 ,9891 ,9149 ,46 ,4 ,3, 13128.3104, 32817.1253
101129, 13950, -5676, 6647, -9, -3, 18, 9407 ,10229 ,9020 ,52 ,0 ,1, 13099.2532, 32806.8107
101134, 13798, -6167, 6459, -13, 1, 41, 9407 ,10514 ,9054 ,37 ,1 ,1, 13315.7581, 32805.1776
101142, 13530, -7106, 6553, 2, 2, 44, 9274 ,10316 ,8982 ,37 ,-4 ,0, 13214.7282, 32819.8940
101150, 13185, -8234, 6844, 18, -2, 22, 9274 ,10316 ,8982 ,5 ,-4 ,0, 13300.7348, 32836.8872
101159, 12822, -8793, 6436, 16, -5, -16, 9322 ,9720 ,8896 ,-12 ,-11 ,7, 13261.9053, 32798.8803
101170, 12820, -8833, 6097, 5, 4, -63, 9458 ,9864 ,9026 ,19 ,-14 ,8, 13187.0449, 32822.4450
101174, 12820, -8833, 6097, 5, 4, -63, 9458 ,9864 ,9026 ,19 ,-14 ,8, 13336.0118, 32828.4919
101184, 13009, -8166, 6048, -10, 17, -96, 9457 ,9941 ,9136 ,23 ,-23 ,17, 13261.5507, 32849.8006
101190, 13511, -6988, 6139, -27, 34, -108, 9495 ,10309 ,8981 ,17 ,-32 ,18, 13238.5463, 32833.0755
101200, 14147, -6204, 6772, -36, 42, -93, 9488 ,10566 ,9035 ,4 ,-35 ,13, 13335.7584, 32822.9845
101209, 14535, -5880, 7248, -45, 39, -65, 9459 ,10587 ,9188 ,-19 ,-32 ,6, 13296.0796, 32817.0389
101217, 14587, -5876, 7088, -56, 32, -36, 9483 ,10426 ,9276 ,-38 ,-32 ,3, 13252.8752, 32822.0844
101225, 14359, -6097, 6828, -48, 23, -18, 9485 ,10261 ,9225 ,-48 ,-32 ,-1, 13335.0551, 32805.1776
101233, 14210, -6293, 6956, -14, 13, -15, 9479 ,9815 ,9228 ,-47 ,-32 ,-1, 13379.0165, 32835.4865
101244, 14294, -5982, 7062, 15, -1, -24, 9451 ,9533 ,9380 ,-21 ,-27 ,4, 13360.8907, 32809.3588
101251, 14208, -5026, 6205, 35, -9, -28, 9446 ,9646 ,9380 ,235 ,-20 ,9, 13535.9377, 32811.8324
101259, 14204, -4194, 5968, 48, -3, -10, 9446 ,9646 ,9432 ,19 ,-20 ,9, 13226.9800, 32790.9082
101278, 14085, -4951, 6502, 40, 18, 71, 9353 ,9866 ,9049 ,71 ,-6 ,5, 13413.2147, 32829.4307
101279, 14085, -4951, 6502, 40, 18, 71, 9295 ,9866 ,9049 ,71 ,-6 ,5, 13332.7842, 32823.5477
101284, 14203, -6256, 6944, 38, 16, 93, 9295 ,9866 ,9049 ,71 ,-6 ,5, 13198.6409, 32815.1464
101294, 13947, -7478, 7632, 46, -1, 91, 9233 ,10182 ,8908 ,65 ,-2 ,-2, 13512.6621, 32805.7319
101300, 14111, -7478, 7632, 46, -1, 91, 9170 ,10129 ,8864 ,35 ,-2 ,-6, 13257.6019, 32825.8723
101310, 14256, -8619, 7896, 49, -33, 68, 9293 ,9760 ,9122 ,14 ,1 ,-4, 13372.1948, 32806.2117
101318, 13939, -9143, 6226, 43, -57, 29, 9356 ,9729 ,9579 ,9 ,15 ,-4, 13355.8363, 32802.8500
101325, 13679, -8671, 4856, 36, -45, -19, 9325 ,10044 ,9961 ,14 ,28 ,-5, 13451.3706, 32837.3820
101339, 13790, -7266, 6135, 6, 9, -85, 9299 ,10110 ,9906 ,-11 ,29 ,-1, 13371.2679, 32824.1169
101345, 13790, -7266, 6135, 6, 9, -85, 9231 ,10067 ,9346 ,-44 ,24 ,2, 13532.6117, 32814.3388
101350, 14025, -6212, 7070, -3, 10, -86, 9265 ,10001 ,8882 ,-61 ,19 ,-5, 13323.7362, 32827.6783
101364, 13952, -5130, 7159, -10, -1, -64, 9424 ,9891 ,8762 ,-45 ,15 ,-3, 13493.9790, 32840.1178
101368, 13798, -4601, 6604, -25, -5, -26, 9424 ,9929 ,8934 ,-24 ,15 ,-3, 13253.4117, 32839.7423
101376, 13520, -4917, 5754, -42, 7, 15, 9421 ,9929 ,8934 ,-24 ,15 ,-3, 13471.5617, 32813.9991
101384, 13240, -5998, 5276, -46, 32, 38, 9463 ,9890 ,9129 ,-7 ,15 ,0, 13540.9623, 32836.3746
101392, 13240, -5998, 4252, -41, 32, 38, 9481 ,9710 ,9231 ,3 ,18 ,1, 13586.9861, 32815.1464
101400, 12810, -7132, 2983, -41, 65, 32, 9485 ,9468 ,9522 ,15 ,24 ,3, 13659.7961, 32824.9991
101409, 12422, -7424, 2502, -14, 119, 2, 9346 ,9384 ,9860 ,28 ,29 ,14, 13702.7860, 32831.9728
101416, 12433, -7371, 2502, -14, 190, -42, 9225 ,9323 ,10113 ,25 ,31 ,27, 13783.0704, 32825.2733
101429, 13682, -4709, 4500, -12, 315, -90, 9016 ,9469 ,10061 ,16 ,36 ,38, 14072.4540, 32826.9422
101433, 13682, -4709, 4500, -12, 315, -90, 8893 ,9561 ,9817 ,-11 ,38 ,39, 13874.8050, 32838.6933
101442, 14284, -3105, 4637, -27, 350, -60, 8910 ,9761 ,9614 ,-31 ,40 ,32, 14000.2280, 32829.7824
101451, 14790, -2168, 4660, -49, 385, 9, 8808 ,9927 ,9772 ,-38 ,54 ,22, 14217.1174, 32825.5117
101459, 14958, -1961, 3740, -82, 429, 103, 8856 ,10330 ,9961 ,-47 ,68 ,3, 14295.7747, 32803.9199
101467, 13796, -2752, 2021, -96, 518, 205, 8856 ,10330 ,9961 ,-47 ,82 ,3, 14371.7229, 32825.6071
101475, 12227, -4753, 387, -151, 642, 300, 9124 ,10745 ,10110 ,-57 ,82 ,-19, 14395.9194, 32845.5657
101485, 10974, -8398, -382, -118, 750, 333, 9576 ,10745 ,10110 ,-73 ,115 ,-52, 14430.7315, 32815.7961
101493, 11044, -11176, 1274, -49, 859, 284, 9553 ,10824 ,9821 ,-115 ,115 ,-52, 14689.9134, 32832.0473
101502, 11496, -12174, 3340, 20, 942, 193, 9156 ,10763 ,9473 ,-137 ,126 ,-44, 14868.1194, 32801.6967
101511, 11840, -12087, 5430, 89, 979, 94, 8783 ,10752 ,9262 ,-151 ,145 ,-32, 14846.7839, 32815.4266
101525, 12280, -10965, 6579, 114, 985, 19, 8484 ,10757 ,9251 ,-187 ,172 ,-13, 14926.9223, 32838.9555
101532, 12704, -9743, 7271, 116, 985, -22, 8548 ,10761 ,9238 ,-218 ,170 ,14, 14858.6959, 32829.0671
101537, 12838, -8868, 8696, 94, 980, -44, 8548 ,10761 ,9238 ,-218 ,170 ,14, 14936.0985, 32817.3131
101546, 13096, -8356, 9335, 47, 966, -55, 8752 ,10780 ,9304 ,-242 ,169 ,28, 15097.7731, 32822.3377
101556, 12710, -8026, 8842, -14, 962, -68, 8731 ,10700 ,9466 ,-287 ,176 ,35, 15049.9582, 32823.3182
101564, 11686, -8176, 8129, -76, 962, -68, 8723 ,9938 ,9739 ,-331 ,179 ,65, 14965.5670, 32836.6190
101572, 10781, -8074, 8129, -76, 988, -91, 8688 ,9364 ,9817 ,-367 ,185 ,80, 15176.6002, 32830.5662
101581, 10762, -8074, 7316, -124, 1038, -130, 8784 ,8972 ,9657 ,-387 ,184 ,97, 15226.4923, 32811.1827
101589, 10250, -7707, 6276, -149, 1107, -176, 8992 ,8867 ,9309 ,-393 ,176 ,105, 15248.9394, 32835.5223
101601, 9229, -7095, 5527, -114, 1255, -260, 9444 ,9044 ,9215 ,-381 ,166 ,107, 15228.9063, 32808.1071
101609, 9101, -6883, 6028, -70, 1511, -292, 9735 ,9104 ,9238 ,-375 ,162 ,117, 15119.5824, 32799.5092
101618, 9101, -6883, 6028, -70, 1327, -313, 9734 ,9199 ,9374 ,-382 ,168 ,127, 15137.8483, 32829.4724
101632, 9738, -6500, 9914, 38, 1306, -325, 9441 ,9424 ,9363 ,-419 ,169 ,129, 15161.3653, 32817.7929
101644, 10306, -6349, 11790, 96, 1249, -328, 9240 ,9018 ,9220 ,-420 ,151 ,131, 15249.3507, 32818.6393
101648, 10656, -6102, 12256, 155, 1179, -321, 9004 ,9008 ,9188 ,-373 ,143 ,118, 15231.1713, 32820.3261
101652, 10656, -6102, 12256, 155, 1179, -321, 9004 ,9008 ,9188 ,-373 ,143 ,118, 15413.0250, 32849.5800
101662, 10564, -5823, 11770, 216, 1128, -304, 9145 ,9184 ,9149 ,-287 ,136 ,82, 15383.9797, 32820.7403
101671, 10068, -5949, 10490, 283, 1119, -281, 9316 ,9632 ,9502 ,-213 ,123 ,57, 15276.6109, 32809.5198
101679, 9724, -5915, 9192, 337, 1154, -255, 9494 ,9793 ,9738 ,-162 ,114 ,33, 15213.5849, 32817.5008
101689, 9305, -5561, 8661, 376, 1225, -222, 9669 ,10021 ,10058 ,-111 ,111 ,1, 15308.5053, 32823.3093
101697, 9159, -5065, 9179, 391, 1300, -175, 9806 ,10070 ,10475 ,-75 ,105 ,-21, 15197.5691, 32851.4159
101706, 9257, -4597, 10755, 377, 1344, -120, 9952 ,10162 ,10725 ,-59 ,89 ,-29, 15248.0662, 32832.4974
101716, 9506, -4330, 12872, 342, 1324, -60, 10032 ,9980 ,10745 ,-77 ,71 ,-41, 15454.3996, 32804.5636
101724, 10004, -4413, 14398, 314, 1251, -1, 10024 ,9888 ,10408 ,-87 ,46 ,-49, 15356.9937, 32831.0966
101733, 10466, -4728, 15201, 296, 1174, 49, 9680 ,9872 ,10162 ,-94 ,17 ,-46, 15349.1378, 32811.3467
101742, 10868, -5094, 16548, 289, 1122, 88, 9470 ,9717 ,10134 ,-97 ,-5 ,-54, 15306.5264, 32834.9710
101752, 11361, -5421, 18229, 290, 1064, 115, 9417 ,9606 ,10375 ,-79 ,-15 ,-62, 15377.6795, 32831.5347
101760, 11312, -5783, 19465, 293, 970, 133, 9543 ,9517 ,10527 ,-58 ,-24 ,-65, 15331.4501, 32825.4730
101771, 11196, -5923, 18890, 245, 776, 151, 9394 ,9573 ,10583 ,-65 ,-20 ,-73, 15201.3242, 32791.9304
101777, 10896, -5852, 17327, 245, 776, 151, 9477 ,9540 ,10748 ,-90 ,-27 ,-86, 15334.7552, 32828.1373
101785, 10485, -5842, 15524, 225, 714, 160, 9573 ,9281 ,10838 ,-101 ,-37 ,-81, 15541.0618, 32845.9024
101795, 10117, -5971, 13415, 221, 682, 164, 9506 ,9280 ,10905 ,-92 ,-41 ,-79, 15388.6378, 32821.8609
101808, 9481, -5484, 11042, 267, 701, 161, 9267 ,9330 ,10996 ,-87 ,-36 ,-77, 15288.2457, 32824.4746
101812, 9481, -5484, 11042, 267, 701, 161, 9082 ,9480 ,11013 ,-91 ,-28 ,-77, 15359.0828, 32805.2282
101822, 9385, -5006, 11076, 298, 726, 169, 8750 ,9698 ,10862 ,-113 ,-26 ,-81, 15492.3052, 32826.2180
101830, 9361, -4603, 11830, 320, 751, 189, 8679 ,9614 ,10620 ,-151 ,-20 ,-84, 15449.5716, 32824.5580
101839, 9195, -4459, 12939, 318, 759, 216, 8388 ,9461 ,10456 ,-199 ,-20 ,-87, 15292.4299, 32830.1162
101849, 8963, -4489, 14451, 295, 752, 245, 8342 ,8930 ,10058 ,-238 ,-38 ,-80, 15620.4909, 32817.4204
101857, 8763, -4925, 16834, 255, 710, 273, 8390 ,8151 ,9582 ,-230 ,-63 ,-73, 15290.1024, 32813.7457
101866, 8540, -5623, 18097, 182, 631, 289, 8568 ,7594 ,9291 ,-192 ,-85 ,-64, 15497.0944, 32818.9999
101874, 8194, -6271, 18061, 98, 540, 288, 8522 ,7293 ,9081 ,-127 ,-100 ,-47, 15370.4703, 32819.0714
101884, 7788, -6818, 16984, 45, 451, 269, 8610 ,7252 ,8883 ,-40 ,-98 ,-36, 15300.2352, 32824.9186
101892, 7642, -7092, 15568, 31, 376, 235, 8610 ,7252 ,8765 ,-40 ,-98 ,-36, 15361.2077, 32817.1194
101900, 7610, -7061, 14202, 52, 319, 196, 8682 ,7688 ,9021 ,44 ,-87 ,-47, 15333.6465, 32849.9436
101909, 7652, -6891, 13539, 100, 281, 160, 8578 ,8605 ,9301 ,62 ,-71 ,-47, 15262.6097, 32839.8705
101917, 7693, -6711, 13564, 141, 253, 133, 8535 ,8849 ,9301 ,62 ,-73 ,-47, 15372.8992, 32807.0998
101927, 7744, -6555, 13668, 154, 231, 114, 8566 ,8816 ,9437 ,29 ,-83 ,-41, 15496.2838, 32811.6417
101935, 7819, -6379, 13635, 150, 213, 101, 8492 ,8723 ,9659 ,7 ,-94 ,-33, 15377.8136, 32801.2049
101943, 7890, -6239, 14002, 132, 199, 96, 8612 ,8733 ,9844 ,-14 ,-101 ,-40, 15321.9461, 32820.2784
101952, 7890, -6375, 14964, 90, 182, 96, 8634 ,8499 ,9978 ,-10 ,-107 ,-39, 15521.5263, 32833.2216
101960, 8190, -6610, 15524, 90, 182, 96, 8724 ,8183 ,10085 ,11 ,-115 ,-34, 15481.9340, 32830.4261
101970, 7945, -6610, 15524, 15, 155, 92, 8798 ,7849 ,10168 ,48 ,-115 ,-23, 15454.7215, 32830.1460
101978, 7945, -6530, 14909, -74, 129, 82, 8853 ,7684 ,10362 ,102 ,-102 ,-20, 15309.4023, 32821.8102
101986, 8055, -6324, 13939, -148, 115, 67, 8931 ,7722 ,10743 ,166 ,-86 ,-11, 15451.3866, 32825.9528
101995, 8318, -6316, 13115, -185, 113, 46, 8880 ,8156 ,11098 ,202 ,-77 ,-2, 15367.1771, 32804.6888
102003, 8637, -6168, 12418, -185, 122, 18, 9248 ,8315 ,11027 ,219 ,-60 ,1, 15466.9344, 32828.2475
102013, 8877, -5990, 12277, -154, 139, -12, 9354 ,8497 ,11410 ,223 ,-25 ,15, 15511.5843, 32836.2137
102021, 9185, -5864, 12577, -112, 159, -45, 9181 ,8519 ,11774 ,202 ,6 ,24, 15373.7813, 32819.9565
102030, 9360, -5668, 12968, -75, 175, -80, 9126 ,8418 ,11923 ,169 ,23 ,36, 15513.9744, 32808.3217
102038, 9351, -5509, 13518, -44, 186, -117, 9101 ,8199 ,11891 ,126 ,34 ,47, 15481.5167, 32818.7555
102047, 9304, -5327, 14190, -35, 190, -149, 9180 ,8144 ,11750 ,82 ,40 ,58, 15512.4038, 32835.3137
102062, 9112, -4772, 15918, -41, 153, -195, 9350 ,7984 ,11366 ,33 ,39 ,64, 15303.5998, 32793.5934
102064, 9112, -4772, 15918, -41, 153, -195, 9350 ,8240 ,10995 ,-2 ,39 ,67, 15392.0740, 32839.6291
102073, 9043, -4442, 16525, -45, 112, -205, 9329 ,8702 ,10748 ,-36 ,45 ,64, 15238.2225, 32825.0378
102081, 9159, -4103, 16743, -37, 62, -203, 9335 ,8829 ,10655 ,-36 ,45 ,64, 15400.0163, 32830.6675
102094, 9124, -3899, 16716, -14, 5, -188, 9435 ,8658 ,10196 ,-77 ,41 ,63, 15461.5939, 32829.1237
102100, 8862, -4092, 16174, 12, -48, -163, 9417 ,8634 ,10220 ,-77 ,41 ,63, 15559.3485, 32827.8661
102108, 8604, -4333, 15302, 35, -89, -138, 9268 ,8634 ,10476 ,-24 ,44 ,54, 15391.9667, 32820.7016
102116, 8372, -4599, 14262, 54, -110, -113, 9524 ,8896 ,10361 ,-24 ,44 ,54, 15415.4658, 32812.5268
102124, 8193, -4746, 13448, 66, -112, -88, 9356 ,9141 ,10533 ,-12 ,55 ,45, 15531.4326, 32842.3142
102133, 8033, -4822, 13001, 67, -99, -62, 9385 ,9053 ,10664 ,4 ,61 ,39, 15307.4443, 32834.2050
102141, 7908, -4820, 12926, 67, -99, -35, 9270 ,9185 ,10672 ,16 ,64 ,32, 15445.4052, 32821.1010
102151, 7872, -4957, 13129, 61, -61, -9, 9372 ,9076 ,10654 ,30 ,63 ,33, 15327.9245, 32825.2614
102159, 7872, -4957, 13129, 47, -47, -244, 9340 ,9080 ,10625 ,39 ,67 ,33, 15377.5156, 32822.4897
102167, 7858, -5028, 13399, 31, -47, 12, 9256 ,9063 ,10503 ,40 ,65 ,28, 15319.9762, 32839.6201
102175, 7786, -5079, 13681, 25, -39, 29, 9375 ,8984 ,10382 ,35 ,53 ,25, 15394.0529, 32838.3952
102185, 7680, -5126, 14002, 25, -40, 42, 9398 ,9020 ,10242 ,34 ,41 ,24, 15436.6881, 32813.3017
102193, 7678, -5144, 14176, 32, -46, 53, 9362 ,9204 ,10128 ,38 ,31 ,21, 15266.0012, 32807.5647
102201, 7766, -5089, 14296, 47, -57, 64, 9364 ,9500 ,10137 ,39 ,18 ,18, 15154.7492, 32820.8506
102209, 7884, -5106, 14324, 62, -69, 84, 9333 ,9754 ,10156 ,29 ,5 ,11, 15312.2008, 32830.6139
102217, 7977, -5283, 14173, 76, -78, 109, 9333 ,9754 ,10156 ,22 ,-5 ,11, 15339.0586, 32830.5662
102236, 7893, -6138, 13384, 94, -78, 158, 9294 ,9771 ,10437 ,33 ,-13 ,-12, 15356.1294, 32828.3519
102244, 7910, -6539, 13179, 89, -64, 174, 9176 ,9892 ,10587 ,53 ,-13 ,-12, 15264.1624, 32819.9506
102245, 7910, -6539, 13179, 89, -64, 174, 9176 ,9892 ,10587 ,53 ,-11 ,-21, 15337.0321, 32848.8767
102252, 8008, -6858, 13159, 73, -46, 188, 9176 ,9892 ,10587 ,53 ,-11 ,-21, 15359.6640, 32817.1104
102261, 8120, -7118, 13297, 55, -29, 197, 9064 ,10006 ,10652 ,61 ,-13 ,-28, 15324.7833, 32846.2571
102269, 8129, -7344, 13312, 39, -16, 201, 8968 ,10130 ,10602 ,55 ,-15 ,-37, 15427.7980, 32818.3651
102277, 7973, -7594, 13266, 29, -6, 196, 8948 ,10051 ,10480 ,38 ,-16 ,-43, 15463.3909, 32849.0525
102287, 7748, -7873, 13099, 21, 2, 178, 8974 ,9763 ,10440 ,19 ,-17 ,-45, 15357.5361, 32815.4773
102295, 7584, -7981, 12952, 21, 9, 150, 8843 ,9538 ,10364 ,11 ,-15 ,-46, 15317.9973, 32829.1655
102304, 7506, -7801, 12952, 11, 15, 117, 8750 ,9270 ,10363 ,13 ,-14 ,-42, 15465.0748, 32823.2497
102312, 7506, -7801, 12997, 11, 15, 117, 8715 ,9086 ,10309 ,7 ,-16 ,-37, 15349.1318, 32802.4834
102320, 7391, -7559, 13130, 1, 19, 83, 8695 ,8817 ,10218 ,-5 ,-23 ,-25, 15320.5633, 32829.3055
102328, 7316, -7217, 13312, -18, 21, 50, 8701 ,8479 ,10095 ,-10 ,-29 ,-10, 15411.7525, 32828.6648
102338, 7295, -6902, 13412, -41, 18, 15, 8674 ,8203 ,9992 ,-1 ,-31 ,6, 15537.2679, 32809.5019
102346, 7362, -6554, 13361, -57, 10, -19, 8653 ,8021 ,9918 ,16 ,-33 ,17, 15389.1712, 32809.4453
102354, 7428, -6218, 13252, -63, 2, -49, 8668 ,7960 ,9889 ,32 ,-31 ,27, 15246.6565, 32803.1033
102362, 7562, -5861, 13082, -60, -7, -75, 8622 ,8139 ,9934 ,46 ,-25 ,36, 15286.4963, 32807.8657
102371, 7744, -5397, 12844, -49, -14, -94, 8572 ,8403 ,10007 ,44 ,-16 ,37, 15417.4119, 32831.8357
102379, 7910, -5023, 12696, -31, -15, -102, 8560 ,8403 ,10007 ,33 ,-11 ,37, 15408.6351, 32820.5317
102387, 7940, -4851, 12627, -7, -14, -99, 8591 ,8492 ,9997 ,21 ,-11 ,37, 15501.2637, 32839.4532
102397, 7959, -4665, 12649, 9, -12, -90, 8591 ,8492 ,9997 ,21 ,-3 ,35, 15561.5211, 32828.8734
102405, 7943, -4669, 13037, 19, -9, -76, 8607 ,8601 ,9983 ,20 ,1 ,32, 15347.8891, 32815.9630
102413, 8028, -4853, 13520, 12, -12, -56, 8655 ,8718 ,10002 ,25 ,6 ,29, 15450.7846, 32804.5696
102421, 8150, -5006, 13520, 12, -18, -34, 8656 ,8814 ,9948 ,35 ,11 ,28, 15543.3416, 32801.7086
102429, 8150, -5006, 13624, -255, -25, -34, 8692 ,8973 ,9979 ,54 ,15 ,23, 15180.7815, 32818.5141
102441, 8160, -5306, 13665, -6, -32, 16, 8735 ,9218 ,9951 ,71 ,18 ,16, 15366.8165, 32829.7168
102447, 8160, -5306, 13665, -6, -32, 16, 8830 ,9438 ,10005 ,85 ,17 ,9, 15433.0283, 32821.0741
102455, 8152, -5546, 13646, -1, -39, 39, 8880 ,9620 ,9965 ,93 ,17 ,4, 15380.0875, 32837.2061
102465, 8059, -5813, 13564, 12, -44, 58, 8910 ,9626 ,10090 ,101 ,13 ,0, 15576.0795, 32806.2385
102471, 7974, -6042, 13564, 12, -48, 72, 9009 ,9730 ,10178 ,108 ,12 ,-2, 15395.0810, 32805.6186
102479, 7961, -6206, 13399, 15, -48, 83, 9043 ,9993 ,10312 ,108 ,14 ,-10, 15492.0369, 32800.4479
102488, 7958, -6389, 13171, 18, -42, 92, 9043 ,9993 ,10312 ,98 ,14 ,-10, 15327.2569, 32822.4987
102496, 7919, -6600, 13144, 21, -31, 100, 9117 ,10122 ,10542 ,98 ,14 ,-12, 15429.2703, 32808.6346
102504, 7878, -6841, 13207, 25, -19, 103, 9117 ,10122 ,10542 ,87 ,11 ,-16, 15425.6433, 32819.7598
102514, 7799, -7087, 13260, 30, -7, 100, 9158 ,10243 ,10567 ,67 ,7 ,-20, 15331.6915, 32847.6459
102523, 7745, -7281, 13359, 32, 5, 93, 9242 ,10069 ,10570 ,45 ,0 ,-17, 15549.4750, 32808.8522
102530, 7686, -7348, 13496, 33, 15, 82, 9229 ,9951 ,10537 ,29 ,-6 ,-14, 15305.2509, 32842.8715
102538, 7591, -7333, 13382, 33, 15, 67, 9244 ,9784 ,10469 ,18 ,-15 ,-13, 15297.1596, 32829.8032
102547, 7573, -7140, 13822, 36, 23, 51, 9273 ,9599 ,10400 ,10 ,-25 ,-10, 15310.9789, 32834.7176
102555, 7573, -7140, 13822, 34, 23, 51, 9304 ,9426 ,10370 ,10 ,-33 ,-6, 15341.2908, 32840.0224
102563, 7630, -6928, 13882, 27, 24, 36, 9304 ,9309 ,10378 ,10 ,-39 ,-3, 15432.2833, 32831.7374
102571, 7698, -6612, 13775, 19, 25, 24, 9264 ,9291 ,10458 ,10 ,-41 ,-3, 15445.2294, 32820.0221
102579, 7806, -6240, 13644, 12, 27, 16, 9238 ,9265 ,10504 ,8 ,-41 ,-3, 15455.2519, 32824.8918
102589, 7933, -5949, 13685, 7, 32, 13, 9177 ,9175 ,10467 ,5 ,-39 ,-4, 15438.0023, 32832.9742
102597, 8060, -5793, 13854, 3, 34, 15, 9164 ,8998 ,10407 ,1 ,-36 ,-5, 15481.9489, 32828.2714
102605, 8137, -5725, 13993, -4, 31, 16, 9164 ,9116 ,10407 ,1 ,-36 ,-5, 15426.0546, 32836.5207
102613, 8152, -5670, 14112, -10, 24, 17, 9108 ,8860 ,10360 ,1 ,-35 ,-4, 15366.1996, 32818.8926
102621, 8178, -5643, 14097, -13, 15, 17, 9112 ,8660 ,10364 ,11 ,-35 ,-3, 15417.1646, 32789.2631
102629, 8190, -5563, 13945, -17, 6, 14, 9063 ,8591 ,10343 ,26 ,-29 ,-3, 15429.3746, 32847.5714
102639, 8178, -5535, 13767, -18, 0, 12, 9046 ,8663 ,10357 ,38 ,-23 ,-6, 15463.8231, 32836.2137
102647, 8109, -5560, 13618, -18, 0, 12, 9011 ,8611 ,10435 ,38 ,-18 ,-5, 15495.8099, 32824.8948
102655, 8109, -5560, 13618, -19, -3, 6, 9022 ,8580 ,10453 ,37 ,-13 ,-5, 15309.7123, 32809.7254
102663, 8092, -5583, 13557, -21, -7, 6, 9027 ,8603 ,10445 ,37 ,-7 ,-5, 15561.6105, 32839.0628
102671, 8099, -5592, 13543, -21, -8, 0, 9033 ,8585 ,10457 ,36 ,-1 ,-5, 15577.1762, 32811.5165
102688, 8205, -5640, 13790, -18, -13, -11, 9036 ,8841 ,10452 ,31 ,11 ,-3, 15472.1826, 32833.3974
102690, 8205, -5640, 13790, -18, -13, -11, 9036 ,8841 ,10452 ,31 ,11 ,-3, 15346.5867, 32824.3136
102696, 8189, -5751, 13927, -15, -16, -15, 9036 ,8831 ,10404 ,24 ,15 ,-1, 15513.8075, 32822.8056
102706, 8178, -5824, 13928, -13, -25, -20, 9053 ,8879 ,10403 ,26 ,20 ,1, 15477.5739, 32830.9804
102714, 8122, -5850, 13746, -14, -32, -24, 9038 ,8993 ,10383 ,32 ,21 ,3, 15274.9896, 32809.3350
102722, 8050, -5823, 13617, -11, -34, -27, 9038 ,8993 ,10383 ,32 ,21 ,3, 15428.3553, 32822.1023
102730, 7944, -5825, 13563, -7, -35, -27, 9056 ,9171 ,10347 ,27 ,23 ,3, 15608.1289, 32844.1471
102739, 7830, -5847, 13535, -2, -35, -26, 9093 ,9217 ,10320 ,20 ,22 ,5, 15329.8438, 32808.0714
102747, 7792, -5859, 13522, 1, -34, -26, 9064 ,9274 ,10284 ,12 ,22 ,4, 15324.6343, 32842.8447
102755, 7779, -5827, 13512, 4, -33, -23, 9098 ,9294 ,10237 ,5 ,20 ,5, 15422.7763, 32808.8462
102766, 7774, -5792, 13528, 9, -33, -16, 9037 ,9410 ,10221 ,-1 ,21 ,2, 15446.8894, 32826.7068
102772, 7774, -5792, 13528, 9, -33, -16, 9040 ,9517 ,10170 ,-6 ,17 ,2, 15369.0815, 32847.3210
102786, 7763, -5827, 13759, 25, -34, -2, 9050 ,9260 ,10093 ,-7 ,8 ,7, 15310.8120, 32823.3629
102789, 7763, -5827, 13759, 25, -34, -2, 9050 ,9260 ,10093 ,-7 ,8 ,7, 15139.0791, 32822.7103
102796, 7748, -5796, 13715, 28, -40, 6, 9064 ,9185 ,10070 ,2 ,4 ,8, 15423.2383, 32811.5165
102804, 7740, -5775, 13730, 25, -43, 13, 9064 ,9154 ,10063 ,15 ,4 ,8, 15285.4711, 32825.2405
102812, 7785, -5816, 13771, 22, -46, 21, 9005 ,9208 ,10063 ,15 ,2 ,6, 15189.4093, 32807.8419
102820, 7813, -5908, 13873, 13, -50, 26, 9005 ,9208 ,10070 ,24 ,2 ,6, 15316.6354, 32827.3177
102828, 7871, -6068, 13958, 8, -58, 31, 9009 ,9232 ,10073 ,27 ,-1 ,5, 15328.2523, 32816.7140
102837, 7948, -6191, 13792, 5, -66, 32, 8969 ,9290 ,10082 ,27 ,-1 ,3, 15530.1958, 32817.7571
102845, 7948, -6191, 13792, 14, -72, 32, 9004 ,9326 ,10109 ,27 ,-3 ,2, 15487.3580, 32816.7439
102854, 7992, -6214, 13482, 26, -75, 32, 8951 ,9368 ,10188 ,23 ,-1 ,-2, 15427.6967, 32825.7382
102862, 8023, -6214, 13482, 26, -75, 31, 8979 ,9410 ,10258 ,17 ,-1 ,-5, 15432.9449, 32834.6938
102871, 8061, -6161, 13401, 34, -76, 31, 8928 ,9384 ,10316 ,12 ,-1 ,-6, 15425.6165, 32821.7983
102879, 8080, -6081, 13390, 35, -75, 31, 8937 ,9245 ,10364 ,9 ,1 ,-5, 15451.5326, 32799.3035
102886, 8104, -6114, 13459, 32, -72, 33, 8964 ,9182 ,10358 ,17 ,2 ,-4, 15497.4341, 32829.8211
102895, 8179, -6176, 13851, 23, -72, 35, 8926 ,9282 ,10311 ,27 ,5 ,-7, 15300.6285, 32831.0281
102903, 8291, -6301, 14325, 11, -80, 37, 8938 ,9282 ,10239 ,24 ,5 ,-9, 15409.2193, 32820.1979
102911, 8309, -6523, 14562, -4, -94, 36, 8938 ,9260 ,10159 ,24 ,5 ,-9, 15394.6400, 32825.6845
102921, 8251, -6754, 14684, -16, -114, 30, 8946 ,9260 ,10159 ,21 ,4 ,-10, 15559.8462, 32835.9276
102929, 8158, -7042, 14550, -18, -138, 15, 8965 ,9229 ,10109 ,21 ,2 ,-11, 15371.1021, 32822.0338
102937, 8053, -7177, 14018, -17, -157, -7, -10 ,9023 ,9147 ,-21977 ,20 ,2, 15398.4249, 32810.1397
102945, 7916, -7034, 13214, -11, -164, -29, 9003 ,9179 ,10274 ,21 ,5 ,-11, 15286.9105, 32803.2345
102957, 7913, -6729, 12535, 2, -158, -49, 8961 ,9551 ,10443 ,15 ,16 ,-17, 15390.5720, 32806.4859
102962, 7913, -6729, 12535, 2, -140, -62, 8961 ,9551 ,10546 ,1 ,16 ,-17, 15344.2144, 32825.9856
102970, 7950, -6377, 12164, 21, -140, -62, 9019 ,9549 ,10556 ,-22 ,17 ,-17, 15330.4398, 32806.4501
102984, 7920, -5750, 12193, 23, -91, -60, 9027 ,9311 ,10544 ,-38 ,17 ,-11, 15291.5210, 32810.1218
102988, 7920, -5750, 12193, 23, -91, -60, 9012 ,9083 ,10444 ,-35 ,11 ,-6, 15335.3721, 32804.7514
102996, 7870, -5585, 12469, 6, -69, -51, 9009 ,9023 ,10302 ,-25 ,9 ,-4, 15345.4334, 32801.3837
103005, 7783, -5566, 12800, -14, -51, -38, 8930 ,9018 ,10116 ,-15 ,6 ,-2, 15484.8844, 32818.9492
103013, 7729, -5663, 13200, -32, -42, -26, 8897 ,9014 ,9933 ,-4 ,-1 ,-2, 15435.4811, 32836.9826
103021, 7679, -5832, 13483, -40, -43, -19, 8926 ,9110 ,9814 ,5 ,-6 ,-2, 15394.4522, 32828.0181
103030, 7717, -6007, 13734, -34, -51, -18, 8932 ,9186 ,9810 ,7 ,-8 ,-3, 15523.1714, 32824.4388
103038, 7774, -6248, 13804, -21, -64, -21, 8932 ,9173 ,9835 ,7 ,-8 ,-3, 15406.5996, 32809.4870
103047, 7845, -6322, 13728, -9, -76, -26, 8936 ,9173 ,9835 ,6 ,-17 ,-4, 15243.2501, 32820.4513
103055, 7891, -6242, 13425, 0, -85, -30, 8989 ,9139 ,9920 ,11 ,-17 ,-4, 15369.5524, 32824.5938
103063, 7927, -6127, 13158, 3, -87, -31, 9018 ,9144 ,10065 ,18 ,-20 ,-6, 15290.6656, 32818.6095
103071, 7978, -5974, 12921, -2, -82, -28, 9026 ,9059 ,10187 ,30 ,-25 ,-4, 15425.1605, 32815.7783
103081, 7939, -5833, 12688, -2, -72, -22, 9040 ,9072 ,10222 ,41 ,-30 ,-3, 15367.9490, 32834.5090
103089, 7964, -5833, 12688, -16, -57, -15, 9048 ,8970 ,10286 ,57 ,-31 ,0, 15315.1572, 32829.1237
103097, 7964, -5706, 12501, -41, -57, -15, 9008 ,9044 ,10364 ,70 ,-30 ,-2, 15405.6877, 32821.7924
103109, 8090, -5566, 12357, -42, -24, 1, 8974 ,9233 ,10385 ,76 ,-31 ,-2, 15291.3719, 32804.6501
103116, 8090, -5566, 12357, -42, -24, 1, 8983 ,9363 ,10425 ,71 ,-27 ,-2, 15390.1160, 32828.3012
103122, 8219, -5625, 12577, -34, -8, 7, 8957 ,9491 ,10419 ,58 ,-24 ,-4, 15268.3139, 32827.7081
103130, 8336, -5743, 12972, -26, 2, 13, 8958 ,9473 ,10405 ,42 ,-22 ,-3, 15382.6326, 32825.3090
103145, 8496, -6070, 13656, -14, 6, 19, 9000 ,9336 ,10348 ,31 ,-25 ,-1, 15216.8214, 32797.0535
103148, 8496, -6070, 13656, -14, 6, 19, 9023 ,9284 ,10310 ,29 ,-25 ,2, 15252.8524, 32822.8951
103157, 8544, -6122, 13865, -12, -2, 17, 8998 ,9253 ,10328 ,32 ,-23 ,2, 15277.1920, 32831.8477
103165, 8576, -6170, 13935, -10, -13, 15, 8998 ,9253 ,10328 ,32 ,-23 ,2, 15359.9322, 32819.8463
103179, 8595, -6191, 13874, -8, -24, 13, 8962 ,9348 ,10314 ,43 ,-20 ,2, 15342.5485, 32815.7991
103185, 8595, -6084, 13545, -7, -32, 12, 8962 ,9433 ,10337 ,39 ,-16 ,1, 15496.3762, 32818.8062
103200, 8542, -5993, 13230, -17, -35, 21, 8938 ,9466 ,10386 ,29 ,-12 ,1, 15255.5823, 32828.9807
103211, 8485, -6124, 13211, -15, -34, 24, 8948 ,9300 ,10331 ,12 ,-4 ,-1, 15274.7512, 32831.9430
103220, 8456, -6293, 13116, -8, -34, 21, 8954 ,9242 ,10302 ,11 ,0 ,-2, 15313.4555, 32837.0899
103223, 8456, -6293, 13116, -8, -34, 21, 8954 ,9242 ,10302 ,11 ,0 ,-2, 15430.2955, 32800.0456
103228, 8367, -6309, 13127, 5, -33, 16, 8955 ,9237 ,10302 ,11 ,0 ,-3, 15357.6404, 32814.0259
103244, 8380, -6165, 13515, 19, -36, 6, 8973 ,9288 ,10293 ,10 ,6 ,-2, 15235.6029, 32811.0635
103247, 8380, -6165, 13515, 19, -36, 6, 8961 ,9256 ,10190 ,10 ,6 ,-2, 15270.1944, 32827.5234
103253, 8439, -6117, 13717, 12, -41, 6, 8961 ,9256 ,10190 ,8 ,6 ,-2, 15362.0094, 32818.8360
103259, 8439, -6117, 13890, 4, -41, 6, 8973 ,9216 ,10156 ,10 ,5 ,-2, 15423.4141, 32820.9162
103269, 8477, -6379, 14018, 4, -49, 9, 8990 ,9256 ,10136 ,14 ,6 ,-3, 15395.5698, 32814.9319
103277, 8518, -6188, 14018, 1, -59, 11, 8997 ,9268 ,10121 ,17 ,5 ,-4, 15354.3174, 32830.4201
103285, 8498, -6232, 13970, -3, -74, 12, 8988 ,9202 ,10168 ,20 ,4 ,-4, 15557.8762, 32825.7829
103293, 8418, -6308, 13679, -5, -86, 10, 9022 ,9160 ,10230 ,26 ,4 ,-3, 15351.3998, 32811.4271
103301, 8310, -6361, 13249, -6, -92, 6, 9038 ,9224 ,10358 ,31 ,7 ,-5, 15301.0339, 32819.1549
103309, 8254, -6375, 12806, -3, -89, -1, 9038 ,9224 ,10499 ,31 ,7 ,-5, 15168.7503, 32850.5218
103317, 8269, -6360, 12468, 5, -80, -8, 9055 ,9350 ,10499 ,29 ,11 ,-6, 15252.2177, 32810.8877
103326, 8274, -6217, 12313, 14, -62, -16, 9058 ,9383 ,10597 ,20 ,12 ,-4, 15294.7366, 32822.1262
103333, 8311, -6014, 12464, 18, -42, -19, 9097 ,9294 ,10635 ,9 ,14 ,0, 15271.1123, 32827.6992
103343, 8322, -5832, 12790, 19, -29, -19, 9094 ,9227 ,10537 ,4 ,13 ,2, 15302.1753, 32825.0647
103351, 8316, -5832, 12790, 19, -20, -16, 9103 ,9134 ,10492 ,1 ,12 ,6, 15505.5046, 32808.9058
103359, 8316, -5679, 13173, 12, -20, -16, 9086 ,9164 ,10352 ,3 ,10 ,7, 15346.4377, 32817.1194
103367, 8424, -5565, 13621, 5, -18, -10, 9071 ,9150 ,10268 ,1 ,8 ,7, 15281.1170, 32817.5336
103375, 8464, -5625, 13992, 2, -25, -4, 9109 ,9175 ,10132 ,4 ,6 ,6, 15323.0697, 32832.5778
103383, 8451, -5654, 14162, 4, -38, 3, 9083 ,9218 ,10131 ,12 ,6 ,5, 15257.9188, 32843.9653
103391, 8618, -5520, 14212, 13, -58, 8, 9048 ,9344 ,10132 ,17 ,6 ,1, 15276.0684, 32824.2689
103399, 8644, -5454, 14254, 31, -76, 20, 9036 ,9344 ,10149 ,17 ,4 ,-5, 15452.1942, 32812.8785
103407, 8738, -5300, 14214, 40, -94, 37, 9036 ,9529 ,10149 ,17 ,4 ,-5, 15464.5503, 32832.6523
103415, 8608, -5036, 13446, 48, -107, 60, 8986 ,9591 ,10132 ,11 ,5 ,-11, 15373.2717, 32812.7712
103423, 8313, -4954, 12474, 63, -103, 85, 9046 ,9556 ,10124 ,5 ,1 ,-16, 15333.1280, 32817.6945
103433, 8311, -5055, 11568, 78, -88, 111, 9094 ,9487 ,10244 ,5 ,0 ,-19, 15326.3807, 32829.2131
103441, 8271, -5330, 11669, 78, -88, 111, 9026 ,9350 ,10252 ,8 ,-1 ,-19, 15377.2771, 32811.1082
103450, 8020, -5577, 11256, 105, -63, 129, 8963 ,9301 ,10319 ,18 ,0 ,-20, 15481.2634, 32829.0194
103457, 8020, -5577, 11000, 143, -32, 139, 8900 ,9486 ,10471 ,26 ,4 ,-21, 15274.4740, 32839.8377
103466, 8044, -5740, 11313, 180, 1, 143, 8745 ,9726 ,10458 ,7 ,8 ,-23, 15328.2821, 32826.0571
103474, 8065, -5691, 11680, 202, 29, 149, 8795 ,9710 ,10364 ,-23 ,5 ,-23, 15356.0132, 32832.9653
103482, 8085, -6024, 12121, 214, 53, 155, 8807 ,9606 ,10287 ,-51 ,6 ,-19, 15478.0298, 32817.2147
103492, 8121, -6496, 12539, 219, 71, 157, 8794 ,9412 ,10147 ,-65 ,2 ,-14, 15313.2915, 32840.9016
103500, 8111, -6850, 13117, 230, 76, 148, 8809 ,9253 ,10053 ,-70 ,-1 ,-12, 15302.8727, 32836.2107
103508, 8161, -7044, 13702, 250, 70, 133, 8809 ,9253 ,9930 ,-64 ,-6 ,-13, 15289.2351, 32821.7745
103517, 8399, -7128, 13652, 269, 55, 114, 8820 ,9159 ,9942 ,-64 ,-6 ,-9, 15382.3167, 32811.5970
103525, 8602, -7513, 13732, 285, 41, 91, 8820 ,9159 ,9942 ,-47 ,-12 ,-9, 15256.4108, 32813.2391
103533, 8844, -8028, 14012, 289, 24, 61, 8919 ,9096 ,10101 ,-25 ,-12 ,-3, 15370.0441, 32820.4453
103543, 8867, -7300, 14804, 290, 2, 27, 8795 ,9073 ,10349 ,-8 ,-4 ,1, 15334.0131, 32815.7514
103551, 8779, -6702, 15103, 299, -27, 4, 8666 ,9373 ,10467 ,2 ,7 ,-3, 15383.8664, 32793.7067
103559, 8779, -6882, 15369, 270, -50, 4, 8651 ,9654 ,10421 ,-9 ,10 ,-10, 15350.0348, 32811.5404
103567, 8636, -6483, 15586, 270, -50, -10, 8845 ,9556 ,10364 ,-35 ,12 ,-14, 15364.4383, 32824.2749
103575, 8546, -6483, 15586, 192, -72, -18, 8939 ,9196 ,10353 ,-54 ,18 ,-12, 15404.1797, 32846.9932
103584, 8546, -6076, 14655, 102, -91, -11, 8980 ,8954 ,10434 ,-51 ,27 ,-14, 15323.9906, 32817.6767
103592, 8384, -5713, 13824, 34, -99, 1, 8841 ,8941 ,10444 ,-37 ,30 ,-15, 15283.7366, 32806.0746
103602, 8210, -5538, 13102, 0, -98, 8, 8904 ,9056 ,10337 ,-24 ,25 ,-14, 15491.7032, 32819.8761
103610, 8087, -5378, 12758, 4, -91, 9, 9015 ,8994 ,10317 ,-22 ,26 ,-9, 15490.5528, 32814.2107
103618, 7989, -5278, 12934, 23, -84, 6, 8953 ,8798 ,10304 ,-18 ,27 ,-2, 15362.2150, 32832.0831
103626, 7971, -5244, 13674, 53, -86, 0, 8971 ,8742 ,10250 ,-2 ,23 ,-1, 15310.8984, 32812.7593
103634, 8109, -5432, 14384, 75, -100, -5, 8971 ,8742 ,9994 ,16 ,21 ,-252, 15456.3785, 32811.7102
103644, 8263, -5565, 14739, 75, -120, -14, 9110 ,8735 ,10261 ,16 ,21 ,4, 15422.1356, 32817.4412
103652, 8247, -5478, 14760, 63, -138, -17, 9110 ,8735 ,10261 ,26 ,21 ,7, 15464.7619, 32815.9988
103660, 8392, -5499, 14758, 31, -154, -15, 9107 ,8702 ,10363 ,40 ,24 ,9, 15312.9637, 32836.1511
103669, 8264, -5394, 13535, -22, -162, -7, 9141 ,8996 ,10462 ,53 ,25 ,4, 15350.8067, 32822.7967
103677, 7913, -5488, 12528, -50, -151, 7, 9174 ,9052 ,10549 ,48 ,23 ,4, 15520.9005, 32825.8812
103685, 7708, -5798, 11605, -67, -122, 15, 9133 ,9184 ,10555 ,45 ,20 ,2, 15433.2221, 32821.6910
103693, 7559, -5755, 10749, -74, -122, 15, 9166 ,9209 ,10547 ,43 ,16 ,-2, 15441.2389, 32820.2993
103701, 7364, -5858, 10749, -74, -83, 16, 9130 ,9072 ,10468 ,41 ,10 ,3, 15464.2701, 32815.9213
103711, 7364, -5602, 10600, -61, -35, 16, 9083 ,9138 ,10396 ,51 ,5 ,3, 15475.5473, 32827.3267
103719, 7442, -5464, 11059, -29, 9, 15, 8980 ,9383 ,10291 ,56 ,1 ,0, 15422.2637, 32844.7998
103727, 7799, -5522, 11906, 7, 41, 15, 8971 ,9365 ,10171 ,49 ,-9 ,4, 15480.9922, 32812.2616
103735, 8051, -5708, 12997, 24, 58, 15, 8902 ,9260 ,10112 ,48 ,-13 ,9, 15403.1545, 32817.6618
103743, 8317, -5849, 13887, 16, 59, 17, 8795 ,9259 ,10173 ,53 ,-15 ,9, 15341.6365, 32845.2289
103752, 8648, -5987, 14285, -4, 48, 21, 8764 ,9418 ,10173 ,53 ,-15 ,9, 15412.8045, 32791.5430
103760, 8828, -6099, 14308, -20, 32, 25, 8764 ,9418 ,10214 ,52 ,-15 ,7, 15406.6414, 32825.7024
103767, 8853, -6254, 14102, -23, 14, 28, 8711 ,9597 ,10217 ,52 ,-15 ,3, 15347.7967, 32817.7005
103777, 8793, -6389, 13806, -15, -2, 26, 8636 ,9690 ,10237 ,42 ,-14 ,-1, 15356.3082, 32809.2545
103785, 8710, -6520, 13452, -7, -12, 22, 8677 ,9703 ,10232 ,29 ,-12 ,-7, 15437.4182, 32816.4548
103793, 8710, -6520, 13075, -2, -16, 17, 8613 ,9660 ,10258 ,16 ,-7 ,-12, 15381.1723, 32821.5003
103801, 8601, -6506, 13054, -2, -16, 17, 8621 ,9610 ,10254 ,8 ,-4 ,-15, 15426.0844, 32823.3570
103810, 8473, -6414, 13054, 1, -15, 13, 8574 ,9496 ,10197 ,5 ,-3 ,-14, 15495.3837, 32814.5564
103818, 8433, -6294, 13131, 0, -14, 11, 8617 ,9492 ,10109 ,6 ,-1 ,-15, 15518.4418, 32826.5816
103826, 8374, -6264, 13339, -6, -15, 9, 8630 ,9404 ,10061 ,3 ,1 ,-14, 15278.9950, 32794.0255
103834, 8307, -6301, 13458, -15, -22, 4, 8614 ,9398 ,10027 ,5 ,4 ,-11, 15313.1485, 32812.1334
103844, 8202, -6322, 13516, -22, -28, -2, 8645 ,9360 ,9991 ,6 ,3 ,-9, 15487.9451, 32844.0905
103852, 8159, -6385, 13545, -25, -38, -9, 8663 ,9308 ,9952 ,11 ,1 ,-5, 15414.9443, 32827.3267
103861, 8143, -6407, 13511, -22, -47, -17, 8733 ,9406 ,9945 ,13 ,1 ,-5, 15304.3747, 32830.7062
103872, 8096, -6438, 13402, -20, -56, -25, 8740 ,9357 ,9942 ,8 ,0 ,-2, 15267.0532, 32825.3686
103881, 8030, -6499, 13240, -24, -61, -33, 8768 ,9288 ,10043 ,6 ,-4 ,-1, 15309.9835, 32800.8056
103887, 8008, -6453, 13055, -26, -61, -41, 8768 ,9288 ,10043 ,14 ,-8 ,-1, 15450.0008, 32808.0535
103893, 8046, -6323, 12878, -27, -60, -49, 8830 ,9239 ,10075 ,14 ,-8 ,0, 15431.8243, 32819.3754
103901, 8109, -6121, 12991, -27, -53, -53, 8831 ,9290 ,10172 ,20 ,-11 ,1, 15303.3227, 32814.9080
103910, 8109, -6121, 12735, -23, -44, -53, 8923 ,9389 ,10250 ,24 ,-16 ,-2, 15322.0922, 32837.0810
103919, 8204, -5962, 12855, -23, -44, -53, 8936 ,9376 ,10329 ,22 ,-17 ,-2, 15467.5663, 32827.2164
103934, 8338, -5759, 13087, -24, -26, -51, 8968 ,9284 ,10406 ,21 ,-19 ,-5, 15228.5427, 32817.9061
103936, 8338, -5759, 13087, -24, -26, -51, 8968 ,9284 ,10406 ,21 ,-19 ,-5, 15364.5158, 32814.7411
103943, 8411, -5649, 13297, -28, -22, -47, 8981 ,9249 ,10386 ,21 ,-19 ,-6, 15433.7287, 32831.6510
103952, 8386, -5594, 13409, -32, -19, -43, 9001 ,9183 ,10376 ,19 ,-20 ,-5, 15206.8019, 32823.8845
103961, 8395, -5637, 13434, -38, -18, -41, 9043 ,9081 ,10374 ,17 ,-22 ,-4, 15461.2571, 32828.5336
103970, 8401, -5659, 13470, -43, -20, -42, 9084 ,9012 ,10367 ,17 ,-25 ,-2, 15402.9280, 32818.8360
103978, 8382, -5774, 13421, -46, -22, -45, 9085 ,8999 ,10418 ,23 ,-26 ,2, 15239.7335, 32823.0023
103986, 8456, -5876, 13400, -46, -23, -50, 9085 ,8999 ,10418 ,23 ,-26 ,2, 15342.7958, 32826.4058
103996, 8516, -5867, 13366, -44, -23, -58, 9046 ,9063 ,10418 ,25 ,-27 ,3, 15412.9237, 32818.0730
104004, 8597, -5722, 13436, -39, -24, -62, 9029 ,9068 ,10428 ,25 ,-29 ,5, 15246.0963, 32810.2082
104012, 8831, -5389, 13805, -42, -27, -63, 9029 ,9063 ,10474 ,25 ,-29 ,6, 15367.4841, 32829.6602
104021, 8999, -5201, 14036, -61, -35, -56, 9015 ,9089 ,10572 ,27 ,-26 ,6, 15554.3000, 32827.8363
104029, 8986, -5192, 13831, -75, -41, -45, 9007 ,9212 ,10581 ,29 ,-23 ,4, 15351.7812, 32798.4899
104038, 8943, -5331, 13268, -72, -44, -35, 9036 ,9277 ,10619 ,28 ,-20 ,1, 15288.4901, 32827.4071
104047, 8799, -5530, 12771, -50, -41, -29, 9039 ,9332 ,10622 ,23 ,-17 ,-2, 15560.9369, 32816.0167
104055, 8706, -5530, 12538, -24, -34, -29, 9046 ,9360 ,10562 ,17 ,-13 ,-3, 15432.7929, 32822.5762
104064, 8423, -5800, 12612, -6, -21, -31, 9011 ,9252 ,10529 ,11 ,-9 ,-2, 15317.1033, 32814.7262
104072, 8423, -5684, 12612, -6, -21, -31, 8976 ,9213 ,10513 ,10 ,-6 ,1, 15345.6807, 32825.5564
104080, 8476, -5940, 12981, -2, -13, -36, 8915 ,9246 ,10385 ,8 ,-5 ,2, 15321.0044, 32824.9484
104090, 8570, -5818, 12924, -4, -9, -42, 8884 ,9250 ,10250 ,6 ,-7 ,4, 15404.6804, 32794.5769
104098, 8545, -5710, 13196, 3, -8, -42, 8841 ,9358 ,10188 ,9 ,-5 ,5, 15309.7123, 32813.7100
104107, 8614, -5879, 13609, 5, -12, -40, 8764 ,9370 ,10159 ,5 ,-4 ,6, 15450.9366, 32806.4889
104114, 8759, -5952, 13852, -6, -21, -38, 8764 ,9332 ,10116 ,5 ,-5 ,8, 15258.2496, 32814.5117
104122, 8804, -5904, 13757, -19, -33, -34, 8756 ,9332 ,10116 ,5 ,-5 ,8, 15284.9764, 32804.8229
104130, 8746, -5857, 13400, -21, -41, -28, 8734 ,9408 ,10132 ,7 ,-5 ,4, 15298.6348, 32815.5011
104138, 8688, -5969, 13275, -21, -49, -22, 8749 ,9490 ,10176 ,8 ,-5 ,2, 15314.1737, 32813.4418
104146, 8514, -6001, 11651, -8, -48, -18, 8757 ,9548 ,10170 ,4 ,-4 ,-1, 15340.8736, 32805.3385
104154, 7989, -6580, 10528, 47, -20, -22, 8782 ,9474 ,10193 ,1 ,-2 ,-2, 15425.5331, 32815.1524
104162, 8148, -6580, 10528, 113, 10, -43, 8795 ,9727 ,10382 ,13 ,3 ,-6, 15255.8714, 32835.6236
104171, 7636, -6984, 11275, 113, 10, -43, 8755 ,9851 ,10305 ,4 ,5 ,-8, 15333.7657, 32813.1407
104184, 7917, -5408, 12425, 147, 58, -79, 8711 ,9417 ,9993 ,-23 ,-4 ,2, 15248.3821, 32825.2435
104192, 8226, -4648, 12709, 112, 74, -56, 8713 ,9306 ,9781 ,-17 ,-10 ,6, 15173.7690, 32800.8980
104197, 8226, -4648, 12709, 112, 74, -56, 8702 ,9388 ,9705 ,-4 ,-13 ,8, 15302.7415, 32814.8097
104205, 8262, -4779, 12505, 83, 82, -21, 8747 ,9340 ,9758 ,9 ,-19 ,9, 15379.4974, 32818.5648
104213, 8135, -5436, 12384, 77, 92, 8, 8697 ,9232 ,9758 ,9 ,-19 ,6, 15225.9290, 32838.5651
104220, 8135, -5853, 13014, 77, 92, 8, 8697 ,9488 ,9929 ,27 ,-19 ,6, 15201.3212, 32818.3025
104228, 8135, -5853, 13014, 77, 92, 8, 8697 ,9488 ,9929 ,27 ,-19 ,6, 15209.8477, 32818.2161
104236, 8135, -5853, 13014, 77, 92, 8, 8697 ,9488 ,9929 ,27 ,-19 ,6, 15248.4059, 32816.2134
104244, 8135, -5853, 13014, 77, 92, 8, 8697 ,9488 ,9929 ,27 ,-19 ,6, 15327.8410, 32833.6686
104252, 8135, -5853, 13014, 77, 92, 8, 8697 ,9488 ,9929 ,27 ,-19 ,6, 15239.5844, 32835.0395
104260, 8135, -5853, 13014, 77, 92, 8, 8697 ,9488 ,9929 ,27 ,-19 ,6, 15444.0761, 32842.2040
104268, 8135, -5853, 13014, 77, 92, 8, 8697 ,9488 ,9929 ,27 ,-19 ,6, 15522.7453, 32834.1872
104276, 8135, -5853, 13014, 77, 92, 8, 8697 ,9488 ,9929 ,27 ,-19 ,6, 15447.9951, 32839.8913
104286, 8135, -5853, 13014, 77, 92, 8, 8697 ,9488 ,9929 ,27 ,-19 ,6, 15242.9044, 32829.6691
104292, 8135, -5853, 13014, 77, 92, 8, 8697 ,9488 ,9929 ,27 ,-19 ,6, 15026.9210, 32822.0993
104300, 8135, -5853, 13014, 77, 92, 8, 8697 ,9488 ,9929 ,27 ,-19 ,6, 15342.6856, 32821.9235
104310, 8135, -5853, 13014, 77, 92, 8, 8697 ,9488 ,9929 ,27 ,-19 ,6, 15417.2063, 32821.5569
104317, 8135, -5853, 13014, 77, 92, 8, 8697 ,9488 ,9929 ,27 ,-19 ,6, 15210.3245, 32831.2367
104326, 8135, -5853, 13014, 77, 92, 8, 8697 ,9488 ,9929 ,27 ,-19 ,6, 15385.1360, 32833.8891
104334, 8135, -5853, 13014, 77, 92, 8, 8697 ,9488 ,9929 ,27 ,-19 ,6, 15432.0329, 32813.7845
104341, 8135, -5853, 13014, 77, 92, 8, 8697 ,9488 ,9929 ,27 ,-19 ,6, 15381.4405, 32832.6851
104350, 8135, -5853, 13014, 77, 92, 8, 8697 ,9488 ,9929 ,27 ,-19 ,6, 15363.7946, 32801.7801
104358, 8135, -5853, 13014, 77, 92, 8, 8697 ,9488 ,9929 ,27 ,-19 ,6, 15386.1165, 32828.5724
104366, 8135, -5853, 13014, 77, 92, 8, 8697 ,9488 ,9929 ,27 ,-19 ,6, 15227.5980, 32819.0863
104374, 8135, -5853, 13014, 77, 92, 8, 8697 ,9488 ,9929 ,27 ,-19 ,6, 15313.8697, 32810.2708
104382, 8135, -5853, 13014, 77, 92, 8, 8697 ,9488 ,9929 ,27 ,-19 ,6, 15451.3687, 32813.3255
104391, 8135, -5853, 13014, 77, 92, 8, 8697 ,9488 ,9929 ,27 ,-19 ,6, 15456.5930, 32801.5894
