2510, -562, -349, 16789, 8, -11, -6, 1801 ,-945 ,16220 ,2 ,15 ,5, 15312.1680, 32799.3661
2513, -562, -349, 16789, 8, -11, -6, 1801 ,-945 ,16220 ,2 ,66 ,8, 15143.6001, 32837.8409
2517, -558, -354, 16774, 10, -12, -5, 1680 ,-1000 ,16436 ,-15 ,66 ,8, 15213.0812, 32820.9341
2525, -568, -346, 16760, 10, -12, -5, 1524 ,-1075 ,16675 ,-21 ,86 ,9, 15385.4847, 32804.7395
2533, -568, -346, 16760, 7, -11, -5, 1380 ,-1141 ,16891 ,-17 ,72 ,8, 15222.4183, 32798.6389
2541, -562, -352, 16762, 7, -11, -6, 1313 ,-1167 ,17000 ,-2 ,26 ,5, 15238.4341, 32803.5831
2549, -566, -346, 16735, 7, -11, -5, 1369 ,-1127 ,17000 ,-2 ,-26 ,2, 15243.0803, 32813.9096
2557, -573, -360, 16762, 7, -11, -5, 1369 ,-1082 ,16732 ,28 ,-60 ,2, 15181.1808, 32813.7487
2565, -568, -362, 16795, 8, -12, -5, 1463 ,-1082 ,16732 ,28 ,-60 ,-1, 15345.9460, 32816.7111
2573, -573, -369, 16778, 8, -11, -4, 1546 ,-1015 ,16637 ,31 ,-71 ,-2, 15099.3884, 32803.6606
2581, -580, -359, 16781, 7, -11, -5, 1606 ,-1016 ,16547 ,29 ,-65 ,-1, 15196.7585, 32801.1692
2589, -576, -355, 16772, 7, -10, -5, 1640 ,-1006 ,16535 ,24 ,-52 ,-1, 15234.4346, 32819.8045
2597, -589, -335, 16767, 7, -10, -5, 1640 ,-1013 ,16544 ,19 ,-37 ,0, 15384.7367, 32823.9918
2605, -589, -335, 16767, 8, -11, -5, 1626 ,-1032 ,16593 ,16 ,-27 ,1, 15149.1761, 32813.0603
2613, -578, -333, 16753, 8, -11, -5, 1593 ,-1046 ,16634 ,17 ,-25 ,2, 15134.1468, 32798.7254
2621, -567, -333, 16753, 8, -10, -6, 1645 ,-1042 ,16587 ,15 ,-24 ,2, 15373.0869, 32838.9138
2629, -582, -329, 16766, 7, -10, -4, 1680 ,-1016 ,16551 ,11 ,-15 ,2, 15235.3466, 32805.8630
2638, -581, -338, 16814, 8, -11, -5, 1680 ,-1016 ,16551 ,11 ,-1 ,2, 15282.5326, 32812.5298
2646, -585, -314, 16790, 8, -10, -5, 1669 ,-1022 ,16574 ,7 ,-1 ,3, 15131.9474, 32814.7620
2654, -588, -321, 16785, 8, -10, -5, 1640 ,-1030 ,16589 ,3 ,11 ,4, 15182.4951, 32823.8934
2662, -598, -324, 16768, 8, -11, -5, 1637 ,-1041 ,16567 ,0 ,19 ,5, 15296.4443, 32828.4532
2670, -598, -324, 16755, 8, -12, -5, 1635 ,-1044 ,16587 ,-2 ,25 ,5, 15214.8187, 32843.1755
2678, -589, -324, 16755, 8, -12, -5, 1583 ,-1076 ,16660 ,-2 ,26 ,5, 15221.0712, 32817.6290
2686, -589, -332, 16750, 8, -11, -5, 1520 ,-1099 ,16763 ,1 ,15 ,5, 15152.7852, 32804.1077
2694, -561, -338, 16779, 6, -12, -5, 1494 ,-1112 ,16784 ,8 ,-5 ,4, 15258.8993, 32790.8754
2702, -565, -320, 16761, 8, -11, -5, 1494 ,-1089 ,16716 ,14 ,-23 ,4, 15368.8222, 32814.3626
2710, -560, -324, 16762, 8, -11, -6, 1542 ,-1089 ,16716 ,14 ,-23 ,2, 15299.3321, 32820.8983
2718, -563, -326, 16773, 7, -10, -5, 1612 ,-1049 ,16599 ,15 ,-31 ,2, 15258.3599, 32798.6628
2726, -584, -342, 16781, 8, -12, -6, 1641 ,-1034 ,16569 ,14 ,-24 ,2, 15277.9311, 32814.7769
2734, -584, -337, 16767, 7, -12, -5, 1652 ,-1027 ,16534 ,9 ,-12 ,2, 15149.9808, 32809.7016
2742, -574, -338, 16775, 7, -11, -5, 1665 ,-1016 ,16483 ,4 ,6 ,4, 15112.1616, 32815.9422
2749, -574, -338, 16775, 7, -11, -5, 1622 ,-1028 ,16566 ,-2 ,25 ,4, 15345.8923, 32807.7883
2757, -561, -357, 16757, 8, -11, -5, 1579 ,-1036 ,16578 ,-5 ,32 ,5, 15189.3586, 32813.9424
2765, -577, -365, 16761, 8, -11, -5, 1323 ,-1133 ,17031 ,2 ,32 ,5, 15131.5123, 32807.8002
2773, -572, -363, 16780, 8, -11, -4, 1323 ,-1133 ,17031 ,2 ,16 ,5, 15118.6049, 32818.9880
2781, -553, -365, 16780, 9, -11, -3, 1707 ,-959 ,16398 ,9 ,-18 ,1, 15179.0977, 32793.2417
2789, -572, -362, 16772, 7, -12, -4, 1730 ,-963 ,16349 ,-3 ,28 ,5, 15065.4405, 32804.3312
2797, -576, -358, 16760, 7, -11, -5, 1293 ,-1162 ,17022 ,-4 ,39 ,7, 15115.3654, 32820.3976
2805, -572, -375, 16755, 8, -10, -5, 1215 ,-1201 ,17198 ,20 ,-31 ,2, 15243.6644, 32829.7168
2813, -572, -379, 16755, 8, -10, -5, 1368 ,-1109 ,16974 ,45 ,-104 ,-3, 15243.2948, 32824.7249
2821, -590, -379, 16767, 8, -11, -5, 1711 ,-974 ,16419 ,51 ,-128 ,-5, 15266.3141, 32804.3938
2830, -572, -368, 16768, 8, -11, -5, 2160 ,-760 ,15730 ,27 ,-66 ,-3, 15315.6936, 32794.0166
2838, -566, -351, 16765, 8, -11, -5, 2289 ,-720 ,15481 ,-25 ,86 ,9, 15164.0534, 32807.4068
2846, -554, -362, 16765, 7, -10, -5, 2289 ,-976 ,16043 ,-76 ,234 ,9, 15258.8189, 32788.9562
2854, -552, -341, 16779, 6, -11, -5, 1900 ,-895 ,16043 ,-76 ,234 ,19, 15241.0209, 32825.9975
2862, -565, -337, 16760, 7, -10, -5, 1481 ,-1083 ,16638 ,-100 ,295 ,21, 15277.4662, 32790.2555
2870, -559, -320, 16774, 9, -11, -6, 1302 ,-1150 ,16907 ,-99 ,281 ,20, 14961.2784, 32821.2380
2879, -578, -335, 16772, 8, -11, -5, 1219 ,-1220 ,16954 ,-87 ,240 ,18, 15194.6336, 32822.1053
2887, -571, -334, 16757, 8, -10, -5, 1096 ,-1284 ,17127 ,-65 ,186 ,16, 15270.0573, 32823.9113
2895, -582, -340, 16757, 8, -10, -5, 931 ,-1357 ,17372 ,-30 ,102 ,12, 15344.7539, 32803.4431
2903, -582, -340, 16786, 8, -10, -5, 995 ,-1314 ,17275 ,10 ,-8 ,4, 15162.4620, 32810.8102
2911, -579, -331, 16778, 8, -11, -5, 1136 ,-1258 ,17054 ,41 ,-91 ,-1, 15293.2227, 32804.8468
2919, -579, -336, 16765, 7, -12, -5, 1278 ,-1198 ,16869 ,64 ,-146 ,-5, 15204.7187, 32809.6837
2928, -584, -315, 16786, 8, -10, -6, 1605 ,-1069 ,16378 ,64 ,-155 ,-6, 15165.6151, 32808.8790
2936, -588, -309, 16766, 7, -11, -6, 1605 ,-1069 ,16378 ,64 ,-155 ,-6, 15209.1652, 32811.7281
2944, -577, -318, 16767, 6, -10, -5, 1652 ,-1019 ,16313 ,49 ,-110 ,-2, 15251.9047, 32810.5241
2952, -570, -320, 16756, 8, -11, -5, 1611 ,-1029 ,16392 ,31 ,-65 ,0, 15383.9469, 32821.5778
2960, -571, -318, 16780, 7, -12, -4, 1556 ,-1082 ,16513 ,21 ,-37 ,2, 15153.9266, 32823.0441
2968, -571, -321, 16788, 8, -11, -4, 1580 ,-1048 ,16440 ,12 ,-13 ,4, 15115.8303, 32817.8346
2976, -567, -329, 16806, 8, -11, -4, 1524 ,-1086 ,16568 ,2 ,14 ,5, 14975.2200, 32816.1418
2984, -567, -329, 16806, 8, -11, -4, 1396 ,-1125 ,16742 ,-2 ,21 ,6, 15037.6737, 32827.1151
2992, -561, -332, 16792, 7, -11, -5, 1411 ,-1132 ,16730 ,3 ,11 ,5, 15053.1471, 32817.2505
3000, -563, -336, 16755, 7, -11, -5, 1485 ,-1087 ,16566 ,5 ,6 ,4, 15177.3036, 32801.5327
3008, -574, -313, 16792, 7, -11, -5, 1485 ,-1087 ,16692 ,3 ,11 ,4, 15225.6757, 32820.8238
3016, -563, -331, 16805, 7, -11, -5, 1423 ,-1108 ,16692 ,3 ,11 ,5, 15291.5210, 32819.9863
3024, -562, -333, 16827, 7, -12, -5, 1389 ,-1126 ,16757 ,3 ,7 ,5, 15288.8954, 32798.2157
3032, -570, -349, 16799, 6, -12, -4, 1341 ,-1150 ,16821 ,8 ,-5 ,4, 15145.8502, 32810.1069
3040, -589, -367, 16871, 6, -12, -5, 1384 ,-1131 ,16734 ,14 ,-24 ,2, 15056.8515, 32819.3605
3047, -589, -367, 16871, 7, -12, -5, 1447 ,-1053 ,16656 ,17 ,-32 ,2, 15430.5488, 32838.8691
3055, -592, -385, 16709, 7, -13, -5, 1470 ,-1048 ,16526 ,17 ,-29 ,2, 15313.1515, 32823.6282
3064, -596, -378, 16650, 8, -11, -6, 1490 ,-1048 ,16439 ,12 ,-20 ,3, 15269.9351, 32785.3650
3071, -594, -365, 16677, 7, -11, -5, 1540 ,-1033 ,16482 ,7 ,-20 ,3, 15386.3341, 32824.7160
3079, -582, -363, 16784, 8, -11, -5, 1540 ,-1033 ,16482 ,7 ,-3 ,3, 15247.7622, 32813.5431
3087, -555, -355, 16824, 6, -10, -6, 1454 ,-1075 ,16630 ,1 ,14 ,4, 15193.0720, 32818.6929
3095, -557, -354, 16785, 7, -11, -6, 1434 ,-1108 ,16680 ,-1 ,20 ,5, 15246.5880, 32815.6918
3103, -542, -352, 16709, 7, -11, -5, 1363 ,-1135 ,16700 ,1 ,16 ,5, 15202.4925, 32829.3055
3112, -542, -356, 16725, 8, -11, -5, 1364 ,-1127 ,16655 ,4 ,3 ,5, 15172.0971, 32822.3318
3120, -553, -356, 16725, 8, -11, -4, 1404 ,-1108 ,16615 ,8 ,-3 ,4, 15162.2653, 32817.8078
3128, -550, -367, 16794, 8, -10, -4, 1406 ,-1108 ,16686 ,7 ,-3 ,4, 15341.1537, 32827.3803
3136, -546, -369, 16800, 8, -11, -5, 1406 ,-1108 ,16657 ,9 ,-3 ,4, 15070.4771, 32828.6439
3142, -567, -345, 16780, 6, -10, -5, 1443 ,-1096 ,16657 ,9 ,-5 ,3, 15097.4154, 32810.8966
3150, -571, -343, 16743, 7, -11, -5, 1443 ,-1095 ,16616 ,8 ,-5 ,3, 15123.1617, 32834.2587
3159, -592, -336, 16746, 9, -11, -5, 1450 ,-1077 ,16594 ,7 ,-1 ,4, 15398.7408, 32807.6512
3167, -581, -334, 16767, 8, -12, -6, 1463 ,-1086 ,16596 ,5 ,3 ,4, 15160.5308, 32831.6182
3175, -574, -324, 16767, 8, -11, -4, 1470 ,-1094 ,16627 ,3 ,7 ,4, 15396.7440, 32818.9582
3183, -574, -324, 16806, 9, -11, -4, 1432 ,-1110 ,16659 ,2 ,11 ,4, 15339.2583, 32835.6653
3191, -580, -332, 16804, 8, -12, -4, 1422 ,-1128 ,16675 ,1 ,10 ,4, 15346.4347, 32817.2356
3199, -580, -328, 16778, 7, -11, -4, 1407 ,-1126 ,16672 ,1 ,10 ,4, 15190.3838, 32812.6281
3205, -593, -340, 16744, 7, -11, -4, 1407 ,-1126 ,16672 ,2 ,5 ,4, 15222.7283, 32828.3399
3214, -592, -331, 16759, 9, -11, -5, 1404 ,-1122 ,16672 ,6 ,-1 ,3, 15294.7515, 32800.0247
3222, -590, -313, 16767, 9, -11, -5, 1464 ,-1106 ,16627 ,8 ,-5 ,4, 15133.6789, 32806.4620
3230, -578, -308, 16780, 7, -11, -4, 1475 ,-1116 ,16627 ,7 ,-2 ,3, 15198.6510, 32812.4613
3238, -578, -308, 16790, 8, -11, -4, 1446 ,-1130 ,16669 ,5 ,0 ,4, 15062.2994, 32806.8376
3246, -575, -310, 16790, 8, -12, -5, 1423 ,-1134 ,16682 ,6 ,-1 ,4, 15266.9460, 32836.4313
3254, -579, -310, 16764, 8, -11, -5, 1418 ,-1122 ,16662 ,8 ,-5 ,4, 15160.7543, 32809.0876
3262, -559, -326, 16745, 7, -10, -4, 1418 ,-1122 ,16657 ,8 ,-5 ,4, 15251.7706, 32805.1656
3269, -557, -330, 16748, 8, -11, -4, 1403 ,-1140 ,16657 ,8 ,-7 ,3, 15327.0572, 32821.7596
3277, -564, -322, 16770, 7, -11, -5, 1391 ,-1146 ,16691 ,10 ,-13 ,2, 15267.9592, 32792.5593
3285, -576, -330, 16792, 7, -11, -5, 1388 ,-1140 ,16701 ,14 ,-20 ,2, 15280.7832, 32808.0893
3293, -588, -339, 16770, 8, -11, -5, 1403 ,-1120 ,16689 ,16 ,-27 ,2, 15245.1694, 32818.4575
3301, -582, -343, 16763, 8, -11, -5, 1433 ,-1098 ,16627 ,19 ,-32 ,2, 15309.2533, 32819.8612
3309, -582, -343, 16763, 8, -11, -5, 1432 ,-1094 ,16653 ,18 ,-32 ,2, 15094.6707, 32847.4253
3317, -582, -352, 16766, 8, -11, -5, 1425 ,-1086 ,16690 ,18 ,-33 ,2, 15307.0658, 32828.5486
3325, -581, -373, 16795, 8, -11, -5, 1441 ,-1081 ,16679 ,21 ,-36 ,1, 15342.5574, 32824.7815
3333, -568, -360, 16800, 7, -11, -5, 1441 ,-1081 ,16423 ,20 ,-36 ,1, 15467.2086, 32811.0665
3341, -552, -357, 16768, 7, -11, -5, 1460 ,-1066 ,16600 ,20 ,-36 ,1, 15426.4480, 32824.6146
3349, -564, -359, 16733, 7, -11, -4, 1449 ,-1072 ,16580 ,17 ,-28 ,2, 15148.7052, 32823.5418
3357, -559, -367, 16754, 8, -11, -5, 1439 ,-1067 ,16584 ,16 ,-24 ,2, 15348.0738, 32816.3713
3365, -569, -370, 16779, 8, -11, -5, 1450 ,-1078 ,16616 ,14 ,-19 ,3, 15203.4730, 32817.4084
3373, -563, -357, 16798, 7, -11, -5, 1439 ,-1079 ,16630 ,13 ,-15 ,2, 15082.1537, 32778.4598
3381, -563, -357, 16786, 7, -11, -5, 1450 ,-1066 ,16644 ,11 ,-12 ,3, 15255.1621, 32828.3012
3389, -547, -358, 16786, 7, -11, -5, 1438 ,-1086 ,16635 ,10 ,-8 ,4, 15338.5013, 32815.2269
3397, -566, -359, 16747, 7, -11, -5, 1448 ,-1079 ,16636 ,10 ,-9 ,4, 14963.1500, 32801.4463
3406, -568, -367, 16748, 6, -12, -6, 1462 ,-1081 ,16633 ,9 ,-10 ,3, 15205.0734, 32824.9127
3414, -581, -364, 16767, 7, -11, -5, 1462 ,-1081 ,16633 ,9 ,-10 ,3, 15334.9787, 32817.8406
3422, -582, -348, 16793, 8, -9, -5, 1464 ,-1079 ,16632 ,9 ,-7 ,3, 15315.6191, 32824.4120
3430, -577, -332, 16777, 7, -11, -4, 1462 ,-1098 ,16668 ,8 ,-6 ,4, 15192.8902, 32792.5056
3438, -572, -332, 16768, 8, -11, -4, 1445 ,-1112 ,16691 ,11 ,-9 ,4, 15251.7319, 32825.6071
3446, -572, -317, 16761, 7, -11, -4, 1434 ,-1130 ,16698 ,13 ,-19 ,2, 15160.0629, 32838.8035
3454, -572, -317, 16761, 7, -11, -5, 1515 ,-1090 ,16576 ,14 ,-27 ,2, 15142.0504, 32827.6634
3462, -575, -329, 16780, 8, -11, -5, 1530 ,-1078 ,16548 ,12 ,-15 ,2, 15106.8270, 32823.4553
3470, -591, -311, 16789, 7, -10, -5, 1491 ,-1100 ,16648 ,8 ,-5 ,4, 15099.2215, 32816.3266
3478, -580, -317, 16784, 8, -10, -6, 1491 ,-1100 ,16648 ,10 ,-11 ,4, 15243.1071, 32794.3981
3486, -580, -305, 16768, 8, -11, -4, 1399 ,-1140 ,16799 ,10 ,-11 ,3, 15220.6779, 32819.1370
3494, -598, -318, 16761, 7, -10, -5, 1412 ,-1135 ,16773 ,19 ,-36 ,1, 15297.2221, 32813.8262
3502, -594, -327, 16775, 8, -11, -5, 1546 ,-1074 ,16614 ,24 ,-50 ,-1, 15230.0596, 32804.8736
3510, -572, -334, 16778, 7, -12, -5, 1584 ,-1047 ,16536 ,21 ,-43 ,0, 15189.6775, 32806.8644
3518, -588, -329, 16780, 7, -11, -5, 1620 ,-1040 ,16498 ,15 ,-26 ,2, 15326.6907, 32826.2568
3526, -588, -329, 16780, 8, -12, -5, 1562 ,-1058 ,16551 ,8 ,-5 ,3, 15270.4954, 32790.2049
3534, -566, -343, 16776, 8, -12, -5, 1515 ,-1093 ,16612 ,4 ,5 ,5, 15251.8392, 32802.0871
3542, -566, -332, 16773, 7, -11, -5, 1490 ,-1099 ,16652 ,4 ,5 ,5, 15245.6790, 32823.8696
3549, -562, -335, 16769, 9, -11, -5, 1490 ,-1099 ,16652 ,4 ,5 ,4, 15141.2725, 32816.1359
3557, -570, -335, 16760, 8, -11, -5, 1475 ,-1086 ,16646 ,4 ,2 ,3, 15305.6204, 32788.5240
3565, -576, -349, 16772, 8, -11, -5, 1486 ,-1067 ,16634 ,6 ,0 ,2, 15137.5204, 32802.4626
3573, -571, -340, 16779, 7, -10, -5, 1506 ,-1069 ,16616 ,5 ,0 ,4, 15173.7809, 32806.3995
3581, -574, -345, 16762, 8, -10, -5, 1508 ,-1064 ,16563 ,4 ,5 ,4, 15217.2416, 32793.0003
3588, -574, -345, 16762, 8, -10, -5, 1476 ,-1070 ,16626 ,2 ,13 ,5, 15275.6751, 32821.0980
3596, -572, -350, 16782, 8, -11, -5, 1419 ,-1086 ,16687 ,2 ,13 ,4, 15275.0015, 32802.8232
3604, -567, -357, 16759, 7, -11, -5, 1419 ,-1086 ,16687 ,6 ,13 ,4, 15281.6415, 32846.3465
3612, -554, -374, 16768, 8, -10, -5, 1433 ,-1089 ,16704 ,6 ,3 ,4, 15251.8272, 32806.3697
3620, -567, -363, 16778, 8, -10, -5, 1433 ,-1098 ,16677 ,8 ,-6 ,4, 15057.8260, 32811.0218
3628, -578, -373, 16778, 7, -11, -5, 1464 ,-1070 ,16641 ,10 ,-10 ,3, 15247.5476, 32824.7428
3636, -579, -368, 16753, 7, -10, -5, 1483 ,-1043 ,16608 ,10 ,-8 ,3, 15182.5517, 32835.4090
3645, -571, -368, 16767, 7, -11, -5, 1503 ,-1059 ,16602 ,7 ,-3 ,5, 15169.4655, 32804.8408
3653, -571, -368, 16767, 7, -11, -5, 1464 ,-1064 ,16645 ,5 ,0 ,4, 15212.7385, 32820.1473
3661, -576, -361, 16756, 7, -10, -5, 1434 ,-1089 ,16692 ,8 ,-4 ,4, 15294.7754, 32814.0914
3667, -574, -352, 16787, 8, -12, -5, 1439 ,-1084 ,16667 ,10 ,-4 ,4, 15286.3026, 32819.8940
3675, -582, -341, 16769, 9, -11, -5, 1439 ,-1084 ,16667 ,10 ,-9 ,4, 15253.4753, 32812.6669
3683, -553, -354, 16763, 8, -10, -4, 1485 ,-1086 ,16610 ,10 ,-11 ,3, 15342.8227, 32819.9327
3692, -565, -338, 16757, 7, -11, -5, 1480 ,-1074 ,16617 ,10 ,-10 ,3, 15278.5987, 32841.6049
3700, -568, -322, 16760, 7, -12, -5, 1477 ,-1095 ,16618 ,10 ,-8 ,3, 15310.8180, 32835.6981
3708, -587, -326, 16761, 7, -11, -5, 1488 ,-1101 ,16641 ,9 ,-7 ,4, 15230.2682, 32844.3617
3716, -587, -321, 16769, 8, -11, -5, 1499 ,-1101 ,16650 ,9 ,-8 ,3, 15317.2284, 32822.2364
3724, -567, -321, 16769, 8, -11, -6, 1499 ,-1096 ,16623 ,9 ,-7 ,3, 15308.0732, 32808.0982
3732, -576, -309, 16773, 8, -11, -5, 1510 ,-1098 ,16617 ,8 ,-7 ,4, 15108.0191, 32799.5807
3740, -589, -319, 16778, 7, -11, -5, 1510 ,-1098 ,16617 ,8 ,-7 ,4, 15273.7468, 32814.1689
3748, -603, -314, 16784, 9, -11, -5, 1490 ,-1095 ,16642 ,9 ,-6 ,4, 15139.0404, 32806.5991
3756, -591, -325, 16786, 8, -11, -6, 1497 ,-1089 ,16639 ,7 ,-5 ,4, 15336.5970, 32818.9045
3763, -595, -318, 16762, 7, -12, -5, 1498 ,-1089 ,16631 ,8 ,-5 ,4, 15364.8049, 32810.4734
3771, -596, -319, 16775, 7, -11, -4, 1522 ,-1095 ,16621 ,7 ,-3 ,4, 15321.9253, 32822.4212
3779, -593, -322, 16775, 7, -11, -4, 1520 ,-1090 ,16587 ,8 ,-1 ,4, 15283.1942, 32808.9088
3787, -593, -322, 16770, 8, -11, -4, 1517 ,-1071 ,16574 ,3 ,5 ,4, 15172.5352, 32808.8492
3795, -573, -344, 16757, 7, -11, -4, 1500 ,-1084 ,16578 ,1 ,15 ,4, 15188.5867, 32804.9093
3803, -560, -341, 16772, 8, -11, -5, 1500 ,-1084 ,16578 ,-255 ,22 ,6, 15183.5382, 32824.6534
3811, -566, -338, 16762, 7, -11, -5, 1475 ,-1090 ,16645 ,-1 ,22 ,6, 15164.7151, 32813.6176
3819, -560, -349, 16765, 7, -11, -5, 1451 ,-1107 ,16635 ,-3 ,22 ,5, 15318.6083, 32836.1392
3827, -556, -345, 16759, 7, -12, -5, 1401 ,-1111 ,16715 ,1 ,16 ,5, 15261.0123, 32844.1679
3835, -557, -351, 16764, 8, -11, -5, 1437 ,-1099 ,16669 ,3 ,7 ,4, 15284.7469, 32820.2367
3842, -557, -351, 16749, 9, -10, -6, 1476 ,-1059 ,16580 ,2 ,9 ,5, 15119.4215, 32835.9336
3850, -562, -344, 16749, 9, -10, -6, 1481 ,-1074 ,16572 ,-1 ,19 ,5, 15183.5799, 32842.0162
3858, -581, -362, 16774, 9, -10, -5, 1417 ,-1103 ,16572 ,-1 ,24 ,6, 15347.8891, 32803.2225
3866, -566, -363, 16780, 8, -11, -5, 1417 ,-1124 ,16745 ,1 ,17 ,5, 15253.9670, 32790.4195
3874, -561, -360, 16786, 7, -10, -5, 1350 ,-1124 ,16745 ,1 ,17 ,5, 15297.3354, 32823.0977
3882, -568, -354, 16781, 7, -11, -5, 1411 ,-1089 ,16674 ,5 ,3 ,4, 15201.8398, 32799.5062
3890, -574, -351, 16774, 8, -12, -6, 1450 ,-1087 ,16602 ,4 ,6 ,4, 15290.2752, 32799.6343
3898, -567, -355, 16774, 9, -11, -5, 1436 ,-1070 ,16596 ,1 ,14 ,4, 15370.3958, 32789.6357
3906, -591, -362, 16768, 9, -11, -5, 1366 ,-1109 ,16727 ,1 ,16 ,5, 15085.8253, 32788.5538
3913, -591, -362, 16768, 7, -11, -5, 1340 ,-1133 ,16780 ,6 ,1 ,4, 15217.2267, 32825.6488
3921, -566, -360, 16776, 8, -10, -5, 1427 ,-1096 ,16645 ,10 ,-13 ,2, 15338.7636, 32806.8167
3929, -566, -348, 16758, 8, -11, -5, 1427 ,-1096 ,16645 ,10 ,-9 ,2, 15348.6967, 32788.9651
3937, -570, -363, 16744, 8, -11, -5, 1446 ,-1115 ,16587 ,9 ,-9 ,4, 15224.3704, 32807.4783
3945, -558, -342, 16762, 8, -10, -5, 1393 ,-1115 ,16669 ,6 ,-3 ,4, 15099.5046, 32807.2488
3953, -555, -347, 16770, 8, -11, -5, 1412 ,-1100 ,16655 ,7 ,-6 ,3, 14972.3023, 32806.8316
3961, -554, -335, 16779, 7, -11, -5, 1431 ,-1113 ,16630 ,9 ,-6 ,3, 15133.0501, 32820.7731
3969, -582, -327, 16779, 7, -11, -5, 1416 ,-1112 ,16644 ,9 ,-6 ,3, 15364.4979, 32805.1031
3976, -582, -327, 16789, 7, -11, -5, 1437 ,-1114 ,16647 ,11 ,-7 ,3, 15274.2982, 32799.4287
3984, -575, -328, 16771, 6, -11, -4, 1426 ,-1114 ,16644 ,10 ,-8 ,3, 15286.0522, 32821.1159
3992, -590, -309, 16776, 7, -12, -5, 1426 ,-1104 ,16630 ,8 ,-8 ,3, 15249.2166, 32812.2646
4000, -579, -333, 16774, 7, -12, -4, 1443 ,-1104 ,16630 ,8 ,-9 ,3, 15238.0437, 32833.6000
4008, -593, -323, 16793, 7, -11, -5, 1444 ,-1108 ,16658 ,10 ,-10 ,3, 15385.8542, 32820.1741
4016, -585, -324, 16781, 7, -11, -4, 1440 ,-1109 ,16658 ,10 ,-10 ,3, 15269.9828, 32807.6631
4025, -582, -332, 16770, 7, -10, -4, 1442 ,-1123 ,16634 ,10 ,-11 ,3, 15288.5169, 32810.4705
4033, -586, -332, 16759, 7, -11, -4, 1450 ,-1118 ,16643 ,11 ,-13 ,3, 15383.2883, 32822.6268
4041, -571, -323, 16791, 7, -11, -4, 1450 ,-1102 ,16637 ,11 ,-12 ,3, 15239.2983, 32813.0066
4049, -571, -323, 16791, 7, -12, -5, 1442 ,-1119 ,16652 ,9 ,-10 ,4, 15350.3329, 32807.1684
4057, -578, -314, 16763, 8, -11, -5, 1449 ,-1122 ,16638 ,11 ,-10 ,3, 15203.1481, 32815.6561
4065, -590, -329, 16775, 7, -10, -5, 1443 ,-1118 ,16634 ,10 ,-12 ,3, 15159.4341, 32798.7403
4073, -574, -336, 16773, 7, -11, -4, 1443 ,-1118 ,16634 ,10 ,-12 ,3, 15244.2813, 32798.3081
4081, -588, -353, 16768, 7, -12, -5, 1431 ,-1112 ,16653 ,10 ,-11 ,2, 15325.8324, 32830.8165
4089, -587, -356, 16758, 8, -10, -5, 1425 ,-1114 ,16678 ,12 ,-14 ,2, 15149.1582, 32814.8007
4097, -566, -330, 16770, 8, -11, -5, 1486 ,-1090 ,16541 ,10 ,-14 ,3, 15351.4206, 32831.2784
4105, -567, -347, 16787, 7, -11, -5, 1453 ,-1091 ,16598 ,8 ,-2 ,5, 15281.8888, 32817.3757
4113, -561, -350, 16787, 7, -12, -5, 1359 ,-1145 ,16796 ,8 ,-3 ,4, 15185.6542, 32826.8349
4121, -561, -350, 16767, 7, -12, -5, 1316 ,-1152 ,16821 ,17 ,-29 ,1, 15342.2236, 32805.6186
4129, -562, -350, 16762, 8, -11, -5, 1460 ,-1083 ,16598 ,23 ,-48 ,0, 15269.4702, 32785.2309
4137, -546, -350, 16780, 7, -11, -5, 1460 ,-1025 ,16461 ,18 ,-48 ,0, 15180.5520, 32816.3207
4145, -560, -354, 16764, 7, -10, -4, 1541 ,-1025 ,16461 ,18 ,-34 ,1, 15191.8650, 32790.9052
4153, -554, -344, 16773, 9, -11, -5, 1548 ,-1057 ,16479 ,8 ,-8 ,2, 15026.8853, 32799.4734
4161, -567, -338, 16782, 8, -11, -4, 1471 ,-1078 ,16646 ,3 ,8 ,4, 15211.4570, 32802.1914
4170, -591, -351, 16763, 7, -11, -5, 1421 ,-1095 ,16682 ,2 ,10 ,4, 15236.0350, 32839.2059
4178, -580, -353, 16767, 6, -11, -5, 1405 ,-1088 ,16683 ,4 ,5 ,5, 15329.6143, 32812.2407
4186, -580, -351, 16769, 6, -11, -5, 1421 ,-1095 ,16669 ,7 ,-1 ,4, 15402.2932, 32830.3784
4192, -578, -351, 16769, 8, -10, -4, 1438 ,-1076 ,16646 ,8 ,-6 ,3, 15097.8118, 32791.5788
4200, -578, -364, 16771, 7, -10, -5, 1456 ,-1078 ,16633 ,8 ,-4 ,3, 15205.1181, 32813.4090
4208, -561, -358, 16782, 7, -10, -5, 1456 ,-1078 ,16633 ,6 ,-4 ,3, 15283.2896, 32807.4634
4217, -557, -338, 16786, 8, -12, -5, 1429 ,-1096 ,16671 ,7 ,-1 ,4, 15146.2078, 32799.0443
4225, -593, -350, 16752, 8, -11, -4, 1440 ,-1104 ,16671 ,7 ,-4 ,4, 15365.4128, 32820.6986
4233, -558, -339, 16771, 8, -11, -5, 1446 ,-1103 ,16608 ,7 ,-4 ,4, 15197.6496, 32806.9687
4241, -573, -341, 16765, 8, -11, -5, 1432 ,-1098 ,16626 ,6 ,-3 ,4, 15229.1834, 32813.0841
4249, -573, -341, 16765, 8, -11, -5, 1411 ,-1110 ,16688 ,7 ,-2 ,4, 15303.3078, 32812.3450
4255, -566, -333, 16781, 7, -11, -5, 1414 ,-1111 ,16665 ,9 ,-4 ,3, 15057.1108, 32837.2657
4263, -571, -338, 16789, 8, -11, -5, 1428 ,-1105 ,16667 ,9 ,-4 ,3, 15251.1775, 32811.7013
4272, -575, -331, 16766, 9, -10, -5, 1428 ,-1105 ,16667 ,10 ,-7 ,4, 15282.4581, 32817.3935
4280, -562, -318, 16757, 8, -11, -5, 1444 ,-1102 ,16617 ,10 ,-8 ,4, 15201.6163, 32812.8189
4288, -569, -332, 16764, 7, -11, -5, 1452 ,-1098 ,16628 ,9 ,-8 ,3, 15295.9377, 32823.6133
4296, -584, -324, 16792, 8, -11, -5, 1454 ,-1112 ,16628 ,9 ,-7 ,4, 15259.6325, 32808.3068
4304, -562, -325, 16776, 8, -11, -4, 1451 ,-1115 ,16650 ,10 ,-7 ,3, 15074.0832, 32806.3041
4312, -562, -325, 16775, 7, -11, -4, 1454 ,-1101 ,16656 ,10 ,-7 ,2, 15190.5149, 32803.4192
4320, -584, -318, 16775, 7, -11, -5, 1456 ,-1114 ,16640 ,10 ,-7 ,3, 15240.3295, 32813.7606
4328, -577, -324, 16770, 7, -10, -4, 1466 ,-1097 ,16640 ,10 ,-7 ,3, 15197.3188, 32810.8400
4336, -578, -314, 16776, 8, -11, -5, 1466 ,-1097 ,16658 ,9 ,-8 ,3, 15314.3883, 32825.0498
4344, -588, -330, 16781, 7, -10, -5, 1457 ,-1100 ,16658 ,9 ,-8 ,3, 15407.0526, 32820.0310
4351, -585, -340, 16770, 8, -11, -5, 1448 ,-1101 ,16656 ,9 ,-7 ,4, 15395.5281, 32830.0983
4359, -576, -348, 16777, 8, -10, -4, 1435 ,-1106 ,16660 ,10 ,-8 ,3, 15181.3626, 32813.8739
4367, -578, -335, 16780, 8, -11, -5, 1445 ,-1095 ,16647 ,9 ,-10 ,4, 15094.9687, 32834.7832
4375, -568, -343, 16771, 8, -11, -6, 1454 ,-1110 ,16624 ,9 ,-8 ,3, 15242.9819, 32820.9221
4383, -568, -343, 16771, 8, -12, -5, 1439 ,-1105 ,16656 ,9 ,-5 ,4, 15223.0799, 32800.3883
4391, -568, -350, 16760, 9, -12, -5, 1439 ,-1099 ,16644 ,9 ,-8 ,3, 15250.8467, 32823.3004
4399, -568, -354, 16750, 10, -12, -6, 1439 ,-1099 ,16644 ,9 ,-8 ,3, 15303.3376, 32825.4521
4407, -568, -344, 16783, 8, -11, -5, 1431 ,-1095 ,16636 ,9 ,-7 ,3, 15332.9253, 32785.3948
4415, -562, -352, 16769, 8, -11, -5, 1427 ,-1103 ,16643 ,10 ,-7 ,3, 15330.3057, 32810.2767
4423, -569, -340, 16755, 8, -11, -5, 1445 ,-1086 ,16640 ,9 ,-7 ,3, 15416.6490, 32813.4894
4431, -575, -347, 16769, 8, -11, -5, 1411 ,-1100 ,16670 ,9 ,-7 ,3, 15251.5829, 32818.5499
4438, -567, -362, 16757, 9, -11, -4, 1420 ,-1088 ,16643 ,10 ,-11 ,4, 15404.8562, 32807.0730
4446, -567, -362, 16757, 8, -11, -4, 1461 ,-1084 ,16592 ,10 ,-10 ,3, 15380.4660, 32806.9240
4454, -565, -351, 16764, 8, -11, -4, 1455 ,-1083 ,16586 ,8 ,-4 ,3, 15488.5679, 32825.4163
4462, -560, -356, 16766, 8, -11, -5, 1455 ,-1083 ,16671 ,8 ,-4 ,3, 15161.9196, 32812.6669
4470, -566, -350, 16772, 8, -10, -5, 1398 ,-1110 ,16671 ,8 ,-2 ,2, 15185.1475, 32832.4407
4478, -564, -360, 16754, 8, -12, -5, 1398 ,-1110 ,16681 ,9 ,-9 ,2, 15015.6677, 32814.0438
4486, -574, -356, 16776, 9, -12, -5, 1464 ,-1074 ,16613 ,9 ,-12 ,2, 15195.9091, 32796.3471
4494, -576, -350, 16769, 7, -12, -5, 1462 ,-1075 ,16616 ,8 ,-7 ,3, 15252.8763, 32799.5539
4502, -563, -365, 16773, 7, -11, -5, 1432 ,-1107 ,16648 ,10 ,-4 ,3, 15351.8826, 32827.6187
4511, -568, -345, 16763, 7, -11, -5, 1435 ,-1093 ,16631 ,9 ,-7 ,3, 15299.9580, 32797.4707
4519, -568, -345, 16763, 7, -11, -4, 1459 ,-1081 ,16632 ,8 ,-8 ,4, 15236.4463, 32831.5079
4527, -581, -348, 16774, 7, -11, -5, 1451 ,-1094 ,16644 ,8 ,-8 ,4, 15302.2259, 32810.8877
4533, -576, -326, 16780, 8, -10, -5, 1451 ,-1094 ,16644 ,8 ,-5 ,4, 15091.6815, 32811.7043
4541, -578, -332, 16781, 8, -10, -5, 1446 ,-1121 ,16672 ,7 ,-6 ,4, 15250.7603, 32826.3938
4549, -570, -318, 16772, 8, -12, -5, 1464 ,-1103 ,16633 ,9 ,-8 ,3, 15394.0350, 32813.6981
4557, -570, -316, 16739, 8, -11, -5, 1465 ,-1110 ,16619 ,7 ,-8 ,3, 15132.5941, 32816.7707
4566, -567, -322, 16756, 7, -11, -5, 1458 ,-1115 ,16637 ,9 ,-7 ,4, 15343.8061, 32812.8278
4574, -582, -322, 16756, 7, -11, -5, 1466 ,-1112 ,16619 ,8 ,-7 ,3, 15316.2152, 32807.5260
4582, -582, -334, 16765, 7, -11, -5, 1472 ,-1118 ,16640 ,8 ,-7 ,3, 15228.5069, 32800.7162
4590, -589, -322, 16787, 8, -11, -4, 1463 ,-1112 ,16645 ,9 ,-7 ,4, 15108.9281, 32820.2277
4596, -581, -321, 16759, 8, -10, -4, 1461 ,-1112 ,16645 ,9 ,-7 ,3, 15389.4424, 32822.4540
4605, -572, -319, 16761, 7, -10, -4, 1461 ,-1108 ,16632 ,10 ,-8 ,3, 15298.4142, 32803.0616
4613, -585, -339, 16785, 7, -11, -5, 1475 ,-1088 ,16621 ,8 ,-9 ,3, 15276.8165, 32814.0914
4621, -583, -336, 16783, 7, -10, -5, 1464 ,-1109 ,16630 ,9 ,-7 ,3, 15305.8589, 32804.2895
4629, -571, -338, 16773, 7, -11, -5, 1447 ,-1090 ,16631 ,10 ,-8 ,3, 15084.7822, 32804.5964
4637, -571, -341, 16767, 8, -11, -5, 1462 ,-1101 ,16620 ,9 ,-8 ,3, 15177.5539, 32808.0058
4645, -582, -341, 16767, 8, -11, -5, 1437 ,-1110 ,16618 ,9 ,-7 ,4, 15305.9334, 32812.9083
4653, -573, -349, 16764, 7, -10, -5, 1444 ,-1099 ,16634 ,9 ,-7 ,3, 15190.9977, 32810.2887
4661, -562, -337, 16754, 7, -11, -5, 1444 ,-1099 ,16634 ,8 ,-9 ,3, 15236.8456, 32816.6604
4669, -592, -356, 16763, 7, -10, -4, 1467 ,-1089 ,16634 ,8 ,-9 ,3, 15335.1843, 32820.7761
4676, -585, -363, 16786, 8, -10, -4, 1441 ,-1076 ,16649 ,9 ,-6 ,4, 15331.7451, 32827.5591
4684, -570, -338, 16779, 6, -10, -4, 1427 ,-1097 ,16656 ,8 ,-8 ,3, 15282.9498, 32810.3513
4692, -569, -367, 16698, 4, -10, -5, 1437 ,-1087 ,16643 ,10 ,-8 ,3, 15210.0146, 32816.7886
4700, -557, -370, 16792, 4, -10, -5, 1420 ,-1082 ,16656 ,10 ,-11 ,2, 15295.0138, 32811.3675
4708, -557, -370, 16792, 2, -10, -5, 1488 ,-1055 ,16544 ,8 ,-7 ,3, 15053.1262, 32845.9471
4716, -572, -361, 16820, 7, -10, -5, 1386 ,-1109 ,16704 ,7 ,0 ,4, 15216.3059, 32804.7097
4724, -563, -365, 16721, 7, -12, -5, 1386 ,-1109 ,16704 ,7 ,0 ,4, 15264.3293, 32817.6230
4732, -562, -348, 16759, 7, -9, -5, 1425 ,-1097 ,16666 ,8 ,-9 ,3, 15230.5424, 32813.6563
4739, -575, -362, 16756, 7, -11, -4, 1441 ,-1095 ,16630 ,9 ,-11 ,2, 15323.7015, 32820.9877
4747, -571, -364, 16755, 6, -10, -4, 1463 ,-1073 ,16625 ,10 ,-10 ,2, 15284.0436, 32809.3201
4755, -574, -340, 16804, 7, -10, -5, 1538 ,-1044 ,16488 ,6 ,-1 ,3, 15286.6483, 32817.7929
4763, -568, -345, 16768, 9, -11, -5, 1508 ,-1055 ,16555 ,-1 ,22 ,5, 15304.6966, 32831.7970
4771, -568, -345, 16744, 9, -11, -5, 1413 ,-1102 ,16679 ,-5 ,32 ,6, 15427.0530, 32785.2279
4779, -564, -348, 16744, 8, -10, -6, 1358 ,-1135 ,16738 ,-1 ,22 ,5, 15339.1212, 32806.5753
4787, -576, -351, 16759, 7, -10, -5, 1358 ,-1135 ,16738 ,6 ,2 ,5, 15177.2708, 32828.6022
4795, -572, -352, 16750, 8, -11, -5, 1338 ,-1149 ,16776 ,6 ,2 ,4, 15224.1021, 32821.7357
4803, -580, -343, 16794, 7, -11, -5, 1424 ,-1117 ,16645 ,13 ,-16 ,2, 15231.3769, 32798.0220
4811, -575, -332, 16793, 7, -12, -6, 1500 ,-1082 ,16560 ,11 ,-13 ,3, 15087.8400, 32823.2259
4819, -586, -343, 16782, 7, -12, -5, 1457 ,-1110 ,16622 ,7 ,-3 ,3, 14916.2382, 32832.8282
4827, -565, -336, 16762, 7, -11, -4, 1429 ,-1118 ,16652 ,7 ,-3 ,4, 15258.4940, 32816.9465
4835, -576, -313, 16752, 7, -11, -4, 1448 ,-1115 ,16629 ,8 ,-5 ,3, 15388.2176, 32804.9570
4842, -576, -313, 16752, 6, -12, -5, 1467 ,-1102 ,16598 ,6 ,-2 ,4, 15339.7083, 32805.6991
4850, -569, -313, 16761, 8, -11, -4, 1453 ,-1106 ,16620 ,6 ,-255 ,4, 15241.7660, 32849.4966
4858, -575, -337, 16768, 8, -11, -5, 1453 ,-1106 ,16620 ,6 ,1 ,4, 15169.9722, 32830.7390
4866, -568, -332, 16768, 7, -11, -5, 1477 ,-1086 ,16568 ,2 ,9 ,4, 15145.1886, 32830.8910
4874, -580, -327, 16769, 8, -11, -5, 1458 ,-1094 ,16570 ,-1 ,18 ,5, 15335.7834, 32828.6707
4882, -584, -329, 16760, 6, -11, -6, 1397 ,-1130 ,16682 ,-2 ,22 ,5, 15164.9833, 32819.4261
4890, -564, -344, 16767, 5, -11, -5, 1392 ,-1135 ,16720 ,1 ,14 ,4, 15275.9999, 32810.1784
4899, -567, -344, 16767, 6, -11, -5, 1377 ,-1146 ,16693 ,5 ,2 ,3, 15265.7896, 32829.1208
4907, -567, -342, 16770, 6, -11, -5, 1420 ,-1108 ,16653 ,7 ,-5 ,3, 15304.4641, 32788.7625
4913, -562, -328, 16786, 6, -11, -4, 1420 ,-1108 ,16397 ,8 ,-5 ,3, 15318.4056, 32829.4426
4921, -571, -339, 16766, 6, -11, -5, 1408 ,-1117 ,16624 ,8 ,-5 ,3, 15358.2573, 32816.6336
4929, -568, -342, 16744, 6, -11, -5, 1408 ,-1116 ,16642 ,7 ,-3 ,3, 15379.2471, 32808.7062
4937, -571, -353, 16775, 5, -10, -6, 1402 ,-1107 ,16626 ,8 ,-4 ,4, 15261.8110, 32798.1591
4946, -570, -347, 16770, 6, -11, -5, 1412 ,-1109 ,16606 ,8 ,-4 ,4, 15259.4537, 32819.4946
4954, -571, -352, 16776, 5, -12, -5, 1407 ,-1103 ,16646 ,8 ,-3 ,4, 15275.0373, 32821.3662
4962, -571, -362, 16808, 2, -12, -5, 1406 ,-1105 ,16668 ,8 ,-4 ,4, 15287.1102, 32817.6528
4970, -590, -362, 16808, 2, -11, -5, 1395 ,-1118 ,16675 ,10 ,-4 ,4, 15157.5387, 32794.4726
4978, -563, -367, 16768, 2, -10, -5, 1372 ,-1102 ,16601 ,10 ,-4 ,4, 15357.4407, 32820.9847
4986, -606, -155, 17091, -28, -17, -4, 1372 ,-1102 ,16601 ,8 ,-7 ,4, 15198.6986, 32818.9373
4994, -566, -541, 17349, -55, -21, -10, 1404 ,-1106 ,16505 ,10 ,-10 ,3, 15295.1032, 32820.7374
5002, -420, -245, 15541, 94, -1, -14, 1218 ,-958 ,16398 ,6 ,-8 ,3, 15188.8102, 32805.6842
5010, -551, -830, 16928, 51, -26, -8, 1426 ,-1264 ,16085 ,21 ,-43 ,0, 15145.3823, 32808.9893
5018, -543, 203, 17408, -68, 4, -8, 1592 ,-1051 ,17544 ,15 ,2 ,5, 15280.1841, 32815.7753
5025, -673, -462, 17806, 8, -24, 0, 1435 ,-1292 ,17640 ,5 ,15 ,4, 15270.6921, 32829.9820
5033, -673, -462, 17806, 8, -14, -5, 1266 ,-1120 ,17100 ,5 ,-9 ,3, 15194.7320, 32819.5304
5041, -666, -428, 15862, 15, -14, -5, 1230 ,-1084 ,15475 ,24 ,-75 ,-1, 15194.8154, 32816.0882
5049, -593, -366, 15258, 9, -12, -5, 1666 ,-849 ,15841 ,40 ,-87 ,-2, 15307.7185, 32830.1966
5057, -553, -400, 16626, 9, -3, -4, 1666 ,-849 ,15841 ,40 ,-87 ,-2, 15250.5338, 32821.8102
5065, -500, -385, 17680, 9, -8, -4, 1755 ,-1020 ,16369 ,15 ,-12 ,3, 15110.3556, 32789.3943
5073, -461, -264, 17536, 3, -14, -5, 1450 ,-1182 ,17410 ,-13 ,68 ,9, 15085.0505, 32822.9070
5081, -505, -289, 16477, -19, -9, -3, 1050 ,-1402 ,17046 ,-16 ,55 ,7, 15107.2681, 32796.7882
5089, -717, -290, 16337, 22, -20, -3, 1379 ,-1068 ,16766 ,11 ,-17 ,2, 15127.8466, 32802.7308
5097, -663, -379, 16497, 15, -10, -5, 1510 ,-1092 ,16144 ,21 ,-54 ,0, 15131.7805, 32818.5111
5105, -663, -385, 17007, 13, -11, -5, 1731 ,-959 ,16525 ,21 ,-39 ,2, 15059.7036, 32821.5241
5115, -320, -375, 17007, 13, -11, -5, 1478 ,-1107 ,16640 ,4 ,8 ,6, 15230.1937, 32818.8807
5121, -510, -375, 17166, 11, -10, -5, 1208 ,-1220 ,17057 ,4 ,8 ,6, 15190.5239, 32820.2844
5130, -490, -403, 16868, 6, -14, -5, 1208 ,-1220 ,17057 ,10 ,-11 ,2, 15262.2521, 32832.5629
5138, -579, -398, 16537, 7, -14, -6, 1224 ,-1174 ,16780 ,10 ,-11 ,2, 15260.6934, 32808.5840
5146, -615, -344, 16384, 12, -11, -6, 1488 ,-989 ,16356 ,15 ,-32 ,1, 15257.7490, 32799.7386
5154, -614, -298, 16565, 13, -9, -6, 1566 ,-1034 ,16198 ,10 ,-18 ,3, 15113.1690, 32819.2741
5162, -565, -281, 16997, 10, -9, -5, 1562 ,-1116 ,16627 ,7 ,2 ,4, 15234.1813, 32809.7314
5170, -538, -304, 17248, 8, -10, -5, 1421 ,-1192 ,17027 ,6 ,8 ,5, 14978.2598, 32818.3472
5178, -550, -304, 17248, 8, -12, -5, 1336 ,-1163 ,17028 ,9 ,-4 ,4, 15112.4328, 32834.2438
5186, -550, -386, 16938, 4, -12, -5, 1384 ,-1071 ,17116 ,10 ,-15 ,3, 15225.5654, 32823.6252
5194, -541, -410, 16527, 4, -12, -6, 1396 ,-1060 ,16237 ,10 ,-16 ,3, 15256.6612, 32829.2161
5202, -524, -384, 16278, 9, -9, -5, 1396 ,-1060 ,16237 ,10 ,-16 ,3, 15105.6826, 32820.8953
5210, -545, -362, 16645, 11, -8, -5, 1422 ,-1092 ,16304 ,9 ,-9 ,3, 15104.5024, 32815.9332
5218, -590, -316, 17080, 9, -8, -5, 1462 ,-1119 ,16723 ,7 ,2 ,3, 15220.7226, 32804.5398
5226, -612, -317, 17122, 6, -11, -5, 1460 ,-1134 ,17002 ,9 ,-1 ,4, 15244.2038, 32809.7016
5233, -610, -325, 16810, 5, -14, -5, 1475 ,-1075 ,16886 ,9 ,-10 ,3, 15208.8225, 32840.0016
5241, -610, -325, 16502, 6, -10, -5, 1477 ,-1084 ,16427 ,10 ,-15 ,2, 15175.9118, 32810.4258
5249, -556, -363, 16502, 6, -10, -5, 1466 ,-1074 ,16371 ,9 ,-7 ,3, 15319.1894, 32815.7663
5257, -515, -363, 16636, 7, -7, -5, 1363 ,-1143 ,16702 ,6 ,5 ,4, 15131.8431, 32814.6994
5265, -516, -393, 16877, 7, -9, -5, 1363 ,-1154 ,16702 ,6 ,5 ,4, 15299.8507, 32796.2577
5276, -534, -374, 16891, 5, -11, -5, 1402 ,-1114 ,16672 ,10 ,-13 ,2, 15129.8225, 32799.9026
5281, -586, -366, 16690, 6, -12, -5, 1402 ,-1114 ,16672 ,10 ,-13 ,2, 15227.4966, 32813.8292
5289, -598, -313, 16530, 7, -11, -6, 1492 ,-1068 ,16466 ,10 ,-14 ,3, 15116.8197, 32815.4892
5297, -596, -315, 16732, 9, -10, -5, 1534 ,-1072 ,16463 ,9 ,-9 ,3, 15114.9362, 32824.0901
5305, -592, -343, 17028, 7, -10, -5, 1494 ,-1091 ,16740 ,6 ,0 ,4, 15135.7114, 32810.2291
5312, -592, -343, 17028, 7, -10, -5, 1398 ,-1147 ,16880 ,6 ,1 ,4, 15410.9776, 32820.7403
5320, -539, -368, 17000, 5, -12, -5, 1398 ,-1132 ,16773 ,9 ,250 ,4, 15041.6732, 32811.3675
5328, -514, -377, 16723, 5, -13, -6, 1339 ,-1132 ,16773 ,9 ,-6 ,4, 15012.7470, 32824.9604
5336, -539, -358, 16478, 7, -13, -6, 1385 ,-1106 ,16481 ,11 ,-13 ,3, 15100.1245, 32808.7002
5344, -566, -358, 16564, 10, -10, -6, 1462 ,-1069 ,16376 ,12 ,-11 ,2, 15128.0671, 32802.2927
5352, -594, -333, 16862, 9, -9, -5, 1464 ,-1087 ,16577 ,7 ,-3 ,3, 15123.2451, 32836.2912
5360, -580, -340, 16994, 7, -11, -5, 1442 ,-1109 ,16828 ,8 ,-2 ,4, 15044.6832, 32824.8888
5368, -574, -334, 16856, 6, -12, -5, 1458 ,-1127 ,16783 ,9 ,-9 ,3, 15241.5872, 32832.6076
5377, -574, -334, 16856, 6, -12, -5, 1469 ,-1086 ,16595 ,9 ,-10 ,2, 15194.8541, 32812.5566
5385, -566, -362, 16700, 6, -12, -5, 1418 ,-1097 ,16556 ,8 ,-5 ,3, 15377.0447, 32814.6219
5393, -560, -364, 16679, 7, -10, -5, 1418 ,-1097 ,16556 ,8 ,-5 ,3, 15279.4123, 32795.9657
5399, -547, -369, 16769, 9, -10, -6, 1410 ,-1114 ,16626 ,9 ,-5 ,4, 15014.7527, 32830.7718
5407, -536, -350, 16795, 8, -11, -6, 1398 ,-1119 ,16650 ,9 ,-5 ,3, 15191.7815, 32828.8525
5416, -566, -330, 16769, 7, -10, -6, 1413 ,-1132 ,16656 ,9 ,-7 ,3, 15086.8893, 32822.2036
5424, -566, -319, 16747, 7, -11, -6, 1459 ,-1120 ,16630 ,9 ,-9 ,3, 15204.1525, 32802.4507
5432, -583, -317, 16776, 9, -10, -5, 1472 ,-1100 ,16614 ,8 ,-8 ,3, 15212.1782, 32790.4642
5440, -576, -334, 16783, 9, -10, -5, 1466 ,-1092 ,16644 ,7 ,-6 ,4, 15122.9471, 32801.4284
5448, -576, -334, 16783, 9, -10, -5, 1434 ,-1111 ,16634 ,9 ,-5 ,4, 15080.2642, 32820.7403
5456, -542, -359, 16793, 8, -11, -5, 1397 ,-1111 ,16634 ,9 ,-6 ,4, 15053.9100, 32811.1619
5464, -532, -358, 16775, 8, -11, -5, 1397 ,-1125 ,16646 ,7 ,-6 ,4, 15253.7942, 32811.9814
5471, -570, -367, 16771, 6, -11, -5, 1391 ,-1119 ,16662 ,8 ,-7 ,4, 15101.8560, 32808.4022
5479, -596, -344, 16745, 9, -11, -5, 1424 ,-1098 ,16644 ,10 ,-9 ,4, 15077.0754, 32808.0297
5487, -608, -327, 16736, 9, -11, -6, 1481 ,-1081 ,16598 ,9 ,-8 ,3, 15147.4178, 32817.7989
5495, -600, -319, 16736, 7, -11, -5, 1497 ,-1089 ,16576 ,8 ,-8 ,3, 15055.2511, 32810.3095
5503, -566, -319, 16736, 7, -11, -5, 1458 ,-1099 ,16634 ,8 ,-6 ,4, 15130.1652, 32817.0925
5511, -566, -333, 16798, 7, -11, -5, 1421 ,-1100 ,16690 ,8 ,-4 ,4, 15032.0649, 32822.7699
5519, -548, -363, 16825, 7, -11, -5, 1386 ,-1116 ,16716 ,7 ,-5 ,3, 15172.0911, 32829.7526
5527, -534, -372, 16804, 7, -11, -5, 1386 ,-1116 ,16716 ,7 ,-5 ,3, 15244.6151, 32824.3226
5535, -535, -390, 16696, 8, -12, -5, 1365 ,-1112 ,16642 ,7 ,-8 ,3, 15310.1295, 32800.9456
5542, -554, -367, 16686, 9, -11, -6, 1406 ,-1101 ,16561 ,8 ,-8 ,4, 15121.1381, 32830.9357
5550, -571, -333, 16748, 9, -10, -6, 1452 ,-1092 ,16578 ,9 ,-8 ,3, 14996.4869, 32812.4732
5558, -593, -350, 16831, 8, -10, -6, 1470 ,-1096 ,16672 ,8 ,-7 ,4, 15306.7380, 32805.8541
5566, -593, -342, 16814, 8, -11, -6, 1458 ,-1100 ,16708 ,7 ,-8 ,4, 15226.6860, 32812.5924
5574, -598, -342, 16814, 8, -11, -5, 1439 ,-1100 ,16650 ,10 ,-8 ,4, 15220.1414, 32820.4572
5582, -572, -351, 16762, 8, -12, -6, 1439 ,-1100 ,16650 ,10 ,-7 ,3, 15240.8093, 32807.5618
5590, -542, -367, 16704, 8, -11, -5, 1411 ,-1126 ,16610 ,9 ,-7 ,3, 15201.5150, 32822.4093
5598, -537, -377, 16755, 8, -11, -5, 1398 ,-1126 ,16610 ,9 ,-6 ,4, 15266.2873, 32813.1229
5606, -547, -374, 16820, 7, -11, -6, 1398 ,-1102 ,16654 ,8 ,-6 ,3, 15124.8425, 32800.0605
5614, -569, -359, 16783, 7, -11, -6, 1415 ,-1119 ,16687 ,8 ,-6 ,3, 15177.4496, 32800.9039
5621, -574, -325, 16712, 8, -11, -5, 1460 ,-1101 ,16631 ,9 ,-8 ,3, 15173.5187, 32809.0429
5629, -599, -321, 16714, 8, -11, -4, 1490 ,-1086 ,16572 ,8 ,-8 ,3, 15108.3827, 32812.4404
5637, -599, -321, 16714, 8, -11, -4, 1473 ,-1097 ,16612 ,8 ,-6 ,4, 15294.8678, 32800.8056
5645, -581, -317, 16791, 10, -10, -5, 1473 ,-1110 ,16687 ,7 ,-5 ,4, 15085.1488, 32798.4899
5653, -558, -350, 16854, 9, -10, -5, 1434 ,-1110 ,16687 ,7 ,-5 ,4, 15166.4853, 32796.4187
5661, -563, -382, 16823, 8, -12, -4, 1407 ,-1129 ,16720 ,8 ,-6 ,4, 15150.5262, 32831.6480
5669, -540, -380, 16750, 8, -11, -5, 1384 ,-1119 ,16650 ,8 ,-8 ,3, 15158.1466, 32810.2946
5677, -551, -363, 16706, 8, -11, -6, 1409 ,-1115 ,16587 ,9 ,-9 ,3, 15164.5035, 32815.1405
5685, -576, -340, 16744, 8, -9, -5, 1430 ,-1107 ,16597 ,9 ,-8 ,2, 15165.3767, 32817.7959
5692, -583, -340, 16801, 8, -10, -4, 1474 ,-1102 ,16617 ,10 ,-8 ,3, 14981.2043, 32826.8826
5700, -583, -305, 16801, 8, -10, -4, 1481 ,-1107 ,16667 ,8 ,-6 ,3, 15061.0119, 32824.7219
5708, -592, -301, 16817, 6, -11, -5, 1469 ,-1113 ,16648 ,8 ,-5 ,4, 15002.5368, 32819.3396
5716, -592, -332, 16797, 7, -11, -5, 1469 ,-1113 ,16648 ,8 ,-5 ,4, 15008.1992, 32813.3285
5724, -557, -351, 16752, 8, -10, -5, 1456 ,-1102 ,16612 ,7 ,-4 ,4, 15060.5947, 32814.9080
5732, -544, -378, 16754, 7, -11, -5, 1417 ,-1086 ,16618 ,5 ,0 ,4, 15094.2296, 32802.4030
5740, -552, -376, 16754, 8, -11, -5, 1394 ,-1108 ,16659 ,5 ,1 ,4, 15212.1931, 32814.3954
5747, -565, -352, 16780, 9, -11, -6, 1424 ,-1114 ,16656 ,7 ,-1 ,3, 15031.5046, 32835.4388
5755, -574, -344, 16782, 7, -11, -6, 1421 ,-1115 ,16661 ,7 ,-3 ,3, 15120.9444, 32798.3469
5763, -574, -344, 16782, 7, -11, -6, 1448 ,-1106 ,16671 ,8 ,-5 ,3, 15223.4018, 32806.1163
5771, -592, -329, 16773, 8, -10, -6, 1448 ,-1106 ,16633 ,9 ,-5 ,3, 15151.0298, 32822.1172
5779, -582, -324, 16757, 8, -11, -5, 1458 ,-1092 ,16633 ,9 ,-6 ,3, 15271.3954, 32819.2860
5787, -574, -356, 16722, 7, -10, -4, 1466 ,-1095 ,16583 ,8 ,-4 ,3, 15043.0351, 32809.1413
5796, -560, -385, 16748, 8, -10, -4, 1412 ,-1096 ,16620 ,7 ,-2 ,4, 15031.9964, 32772.5321
5804, -529, -385, 16802, 7, -10, -5, 1391 ,-1108 ,16656 ,8 ,-3 ,4, 15275.0790, 32842.7225
5812, -540, -372, 16798, 7, -11, -5, 1402 ,-1108 ,16682 ,7 ,-4 ,4, 15146.8039, 32820.9847
5818, -579, -372, 16798, 7, -11, -6, 1410 ,-1101 ,16669 ,7 ,-6 ,3, 15238.0198, 32829.6572
5826, -579, -350, 16779, 7, -11, -6, 1426 ,-1101 ,16649 ,8 ,-7 ,3, 15225.5476, 32841.2116
5834, -571, -332, 16732, 8, -11, -5, 1451 ,-1102 ,16578 ,7 ,-7 ,4, 15254.6614, 32810.5211
5842, -590, -334, 16736, 8, -11, -5, 1451 ,-1102 ,16578 ,7 ,-6 ,4, 15260.1331, 32818.6065
5851, -579, -323, 16780, 7, -10, -4, 1456 ,-1075 ,16607 ,6 ,-6 ,4, 15121.3765, 32799.2737
5859, -565, -346, 16808, 6, -10, -5, 1444 ,-1108 ,16664 ,6 ,-3 ,3, 15228.6828, 32807.7972
5867, -553, -371, 16798, 7, -10, -5, 1417 ,-1101 ,16677 ,7 ,-3 ,3, 15362.7694, 32836.6667
5875, -536, -370, 16742, 8, -11, -6, 1394 ,-1121 ,16650 ,9 ,-5 ,2, 15219.1401, 32810.1158
5881, -536, -358, 16714, 9, -11, -6, 1417 ,-1107 ,16597 ,9 ,-6 ,3, 15341.4726, 32833.6775
5889, -544, -358, 16714, 9, -11, -5, 1432 ,-1120 ,16593 ,9 ,-6 ,4, 15017.2055, 32814.7084
5898, -561, -346, 16754, 7, -10, -6, 1432 ,-1120 ,16660 ,9 ,-6 ,4, 15115.5502, 32792.7202
5906, -583, -340, 16805, 7, -10, -5, 1441 ,-1115 ,16660 ,9 ,-4 ,3, 14953.0798, 32784.5216
5914, -587, -332, 16810, 8, -10, -5, 1453 ,-1114 ,16690 ,8 ,-5 ,3, 15030.6046, 32819.5214
5922, -592, -320, 16783, 7, -11, -6, 1460 ,-1095 ,16642 ,9 ,-7 ,3, 15172.9792, 32812.4881
5930, -580, -336, 16756, 6, -11, -5, 1451 ,-1100 ,16607 ,8 ,-8 ,3, 15238.8990, 32811.1380
5938, -569, -390, 16728, 8, -9, -3, 1418 ,-1118 ,16610 ,7 ,-5 ,3, 15354.7019, 32800.6744
5945, -558, -365, 16728, 8, -10, -5, 1403 ,-1123 ,16652 ,8 ,-5 ,4, 15252.6706, 32819.4201
5953, -558, -365, 16789, 9, -10, -5, 1394 ,-1100 ,16659 ,9 ,-6 ,3, 15147.6890, 32813.0424
5961, -538, -357, 16754, 8, -10, -5, 1427 ,-1116 ,16635 ,9 ,-6 ,3, 15023.2762, 32811.5284
5969, -567, -349, 16762, 7, -11, -6, 1427 ,-1116 ,16635 ,9 ,-7 ,3, 15137.2969, 32800.3019
5977, -568, -323, 16729, 8, -11, -5, 1442 ,-1118 ,16638 ,9 ,-7 ,3, 15206.6439, 32811.9963
5985, -586, -356, 16768, 8, -10, -5, 1456 ,-1086 ,16631 ,10 ,-6 ,3, 15126.2075, 32822.4719
5993, -588, -337, 16821, 8, -11, -6, 1448 ,-1085 ,16629 ,8 ,-4 ,3, 15085.2442, 32807.0313
6001, -560, -357, 16790, 7, -10, -5, 1415 ,-1091 ,16669 ,9 ,-4 ,3, 15174.4187, 32806.0448
6009, -560, -357, 16803, 7, -11, -5, 1409 ,-1100 ,16638 ,8 ,-6 ,3, 15239.9063, 32809.3499
6016, -566, -378, 16803, 7, -11, -5, 1401 ,-1098 ,16622 ,8 ,-5 ,3, 15194.1210, 32814.8514
6024, -558, -358, 16730, 6, -12, -5, 1412 ,-1111 ,16614 ,8 ,-6 ,4, 15301.2037, 32819.2443
6032, -559, -360, 16736, 7, -10, -5, 1412 ,-1111 ,16614 ,9 ,-6 ,3, 15068.6264, 32804.4385
6040, -575, -335, 16758, 8, -9, -5, 1429 ,-1090 ,16639 ,8 ,-7 ,3, 15254.8045, 32800.0784
6048, -568, -350, 16815, 8, -9, -6, 1458 ,-1096 ,16660 ,9 ,-7 ,3, 15150.8093, 32797.1548
6056, -566, -323, 16758, 8, -11, -5, 1436 ,-1093 ,16651 ,9 ,-7 ,2, 15233.5048, 32805.1627
6064, -566, -378, 16784, 8, -10, -4, 1432 ,-1097 ,16640 ,9 ,-6 ,3, 15131.3752, 32794.7110
6071, -554, -341, 16736, 8, -10, -5, 1414 ,-1102 ,16670 ,8 ,-6 ,4, 15269.5924, 32815.1792
6079, -554, -341, 16736, 7, -12, -5, 1405 ,-1095 ,16629 ,8 ,-8 ,4, 15227.9973, 32805.5918
6087, -552, -348, 16760, 8, -11, -5, 1408 ,-1093 ,16629 ,8 ,-8 ,4, 15261.7902, 32808.0326
6095, -551, -353, 16777, 7, -9, -5, 1408 ,-1093 ,16642 ,9 ,-7 ,4, 15072.0775, 32809.8983
6103, -587, -356, 16817, 8, -10, -6, 1416 ,-1101 ,16670 ,9 ,-6 ,3, 15175.1161, 32824.8799
6111, -574, -341, 16709, 8, -12, -5, 1442 ,-1097 ,16627 ,8 ,-8 ,3, 15145.0515, 32832.5510
6119, -581, -343, 16774, 7, -12, -5, 1456 ,-1078 ,16620 ,9 ,-7 ,3, 15205.5323, 32799.5002
6127, -571, -328, 16710, 6, -9, -4, 1446 ,-1099 ,16641 ,8 ,-7 ,2, 15150.3056, 32811.2215
6134, -571, -328, 16710, 8, -9, -5, 1437 ,-1108 ,16614 ,8 ,-8 ,3, 15200.6656, 32810.1516
6142, -581, -374, 16807, 8, -9, -5, 1416 ,-1123 ,16656 ,8 ,-8 ,3, 15253.7972, 32817.3995
6150, -549, -355, 16778, 7, -11, -6, 1416 ,-1123 ,16656 ,8 ,-6 ,3, 15165.6300, 32802.7487
6158, -548, -354, 16750, 6, -11, -5, 1410 ,-1119 ,16678 ,9 ,-7 ,3, 15071.4248, 32793.7424
6166, -558, -358, 16768, 6, -9, -5, 1424 ,-1111 ,16650 ,8 ,-8 ,3, 15082.0434, 32815.3700
6174, -566, -342, 16750, 7, -9, -5, 1440 ,-1100 ,16624 ,9 ,-8 ,3, 15137.8572, 32802.3225
6181, -571, -330, 16783, 6, -9, -5, 1460 ,-1100 ,16619 ,9 ,-7 ,3, 15131.3126, 32798.4512
6189, -572, -347, 16768, 8, -11, -5, 1440 ,-1100 ,16657 ,9 ,-6 ,3, 15153.2114, 32811.8891
6197, -567, -349, 16768, 8, -11, -5, 1452 ,-1106 ,16637 ,10 ,-8 ,3, 15189.9904, 32804.3133
6205, -567, -349, 16806, 8, -12, -5, 1426 ,-1100 ,16661 ,9 ,-7 ,4, 15042.5822, 32826.4207
6213, -555, -334, 16759, 8, -12, -4, 1410 ,-1100 ,16661 ,9 ,-7 ,4, 15037.7363, 32809.6777
6221, -580, -383, 16830, 9, -12, -5, 1410 ,-1105 ,16633 ,9 ,-7 ,4, 15219.8553, 32794.3057
6229, -754, -338, 17979, 19, -25, -5, 1417 ,-1100 ,16627 ,9 ,-8 ,3, 15256.4049, 32821.1933
6237, -356, -506, 15287, 104, -65, -3, 1466 ,-1081 ,16626 ,8 ,-8 ,4, 15373.2717, 32821.5539
6245, -496, -210, 16514, 10, 19, -4, 1439 ,-1122 ,16726 ,8 ,-3 ,3, 15201.0530, 32820.6152
6253, -533, -297, 17000, -60, 16, -5, 1360 ,-1116 ,16719 ,8 ,-4 ,3, 15304.0588, 32816.1359
6261, -616, -297, 17000, -23, -3, -5, 1395 ,-1104 ,16550 ,9 ,-9 ,3, 15209.4573, 32823.7176
6269, -616, -337, 16898, -23, -3, -5, 1395 ,-1107 ,16400 ,9 ,-9 ,3, 15225.6399, 32815.1941
6276, -531, -362, 16563, -6, -11, -4, 1494 ,-1107 ,16656 ,9 ,-2 ,3, 15180.4179, 32827.2730
6284, -571, -310, 16994, -5, -9, -5, 1494 ,-1100 ,16711 ,9 ,-2 ,3, 15169.3612, 32799.3691
6292, -589, -365, 16959, 8, -10, -5, 1434 ,-1163 ,16922 ,8 ,-2 ,5, 15247.6698, 32802.0185
6300, -576, -345, 16792, 16, -11, -6, 1453 ,-1108 ,16739 ,9 ,-11 ,3, 15156.3823, 32824.9991
6308, -604, -389, 16681, 18, -14, -5, 1438 ,-1065 ,16449 ,7 ,-9 ,4, 15143.1829, 32807.4723
6316, -571, -336, 16576, 18, -21, -6, 1418 ,-1064 ,16525 ,8 ,-6 ,4, 15069.0943, 32824.0722
6325, -558, -362, 16776, 9, -13, -5, 1411 ,-1094 ,16689 ,8 ,-6 ,4, 15322.4230, 32836.9617
6333, -558, -354, 16776, 9, -13, -5, 1453 ,-1110 ,16724 ,8 ,-6 ,3, 15087.8340, 32814.4014
6341, -534, -354, 16805, 1, -7, -5, 1406 ,-1150 ,16723 ,8 ,-4 ,3, 15107.2383, 32824.5789
6349, -563, -319, 16904, -4, -4, -5, 1406 ,-1150 ,16723 ,8 ,-4 ,3, 15298.3069, 32795.5544
6357, -567, -337, 16684, 3, -11, -6, 1426 ,-1126 ,16642 ,9 ,-10 ,2, 15240.0881, 32843.4169
6363, -571, -348, 16747, 9, -11, -5, 1496 ,-1076 ,16538 ,9 ,-11 ,2, 15113.1481, 32822.1411
6372, -560, -331, 16790, 14, -14, -4, 1430 ,-1101 ,16608 ,6 ,-3 ,5, 15334.3379, 32819.2562
6380, -550, -365, 16769, 16, -12, -5, 1406 ,-1121 ,16675 ,8 ,-5 ,4, 15058.8244, 32815.8230
6388, -544, -368, 16810, 9, -9, -4, 1414 ,-1110 ,16683 ,8 ,-6 ,4, 15188.9831, 32835.5879
6396, -582, -368, 16810, 9, -9, -4, 1391 ,-1105 ,16697 ,10 ,-6 ,4, 14992.9971, 32809.3708
6404, -582, -368, 16769, 4, -9, -4, 1391 ,-1105 ,16697 ,9 ,-10 ,4, 15168.6788, 32809.0161
6412, -570, -346, 16729, 3, -10, -6, 1419 ,-1098 ,16630 ,9 ,-10 ,3, 15099.7996, 32815.2865
6420, -558, -331, 16699, 7, -10, -5, 1449 ,-1079 ,16533 ,9 ,-9 ,3, 15201.3302, 32824.4925
6428, -561, -342, 16775, 10, -10, -5, 1438 ,-1108 ,16607 ,8 ,-5 ,4, 15179.9828, 32826.0630
6436, -544, -340, 16866, 12, -11, -5, 1436 ,-1133 ,16691 ,9 ,-4 ,4, 15178.6476, 32819.8403
6444, -549, -351, 16827, 10, -11, -6, 1408 ,-1118 ,16717 ,10 ,-5 ,3, 14987.2243, 32825.3776
6452, -562, -352, 16736, 5, -12, -5, 1422 ,-1109 ,16689 ,10 ,-8 ,3, 15289.1487, 32816.3654
6460, -562, -352, 16680, 5, -11, -5, 1420 ,-1087 ,16574 ,8 ,-9 ,2, 15269.1096, 32827.0942
6468, -564, -359, 16680, 5, -11, -5, 1415 ,-1085 ,16556 ,7 ,-8 ,2, 15361.1332, 32815.5905
6475, -556, -359, 16737, 6, -10, -5, 1415 ,-1085 ,16556 ,7 ,-8 ,3, 15062.7613, 32812.5238
6483, -570, -346, 16839, 8, -12, -6, 1423 ,-1090 ,16672 ,8 ,-6 ,3, 14978.1942, 32807.4932
6491, -576, -345, 16867, 8, -12, -5, 1440 ,-1111 ,16735 ,9 ,-5 ,4, 15078.4194, 32814.2613
6499, -581, -347, 16767, 7, -11, -6, 1422 ,-1092 ,16699 ,8 ,-7 ,2, 15210.8908, 32800.7400
6507, -565, -333, 16682, 7, -10, -6, 1435 ,-1106 ,16562 ,8 ,-9 ,4, 15135.9558, 32810.5927
6515, -560, -342, 16694, 7, -11, -4, 1430 ,-1111 ,16556 ,9 ,-7 ,4, 15205.1359, 32823.9858
6523, -563, -330, 16806, 7, -11, -5, 1429 ,-1122 ,16635 ,8 ,-5 ,4, 15305.0035, 32825.8276
6531, -563, -330, 16806, 6, -10, -5, 1399 ,-1136 ,16721 ,8 ,-3 ,3, 15153.3663, 32824.6355
6538, -565, -344, 16857, 8, -10, -5, 1406 ,-1104 ,16721 ,8 ,-3 ,3, 15057.2538, 32837.2955
6546, -560, -349, 16789, 7, -11, -5, 1406 ,-1104 ,16703 ,9 ,-6 ,3, 15095.7972, 32825.3090
6554, -568, -334, 16703, 7, -13, -5, 1439 ,-1082 ,16605 ,8 ,-8 ,4, 15099.8265, 32815.6948
6562, -573, -335, 16706, 8, -10, -4, 1454 ,-1100 ,16579 ,8 ,-7 ,4, 15227.6844, 32816.1120
6570, -572, -346, 16799, 8, -10, -5, 1459 ,-1087 ,16631 ,9 ,-6 ,3, 15183.0018, 32797.9237
6578, -561, -346, 16849, 8, -10, -6, 1429 ,-1114 ,16716 ,8 ,-4 ,4, 15228.2804, 32811.4569
6586, -560, -346, 16798, 7, -11, -5, 1413 ,-1123 ,16706 ,9 ,-7 ,3, 15133.1961, 32813.0901
6594, -560, -341, 16798, 7, -11, -5, 1426 ,-1109 ,16603 ,9 ,-7 ,3, 15207.3056, 32784.6557
6601, -548, -325, 16701, 7, -11, -5, 1431 ,-1114 ,16603 ,8 ,-7 ,2, 15084.1713, 32825.6965
6609, -557, -332, 16707, 8, -11, -6, 1431 ,-1114 ,16581 ,8 ,-7 ,2, 15130.6361, 32817.8138
6617, -555, -342, 16779, 9, -11, -5, 1438 ,-1120 ,16602 ,8 ,-7 ,3, 15375.1969, 32807.1952
6625, -573, -339, 16819, 8, -11, -6, 1434 ,-1097 ,16655 ,8 ,-6 ,3, 15098.5688, 32819.4618
6633, -576, -359, 16806, 7, -11, -5, 1410 ,-1110 ,16702 ,8 ,-4 ,4, 15151.3368, 32810.2082
6641, -562, -352, 16777, 8, -12, -4, 1429 ,-1107 ,16641 ,8 ,-6 ,4, 15040.6808, 32816.5323
6649, -575, -353, 16751, 7, -11, -4, 1434 ,-1089 ,16607 ,8 ,-6 ,4, 15090.1735, 32802.2778
6657, -575, -353, 16751, 7, -11, -4, 1421 ,-1099 ,16640 ,8 ,-5 ,4, 15218.6662, 32801.6579
6666, -577, -355, 16761, 6, -11, -5, 1421 ,-1099 ,16640 ,8 ,-5 ,4, 15272.8349, 32822.8384
6672, -567, -352, 16795, 8, -10, -5, 1431 ,-1094 ,16660 ,9 ,-6 ,3, 15237.5847, 32817.4412
6680, -550, -336, 16775, 7, -11, -5, 1419 ,-1108 ,16663 ,8 ,-7 ,4, 15040.4811, 32810.3900
6688, -548, -333, 16748, 7, -11, -5, 1426 ,-1097 ,16646 ,8 ,-7 ,4, 15115.4488, 32811.1023
6696, -556, -348, 16753, 7, -11, -5, 1446 ,-1115 ,16618 ,7 ,-6 ,3, 15219.3218, 32817.8257
6704, -563, -352, 16762, 7, -12, -5, 1437 ,-1110 ,16632 ,8 ,-7 ,3, 15094.9866, 32823.0768
6713, -569, -360, 16762, 7, -11, -4, 1430 ,-1114 ,16634 ,8 ,-5 ,3, 15167.2840, 32803.1480
6721, -569, -360, 16779, 7, -11, -4, 1413 ,-1105 ,16644 ,8 ,-5 ,4, 15252.1223, 32824.0782
6729, -560, -364, 16773, 7, -10, -5, 1413 ,-1105 ,16644 ,8 ,-5 ,3, 14981.4516, 32833.1053
6735, -567, -349, 16784, 7, -10, -5, 1425 ,-1096 ,16657 ,7 ,-5 ,3, 15306.2791, 32823.4255
6743, -594, -349, 16768, 7, -11, -6, 1441 ,-1106 ,16660 ,7 ,-6 ,3, 15095.5588, 32827.0555
6751, -594, -333, 16749, 7, -12, -5, 1448 ,-1087 ,16653 ,7 ,-7 ,3, 15064.8683, 32786.9296
6760, -585, -339, 16756, 6, -11, -6, 1437 ,-1081 ,16618 ,7 ,-7 ,3, 15144.4495, 32811.4033
6768, -551, -327, 16777, 9, -11, -5, 1446 ,-1104 ,16619 ,9 ,-6 ,3, 15147.6771, 32806.5872
6776, -551, -345, 16776, 9, -11, -6, 1423 ,-1122 ,16656 ,8 ,-5 ,4, 15320.2444, 32800.8860
6784, -543, -345, 16776, 9, -11, -6, 1419 ,-1098 ,16661 ,8 ,-6 ,4, 15250.4653, 32802.2361
6792, -543, -344, 16784, 7, -9, -6, 1419 ,-1098 ,16661 ,8 ,-6 ,4, 15046.3045, 32790.7056
6798, -562, -340, 16768, 7, -10, -6, 1404 ,-1109 ,16647 ,8 ,-5 ,4, 15273.6843, 32831.7046
6807, -554, -328, 16763, 8, -11, -4, 1414 ,-1102 ,16654 ,8 ,-6 ,4, 15217.1284, 32827.3386
6815, -569, -328, 16774, 8, -10, -5, 1438 ,-1099 ,16634 ,8 ,-6 ,3, 15301.2782, 32816.4220
6823, -586, -338, 16768, 7, -10, -5, 1448 ,-1097 ,16642 ,9 ,-6 ,3, 15298.2503, 32820.9013
6831, -574, -343, 16761, 8, -11, -4, 1450 ,-1094 ,16651 ,8 ,-5 ,3, 15061.6884, 32819.5125
6839, -574, -346, 16761, 8, -12, -5, 1426 ,-1104 ,16643 ,9 ,-6 ,3, 15039.0208, 32803.3924
6847, -574, -346, 16761, 9, -12, -5, 1416 ,-1108 ,16658 ,8 ,-6 ,3, 15084.9372, 32831.3887
6855, -561, -347, 16772, 9, -11, -4, 1416 ,-1108 ,16658 ,8 ,-6 ,3, 15129.9506, 32822.3228
6863, -558, -336, 16775, 8, -11, -4, 1410 ,-1113 ,16646 ,7 ,-6 ,3, 15215.7098, 32806.0329
6870, -555, -354, 16769, 8, -11, -4, 1413 ,-1122 ,16656 ,7 ,-5 ,2, 15215.4624, 32838.4668
6878, -545, -346, 16755, 8, -10, -5, 1413 ,-1103 ,16630 ,8 ,-6 ,3, 15095.0283, 32817.6767
6886, -560, -342, 16750, 6, -10, -5, 1426 ,-1100 ,16620 ,9 ,-7 ,3, 15096.4141, 32809.1055
6894, -572, -337, 16749, 6, -10, -5, 1443 ,-1096 ,16628 ,10 ,-7 ,3, 15106.0343, 32808.8254
6902, -579, -337, 16774, 6, -12, -5, 1434 ,-1095 ,16639 ,8 ,-6 ,3, 15187.6837, 32823.9977
6910, -579, -354, 16774, 6, -12, -5, 1423 ,-1097 ,16639 ,8 ,-6 ,3, 15197.2175, 32807.3233
6918, -572, -354, 16756, 7, -11, -5, 1423 ,-1093 ,16642 ,9 ,-6 ,3, 15175.4528, 32830.6675
6926, -580, -347, 16766, 7, -11, -5, 1414 ,-1093 ,16642 ,9 ,-6 ,4, 15184.6170, 32826.8379
6933, -548, -370, 16762, 7, -12, -5, 1422 ,-1079 ,16656 ,10 ,-6 ,4, 15157.5923, 32815.1941
6941, -557, -357, 16778, 7, -12, -6, 1421 ,-1100 ,16653 ,10 ,-7 ,3, 14919.8383, 32813.5222
6949, -559, -344, 16774, 7, -10, -6, 1419 ,-1103 ,16664 ,9 ,-7 ,3, 15098.4168, 32815.0570
6957, -572, -333, 16772, 7, -12, -5, 1436 ,-1085 ,16636 ,9 ,-7 ,3, 15284.4578, 32823.5775
6965, -579, -337, 16757, 7, -12, -5, 1439 ,-1101 ,16623 ,8 ,-7 ,3, 15329.0957, 32812.6997
6973, -579, -337, 16757, 7, -12, -5, 1449 ,-1097 ,16627 ,8 ,-7 ,4, 15247.8337, 32801.3897
6981, -588, -392, 16799, 3, -11, -5, 1449 ,-1097 ,16627 ,8 ,-7 ,4, 15195.1134, 32816.5054
6989, -572, -254, 16862, -10, -8, -7, 1414 ,-1120 ,16659 ,8 ,-5 ,3, 15272.0511, 32803.7977
6997, -664, -368, 16947, -17, -14, -6, 1477 ,-1083 ,16696 ,8 ,-6 ,4, 15252.4233, 32784.5275
7005, -549, -203, 17208, -18, -14, -4, 1451 ,-1091 ,16739 ,8 ,-3 ,4, 15268.4748, 32812.4374
7013, -484, -196, 17416, -42, -16, -4, 1472 ,-1080 ,16712 ,8 ,-5 ,3, 15277.1622, 32823.0321
7021, -522, -399, 14443, -24, 3, -1, 1450 ,-1100 ,16807 ,6 ,-2 ,4, 15173.9180, 32832.5391
7029, -782, -529, 19168, 124, 30, -6, 1296 ,-1169 ,16576 ,5 ,-6 ,4, 15157.8307, 32817.7601
7037, -782, -529, 15707, 59, -37, -2, 1450 ,-1058 ,16428 ,11 ,-12 ,2, 15309.5692, 32812.6460
7046, -484, -20, 15857, 59, -37, -2, 1450 ,-1132 ,16291 ,8 ,-12 ,2, 15374.1837, 32818.9641
7054, -463, -240, 16113, 51, -19, -5, 1426 ,-1132 ,16291 ,8 ,3 ,4, 15261.0511, 32811.5612
7062, -604, -376, 17114, 22, -15, -4, 1426 ,-1105 ,16763 ,6 ,3 ,4, 15314.2840, 32799.6761
7068, -561, -284, 16615, 4, -15, -6, 1431 ,-1122 ,16810 ,10 ,-7 ,3, 15129.0745, 32827.8691
7076, -594, -308, 17013, 6, -2, -5, 1412 ,-1091 ,16856 ,7 ,-5 ,3, 15487.5398, 32828.4681
7084, -566, -378, 16673, 0, -16, -4, 1430 ,-1087 ,16501 ,11 ,-15 ,2, 15342.6647, 32803.1659
7093, -570, -361, 16576, 16, -12, -4, 1484 ,-1023 ,16461 ,8 ,-4 ,2, 15425.4347, 32819.5304
7101, -541, -356, 16823, 2, -10, -4, 1314 ,-1141 ,16720 ,7 ,1 ,4, 15162.1759, 32810.6433
7109, -546, -356, 16823, 2, -10, -4, 1410 ,-1097 ,16738 ,9 ,-11 ,3, 15187.9728, 32814.0765
7117, -546, -360, 16920, 10, -12, -4, 1406 ,-1116 ,16616 ,9 ,-6 ,3, 15207.0552, 32808.0863
7125, -536, -353, 16839, 7, -13, -5, 1406 ,-1116 ,16616 ,9 ,-6 ,3, 15298.0089, 32812.6281
7133, -561, -293, 16545, 11, -11, -6, 1415 ,-1093 ,16650 ,8 ,-5 ,3, 15125.2836, 32812.8606
7141, -590, -325, 16612, -1, -6, -6, 1439 ,-1089 ,16553 ,8 ,-10 ,3, 15346.5182, 32820.0668
7149, -611, -344, 16837, -6, -4, -5, 1489 ,-1065 ,16545 ,8 ,-6 ,3, 15314.5015, 32817.2535
7157, -566, -337, 16899, 2, -9, -4, 1420 ,-1114 ,16691 ,6 ,0 ,4, 15307.0897, 32817.8793
7164, -542, -365, 16869, 10, -13, -5, 1385 ,-1134 ,16764 ,7 ,-4 ,3, 15252.0537, 32822.6507
7172, -542, -365, 16869, 9, -11, -5, 1399 ,-1104 ,16668 ,8 ,-9 ,3, 15143.3319, 32806.1163
7180, -568, -357, 16769, 9, -11, -5, 1399 ,-1104 ,16668 ,8 ,-7 ,3, 15219.5215, 32790.9082
7188, -574, -345, 16740, 8, -12, -5, 1403 ,-1094 ,16631 ,9 ,-7 ,3, 15135.4164, 32819.8850
7196, -581, -323, 16703, 8, -12, -5, 1438 ,-1093 ,16535 ,9 ,-9 ,3, 15369.9994, 32827.8363
7204, -582, -313, 16753, 10, -12, -5, 1475 ,-1087 ,16577 ,9 ,-7 ,3, 15202.7577, 32803.9467
7212, -579, -310, 16832, 10, -12, -4, 1456 ,-1131 ,16683 ,8 ,-4 ,3, 15234.1813, 32842.5527
7220, -556, -326, 16847, 9, -12, -5, 1442 ,-1128 ,16732 ,9 ,-6 ,4, 15348.4851, 32828.2058
7228, -553, -315, 16723, 10, -11, -5, 1425 ,-1113 ,16668 ,9 ,-7 ,4, 15380.6955, 32821.2172
7235, -562, -324, 16666, 7, -11, -5, 1419 ,-1101 ,16542 ,9 ,-8 ,3, 15234.7386, 32844.6835
7243, -562, -324, 16666, 7, -11, -5, 1419 ,-1101 ,16578 ,10 ,-7 ,3, 15245.4287, 32826.5429
7251, -553, -340, 16770, 8, -11, -5, 1424 ,-1096 ,16578 ,10 ,-7 ,3, 15411.9551, 32813.0007
7259, -560, -344, 16826, 10, -11, -4, 1424 ,-1122 ,16690 ,8 ,-5 ,3, 15396.2076, 32799.0770
7267, -574, -333, 16843, 9, -11, -5, 1448 ,-1102 ,16723 ,9 ,-7 ,3, 15236.8873, 32814.7978
7275, -587, -308, 16789, 10, -12, -4, 1449 ,-1107 ,16669 ,8 ,-7 ,3, 15240.0941, 32810.8609
7283, -580, -317, 16680, 10, -12, -4, 1449 ,-1096 ,16564 ,8 ,-8 ,3, 15244.8773, 32797.5452
7291, -571, -334, 16694, 10, -10, -5, 1437 ,-1107 ,16562 ,8 ,-7 ,3, 15303.9485, 32799.7029
7299, -535, -355, 16849, 7, -10, -5, 1404 ,-1128 ,16672 ,8 ,-4 ,3, 15251.9912, 32815.6233
7307, -535, -355, 16849, 7, -11, -5, 1390 ,-1121 ,16731 ,7 ,-6 ,3, 15166.3959, 32805.9226
7315, -554, -331, 16810, 7, -11, -5, 1390 ,-1121 ,16680 ,7 ,-6 ,3, 15111.5417, 32786.7448
7323, -563, -351, 16776, 7, -11, -5, 1412 ,-1101 ,16680 ,8 ,-8 ,3, 15450.8531, 32827.0823
7332, -565, -348, 16690, 8, -11, -6, 1438 ,-1080 ,16577 ,8 ,-8 ,3, 15159.4102, 32821.6225
7338, -584, -343, 16713, 9, -10, -6, 1438 ,-1088 ,16589 ,8 ,-7 ,3, 15375.7036, 32833.1947
7346, -585, -323, 16821, 8, -11, -5, 1438 ,-1087 ,16661 ,9 ,-7 ,4, 15100.6550, 32817.4382
7354, -573, -348, 16877, 7, -11, -5, 1437 ,-1093 ,16706 ,9 ,-6 ,3, 15188.9592, 32813.0513
7362, -555, -354, 16772, 8, -10, -5, 1388 ,-1113 ,16680 ,8 ,-5 ,4, 15260.3894, 32804.9272
7370, -555, -348, 16691, 8, -10, -5, 1394 ,-1110 ,16603 ,9 ,-8 ,2, 15199.6344, 32821.3662
7379, -558, -348, 16691, 8, -11, -5, 1414 ,-1089 ,16603 ,9 ,-8 ,3, 15273.4756, 32813.6832
7387, -558, -338, 16698, 8, -10, -4, 1414 ,-1089 ,16550 ,9 ,-8 ,3, 15327.2688, 32809.1025
7395, -556, -332, 16779, 9, -10, -5, 1423 ,-1107 ,16627 ,9 ,-4 ,4, 15273.2968, 32794.0762
7401, -565, -330, 16845, 9, -11, -5, 1420 ,-1112 ,16704 ,8 ,-6 ,2, 15194.7767, 32800.2483
7409, -572, -324, 16821, 7, -11, -5, 1438 ,-1111 ,16693 ,9 ,-7 ,2, 15332.4842, 32825.4670
7417, -579, -335, 16772, 8, -11, -5, 1434 ,-1089 ,16644 ,8 ,-8 ,3, 15467.2593, 32817.4770
7426, -573, -340, 16725, 7, -11, -4, 1431 ,-1073 ,16609 ,9 ,-7 ,3, 15130.5884, 32832.8311
7434, -573, -340, 16725, 7, -12, -5, 1434 ,-1077 ,16611 ,8 ,-6 ,4, 15159.8126, 32802.3493
7442, -576, -341, 16737, 8, -12, -5, 1434 ,-1077 ,16611 ,8 ,-6 ,4, 15275.8688, 32817.9568
7450, -572, -338, 16792, 7, -10, -5, 1417 ,-1114 ,16642 ,9 ,-5 ,4, 15177.5271, 32802.6146
7458, -558, -325, 16800, 7, -10, -6, 1426 ,-1109 ,16657 ,9 ,-6 ,3, 15243.1816, 32813.1735
7466, -584, -318, 16769, 7, -11, -5, 1433 ,-1112 ,16669 ,9 ,-8 ,3, 15173.7928, 32834.3302
7473, -571, -308, 16735, 8, -11, -4, 1444 ,-1111 ,16638 ,10 ,-9 ,4, 15353.4651, 32821.7179
7481, -566, -330, 16728, 8, -11, -5, 1444 ,-1098 ,16590 ,8 ,-8 ,3, 15111.8785, 32803.6606
7489, -561, -328, 16770, 8, -10, -5, 1425 ,-1109 ,16626 ,8 ,-6 ,3, 15278.6225, 32795.0299
7497, -561, -328, 16812, 6, -10, -5, 1423 ,-1110 ,16664 ,8 ,-6 ,3, 15080.0824, 32803.0914
7505, -563, -342, 16812, 6, -10, -4, 1426 ,-1110 ,16664 ,8 ,-6 ,3, 15211.7670, 32808.2681
7513, -565, -336, 16796, 7, -11, -5, 1426 ,-1123 ,16664 ,9 ,-4 ,3, 15080.2702, 32815.0839
7521, -572, -336, 16749, 8, -12, -5, 1410 ,-1110 ,16656 ,9 ,-6 ,3, 15323.0608, 32812.4762
7529, -588, -323, 16730, 7, -11, -5, 1439 ,-1088 ,16582 ,9 ,-7 ,3, 15356.1950, 32833.5106
7537, -574, -316, 16726, 7, -11, -6, 1447 ,-1088 ,16569 ,8 ,-6 ,3, 15220.3500, 32812.1185
7544, -564, -317, 16787, 7, -12, -6, 1442 ,-1116 ,16666 ,8 ,-4 ,3, 15175.5184, 32827.5174
7552, -562, -318, 16807, 9, -11, -5, 1447 ,-1095 ,16670 ,8 ,-5 ,4, 15299.0162, 32827.7886
7560, -566, -335, 16807, 9, -11, -5, 1418 ,-1101 ,16663 ,8 ,-5 ,5, 15202.7547, 32822.7341
7568, -566, -335, 16787, 8, -11, -5, 1402 ,-1101 ,16636 ,8 ,-5 ,3, 15331.3369, 32807.6869
7576, -559, -336, 16748, 8, -11, -5, 1402 ,-1117 ,16636 ,8 ,-5 ,3, 15287.8433, 32813.2659
7584, -568, -341, 16745, 8, -10, -5, 1411 ,-1111 ,16617 ,8 ,-6 ,3, 15287.1609, 32806.7541
7592, -564, -335, 16779, 7, -10, -5, 1411 ,-1102 ,16664 ,8 ,-5 ,3, 15299.6629, 32809.3737
7600, -576, -335, 16798, 8, -11, -5, 1436 ,-1106 ,16676 ,8 ,-4 ,3, 15252.3965, 32807.0492
7607, -584, -327, 16779, 9, -11, -5, 1437 ,-1096 ,16657 ,9 ,-5 ,3, 15346.4079, 32828.5307
7615, -568, -324, 16744, 8, -10, -5, 1448 ,-1089 ,16623 ,7 ,-7 ,4, 15292.4865, 32821.8937
7623, -568, -324, 16744, 8, -10, -4, 1451 ,-1083 ,16594 ,7 ,-6 ,3, 15137.7112, 32814.3179
7631, -577, -336, 16735, 8, -10, -4, 1451 ,-1083 ,16594 ,7 ,-6 ,3, 15284.9108, 32821.9444
7639, -550, -334, 16777, 8, -11, -5, 1418 ,-1106 ,16636 ,7 ,-3 ,3, 15217.5099, 32814.2464
7647, -543, -349, 16826, 8, -11, -5, 1385 ,-1120 ,16686 ,8 ,-5 ,4, 15188.5480, 32798.6360
7655, -543, -346, 16798, 8, -10, -6, 1404 ,-1119 ,16678 ,8 ,-6 ,3, 15122.8905, 32801.6937
7663, -564, -344, 16763, 8, -11, -5, 1400 ,-1096 ,16632 ,7 ,-5 ,3, 15385.6039, 32830.6913
7670, -570, -337, 16745, 7, -11, -5, 1420 ,-1101 ,16625 ,7 ,-7 ,3, 15442.5472, 32820.3022
7678, -585, -322, 16756, 6, -10, -5, 1444 ,-1095 ,16617 ,8 ,-7 ,3, 15346.3632, 32820.4632
7686, -594, -334, 16772, 6, -10, -5, 1445 ,-1098 ,16645 ,8 ,-6 ,3, 15253.5260, 32805.6335
7694, -594, -334, 16772, 7, -11, -4, 1445 ,-1098 ,16680 ,7 ,-5 ,4, 15180.3136, 32820.4185
7702, -574, -337, 16796, 8, -10, -4, 1424 ,-1112 ,16680 ,7 ,-5 ,4, 15113.8484, 32795.7511
7710, -565, -348, 16766, 7, -10, -5, 1421 ,-1100 ,16654 ,8 ,-6 ,4, 15154.1173, 32816.2253
7718, -570, -341, 16747, 7, -11, -5, 1406 ,-1113 ,16628 ,8 ,-7 ,3, 15260.2881, 32817.9181
7726, -552, -338, 16752, 7, -9, -5, 1390 ,-1112 ,16625 ,8 ,-6 ,3, 15237.5698, 32827.2969
7733, -549, -325, 16792, 6, -10, -6, 1409 ,-1114 ,16658 ,9 ,-6 ,4, 15363.5085, 32805.3921
7741, -555, -323, 16792, 7, -12, -6, 1430 ,-1115 ,16679 ,8 ,-6 ,3, 15268.0635, 32808.7121
7749, -555, -323, 16792, 7, -11, -6, 1436 ,-1120 ,16653 ,8 ,-6 ,3, 15237.5787, 32815.4922
7757, -578, -306, 16763, 8, -11, -6, 1436 ,-1120 ,16653 ,8 ,-6 ,3, 15301.2812, 32806.3279
7765, -589, -314, 16738, 6, -10, -4, 1439 ,-1095 ,16608 ,8 ,-7 ,3, 15224.7310, 32827.3147
7773, -578, -320, 16731, 6, -11, -5, 1430 ,-1107 ,16600 ,7 ,-6 ,4, 15322.3872, 32838.4429
7781, -554, -339, 16783, 6, -12, -5, 1425 ,-1113 ,16628 ,8 ,-6 ,3, 15472.8264, 32816.5323
7789, -554, -340, 16825, 7, -12, -5, 1406 ,-1123 ,16690 ,8 ,-6 ,3, 15328.6606, 32808.5333
7796, -572, -330, 16831, 8, -10, -5, 1430 ,-1126 ,16706 ,7 ,-5 ,4, 15084.5766, 32825.0587
7804, -576, -324, 16770, 7, -11, -4, 1423 ,-1109 ,16648 ,8 ,-7 ,3, 15111.0500, 32805.7736
7812, -576, -326, 16751, 6, -11, -4, 1450 ,-1101 ,16596 ,9 ,-7 ,3, 15311.2799, 32825.8038
7820, -579, -326, 16751, 6, -10, -5, 1450 ,-1101 ,16606 ,9 ,-6 ,3, 15294.2449, 32807.3025
7828, -578, -320, 16750, 7, -10, -5, 1441 ,-1096 ,16606 ,9 ,-6 ,4, 15205.3624, 32800.4301
7836, -581, -316, 16795, 7, -10, -5, 1430 ,-1100 ,16672 ,8 ,-5 ,4, 15228.3013, 32811.2811
7844, -575, -337, 16772, 8, -10, -5, 1440 ,-1111 ,16661 ,8 ,-6 ,3, 15167.3883, 32801.8576
7853, -574, -348, 16775, 7, -12, -5, 1434 ,-1092 ,16637 ,9 ,-6 ,4, 15111.1603, 32819.7420
7861, -569, -346, 16722, 7, -11, -6, 1398 ,-1094 ,16648 ,8 ,-6 ,4, 15134.5402, 32815.2329
7867, -548, -332, 16753, 8, -11, -5, 1416 ,-1110 ,16624 ,9 ,-10 ,4, 15086.9668, 32814.4312
7875, -563, -311, 16753, 8, -11, -6, 1456 ,-1110 ,16624 ,7 ,-8 ,3, 15369.8742, 32818.5320
7883, -563, -311, 16765, 8, -11, -6, 1456 ,-1103 ,16676 ,7 ,-8 ,3, 15205.5591, 32795.6468
7891, -553, -334, 16808, 6, -11, -6, 1430 ,-1106 ,16676 ,6 ,-3 ,3, 15162.3666, 32809.5913
7900, -557, -337, 16745, 7, -10, -5, 1403 ,-1124 ,16700 ,7 ,-5 ,4, 15146.5803, 32808.8820
7908, -573, -334, 16737, 5, -10, -5, 1439 ,-1098 ,16573 ,9 ,-10 ,3, 15230.0745, 32814.3954
7916, -560, -354, 16755, 7, -11, -5, 1418 ,-1100 ,16610 ,8 ,-4 ,3, 15230.9924, 32834.3153
7924, -569, -355, 16773, 8, -10, -5, 1392 ,-1099 ,16678 ,8 ,-5 ,4, 15284.0942, 32801.5149
7932, -566, -350, 16804, 7, -11, -5, 1404 ,-1098 ,16684 ,10 ,-9 ,3, 15263.3309, 32825.1660
7940, -566, -350, 16764, 8, -11, -5, 1413 ,-1106 ,16670 ,10 ,-9 ,4, 15398.1328, 32832.6821
7948, -578, -348, 16764, 8, -11, -5, 1413 ,-1106 ,16414 ,10 ,-9 ,4, 15394.2436, 32812.2288
7956, -586, -348, 16749, 7, -11, -6, 1422 ,-1103 ,16636 ,9 ,-9 ,3, 15421.4174, 32803.9944
7963, -564, -336, 16764, 7, -11, -5, 1422 ,-1098 ,16608 ,9 ,-9 ,3, 15104.8720, 32810.4258
7971, -565, -333, 16784, 6, -10, -4, 1436 ,-1097 ,16625 ,9 ,-8 ,3, 15275.7287, 32832.4020
7979, -568, -335, 16770, 7, -10, -4, 1421 ,-1115 ,16639 ,7 ,-7 ,3, 15413.3826, 32835.5521
7987, -558, -350, 16776, 7, -11, -4, 1418 ,-1106 ,16654 ,8 ,-7 ,3, 15301.8713, 32803.9199
7995, -561, -332, 16784, 6, -11, -5, 1428 ,-1106 ,16641 ,9 ,-7 ,3, 15315.2138, 32796.9640
8003, -570, -334, 16785, 6, -11, -5, 1429 ,-1098 ,16630 ,10 ,-7 ,4, 15323.1591, 32821.6255
8011, -570, -334, 16785, 6, -11, -5, 1436 ,-1100 ,16620 ,10 ,-7 ,4, 15268.0546, 32815.4057
8019, -571, -327, 16792, 7, -10, -4, 1436 ,-1100 ,16620 ,9 ,-4 ,3, 15293.8843, 32824.6057
8027, -572, -332, 16771, 8, -12, -5, 1417 ,-1100 ,16679 ,8 ,-5 ,4, 15350.8812, 32797.8343
8035, -564, -323, 16765, 7, -12, -6, 1429 ,-1093 ,16651 ,9 ,-8 ,4, 15271.4849, 32820.6658
8042, -554, -329, 16745, 7, -11, -6, 1448 ,-1109 ,16612 ,8 ,-6 ,3, 15175.9803, 32816.7886
8050, -566, -322, 16765, 8, -12, -5, 1435 ,-1122 ,16628 ,7 ,-3 ,2, 15352.2342, 32822.3974
8058, -561, -310, 16766, 9, -12, -4, 1404 ,-1110 ,16671 ,6 ,-3 ,3, 15230.8494, 32821.9891
8066, -569, -321, 16772, 9, -11, -5, 1420 ,-1119 ,16692 ,9 ,-8 ,4, 15252.2117, 32803.7202
8074, -569, -321, 16772, 9, -11, -5, 1425 ,-1102 ,16662 ,9 ,-8 ,3, 15240.2937, 32801.6400
8082, -585, -329, 16786, 7, -11, -5, 1425 ,-1102 ,16662 ,9 ,-8 ,3, 15266.1562, 32811.7996
8090, -593, -325, 16779, 7, -11, -4, 1424 ,-1093 ,16664 ,9 ,-8 ,3, 15275.4754, 32826.4266
8098, -587, -333, 16771, 6, -10, -5, 1437 ,-1084 ,16632 ,9 ,-10 ,3, 15281.9455, 32817.3131
8106, -583, -344, 16762, 6, -11, -5, 1438 ,-1105 ,16624 ,8 ,-8 ,3, 15341.1925, 32831.9430
8113, -569, -328, 16752, 8, -10, -5, 1430 ,-1116 ,16639 ,8 ,-6 ,4, 15173.2296, 32815.6143
8121, -578, -327, 16769, 8, -10, -5, 1419 ,-1108 ,16632 ,9 ,-7 ,3, 15319.5739, 32830.8731
8129, -566, -338, 16782, 7, -11, -5, 1440 ,-1096 ,16648 ,8 ,-5 ,4, 15210.6613, 32825.6249
8137, -568, -338, 16782, 7, -11, -5, 1407 ,-1117 ,16648 ,8 ,-5 ,4, 15251.6514, 32825.0974
8145, -568, -351, 16786, 6, -10, -4, 1407 ,-1117 ,16671 ,8 ,-3 ,3, 15256.6284, 32826.8856
8153, -565, -344, 16765, 7, -11, -5, 1414 ,-1099 ,16640 ,8 ,-6 ,3, 15216.6128, 32822.9785
8161, -559, -343, 16780, 6, -11, -5, 1424 ,-1100 ,16616 ,7 ,-5 ,4, 15417.6235, 32807.9164
8169, -564, -346, 16757, 6, -11, -5, 1389 ,-1115 ,16680 ,6 ,-3 ,3, 15271.1749, 32816.2163
8176, -572, -359, 16752, 8, -11, -6, 1395 ,-1109 ,16654 ,9 ,-7 ,2, 15291.7147, 32838.0048
8184, -568, -350, 16747, 7, -11, -6, 1430 ,-1082 ,16622 ,10 ,-8 ,3, 15308.2043, 32831.0877
8192, -572, -343, 16753, 6, -11, -6, 1420 ,-1106 ,16630 ,10 ,-8 ,3, 15364.7006, 32822.3377
8200, -572, -343, 16753, 6, -11, -6, 1408 ,-1115 ,16630 ,11 ,-11 ,3, 15163.0193, 32808.9982
8208, -568, -335, 16792, 6, -11, -6, 1408 ,-1115 ,16669 ,11 ,-11 ,3, 15299.7315, 32813.4418
8216, -553, -332, 16808, 7, -11, -5, 1429 ,-1110 ,16657 ,10 ,-10 ,3, 15287.4917, 32782.8199
8224, -548, -340, 16791, 6, -11, -4, 1433 ,-1107 ,16630 ,10 ,-7 ,3, 15363.1181, 32823.7206
8232, -564, -340, 16747, 7, -11, -4, 1408 ,-1109 ,16636 ,8 ,-5 ,3, 15207.8182, 32812.2050
8241, -559, -339, 16733, 7, -11, -5, 1409 ,-1100 ,16640 ,9 ,-5 ,3, 15257.6447, 32828.6350
8249, -571, -346, 16751, 7, -10, -5, 1435 ,-1090 ,16614 ,10 ,-7 ,3, 15144.7833, 32810.1903
8257, -585, -339, 16773, 8, -10, -6, 1428 ,-1083 ,16630 ,9 ,-6 ,3, 15268.9338, 32807.6929
8265, -585, -326, 16774, 8, -11, -5, 1431 ,-1094 ,16642 ,7 ,-6 ,3, 15373.9899, 32798.2754
8273, -582, -326, 16774, 8, -11, -5, 1431 ,-1094 ,16642 ,7 ,-6 ,3, 15376.7854, 32825.8485
8279, -582, -342, 16769, 8, -11, -5, 1441 ,-1100 ,16644 ,7 ,-5 ,2, 15332.4693, 32824.0633
8288, -578, -342, 16773, 8, -10, -5, 1418 ,-1110 ,16657 ,8 ,-3 ,3, 15153.5034, 32823.4613
8296, -588, -331, 16782, 7, -11, -5, 1430 ,-1121 ,16645 ,9 ,-6 ,4, 15234.1902, 32829.6572
8304, -571, -344, 16776, 6, -11, -5, 1417 ,-1123 ,16642 ,9 ,-5 ,3, 15354.4158, 32813.2600
8312, -564, -330, 16754, 8, -11, -5, 1428 ,-1129 ,16653 ,9 ,-6 ,3, 15263.6617, 32828.6290
8320, -572, -326, 16758, 7, -11, -5, 1430 ,-1109 ,16618 ,9 ,-8 ,3, 15240.3653, 32798.9131
8328, -567, -326, 16762, 7, -10, -5, 1449 ,-1111 ,16606 ,7 ,-6 ,3, 15272.3074, 32814.6011
8336, -567, -326, 16762, 7, -10, -5, 1448 ,-1117 ,16630 ,8 ,-6 ,3, 15223.9949, 32817.3965
8344, -585, -335, 16784, 8, -9, -4, 1448 ,-1117 ,16630 ,8 ,-5 ,4, 15138.4354, 32797.5839
8351, -575, -330, 16772, 7, -11, -5, 1447 ,-1107 ,16666 ,8 ,-5 ,3, 15393.3436, 32820.0310
8359, -568, -336, 16784, 7, -10, -5, 1430 ,-1112 ,16672 ,8 ,-6 ,4, 15206.4919, 32820.0638
8367, -566, -343, 16784, 8, -11, -5, 1428 ,-1088 ,16622 ,9 ,-7 ,4, 15284.2879, 32804.8080
8375, -566, -336, 16762, 7, -11, -5, 1422 ,-1095 ,16636 ,7 ,-5 ,4, 15284.0674, 32797.1727
8383, -564, -337, 16767, 8, -12, -5, 1432 ,-1102 ,16619 ,8 ,-6 ,3, 15129.2443, 32788.6015
8391, -571, -337, 16769, 8, -11, -5, 1434 ,-1099 ,16628 ,8 ,-6 ,3, 15204.3670, 32834.7862
8399, -571, -347, 16769, 8, -11, -5, 1434 ,-1099 ,16628 ,8 ,-6 ,3, 15116.8972, 32831.3231
8407, -564, -347, 16772, 7, -11, -5, 1435 ,-1108 ,16644 ,8 ,-6 ,3, 15206.9956, 32808.3456
8415, -568, -336, 16782, 9, -11, -5, 1404 ,-1102 ,16646 ,8 ,-6 ,3, 15389.1236, 32807.1892
8422, -571, -336, 16785, 8, -11, -5, 1416 ,-1104 ,16644 ,8 ,-5 ,4, 15241.9269, 32812.6818
8430, -555, -352, 16762, 7, -10, -4, 1415 ,-1108 ,16632 ,8 ,-7 ,4, 15330.4160, 32792.5295
8438, -570, -351, 16751, 9, -11, -5, 1402 ,-1103 ,16636 ,8 ,-6 ,4, 15221.9564, 32830.3546
8446, -571, -339, 16767, 9, -10, -5, 1413 ,-1103 ,16629 ,8 ,-7 ,4, 15330.0703, 32810.6463
8454, -564, -346, 16766, 9, -10, -5, 1418 ,-1096 ,16636 ,8 ,-6 ,3, 15265.0952, 32807.5349
8462, -564, -346, 16766, 9, -11, -5, 1420 ,-1102 ,16387 ,8 ,-6 ,3, 15314.2512, 32792.3149
8470, -569, -330, 16780, 7, -12, -5, 1420 ,-1102 ,16643 ,8 ,-6 ,3, 15340.5845, 32820.3648
8478, -559, -343, 16757, 9, -12, -5, 1401 ,-1089 ,16626 ,9 ,-7 ,3, 15532.4847, 32799.2350
8485, -568, -340, 16768, 9, -12, -5, 1411 ,-1109 ,16632 ,9 ,-9 ,3, 15330.7259, 32820.6986
8493, -567, -339, 16768, 10, -12, -5, 1414 ,-1102 ,16620 ,8 ,-5 ,4, 15051.1086, 32809.5526
8501, -562, -340, 16779, 9, -12, -5, 1428 ,-1100 ,16652 ,8 ,-5 ,4, 15371.3286, 32820.7374
8509, -576, -332, 16780, 10, -12, -5, 1422 ,-1112 ,16670 ,9 ,-6 ,4, 15191.4924, 32804.0987
8517, -573, -330, 16757, 8, -11, -4, 1446 ,-1105 ,16594 ,7 ,-6 ,4, 15195.1969, 32811.4361
8525, -573, -330, 16737, 8, -11, -4, 1434 ,-1100 ,16633 ,9 ,-6 ,4, 15334.6598, 32813.5818
8533, -578, -317, 16737, 8, -11, -5, 1434 ,-1100 ,16633 ,9 ,-6 ,4, 15312.9816, 32829.8777
8541, -568, -329, 16764, 8, -11, -5, 1432 ,-1106 ,16632 ,8 ,-6 ,3, 15182.4981, 32789.5880
8549, -574, -318, 16801, 7, -12, -4, 1438 ,-1096 ,16644 ,9 ,-6 ,3, 15368.3633, 32827.6783
8556, -564, -328, 16806, 8, -11, -4, 1418 ,-1112 ,16669 ,8 ,-6 ,4, 15315.2972, 32812.1483
8564, -583, -331, 16764, 8, -11, -5, 1417 ,-1122 ,16660 ,7 ,-5 ,4, 15448.6716, 32827.8005
8572, -542, -351, 15918, 16, -12, -6, 1390 ,-1099 ,16621 ,8 ,-7 ,3, 15422.5498, 32819.3724
8580, -477, 395, 16076, 11, 0, -2, 1433 ,-1099 ,16489 ,11 ,-11 ,2, 15107.7241, 32791.1019
8588, -477, 395, 16076, 11, 0, -2, 1433 ,-1099 ,16489 ,11 ,-11 ,2, 15044.7398, 32808.3396
8596, -477, 395, 16076, 11, 0, -2, 1433 ,-1099 ,16489 ,11 ,-11 ,2, 15178.9337, 32805.1090
8604, -477, 395, 16076, 11, 0, -2, 1433 ,-1099 ,16489 ,11 ,-11 ,2, 14834.5143, 32818.3085
8612, -477, 395, 16076, 11, 0, -2, 1433 ,-1099 ,16489 ,11 ,-11 ,2, 15040.3440, 32822.0934
8621, -477, 395, 16076, 11, 0, -2, 1433 ,-1099 ,16489 ,11 ,-11 ,2, 15061.9298, 32816.3922
8627, -477, 395, 16076, 11, 0, -2, 1433 ,-1099 ,16489 ,11 ,-11 ,2, 14888.2478, 32811.3228
8635, -477, 395, 16076, 11, 0, -2, 1433 ,-1099 ,16489 ,11 ,-11 ,2, 15002.6888, 32804.7752
8643, -477, 395, 16076, 11, 0, -2, 1433 ,-1099 ,16489 ,11 ,-11 ,2, 15089.2198, 32820.9728
8651, -477, 395, 16076, 11, 0, -2, 1433 ,-1099 ,16489 ,11 ,-11 ,2, 15022.6742, 32809.4870
8659, -477, 395, 16076, 11, 0, -2, 1433 ,-1099 ,16489 ,11 ,-11 ,2, 15155.6432, 32828.2475
8668, -477, 395, 16076, 11, 0, -2, 1433 ,-1099 ,16489 ,11 ,-11 ,2, 15129.1192, 32819.4141
8676, -477, 395, 16076, 11, 0, -2, 1433 ,-1099 ,16489 ,11 ,-11 ,2, 15123.9395, 32829.1386
8684, -477, 395, 16076, 11, 0, -2, 1433 ,-1099 ,16489 ,11 ,-11 ,2, 15187.0131, 32814.1958
8692, -477, 395, 16076, 11, 0, -2, 1433 ,-1099 ,16489 ,11 ,-11 ,2, 15234.2826, 32810.7536
8698, -477, 395, 16076, 11, 0, -2, 1433 ,-1099 ,16489 ,11 ,-11 ,2, 15488.8958, 32822.9457
8706, -477, 395, 16076, 11, 0, -2, 1433 ,-1099 ,16489 ,11 ,-11 ,2, 15504.9473, 32829.9731
8715, -477, 395, 16076, 11, 0, -2, 1433 ,-1099 ,16489 ,11 ,-11 ,2, 15266.8387, 32830.3874
8723, -477, 395, 16076, 11, 0, -2, 1433 ,-1099 ,16489 ,11 ,-11 ,2, 15341.2402, 32801.8069
8731, -477, 395, 16076, 11, 0, -2, 1433 ,-1099 ,16489 ,11 ,-11 ,2, 15269.9918, 32829.3860
8739, -477, 395, 16076, 11, 0, -2, 1433 ,-1099 ,16489 ,11 ,-11 ,2, 15381.3243, 32811.0844
8747, -477, 395, 16076, 9, -12, -5, 1433 ,-1099 ,16489 ,11 ,-11 ,2, 15346.5033, 32814.4968
