11409, 8837, -423, 14822, 3, 8, -4, 991 ,-3660 ,16526 ,14 ,-11 ,-3, 27360.2724, 27939.2540
11411, 8837, -423, 14822, 3, 8, -4, 991 ,-3660 ,16526 ,14 ,-11 ,-3, 27406.6269, 27809.6080
11416, 8466, -1185, 14785, -2, 5, 1, 986 ,-3739 ,16506 ,20 ,-11 ,-4, 27405.6584, 27842.9270
11424, 8793, -541, 14857, -12, 0, -3, 956 ,-3836 ,16468 ,30 ,-15 ,-5, 27297.3597, 27799.6957
11432, 8326, -1277, 14383, -8, -5, -3, 922 ,-3564 ,16378 ,39 ,-19 ,-9, 27346.2474, 27885.0853
11440, 8611, -672, 14373, -256, -5, -8, 830 ,-3439 ,16343 ,35 ,-16 ,-12, 27311.3489, 27763.0568
11450, 8503, -672, 14373, 0, -10, -6, 919 ,-3156 ,16326 ,27 ,-15 ,-14, 27413.0046, 27814.0396
11458, 8247, -1072, 14170, 8, -10, -6, 991 ,-3314 ,16374 ,15 ,-12 ,-14, 27403.5245, 27843.7793
11466, 8496, -567, 14287, 14, -9, -6, 991 ,-3570 ,16456 ,15 ,-12 ,-14, 27340.7549, 27901.4736
11474, 8197, -1165, 14148, 20, -5, -2, 986 ,-3516 ,16456 ,8 ,-7 ,-9, 27292.8149, 27838.2689
11482, 8601, -728, 14550, 8, 3, -5, 1060 ,-3912 ,16537 ,17 ,-2 ,-9, 27248.1114, 27907.2940
11490, 8641, -602, 14785, -2, 5, -1, 1145 ,-3869 ,16473 ,26 ,2 ,-5, 27377.7276, 27816.8231
11498, 8402, -929, 15064, -25, 5, -4, 1230 ,-3927 ,16466 ,36 ,3 ,-5, 27191.9042, 27792.3048
11506, 8749, -108, 14846, -41, 1, 1, 1173 ,-3671 ,16448 ,37 ,4 ,-3, 27344.3997, 27746.9456
11514, 8416, -534, 14611, -31, -3, 11, 1111 ,-3387 ,16523 ,31 ,3 ,-5, 27392.0715, 27822.1458
11522, 8413, -1041, 14305, -31, -4, 8, 888 ,-3450 ,16516 ,27 ,8 ,-1, 27317.8399, 27868.9474
11530, 8413, -1041, 14305, 6, -3, 4, 776 ,-3435 ,16565 ,27 ,11 ,1, 27337.7448, 27908.0987
11538, 8698, -767, 14206, 6, -3, 4, 776 ,-3435 ,16464 ,30 ,11 ,1, 27245.9775, 27814.6178
11546, 8441, -914, 14378, 31, -5, 3, 768 ,-3391 ,16464 ,30 ,10 ,2, 27327.0100, 27938.3153
11554, 8480, -868, 14415, 39, -5, 0, 879 ,-3519 ,16482 ,26 ,8 ,5, 27431.7682, 27922.4545
11561, 8620, -770, 14474, 36, -6, 0, 970 ,-3746 ,16495 ,23 ,5 ,7, 27392.4142, 27685.2787
11569, 8634, -810, 14652, 26, -5, 1, 893 ,-3893 ,16480 ,30 ,4 ,6, 27299.7975, 27865.3741
11577, 8680, -830, 14736, 9, -6, 1, 936 ,-3829 ,16401 ,41 ,3 ,6, 27362.5433, 27840.0660
11585, 8599, -830, 14736, -4, -9, 1, 889 ,-3675 ,16368 ,43 ,4 ,5, 27282.3781, 27883.2912
11593, 8599, -835, 14640, -4, -9, 1, 889 ,-3675 ,16331 ,41 ,7 ,5, 27371.4364, 27803.6714
11600, 8401, -1010, 14356, -9, -12, 0, 764 ,-3590 ,16331 ,41 ,7 ,2, 27401.6798, 27833.5571
11608, 8468, -1014, 14249, -8, -13, -3, 764 ,-3590 ,16338 ,43 ,10 ,2, 27404.3083, 27726.6145
11618, 8440, -961, 14154, -11, -14, -3, 735 ,-3496 ,16261 ,46 ,6 ,2, 27408.4926, 27720.3709
11624, 8340, -853, 13884, -21, -14, -1, 776 ,-3326 ,16263 ,42 ,-1 ,1, 27417.7104, 27664.3783
11634, 8327, -706, 13566, -23, -7, 3, 747 ,-3204 ,16354 ,32 ,-8 ,1, 27452.7222, 27831.6379
11644, 8372, -799, 13741, -17, 2, 8, 753 ,-3158 ,16420 ,22 ,-10 ,3, 27279.0164, 27777.3798
11648, 8348, -1078, 14076, -15, 10, 12, 714 ,-3229 ,16383 ,16 ,-11 ,6, 27404.8299, 27787.8612
11658, 8203, -1334, 14381, -13, 10, 7, 735 ,-3332 ,16282 ,17 ,-9 ,8, 27377.8260, 27868.8192
11666, 8459, -1532, 14634, -13, 10, 7, 804 ,-3354 ,16200 ,20 ,-9 ,11, 27373.7073, 27830.6305
11674, 8527, -1385, 14634, -3, 5, -3, 878 ,-3286 ,16299 ,20 ,-9 ,9, 27417.3260, 27937.2007
11682, 8417, -1032, 14674, 14, -8, -10, 878 ,-3286 ,16043 ,24 ,-11 ,9, 27344.3609, 27823.5644
11690, 8290, -828, 14524, 35, -22, -14, 903 ,-3145 ,15952 ,25 ,-13 ,8, 27280.6048, 27859.2467
11698, 8209, -803, 14330, 46, -31, -14, 1000 ,-3109 ,15921 ,11 ,-18 ,7, 27183.4254, 27789.6404
11706, 8123, -904, 13982, 43, -34, -14, 1003 ,-3306 ,15991 ,-7 ,-16 ,6, 27233.5202, 27819.6931
11714, 8058, -1042, 13894, 35, -29, -17, 1017 ,-3448 ,16016 ,-19 ,-13 ,6, 27352.9798, 27808.9643
11724, 8182, -1144, 14759, 26, -27, -21, 1016 ,-3450 ,16060 ,-29 ,-13 ,5, 27420.6638, 27912.1041
11732, 8404, -1163, 14614, 7, -35, -25, 957 ,-3437 ,16065 ,-40 ,-13 ,4, 27220.2522, 27866.8284
11740, 8418, -1203, 14217, 4, -42, -29, 865 ,-3582 ,16277 ,-46 ,-12 ,3, 27208.3968, 27784.4131
11748, 8483, -1087, 13963, 12, -40, -35, 736 ,-3575 ,16394 ,-40 ,-11 ,2, 27354.6159, 27753.2041
11757, 8483, -880, 13812, 18, -34, -36, 695 ,-3562 ,16485 ,-29 ,-10 ,2, 27451.0294, 27824.3870
11765, 8531, -718, 13681, 18, -34, -36, 696 ,-3479 ,16508 ,-22 ,-10 ,0, 27258.5958, 27859.1812
11773, 8517, -718, 13681, 20, -24, -32, 705 ,-3479 ,16533 ,-15 ,-12 ,-1, 27221.3757, 27863.2522
11781, 8517, -656, 13832, 15, -13, -26, 815 ,-3489 ,16521 ,-7 ,-12 ,3, 27374.4196, 27806.9615
11790, 8495, -634, 14059, 9, -5, -16, 815 ,-3489 ,16521 ,-7 ,-14 ,3, 27372.1009, 27773.1329
11799, 8501, -630, 14250, 6, 2, -12, 955 ,-3430 ,16540 ,-6 ,-18 ,4, 27403.8613, 27997.7441
11806, 8522, -668, 14410, 10, 3, -6, 965 ,-3396 ,16628 ,-11 ,-20 ,4, 27350.6731, 27713.1528
11814, 8547, -830, 14651, 13, 6, -3, 1046 ,-3628 ,16719 ,-15 ,-20 ,6, 27388.9512, 27717.6499
11823, 8602, -903, 14915, 12, 10, -4, 1138 ,-3928 ,16737 ,-9 ,-22 ,7, 27376.1928, 27813.7028
11831, 8679, -612, 15059, 4, 9, -5, 1176 ,-3952 ,16743 ,3 ,-21 ,6, 27371.7254, 27875.9331
11838, 8626, -457, 14970, -8, 7, -2, 1194 ,-4022 ,16747 ,13 ,-19 ,4, 27306.6103, 27812.3170
11846, 8567, -543, 14980, -8, 7, 254, 1203 ,-3995 ,16650 ,31 ,-17 ,4, 27338.0637, 27681.8752
11855, 8567, -543, 14980, -18, 9, 4, 1190 ,-3634 ,16492 ,43 ,-13 ,3, 27324.3606, 27811.4468
11863, 8539, -618, 15002, -25, 6, 4, 1190 ,-3634 ,16492 ,43 ,-13 ,3, 27388.9124, 27859.4553
11871, 8444, -694, 14892, -23, 1, 6, 1159 ,-3386 ,16446 ,41 ,-9 ,4, 27435.3564, 27938.7861
11879, 8337, -865, 14736, -15, -5, 6, 1164 ,-3298 ,16445 ,30 ,-4 ,3, 27443.9782, 27835.6969
11886, 8290, -1001, 14542, -1, -10, 5, 1073 ,-3359 ,16495 ,26 ,0 ,1, 27436.8763, 27690.1215
11896, 8247, -1108, 14369, 9, -10, 4, 1050 ,-3379 ,16530 ,24 ,1 ,1, 27338.2038, 27819.7795
11904, 8208, -1167, 14231, 12, -8, 2, 1073 ,-3512 ,16587 ,23 ,-1 ,-3, 27284.3271, 27804.7621
11910, 8219, -1140, 14228, 8, -1, 0, 1096 ,-3644 ,16593 ,29 ,-5 ,-6, 27364.3225, 27727.6218
11924, 8262, -1118, 14357, 0, 6, -2, 1099 ,-3622 ,16496 ,36 ,-9 ,-9, 27190.8849, 28002.7479
11928, 8262, -1118, 14357, 0, 10, -2, 1042 ,-3560 ,16445 ,40 ,-14 ,-10, 27444.9348, 27855.3575
11936, 8298, -1103, 14433, -15, 10, -2, 1004 ,-3574 ,16343 ,41 ,-15 ,-11, 27359.2323, 27872.5177
11944, 8319, -1147, 14447, -28, 12, -3, 1004 ,-3574 ,16343 ,41 ,-15 ,-13, 27381.5602, 27862.3134
11953, 8334, -1215, 14582, -34, 12, -6, 983 ,-3408 ,16378 ,42 ,-12 ,-13, 27328.7326, 27814.5880
11961, 8375, -1166, 14570, -33, 6, -10, 944 ,-3318 ,16122 ,41 ,-8 ,-14, 27484.1040, 27869.2663
11970, 8440, -1053, 14532, -23, -1, -16, 888 ,-3187 ,16068 ,36 ,-6 ,-12, 27279.3263, 27795.4698
11978, 8483, -901, 14417, -10, -8, -21, 850 ,-3074 ,16116 ,23 ,-4 ,-8, 27310.0406, 27848.3987
11986, 8523, -794, 14147, 4, -13, -22, 803 ,-3188 ,16230 ,6 ,1 ,-3, 27352.3301, 27779.7908
11994, 8565, -679, 14029, 13, -12, -18, 756 ,-3408 ,16264 ,-4 ,6 ,0, 27327.9041, 27903.4734
12002, 8561, -616, 14058, 15, -9, -14, 723 ,-3458 ,16259 ,-2 ,7 ,2, 27259.6836, 27876.0254
12010, 8528, -642, 14031, 11, -8, -8, 730 ,-3554 ,16252 ,-3 ,4 ,4, 27313.7450, 27880.2067
12018, 8455, -642, 14031, 4, -7, -5, 733 ,-3597 ,16233 ,-1 ,-4 ,4, 27342.9811, 27825.5701
12026, 8455, -728, 14013, 4, -7, -5, 733 ,-3597 ,16233 ,-256 ,-4 ,4, 27362.1440, 27796.1463
12034, 8436, -785, 14008, -2, -4, -3, 731 ,-3610 ,16242 ,0 ,-8 ,-255, 27341.4403, 27797.5589
12042, 8454, -840, 14074, -4, -2, -3, 731 ,-3681 ,16332 ,2 ,-7 ,-1, 27352.7026, 27806.5622
12050, 8502, -996, 14307, -3, 0, -4, 782 ,-3742 ,16360 ,11 ,-8 ,0, 27226.6626, 27802.9412
12058, 8536, -1128, 14651, -11, 0, -6, 859 ,-3627 ,16329 ,20 ,-9 ,1, 27298.1554, 27882.1021
12066, 8583, -961, 14863, -20, -4, -8, 935 ,-3502 ,16304 ,24 ,-9 ,4, 27322.3519, 27786.4367
12074, 8420, -897, 14871, -21, -13, -9, 1000 ,-3258 ,16302 ,19 ,-10 ,3, 27301.2549, 27872.4253
12082, 8358, -989, 14526, -11, -22, -9, 1017 ,-3182 ,16365 ,9 ,-8 ,3, 27197.1256, 27927.0619
12090, 8376, -1068, 14012, 9, -23, -12, 964 ,-3255 ,16521 ,-2 ,-6 ,3, 27279.9999, 27798.7033
12098, 8376, -1068, 13914, 28, -23, -12, 889 ,-3407 ,16592 ,-4 ,-3 ,4, 27288.3862, 27853.0180
12107, 8439, -956, 13914, 28, -16, -15, 885 ,-3437 ,16592 ,-4 ,-3 ,4, 27298.7634, 27801.1233
12115, 8546, -709, 14259, 38, -6, -15, 885 ,-3437 ,16568 ,10 ,0 ,6, 27239.5134, 27684.9657
12123, 8599, -486, 14727, 36, -5, -6, 925 ,-3312 ,16414 ,10 ,0 ,6, 27380.4992, 27715.5608
12131, 8576, -538, 14930, 31, -12, 5, 902 ,-3284 ,16308 ,13 ,-1 ,4, 27374.9650, 27687.3946
12139, 8441, -903, 14702, 27, -22, 14, 873 ,-3275 ,16320 ,5 ,-2 ,2, 27365.5325, 27929.2524
12147, 8425, -1243, 14226, 25, -27, 15, 870 ,-3490 ,16460 ,-3 ,-4 ,-1, 27241.9661, 27826.9708
12155, 8459, -1300, 13962, 28, -21, 8, 838 ,-3753 ,16626 ,2 ,-4 ,-1, 27321.4072, 27765.5423
12163, 8436, -1109, 14089, 25, -11, 1, 912 ,-3675 ,16588 ,12 ,-4 ,1, 27329.8889, 27919.8021
12171, 8436, -838, 14312, 19, -5, 1, 1005 ,-3588 ,16559 ,14 ,-6 ,5, 27355.8229, 27909.9345
12179, 8432, -838, 14312, 19, -5, -4, 1065 ,-3683 ,16530 ,14 ,-6 ,5, 27160.1140, 27792.9068
12187, 8433, -733, 14532, 17, -2, -4, 1065 ,-3683 ,16530 ,16 ,-6 ,8, 27250.9038, 27793.4045
12195, 8472, -795, 14825, 9, -1, -2, 1053 ,-3769 ,16464 ,16 ,-6 ,8, 27268.6064, 27772.6740
12203, 8528, -848, 14960, 1, -6, 0, 986 ,-3708 ,16344 ,26 ,-7 ,9, 27401.0092, 27697.2264
12211, 8495, -892, 14793, -6, -14, 2, 936 ,-3543 ,16263 ,33 ,-7 ,7, 27374.3808, 27858.3050
12219, 8442, -1015, 14648, -7, -22, 2, 904 ,-3440 ,16241 ,39 ,-8 ,7, 27249.4823, 27859.4971
12227, 8380, -1143, 14483, -5, -28, 0, 906 ,-3274 ,16262 ,41 ,-8 ,7, 27382.3559, 27913.4572
12235, 8333, -1197, 14315, 0, -30, -3, 997 ,-3264 ,16315 ,34 ,-6 ,10, 27398.9767, 27843.8300
12244, 8298, -1176, 14292, 0, -30, -3, 1055 ,-3261 ,16360 ,25 ,-6 ,10, 27230.7813, 27865.9880
12252, 8285, -1176, 14292, 0, -29, -7, 1001 ,-3416 ,16434 ,15 ,-6 ,10, 27374.8130, 27834.1770
12260, 8285, -1072, 14243, 0, -27, -10, 967 ,-3416 ,16434 ,14 ,-1 ,11, 27329.1230, 27778.5510
12269, 8299, -941, 14222, 3, -22, -13, 967 ,-3482 ,16412 ,14 ,-1 ,11, 27423.7126, 27838.8202
12277, 8300, -788, 14382, 4, -19, -13, 1008 ,-3542 ,16317 ,16 ,0 ,12, 27500.9632, 27942.2522
12285, 8272, -703, 14498, 5, -20, -12, 1085 ,-3452 ,16165 ,16 ,-4 ,10, 27352.1125, 27871.5968
12293, 8237, -692, 14404, 6, -27, -10, 1027 ,-3357 ,16088 ,11 ,-10 ,5, 27327.3945, 27903.5866
12301, 8221, -806, 14110, 13, -32, -8, 878 ,-3350 ,16085 ,9 ,-11 ,0, 27354.8365, 27833.0058
12309, 8299, -1010, 13983, 18, -33, -9, 833 ,-3401 ,16085 ,6 ,-11 ,-1, 27202.9638, 27792.1498
12317, 8341, -1096, 13991, 18, -32, -11, 852 ,-3357 ,16118 ,5 ,-12 ,-1, 27313.4440, 27854.8598
12325, 8347, -1106, 13967, 20, -32, -15, 817 ,-3316 ,16178 ,-3 ,-14 ,-2, 27334.0315, 27767.9473
12335, 8352, -1096, 13901, 23, -29, -19, 838 ,-3355 ,16236 ,-13 ,-14 ,1, 27345.4905, 27874.2850
12343, 8434, -1266, 13901, 23, -29, -22, 858 ,-3314 ,16306 ,-22 ,-12 ,1, 27323.6006, 27850.6517
12351, 8434, -1010, 14053, 26, -23, -22, 826 ,-3438 ,16306 ,-32 ,-9 ,2, 27251.8367, 27786.7824
12359, 8558, -878, 14239, 26, -19, -24, 826 ,-3438 ,16368 ,-32 ,-9 ,2, 27281.5198, 27841.5799
12367, 8594, -759, 14413, 25, -18, -23, 917 ,-3592 ,16417 ,-30 ,-7 ,6, 27352.0231, 27603.0123
12377, 8597, -581, 14550, 26, -18, -22, 934 ,-3719 ,16429 ,-22 ,-5 ,7, 27402.4874, 27857.0831
12385, 8600, -562, 14628, 29, -20, -18, 955 ,-3720 ,16378 ,-8 ,-2 ,8, 27282.6105, 27864.6529
12393, 8518, -660, 14726, 30, -25, -15, 959 ,-3660 ,16270 ,4 ,-2 ,8, 27349.1204, 27829.4057
12401, 8377, -918, 14775, 24, -32, -12, 930 ,-3563 ,16153 ,14 ,-8 ,7, 27301.1744, 27796.2506
12409, 8287, -1184, 14543, 13, -42, -12, 968 ,-3368 ,16070 ,12 ,-18 ,6, 27301.9701, 27711.3169
12417, 8287, -1363, 14113, 3, -49, -17, 946 ,-3339 ,16175 ,-1 ,-24 ,5, 27243.3966, 27797.0552
12425, 8265, -1368, 13735, -4, -46, -25, 895 ,-3537 ,16343 ,-17 ,-24 ,5, 27324.5901, 27752.6706
12433, 8302, -1182, 13772, -6, -35, -34, 924 ,-3712 ,16382 ,-19 ,-22 ,8, 27387.3985, 27797.6453
12442, 8349, -1182, 13772, -9, -25, -41, 1012 ,-3708 ,16325 ,-22 ,-25 ,9, 27288.3266, 27765.1012
12450, 8349, -958, 14078, -16, -25, -41, 1017 ,-3771 ,16262 ,-28 ,-27 ,7, 27357.7124, 27819.5977
12458, 8349, -738, 14272, -16, -21, -46, 1017 ,-3771 ,16262 ,-28 ,-27 ,7, 27390.2982, 27679.6937
12468, 8373, -630, 14381, -19, -22, -48, 992 ,-3761 ,16239 ,-24 ,-27 ,8, 27363.7235, 27854.4426
12476, 8402, -525, 14422, -21, -26, -48, 1015 ,-3668 ,16197 ,-18 ,-30 ,9, 27186.4176, 27893.2482
12484, 8334, -565, 14387, -18, -30, -46, 1116 ,-3480 ,16163 ,-14 ,-36 ,9, 27405.8789, 27800.8968
12493, 8226, -727, 14022, -9, -34, -44, 1176 ,-3371 ,16195 ,-12 ,-44 ,7, 27345.1149, 27781.3286
12501, 8119, -900, 13692, 9, -32, -45, 1109 ,-3491 ,16255 ,-11 ,-43 ,3, 27189.4544, 27783.1316
12509, 8068, -975, 13898, 24, -24, -48, 1160 ,-3556 ,16215 ,-4 ,-45 ,-1, 27264.7858, 27762.4369
12518, 8141, -810, 14125, 28, -21, -51, 1033 ,-3510 ,16103 ,1 ,-44 ,-10, 27303.9877, 27735.5254
12527, 8225, -735, 14237, 33, -24, -52, 1053 ,-3295 ,16092 ,4 ,-46 ,-16, 27442.0977, 27876.0731
12535, 8333, -848, 14348, 33, -25, -48, 1045 ,-3271 ,16165 ,3 ,-47 ,-13, 27250.6535, 27876.5321
12543, 8480, -1106, 14696, 27, -26, -44, 1061 ,-3343 ,16187 ,7 ,-45 ,-5, 27287.9630, 27886.0003
12551, 8628, -1238, 15110, 11, -32, -41, 1042 ,-3119 ,16153 ,14 ,-37 ,2, 27291.7390, 27771.4580
12561, 8570, -1463, 15304, -4, -43, -40, 1197 ,-2756 ,16085 ,-4 ,-30 ,10, 27367.1776, 27838.1556
12569, 8554, -1719, 15163, -14, -59, -44, 1190 ,-2891 ,16267 ,-42 ,-18 ,14, 27311.4860, 27831.2296
12578, 8554, -1993, 14852, -14, -70, -44, 1155 ,-3211 ,16425 ,-72 ,-9 ,20, 27342.7457, 27710.8938
12586, 8670, -1975, 14858, -14, -70, -57, 1231 ,-3409 ,16554 ,-86 ,-7 ,21, 27215.2543, 27802.2140
12594, 8749, -1975, 14858, -15, -75, -75, 1231 ,-3707 ,16554 ,-86 ,-7 ,21, 27212.7241, 27679.7920
12604, 8556, -1626, 14968, -8, -79, -93, 1183 ,-3707 ,16698 ,-85 ,-9 ,17, 27317.0590, 27800.2411
12612, 8906, -1196, 15546, 7, -87, -103, 1159 ,-3777 ,16632 ,-61 ,-9 ,16, 27151.0243, 27879.3037
12620, 9111, -655, 16591, 15, -110, -105, 1084 ,-3777 ,16506 ,-31 ,-10 ,9, 27302.5841, 27735.2363
12629, 8944, -479, 16962, 8, -145, -98, 1260 ,-3632 ,16399 ,-9 ,-15 ,4, 27229.4104, 27803.0425
12637, 9211, -772, 16909, -11, -182, -88, 1320 ,-3720 ,16552 ,-1 ,-14 ,1, 27141.5830, 27840.3044
12649, 9976, -1767, 17516, -61, -222, -85, 844 ,-3799 ,16839 ,3 ,4 ,16, 27330.1095, 27935.3112
12653, 9925, -1767, 17516, -61, -263, -95, 844 ,-3799 ,16839 ,3 ,4 ,16, 27163.7827, 27741.3040
12663, 10156, -1555, 17541, -74, -303, -114, 969 ,-3926 ,16934 ,-12 ,17 ,31, 27264.5026, 27932.6171
12671, 10208, -1322, 17506, -78, -339, -132, 1078 ,-4269 ,17209 ,-28 ,35 ,40, 27238.1067, 27812.5525
12680, 10352, -1384, 17726, -88, -374, -149, 1220 ,-4714 ,17380 ,-22 ,52 ,43, 27281.7373, 27766.1830
12688, 10515, -1593, 18127, -106, -413, -168, 1201 ,-4906 ,17332 ,11 ,64 ,43, 27273.1155, 27780.3570
12698, 10369, -1854, 18528, -137, -460, -189, 1180 ,-4791 ,17148 ,58 ,70 ,39, 27147.9815, 27834.4065
12707, 10109, -2130, 18595, -174, -516, -212, 1170 ,-4414 ,16968 ,93 ,73 ,28, 27126.6133, 27918.3775
12715, 9906, -2362, 18822, -208, -578, -235, 960 ,-4244 ,16881 ,113 ,81 ,18, 27155.2652, 27938.6342
12724, 9857, -2358, 18862, -232, -646, -258, 668 ,-4099 ,16782 ,137 ,91 ,20, 27188.0209, 27862.6710
12738, 9817, -2432, 18724, -249, -714, -280, 563 ,-3758 ,16624 ,159 ,105 ,24, 27201.2860, 27767.9175
12742, 9919, -2572, 18823, -275, -784, -301, 709 ,-3344 ,16472 ,154 ,113 ,26, 27094.4715, 27813.1664
12750, 10176, -2101, 18362, -305, -860, -319, 734 ,-3262 ,16346 ,147 ,125 ,25, 27183.9261, 27732.0236
12759, 9909, -1594, 17540, -296, -936, -333, 836 ,-2913 ,16013 ,138 ,125 ,26, 27063.2654, 27829.7484
12769, 9507, -1876, 17063, -242, -1011, -349, 1329 ,-2416 ,15786 ,109 ,110 ,20, 27104.1960, 27864.5933
12777, 9179, -2436, 17297, -165, -1086, -380, 1294 ,-2310 ,15871 ,68 ,103 ,8, 27121.3382, 27742.4812
12786, 9490, -3215, 17411, -122, -1157, -420, 1141 ,-2336 ,16061 ,24 ,110 ,11, 26960.6233, 27770.9097
12796, 10227, -2803, 16757, -210, -1205, -451, 1149 ,-2578 ,16434 ,-7 ,123 ,19, 27110.0074, 27813.8399
12804, 10142, -1054, 15298, -401, -1223, -445, 1037 ,-2951 ,17013 ,-40 ,159 ,14, 26908.7940, 27794.7068
12813, 9812, 515, 14138, -541, -1220, -399, 827 ,-3503 ,17378 ,-55 ,194 ,15, 26974.0045, 27790.9428
12822, 9935, 1102, 13603, -541, -1222, -346, 478 ,-3265 ,17045 ,-37 ,215 ,34, 26973.4561, 27750.2537
12831, 10450, 316, 13482, -414, -1245, -320, 427 ,-3247 ,16560 ,-17 ,218 ,39, 26884.4634, 27779.8265
12840, 10686, -1149, 12731, -229, -1282, -339, 830 ,-3457 ,16165 ,-2 ,200 ,26, 26759.7944, 27823.7551
12849, 10634, -1349, 12518, -92, -1308, -390, 1698 ,-4079 ,16299 ,6 ,158 ,7, 26964.8105, 27957.3441
12857, 9763, 593, 12518, 164, -1339, -437, 2101 ,-4577 ,16260 ,6 ,114 ,-27, 26693.3441, 27830.2312
12865, 9942, 593, 11813, 294, -1380, -459, 2101 ,-3678 ,16017 ,91 ,92 ,-56, 26694.5690, 27738.4549
12875, 8918, 2172, 11972, 570, -1446, -458, -616 ,-2950 ,15244 ,91 ,82 ,-67, 26698.2555, 27788.6659
12883, 8925, 3381, 12524, 756, -1446, -458, -616 ,-3272 ,14849 ,22 ,57 ,-63, 26760.1937, 27737.9125
12892, 9367, 3223, 11863, 756, -1528, -434, 4 ,-4594 ,15186 ,22 ,7 ,-40, 26512.1758, 27703.7382
12900, 9815, 2825, 10749, 665, -1560, -391, 4 ,-4594 ,15186 ,-28 ,7 ,-40, 26589.5963, 27725.5386
12910, 11129, 3928, 7006, 357, -1491, -303, 171 ,-6126 ,16109 ,-2 ,-5 ,-31, 26572.0367, 27826.8456
12918, 13572, 4564, 4105, 108, -1348, -162, 889 ,-5853 ,16931 ,82 ,-22 ,-24, 26425.9368, 27897.0569
12927, 14445, 5383, 3667, 30, -1202, -12, 1395 ,-5161 ,17757 ,127 ,-12 ,-30, 26683.5481, 27896.2880
12935, 12534, 3821, 5395, 55, -1089, 103, 906 ,-4877 ,17592 ,156 ,19 ,-25, 26380.6313, 27872.0766
12945, 11701, 1546, 9766, 159, -1028, 115, -245 ,-3857 ,15950 ,163 ,19 ,18, 26578.4264, 27880.6686
12953, 11684, 886, 15664, 269, -1073, 46, -811 ,-3756 ,14235 ,108 ,-27 ,38, 26426.6372, 27864.6439
12961, 11907, 242, 17114, 326, -1234, -41, -648 ,-4555 ,14062 ,19 ,-54 ,17, 26500.3651, 27755.9578
12970, 12412, -715, 15297, 406, -1427, -118, -227 ,-5522 ,14428 ,21 ,-64 ,-11, 26114.2224, 27845.7224
12980, 13026, -1478, 13182, 444, -1548, -186, -120 ,-4197 ,14948 ,89 ,-64 ,-10, 26337.6117, 27929.4133
12988, 13393, -3589, 10883, 363, -1587, -238, 374 ,-3922 ,16364 ,35 ,-37 ,-44, 26161.1223, 27966.3712
12997, 13597, -5397, 8725, 271, -1565, -294, 966 ,-4692 ,17516 ,14 ,3 ,-44, 26061.2011, 27938.4762
13005, 13457, -4186, 8178, 241, -1507, -354, 998 ,-3690 ,18135 ,68 ,55 ,-1, 26076.8235, 27776.8016
13015, 13708, -2024, 9758, 254, -1448, -393, 909 ,-1643 ,17736 ,82 ,107 ,40, 26139.5305, 27835.3482
13023, 14145, 632, 11177, 269, -1426, -391, 939 ,-315 ,17226 ,-5 ,141 ,72, 25956.6277, 27744.0548
13032, 14730, 1490, 10403, 320, -1465, -337, 1304 ,-1008 ,17768 ,-153 ,166 ,67, 25905.7403, 27955.1864
13041, 14639, -655, 8669, 468, -1519, -283, 1267 ,-1944 ,17908 ,-174 ,167 ,60, 25965.8068, 27802.1336
13050, 14743, -3634, 8409, 609, -1535, -285, 546 ,-1853 ,18262 ,-153 ,177 ,59, 25887.6711, 27912.3455
13059, 15617, -4699, 8039, 696, -1546, -337, 371 ,-2826 ,19281 ,-141 ,183 ,42, 25794.2438, 27960.3988
13067, 16253, -2860, 7644, 688, -1548, -399, 1007 ,-3189 ,19415 ,-68 ,184 ,51, 25790.3636, 27729.1298
13076, 15729, 26, 8155, 455, -1506, -414, 1406 ,-3366 ,19132 ,-21 ,200 ,56, 25669.3184, 27954.7423
13086, 14957, 2463, 8021, 92, -1437, -363, 1329 ,-4353 ,18599 ,7 ,203 ,59, 25763.1391, 27823.6568
13094, 13877, 4006, 8582, -207, -1381, -252, 932 ,-3930 ,17440 ,73 ,196 ,57, 25666.7525, 27924.2337
13110, 13514, 2902, 8586, -455, -1411, -239, -930 ,-700 ,15304 ,107 ,189 ,18, 25527.2746, 27942.9108
13111, 13514, 2902, 8586, -455, -1411, 17, -930 ,-700 ,15304 ,107 ,189 ,18, 25587.0283, 27883.4105
13121, 13386, -1472, 2706, -471, -1452, 89, -254 ,-854 ,16142 ,-34 ,183 ,-29, 25468.3226, 28012.2221
13129, 13864, -5821, -1215, -382, -1409, 46, 467 ,-2734 ,17583 ,-81 ,194 ,-32, 25290.2418, 27937.4480
13138, 14012, -2093, -4332, -162, -1281, -83, 654 ,-3378 ,18801 ,-44 ,218 ,0, 25352.4363, 28067.6186
13146, 12937, -2818, -2562, 31, -1088, -218, 1211 ,-3587 ,18786 ,-37 ,240 ,10, 25252.6700, 27870.1574
13156, 12799, -489, -886, 38, -898, -362, 1414 ,-4180 ,18001 ,-31 ,270 ,30, 25360.6468, 27932.3101
13164, 13358, 4778, 366, -23, -898, -419, 778 ,-4330 ,17184 ,-3 ,286 ,52, 25293.4247, 27851.2657
13173, 12868, 7979, 2585, -23, -748, -335, -124 ,-3449 ,15471 ,20 ,253 ,54, 25163.7518, 27935.8238
13181, 12957, 7979, 2585, -50, -654, -170, -191 ,-3449 ,15471 ,20 ,253 ,39, 25115.6658, 27931.3385
13191, 12957, 8821, 6345, -72, -637, -244, -1215 ,-2238 ,11944 ,206 ,193 ,39, 25091.3113, 28035.0119
13199, 13545, 8403, 10169, -145, -704, 12, -1196 ,-2124 ,11944 ,-50 ,127 ,-9, 25038.9099, 28050.1813
13208, 15462, 7097, 11172, -288, -850, 187, -1196 ,-4825 ,13514 ,-209 ,63 ,-9, 25025.0340, 28056.7557
13217, 16923, 5384, 10918, -502, -1021, 336, -1034 ,-4832 ,13514 ,-209 ,30 ,13, 24920.3235, 28096.5924
13225, 18115, 4289, 9341, -649, -1150, 424, -1034 ,-6827 ,16300 ,-68 ,22 ,13, 24974.9452, 27932.7244
13235, 17124, 1169, 8054, -738, -1223, 436, -814 ,-6845 ,16300 ,-68 ,37 ,42, 24822.9861, 28188.0409
13243, 15846, -2674, 9482, -854, -1261, 361, -814 ,-6333 ,15979 ,35 ,79 ,42, 24874.5829, 28021.3773
13252, 16348, 46, 11195, -910, -1326, 254, -1550 ,-3924 ,14803 ,100 ,128 ,76, 24869.2900, 28059.6107
13262, 16116, 1192, 11060, -877, -1469, 204, -1132 ,-2607 ,14202 ,12 ,169 ,86, 24734.7385, 28049.2514
13270, 15041, -1831, 7381, -900, -1640, 167, -116 ,-3562 ,14836 ,-127 ,219 ,70, 24674.5765, 28022.4800
13279, 13170, -6937, 712, -979, -1739, 68, 198 ,-4272 ,16191 ,-223 ,277 ,70, 24519.4942, 28150.6956
13287, 11508, -11285, -5977, -993, -1694, -141, 537 ,-5251 ,17798 ,-271 ,317 ,111, 24573.9162, 28040.5045
13297, 10678, -11148, -10692, -872, -1512, -434, 95 ,-5134 ,18998 ,-261 ,325 ,165, 24530.0710, 28115.5050
13306, 10189, -6911, -12028, -620, -1275, -725, 437 ,-3671 ,18522 ,-208 ,288 ,188, 24534.0884, 28037.7328
13315, 8616, -2481, -12019, -337, -1046, -937, -74 ,-2815 ,17617 ,-160 ,251 ,192, 24463.3764, 28151.7893
13325, 7003, -1663, -10354, -155, -835, -1055, -1011 ,-1908 ,15949 ,-76 ,182 ,180, 24513.8168, 28106.9219
13334, 7105, 1280, -6733, -121, -649, -1082, -1794 ,-212 ,13930 ,-42 ,93 ,145, 24311.2862, 28189.6472
13344, 9153, 7480, -1365, -109, -536, -949, -2486 ,1278 ,12112 ,-109 ,4 ,82, 24536.9464, 28074.6728
13352, 10928, 12594, 3156, -152, -504, -629, -2753 ,1898 ,10726 ,-275 ,-67 ,19, 24262.9021, 28156.7484
13361, 12460, 15899, 6313, -206, -532, -223, -2353 ,941 ,9947 ,-506 ,-136 ,-19, 24193.9276, 28034.0135
13371, 14446, 14447, 10891, -214, -665, 114, -1358 ,-1684 ,9896 ,-689 ,-208 ,-33, 24151.0957, 28142.2466
13379, 16502, 11853, 10975, -357, -878, 331, -646 ,-5744 ,11166 ,-765 ,-263 ,-29, 24027.4459, 28076.2047
13388, 17158, 7143, 5264, -549, -1070, 437, 342 ,-10032 ,13847 ,-655 ,-283 ,-15, 23972.0613, 28101.3250
13397, 16719, 1419, -1365, -599, -1151, 410, 879 ,-10564 ,15957 ,-395 ,-260 ,-3, 23887.5329, 28224.5249
13407, 16477, -2402, -7422, -552, -1110, 266, 620 ,-8522 ,17955 ,-157 ,-183 ,-16, 23780.5098, 28193.4828
13416, 16614, -4569, -9279, -370, -1005, 59, 308 ,-3522 ,18373 ,-43 ,-66 ,22, 23822.2152, 28137.4872
13424, 16737, -4582, -7487, -125, -876, -159, 308 ,-3522 ,18373 ,-85 ,51 ,22, 23806.7120, 28144.3626
13434, 17968, -1760, -5298, 70, -762, -327, 17 ,-3951 ,18050 ,-208 ,144 ,65, 23643.5562, 28174.4003
13442, 17787, 321, -3848, 159, -682, -389, -49 ,-4767 ,18051 ,-343 ,210 ,107, 23682.3350, 27988.2252
13451, 16965, 1278, -3631, 181, -591, -387, -555 ,-5235 ,17819 ,-421 ,227 ,131, 23741.6267, 28141.8324
13461, 15552, 2987, -2944, 199, -509, -360, -992 ,-5801 ,17865 ,-418 ,205 ,135, 23819.0532, 28147.6945
13470, 15092, 6758, 1270, 266, -469, -317, -2116 ,-5106 ,16340 ,-293 ,128 ,127, 23947.2151, 28122.9436
13478, 17040, 11836, 8500, 248, -535, -205, -2940 ,-4232 ,14345 ,-168 ,37 ,95, 23843.9411, 28124.8748
13487, 20581, 17921, 15684, 56, -719, 53, -3002 ,-5090 ,13087 ,-81 ,-35 ,77, 23890.9334, 28154.6623
13495, 23453, 23066, 20172, -279, -992, 468, -2619 ,-4862 ,12401 ,-26 ,-82 ,74, 23932.8533, 28014.1711
13505, 23783, 22825, 22120, -735, -1315, 983, -2572 ,-5538 ,12420 ,-47 ,-100 ,79, 24066.2426, 28142.1363
13514, 22008, 18410, 19440, -1157, -1654, 1457, -2256 ,-5570 ,13458 ,-58 ,-94 ,98, 23919.7254, 28046.0685
13524, 18601, 8098, 11232, -1379, -1985, 1761, -1509 ,-6372 ,15428 ,-76 ,-59 ,113, 23935.5117, 28044.8556
13533, 14087, -5648, 1077, -1342, -2236, 1757, -797 ,-7198 ,17312 ,-77 ,-22 ,125, 23857.5399, 28057.6080
13542, 8217, -20155, -12849, -1125, -2338, 1392, -567 ,-9469 ,19943 ,-10 ,24 ,148, 23803.5679, 27968.4246
13552, 7684, -32764, -23733, -649, -2269, 628, 79 ,-9025 ,19968 ,170 ,54 ,202, 23841.2857, 27951.8485
13560, 7684, -32764, -25632, -199, -2065, -407, 1640 ,-7598 ,21257 ,239 ,69 ,236, 23648.1726, 27912.0445
13569, 3741, -27760, -30037, -86, -1753, -1247, 638 ,-6733 ,21665 ,201 ,127 ,260, 23827.8419, 27933.7764
13579, 1755, -27920, -32755, -285, -1215, -2073, -58 ,-4698 ,21181 ,112 ,194 ,293, 23757.0733, 27929.2017
13588, 1310, -17015, -32612, -499, -589, -2501, -1011 ,-2924 ,20020 ,-83 ,267 ,293, 24112.4034, 27977.7348
13598, 3345, 4151, -20641, -303, -22, -2532, -2979 ,5618 ,15873 ,-451 ,279 ,141, 24124.0621, 27995.9500
13607, 7468, 22370, -6611, 169, 421, -2257, -3855 ,7146 ,13154 ,-561 ,192 ,38, 24210.0745, 28207.7283
13615, 12265, 32764, 3827, 169, 652, -1424, -4251 ,5593 ,11429 ,-619 ,63 ,-41, 24259.6239, 28102.4188
13624, 16393, 32764, 8081, 122, 647, -644, -3096 ,266 ,10858 ,-579 ,-77 ,-92, 24167.7076, 28148.3591
13632, 22439, 32764, 8081, 41, 498, -30, -3096 ,266 ,10858 ,-579 ,-77 ,-109, 24105.7903, 28043.3059
13642, 25670, 32764, 14312, 195, 201, 482, -1501 ,-3350 ,11766 ,-357 ,-173 ,-109, 23936.4773, 28150.0906
13651, 26130, 22292, 14726, 371, -685, 849, 917 ,-3177 ,11766 ,-148 ,-180 ,-117, 23845.5981, 28114.8821
13661, 27029, 13569, 14093, 481, -809, 1059, 1941 ,-5010 ,17023 ,-92 ,-85 ,-117, 23950.7705, 28139.7164
13670, 27120, 5034, 6929, 509, -1119, 1144, 3041 ,-7966 ,20405 ,-80 ,54 ,33, 23862.9669, 28130.4270
13678, 25173, 5034, -239, 592, -1030, 1143, 3041 ,-7966 ,22557 ,-232 ,229 ,33, 23831.0337, 27989.7839
13688, 25198, 651, -6245, 666, -775, 1101, 1712 ,-9465 ,22557 ,24 ,417 ,99, 23974.5408, 27992.7671
13696, 20846, -3247, -7764, 686, -843, 1101, -336 ,-9520 ,22167 ,99 ,560 ,99, 23979.7801, 28023.9195
13705, 15524, -6189, -7189, 597, -843, 1004, -4964 ,-9996 ,22167 ,99 ,588 ,111, 24128.9109, 27989.6170
13713, 11320, -10125, -4982, 427, -818, 843, -4964 ,-11898 ,18144 ,321 ,462 ,111, 24160.0543, 27835.8608
13722, 9530, -11076, -1545, 253, -911, 609, -3838 ,-11672 ,18144 ,321 ,233 ,22, 24032.0325, 27795.8453
13732, 11064, -8159, 1058, 149, -786, 347, -3838 ,-8822 ,15090 ,435 ,123 ,22, 23987.8118, 27859.5924
13741, 14254, -3256, 2835, 65, -1042, 141, -137 ,-6372 ,15090 ,435 ,-133 ,-60, 24080.8100, 27865.3353
13749, 17708, 3988, 2726, 46, -1185, 79, -137 ,-4068 ,14797 ,198 ,-87 ,-60, 24049.1033, 27669.3732
13759, 19452, 7799, 1703, 41, -1300, 182, 1199 ,-3632 ,14797 ,198 ,-87 ,-71, 24094.4356, 27779.8116
13767, 19086, 6272, -839, -57, -1352, 369, 1643 ,-4361 ,14564 ,73 ,42 ,-42, 24000.2185, 27680.4477
13776, 15189, 4282, -5373, -171, -1353, 489, 1056 ,-4683 ,14631 ,-81 ,177 ,12, 24179.4288, 27698.2516
13784, 11136, -1443, -9897, -260, -1276, 540, -151 ,-5128 ,14606 ,-206 ,248 ,73, 24123.5077, 27640.3069
13794, 7287, -11843, -12756, -491, -1209, 426, -1078 ,-7285 ,14779 ,-196 ,239 ,130, 24300.9090, 27633.2080
13803, 4205, -13679, -18002, -710, -1094, 116, -2027 ,-7922 ,14700 ,-149 ,161 ,139, 24028.5873, 27577.7966
13812, 3240, -7923, -17967, -720, -867, -192, -2480 ,-6775 ,14473 ,-37 ,73 ,107, 24038.5115, 27756.5688
13822, 5531, -1909, -11948, -643, -702, -398, -2333 ,-5127 ,14078 ,59 ,-14 ,54, 24011.5255, 27709.7344
13831, 9665, 8758, -8811, -524, -636, -420, -1600 ,-2397 ,13341 ,93 ,-111 ,-5, 24148.7920, 27733.9876
13839, 12870, 14771, -8592, -339, -592, -220, -523 ,-449 ,13719 ,46 ,-168 ,-61, 24032.1904, 27694.9435
13849, 14914, 15274, -10068, -146, -522, 93, 354 ,840 ,14224 ,-75 ,-135 ,-99, 24118.3966, 27753.0968
13858, 16855, 12286, -11506, -40, -445, 391, 903 ,53 ,14980 ,-239 ,-30 ,-98, 24188.4679, 27779.9278
13866, 15756, 5258, -15099, -9, -333, 588, -70 ,-4003 ,16859 ,-432 ,80 ,-57, 24109.4321, 27766.5734
13876, 13053, -3717, -17154, -25, -170, 629, -1575 ,-7806 ,17754 ,-377 ,121 ,-7, 24438.1160, 27814.6863
13884, 9737, -12435, -19083, -130, -7, 498, -2375 ,-9410 ,18636 ,-225 ,91 ,10, 24509.6684, 27805.4118
13893, 8904, -17119, -19217, -275, 179, 210, -3236 ,-9361 ,18881 ,-54 ,31 ,3, 24593.3920, 27914.7804
13902, 9688, -14380, -16649, -355, 342, -126, -4006 ,-7238 ,18439 ,96 ,-30 ,-10, 24849.5519, 27934.5870
13911, 11031, -6619, -14316, -359, 444, -359, -4301 ,-4194 ,17802 ,166 ,-86 ,-34, 24871.9990, 27853.9360
13920, 12744, -1695, -12236, -312, 503, -435, -4104 ,-2039 ,17109 ,150 ,-121 ,-50, 24898.5350, 27966.9255
13929, 14651, 1627, -10225, -241, 507, -419, -4017 ,-752 ,16840 ,57 ,-106 ,-80, 24931.5560, 28023.0463
13939, 16695, 4754, -9012, -156, 477, -342, -3767 ,-636 ,17254 ,-72 ,-48 ,-112, 25060.1828, 27946.6808
13948, 18657, 6911, -8585, -46, 438, -223, -3446 ,-1795 ,17891 ,-182 ,26 ,-98, 25119.6980, 27928.7905
13956, 19731, 7038, -10147, 44, 395, -97, -2903 ,-4433 ,18615 ,-245 ,86 ,-54, 25105.1247, 27849.2659
13966, 19164, 5679, -13145, 138, 372, -20, -2630 ,-6945 ,19345 ,-210 ,145 ,-1, 25360.1462, 27933.5409
13975, 16989, 5523, -15366, 256, 411, 2, -2657 ,-8193 ,19693 ,-99 ,192 ,38, 25560.6472, 27741.1908
13983, 16514, 6670, -12849, 358, 492, 19, -3077 ,-8335 ,18970 ,20 ,203 ,55, 25475.9669, 27786.3562
13991, 15553, 6791, -8539, 370, 540, 74, -3406 ,-8516 ,18428 ,109 ,171 ,58, 25611.9579, 27723.8429
14000, 14715, 5814, -4266, 321, 544, 148, -3416 ,-7777 ,16941 ,220 ,104 ,54, 25768.5184, 27716.3386
14009, 12714, 1963, -3175, 262, 494, 180, -2957 ,-6383 ,15194 ,292 ,18 ,44, 25720.8198, 27851.6412
14018, 15002, 5293, -2653, 297, 407, 158, -2313 ,-5251 ,14290 ,299 ,-56 ,24, 25650.9542, 27881.9829
14026, 16138, 1601, -675, 426, 268, 165, -1680 ,-5190 ,14617 ,274 ,-80 ,-9, 25781.6106, 27785.8943
14035, 16471, -909, -712, 350, 141, 118, -1272 ,-6526 ,15274 ,282 ,-56 ,-10, 25833.0375, 27871.4240
14043, 16429, 35, -3956, 190, 76, 125, -715 ,-5996 ,15710 ,315 ,-19 ,13, 25937.7360, 27757.8682
14053, 14740, -5102, -6060, 77, 70, 122, -158 ,-5766 ,15869 ,377 ,21 ,22, 25928.0592, 27822.4111
14061, 12843, -5883, -9105, 5, 104, 29, 125 ,-4989 ,15512 ,425 ,59 ,28, 25841.6355, 27817.5771
14069, 11799, -6060, -10178, 15, 182, -102, 461 ,-4082 ,15114 ,407 ,80 ,30, 25962.5584, 27833.5124
14078, 11751, -6013, -9466, 44, 267, -244, 662 ,-3245 ,15114 ,332 ,85 ,33, 25999.9663, 27858.3646
14086, 12109, -4160, -7872, 84, 343, -355, 772 ,-2388 ,15034 ,236 ,80 ,31, 26023.0899, 27949.1127
14095, 12462, -2012, -5832, 150, 404, -410, 654 ,-1697 ,14760 ,137 ,68 ,25, 26130.8283, 27698.7463
14104, 12502, -902, -2736, 200, 436, -419, 257 ,-1505 ,14352 ,-6 ,61 ,8, 26078.6623, 27817.8096
14112, 12564, 570, 224, 189, 443, -399, -733 ,-2504 ,14262 ,-127 ,52 ,-21, 26188.8713, 27943.9300
14121, 13332, 2616, 1506, 80, 443, -339, -1049 ,-3797 ,13814 ,-192 ,19 ,-34, 26337.6594, 27785.9539
14129, 14167, 4122, 1337, 80, 416, -237, -1049 ,-3797 ,13814 ,-192 ,19 ,-34, 26361.8976, 27832.2697
14139, 13555, 4116, 313, -150, 373, -140, -488 ,-5490 ,13653 ,-213 ,-16 ,-34, 26377.3471, 27755.2187
14147, 13332, 2580, -746, -391, 342, -137, 26 ,-6685 ,13566 ,-193 ,-38 ,-35, 26390.5853, 27730.0537
14156, 13076, -260, -1080, -530, 314, -208, -78 ,-7106 ,13245 ,-133 ,-53 ,-34, 26313.1082, 27816.6264
14164, 13407, 484, -1918, -548, 275, -208, 178 ,-6645 ,13160 ,-73 ,-63 ,-31, 26315.3970, 27674.3621
14174, 13897, 2603, -2416, -481, 275, -271, 428 ,-5399 ,13424 ,-73 ,-63 ,-37, 26434.6302, 27833.9177
14182, 14448, 4189, -3136, -382, 227, -291, 172 ,-4253 ,13782 ,-151 ,-55 ,-49, 26367.8163, 27663.2637
14191, 14771, 5284, -4361, -302, 183, -270, 44 ,-4048 ,14400 ,-151 ,-47 ,-58, 26465.2312, 27858.5762
14201, 15104, 5443, -5369, -299, 179, -215, -299 ,-4385 ,15030 ,-197 ,-37 ,-58, 26588.5085, 27762.4786
14210, 15120, 4562, -6044, -349, 203, -145, -747 ,-4946 ,15672 ,-221 ,-21 ,-56, 26633.8795, 27815.1274
14218, 14869, 3058, -7086, -404, 242, -90, -1255 ,-5701 ,16333 ,-216 ,-20 ,-59, 26522.2043, 27806.9526
14228, 14688, 1553, -7708, -426, 296, -71, -1509 ,-6283 ,16701 ,-189 ,-32 ,-62, 26573.0470, 27779.4391
14237, 14776, 638, -7926, -390, 351, -90, -1773 ,-6681 ,16917 ,-145 ,-47 ,-66, 26630.5774, 27747.2049
14245, 14780, 587, -8167, -290, 408, -137, -1892 ,-6321 ,16842 ,-84 ,-60 ,-68, 26581.4602, 27757.9516
14254, 15080, 808, -8046, -171, 457, -198, -1789 ,-6010 ,16805 ,-52 ,-67 ,-60, 26640.0218, 27952.0392
14264, 15394, 1875, -7636, -78, 496, -251, -1629 ,-5801 ,16791 ,-44 ,-68 ,-50, 26751.8967, 27816.0244
14272, 15784, 3744, -7650, -22, 543, -273, -1639 ,-5375 ,16601 ,-39 ,-59 ,-39, 26861.6349, 27663.8448
14281, 16416, 4916, -5955, -3, 590, -252, -1860 ,-4993 ,16414 ,-49 ,-43 ,-31, 26627.0131, 27828.0109
14289, 17110, 5919, -4260, -7, 592, -202, -2120 ,-4955 ,16304 ,-61 ,-30 ,-19, 26681.7212, 27586.9936
14299, 17256, 6530, -3624, 6, 546, -131, -2292 ,-4902 ,16152 ,-65 ,-19 ,-4, 26729.9294, 27852.7707
14307, 17004, 6387, -3347, 29, 476, -53, -2477 ,-5007 ,16119 ,-66 ,-18 ,6, 26806.5572, 27600.5924
14316, 16712, 5819, -2855, 46, 396, 17, -2656 ,-5230 ,16161 ,-59 ,-27 ,4, 26806.0148, 27660.6381
14324, 16574, 5312, -2405, 61, 315, 74, -2992 ,-5428 ,16179 ,-45 ,-36 ,-1, 26945.0665, 27695.4144
14334, 16628, 4841, -2205, 86, 241, 123, -3086 ,-5681 ,16240 ,-15 ,-45 ,-2, 26866.8383, 27817.2195
14342, 16826, 4430, -1932, 108, 170, 163, -2951 ,-5966 ,16360 ,26 ,-55 ,-1, 26810.4434, 27844.4499
14351, 17004, 3941, -2638, 127, 94, 193, -2572 ,-5921 ,16288 ,70 ,-67 ,4, 26888.8712, 27860.7488
14359, 16901, 3357, -3731, 146, 36, 208, -1954 ,-5701 ,16417 ,100 ,-70 ,12, 26802.9481, 27786.7049
14367, 16888, 2671, -4578, 178, -4, 208, -1529 ,-5451 ,16556 ,111 ,-65 ,18, 26856.8456, 27617.6572
14377, 16790, 2163, -5142, 216, -25, 200, -1453 ,-5014 ,16620 ,113 ,-50 ,24, 26913.3329, 27752.0359
14385, 16535, 1698, -5591, 257, -27, 193, -1493 ,-4491 ,16680 ,93 ,-23 ,27, 26842.1978, 27714.8366
14394, 16235, 1506, -5907, 293, -17, 189, -1596 ,-4260 ,16845 ,56 ,3 ,26, 26929.0358, 27766.4185
14403, 15980, 1572, -6041, 318, 1, 194, -1616 ,-4722 ,16968 ,44 ,17 ,28, 26784.1995, 27793.7919
14410, 15766, 1838, -5849, 311, 23, 211, -1697 ,-5224 ,16916 ,68 ,13 ,29, 26968.0917, 27708.3427
14420, 15566, 1824, -5594, 283, 45, 233, -1681 ,-5224 ,16916 ,68 ,-6 ,27, 26938.9778, 27699.4675
14428, 15566, 1337, -5078, 260, 59, 247, -1681 ,-5102 ,16684 ,136 ,-6 ,27, 26871.0673, 27691.6713
14437, 15854, 1074, -4853, 243, 65, 247, -1746 ,-5102 ,16684 ,136 ,-43 ,3, 26985.9880, 27841.4071
14445, 16034, 932, -4975, 243, 65, 249, -1490 ,-4637 ,16718 ,149 ,-43 ,3, 26898.0920, 27751.2610
14453, 16227, 932, -4975, 233, 69, 249, -1430 ,-4637 ,16718 ,149 ,-49 ,-9, 26894.2446, 27708.2592
14463, 16196, 772, -4869, 239, 80, 249, -1121 ,-4527 ,16774 ,131 ,-41 ,-23, 27007.5768, 27839.4580
14471, 16384, 537, -4550, 258, 90, 241, -1088 ,-4785 ,16740 ,123 ,-24 ,-28, 26919.0937, 27738.6844
14480, 16359, 328, -4348, 274, 95, 230, -1078 ,-4938 ,16493 ,131 ,-5 ,-23, 27032.2859, 27750.3788
14488, 16121, 181, -4406, 283, 98, 213, -884 ,-4964 ,16270 ,142 ,9 ,-16, 27011.2097, 27759.5699
14496, 15840, 287, -4531, 282, 104, 195, -715 ,-4941 ,16092 ,154 ,18 ,-10, 26875.4661, 27781.3435
14506, 15585, 727, -4536, 282, 112, 185, -627 ,-4745 ,15930 ,173 ,19 ,-7, 27095.6308, 27705.9764
14515, 15295, 1463, -4828, 278, 125, 185, -653 ,-4380 ,15770 ,178 ,17 ,-8, 27049.8186, 27834.6837
14522, 15005, 2271, -5367, 267, 149, 208, -641 ,-4140 ,15738 ,163 ,13 ,-15, 27168.7061, 27656.5671
14531, 14759, 2399, -5564, 255, 182, 244, -807 ,-4285 ,15726 ,152 ,5 ,-24, 27023.2677, 27782.6965
14539, 14588, 1995, -5126, 252, 216, 277, -1004 ,-4322 ,15586 ,144 ,-7 ,-28, 27016.9526, 27769.1960
14548, 14472, 1515, -4552, 259, 242, 298, -1294 ,-4608 ,15474 ,140 ,-14 ,-30, 27099.0580, 27779.5404
14557, 14432, 1375, -4375, 275, 262, 305, -1637 ,-5110 ,15420 ,159 ,-22 ,-34, 27120.7243, 27751.5888
14566, 14363, 1241, -4561, 283, 285, 307, -1836 ,-5164 ,15300 ,189 ,-33 ,-31, 27170.5866, 27871.5104
14575, 14457, 985, -3801, 278, 311, 303, -1626 ,-5096 ,15190 ,194 ,-43 ,-27, 27109.6349, 27810.1504
14583, 14626, 590, -3414, 275, 314, 292, -1349 ,-4854 ,14954 ,187 ,-49 ,-29, 27003.0141, 27778.6553
14593, 14710, 289, -3621, 274, 302, 276, -1128 ,-4648 ,14888 ,158 ,-54 ,-29, 27228.1110, 27833.4886
14601, 14668, 240, -3648, 281, 293, 258, -961 ,-4524 ,15004 ,125 ,-58 ,-27, 27119.7587, 27733.3140
14610, 14648, 514, -3840, 297, 290, 245, -975 ,-4464 ,15078 ,90 ,-62 ,-28, 27297.0617, 27831.9985
14618, 14916, 1008, -3984, 312, 292, 242, -1183 ,-4696 ,15176 ,65 ,-62 ,-32, 27243.9152, 27895.7218
14628, 15035, 1620, -3767, 320, 298, 247, -1192 ,-4981 ,15254 ,50 ,-56 ,-35, 27242.7738, 27733.8117
14636, 15208, 2129, -3266, 327, 298, 259, -1648 ,-5210 ,15108 ,42 ,-45 ,-33, 27166.9537, 27689.4391
14645, 15132, 2474, -2560, 352, 291, 274, -1584 ,-5231 ,15054 ,38 ,-45 ,-30, 27298.3223, 27843.6869
14653, 14914, 2577, -2464, 352, 276, 287, -1364 ,-5281 ,15102 ,30 ,-59 ,-32, 27205.1364, 27853.6022
14663, 15005, 2528, -2387, 386, 256, 301, -1364 ,-5281 ,15102 ,30 ,-59 ,-32, 27392.6407, 27945.9953
14671, 14931, 2384, -3155, 408, 247, 318, -1419 ,-5196 ,15184 ,18 ,-77 ,-35, 27260.6105, 27758.2586
14680, 14931, 2384, -3668, 412, 250, 336, -1397 ,-5220 ,15326 ,10 ,-95 ,-33, 27340.3317, 27814.0634
14688, 14773, 2018, -3946, 432, 258, 336, -1391 ,-5113 ,15410 ,9 ,-109 ,-30, 27294.7788, 27737.3552
14698, 14806, 1446, -4237, 447, 258, 349, -1252 ,-4940 ,15363 ,0 ,-122 ,-31, 27375.7339, 27771.1332
14706, 14872, 1009, -4205, 447, 275, 356, -1230 ,-4863 ,15344 ,-20 ,-131 ,-35, 27280.5959, 27724.4359
14715, 15067, 411, -4104, 460, 295, 360, -1422 ,-5216 ,15423 ,-37 ,-133 ,-33, 27271.8400, 27781.4299
14723, 15168, -278, -3984, 474, 308, 354, -1446 ,-5233 ,15455 ,-31 ,-129 ,-27, 27246.1206, 27724.8591
14733, 15347, -456, -4130, 493, 320, 338, -1494 ,-5078 ,15472 ,-53 ,-124 ,-20, 27406.0696, 27795.3625
14742, 15298, -922, -3612, 519, 326, 318, -1349 ,-4936 ,15648 ,-44 ,-114 ,-17, 27297.2643, 27729.5649
14751, 15602, -642, -3409, 537, 325, 293, -1276 ,-4649 ,15551 ,-42 ,-103 ,-13, 27358.9641, 27848.0291
14759, 15626, -450, -3045, 565, 322, 278, -1173 ,-4541 ,15665 ,-67 ,-94 ,-10, 27327.4243, 27888.8732
14769, 15720, -163, -2081, 599, 314, 273, -1361 ,-4720 ,15710 ,-70 ,-92 ,-10, 27454.4597, 27777.6152
14777, 15927, -150, -1203, 617, 294, 279, -1534 ,-4679 ,15735 ,-57 ,-91 ,-12, 27431.6132, 27746.3943
14786, 16741, -612, -172, 604, 260, 291, -1464 ,-4774 ,15995 ,-50 ,-93 ,-9, 27242.7350, 27814.2631
14794, 16613, -1178, -466, 556, 215, 302, -1338 ,-4934 ,16306 ,-41 ,-88 ,-5, 27407.6432, 27727.7231
14804, 16553, -1723, -781, 487, 184, 302, -1333 ,-4945 ,16406 ,-25 ,-83 ,-5, 27288.9853, 27949.7743
14812, 16548, -2101, -1063, 430, 157, 299, -1424 ,-4858 ,16486 ,-13 ,-84 ,-9, 27313.7152, 27793.9081
14821, 16575, -2437, -1346, 386, 136, 295, -1371 ,-4658 ,16539 ,-12 ,-83 ,-11, 27205.5119, 27833.3038
14831, 16557, -2822, -1533, 339, 119, 289, -1216 ,-4488 ,16572 ,-1 ,-82 ,-11, 27317.3422, 27790.0547
14839, 16373, -3361, -1747, 289, 104, 278, -1013 ,-4293 ,16518 ,5 ,-82 ,-8, 27362.3049, 27748.9990
14848, 16086, -3892, -2162, 240, 93, 259, -934 ,-4250 ,16437 ,-2 ,-82 ,-5, 27348.9088, 27801.6567
14856, 15842, -4335, -2512, 199, 91, 230, -1023 ,-4466 ,16382 ,-16 ,-82 ,-3, 27306.8547, 27846.8221
14865, 15731, -4002, -2366, 165, 93, 191, -992 ,-4726 ,16238 ,-14 ,-82 ,-4, 27371.5466, 27826.6072
14874, 15630, -2800, -2730, 141, 95, 160, -1035 ,-4604 ,16024 ,-3 ,-82 ,-12, 27368.1313, 27817.3864
14883, 15340, -2381, -3584, 151, 101, 142, -1182 ,-4578 ,16053 ,-5 ,-78 ,-17, 27511.9960, 27810.7703
14891, 15132, -1700, -4272, 184, 118, 125, -984 ,-4697 ,16024 ,1 ,-78 ,-14, 27273.3569, 27700.5881
14900, 15141, -1225, -5011, 224, 152, 116, -775 ,-4619 ,15880 ,9 ,-84 ,-12, 27258.9594, 27736.0082
14908, 15237, -909, -4393, 267, 190, 114, -640 ,-4526 ,15850 ,9 ,-91 ,-11, 27269.0058, 27821.8538
14918, 15352, -528, -3534, 277, 225, 119, -652 ,-4422 ,15783 ,-3 ,-96 ,-10, 27299.3505, 27926.2006
14926, 15732, -248, -2849, 282, 251, 139, -690 ,-4329 ,15698 ,-23 ,-99 ,-11, 27196.7292, 27897.0599
14935, 16014, -798, -1539, 297, 259, 168, -740 ,-4302 ,15742 ,-45 ,-96 ,-14, 27363.1543, 27688.0831
14943, 16378, -1654, -231, 279, 244, 185, -665 ,-4355 ,15778 ,-50 ,-91 ,-14, 27312.2787, 27870.0352
14953, 16540, -2571, 249, 240, 214, 192, -735 ,-4394 ,15838 ,-51 ,-81 ,-12, 27340.8413, 27811.6494
14961, 16610, -3214, 647, 202, 174, 184, -794 ,-4372 ,15838 ,-51 ,-81 ,-13, 27338.3498, 27926.4838
14969, 16638, -3683, 369, 174, 133, 163, -794 ,-4628 ,16125 ,-66 ,-56 ,-13, 27403.6109, 27715.9363
14978, 16761, -3768, 85, 155, 97, 134, -400 ,-4691 ,16125 ,-66 ,-56 ,-12, 27312.0135, 27866.6824
14986, 16805, -3492, -181, 155, 97, 134, -400 ,-4947 ,16369 ,-90 ,-49 ,-12, 27264.1033, 27661.5113
14996, 16830, -2474, -181, 133, 68, 84, -131 ,-5053 ,16369 ,-90 ,-49 ,-11, 27292.6778, 27766.2218
15004, 16830, -2474, -181, 107, 45, 81, -167 ,-5123 ,16430 ,-100 ,-46 ,-19, 27291.6615, 27879.0772
15013, 16886, -1264, 275, 73, 17, 81, -394 ,-5121 ,16419 ,-104 ,-42 ,-27, 27396.9412, 27801.9339
15021, 17126, -643, -220, 28, -16, 100, -595 ,-5191 ,16351 ,-114 ,-38 ,-34, 27328.5449, 27816.8291
15029, 16764, -1282, -2899, 27, -19, 121, -428 ,-5562 ,16715 ,-114 ,-31 ,-42, 27383.4109, 27762.3594
15039, 16848, -2231, -4270, 74, -4, 121, -412 ,-5840 ,16927 ,-84 ,-20 ,-46, 27320.2181, 27853.0806
15047, 17020, -3249, -3981, 102, 48, 99, -376 ,-5770 ,16872 ,-46 ,-12 ,-43, 27518.9519, 27633.0799
15056, 17214, -3552, -2809, 102, 58, 64, -346 ,-5569 ,16832 ,-20 ,-5 ,-37, 27298.4385, 27803.6803
15064, 17391, -2916, -1630, 91, 63, 36, -484 ,-5380 ,16813 ,0 ,2 ,-34, 27289.9866, 27801.6895
15074, 17399, -2509, -901, 80, 55, 27, -626 ,-5113 ,16803 ,13 ,10 ,-33, 27418.8936, 27868.9325
15082, 17294, -2296, -726, 80, 36, 31, -808 ,-4929 ,16811 ,25 ,20 ,-32, 27355.4027, 27763.8525
15095, 16940, -2206, -1083, 89, 2, 41, -762 ,-4794 ,16799 ,29 ,28 ,-30, 27346.2385, 27807.7722
15098, 16940, -2037, -1750, 104, 2, 41, -808 ,-4923 ,16818 ,22 ,37 ,-27, 27180.6628, 27787.9447
15106, 16943, -1769, -2104, 114, -2, 42, -931 ,-5317 ,16798 ,17 ,46 ,-26, 27305.1739, 27766.3589
15115, 16993, -1592, -1786, 103, -5, 49, -824 ,-5573 ,16684 ,29 ,44 ,-19, 27391.7019, 27979.1236
15123, 16940, -1527, -1559, 72, -13, 58, -630 ,-5637 ,16451 ,40 ,44 ,-16, 27285.6176, 27855.1787
15131, 16807, -1832, -1614, 47, -23, 64, -655 ,-5381 ,16293 ,49 ,13 ,-19, 27251.2257, 27799.8984
15141, 16567, -2175, -1563, 47, -33, 62, -655 ,-5618 ,16293 ,49 ,13 ,-19, 27364.4358, 27786.8748
15149, 16567, -2175, -1819, 56, -40, 49, -835 ,-5529 ,16212 ,62 ,7 ,-25, 27310.5770, 27850.5981
15157, 16345, -2516, -2016, 56, -40, 49, -954 ,-5255 ,16122 ,75 ,8 ,-24, 27376.9617, 27849.5759
15166, 16027, -2782, -2368, 77, -46, 31, -825 ,-5058 ,15946 ,80 ,11 ,-15, 27439.8983, 27908.5457
15174, 15727, -3003, -2387, 93, -45, 10, -910 ,-5072 ,15846 ,81 ,14 ,-12, 27352.1870, 27816.1496
15186, 15453, -3310, -1881, 30, -48, -20, -1293 ,-4994 ,15512 ,99 ,23 ,4, 27283.7132, 27821.9193
15192, 15453, -3310, -1881, 30, -48, -20, -1293 ,-4994 ,15512 ,99 ,23 ,4, 27376.9766, 27820.4143
15200, 15273, -2895, -2663, 4, -45, -34, -1144 ,-4847 ,15493 ,94 ,25 ,9, 27175.0122, 27790.6656
15208, 15158, -2242, -2994, 7, -36, -45, -1040 ,-4584 ,15406 ,84 ,26 ,10, 27350.0204, 27817.4967
15217, 15044, -1354, -2940, 20, -27, -50, -1059 ,-4458 ,15251 ,66 ,24 ,12, 27418.9562, 27896.5116
15225, 14811, -1002, -2852, 30, -17, -44, -1068 ,-4408 ,15104 ,44 ,17 ,13, 27226.3408, 27899.2683
15233, 14608, -1260, -2224, 31, -9, -32, -1184 ,-4363 ,14923 ,17 ,9 ,8, 27349.1502, 27783.2747
15243, 14540, -1998, -1322, 18, -11, -24, -1210 ,-4343 ,14850 ,-13 ,-5 ,3, 27364.4179, 27840.7037
15251, 14565, -3032, -1237, -7, -22, -25, -1004 ,-4175 ,14905 ,-43 ,-17 ,0, 27261.9694, 27883.9916
15259, 14667, -3920, -1968, -21, -28, -41, -664 ,-4171 ,15096 ,-81 ,-28 ,-6, 27319.0230, 27751.0941
15268, 14828, -4136, -2512, -16, -25, -70, -524 ,-4337 ,15286 ,-109 ,-34 ,-9, 27373.6507, 27890.8104
15278, 14980, -4148, -2650, -5, -13, -104, -640 ,-4572 ,15390 ,-119 ,-33 ,-6, 27345.8183, 27894.2078
15286, 15055, -3583, -2660, 6, 2, -140, -703 ,-4665 ,15388 ,-116 ,-28 ,-3, 27299.3118, 27841.4190
15295, 15174, -2673, -2282, 12, 13, -165, -714 ,-4536 ,15312 ,-122 ,-25 ,0, 27276.0749, 27913.5585
15303, 15310, -2120, -2045, 3, 18, -174, -714 ,-4536 ,15312 ,-122 ,-25 ,3, 27189.0670, 27815.7651
15311, 15310, -1917, -2109, -10, 22, -177, -900 ,-4549 ,15481 ,-140 ,-21 ,3, 27361.3989, 27810.5199
15321, 15466, -1167, -2262, -20, 27, -177, -908 ,-4756 ,15481 ,-152 ,-15 ,13, 27341.2615, 27833.7330
15329, 15695, -548, -2002, -23, 27, -172, -830 ,-4944 ,15750 ,-152 ,-12 ,13, 27280.2711, 27882.2482
15338, 15838, -41, -1949, -23, 31, -154, -653 ,-5068 ,15750 ,-141 ,-18 ,6, 27233.9046, 27758.3927
15346, 15925, -41, -1693, -21, 31, -128, -702 ,-5028 ,15798 ,-129 ,-27 ,6, 27378.5114, 27847.3496
15356, 15944, -14, -1732, -15, 26, -97, -799 ,-5211 ,15863 ,-124 ,-38 ,-2, 27229.0081, 27920.0077
15364, 15906, -862, -1706, -5, 22, -72, -651 ,-5313 ,15967 ,-109 ,-50 ,-4, 27334.6364, 27821.5826
15373, 16010, -1733, -1889, 1, 19, -63, -459 ,-5253 ,16009 ,-94 ,-67 ,-6, 27192.3900, 27854.3681
15381, 16222, -2065, -2154, 4, 21, -66, -437 ,-5136 ,16150 ,-95 ,-75 ,-11, 27350.3870, 27842.7750
15389, 16472, -2171, -2212, 3, 28, -69, -513 ,-5097 ,16307 ,-91 ,-70 ,-14, 27320.5876, 27782.2703
15399, 16695, -2124, -2047, -1, 36, -69, -450 ,-5072 ,16480 ,-91 ,-61 ,-14, 27446.3415, 27827.2480
15407, 16970, -2046, -1777, -9, 43, -67, -439 ,-5254 ,16605 ,-86 ,-49 ,-13, 27351.3705, 27849.9395
15416, 17274, -1902, -1348, -15, 43, -63, -492 ,-5432 ,16666 ,-65 ,-34 ,-13, 27334.0523, 27793.6518
15424, 17423, -1859, -1187, -19, 33, -59, -456 ,-5448 ,16732 ,-41 ,-24 ,-7, 27319.5505, 27824.0681
15434, 17404, -1867, -1338, -19, 23, -58, -442 ,-5512 ,16796 ,-21 ,-17 ,0, 27330.6876, 27857.1844
15442, 17313, -1757, -1519, -13, 14, -58, -505 ,-5551 ,16791 ,-6 ,-12 ,3, 27285.1437, 27796.6112
15450, 17167, -1587, -1764, -3, 8, -55, -546 ,-5396 ,16736 ,1 ,-6 ,4, 27346.4471, 27724.7369
15458, 17095, -1267, -1834, 0, 4, -50, -614 ,-5354 ,16713 ,-7 ,-1 ,2, 27314.2219, 27726.9393
15467, 17075, -1114, -2070, 2, 5, -40, -563 ,-5612 ,16655 ,-8 ,0 ,-4, 27291.8105, 27853.2445
15475, 16968, -1163, -1967, 7, 6, -27, -563 ,-5612 ,16648 ,10 ,0 ,-4, 27355.4355, 27808.3742
15483, 16810, -1435, -1967, 7, 6, -16, -562 ,-5577 ,16648 ,10 ,0 ,-9, 27247.2262, 27844.2472
15491, 16810, -1435, -1690, 7, 5, -16, -674 ,-5450 ,16560 ,29 ,-2 ,-14, 27421.6741, 27750.2477
15499, 16707, -1774, -1798, 9, 1, -12, -674 ,-5448 ,16551 ,45 ,-4 ,-13, 27334.6454, 27778.6940
15507, 16757, -1915, -1967, 15, 1, -11, -627 ,-5458 ,16571 ,62 ,-5 ,-14, 27440.1784, 27829.5666
15516, 16898, -1826, -1916, 15, 1, -10, -569 ,-5226 ,16502 ,75 ,-4 ,-13, 27427.8373, 27650.8927
15525, 17053, -1720, -1789, 5, 0, -7, -560 ,-5139 ,16496 ,77 ,2 ,-9, 27236.4885, 27855.5244
15533, 17091, -1550, -1629, -6, -2, 1, -515 ,-5122 ,16460 ,79 ,11 ,-6, 27350.4823, 27749.6219
15541, 17036, -1439, -1533, -9, -6, 11, -565 ,-5013 ,16366 ,80 ,19 ,-4, 27424.3504, 27667.4926
15549, 16777, -1334, -1572, -2, -14, 22, -628 ,-4922 ,16291 ,78 ,28 ,-3, 27299.0048, 27708.4500
15557, 16472, -1352, -1768, 12, -19, 29, -729 ,-4892 ,16213 ,73 ,34 ,-3, 27293.1755, 27894.2704
15567, 16207, -1348, -1882, 24, -24, 37, -934 ,-5053 ,16191 ,67 ,37 ,-4, 27391.6215, 27860.2213
15575, 15972, -1464, -2218, 23, -23, 48, -965 ,-5272 ,16150 ,67 ,37 ,-4, 27434.7812, 27811.1011
15583, 15820, -1815, -2653, 14, -14, 54, -965 ,-5272 ,15894 ,81 ,28 ,-7, 27427.0862, 27717.6559
15591, 15809, -1815, -2653, 14, 1, 53, -878 ,-5394 ,16120 ,81 ,28 ,-7, 27383.2828, 27697.4410
15600, 15809, -2122, -2993, 4, 1, 53, -709 ,-5378 ,16098 ,90 ,19 ,-11, 27375.5223, 27828.1271
15608, 15874, -2286, -2779, -3, 17, 45, -583 ,-5161 ,16028 ,90 ,8 ,-13, 27336.5170, 27822.4766
15616, 15927, -2386, -2293, -7, 29, 35, -500 ,-4904 ,15996 ,84 ,-2 ,-15, 27377.4356, 27861.4074
15624, 15992, -2336, -1828, -7, 34, 24, -515 ,-4779 ,15925 ,79 ,-7 ,-19, 27306.4226, 27798.9149
15632, 15998, -2210, -1583, -4, 35, 19, -546 ,-4585 ,15850 ,77 ,-8 ,-20, 27385.1454, 27822.7150
15642, 15888, -2220, -1648, 2, 33, 20, -624 ,-4411 ,15829 ,69 ,-2 ,-22, 27365.5832, 27846.1695
15650, 15820, -2091, -1818, 4, 31, 21, -730 ,-4417 ,15808 ,61 ,7 ,-20, 27298.5011, 27786.4516
15658, 15858, -1996, -1725, -2, 34, 25, -743 ,-4562 ,15683 ,58 ,15 ,-16, 27365.2464, 27827.0006
15666, 15786, -2089, -1402, -12, 34, 31, -778 ,-4723 ,15594 ,54 ,21 ,-14, 27368.3637, 27719.9805
15675, 15652, -2260, -931, -19, 26, 31, -777 ,-4811 ,15440 ,54 ,20 ,-14, 27421.1496, 27816.9423
15683, 15532, -2274, -247, -21, 8, 24, -774 ,-4728 ,15287 ,52 ,13 ,-14, 27295.8547, 27799.5616
15691, 15537, -1983, 310, -20, -28, 16, -802 ,-4732 ,15287 ,46 ,5 ,-20, 27174.0645, 27770.1050
15700, 15393, -1983, -926, -15, -56, 9, -802 ,-4732 ,15178 ,46 ,5 ,-20, 27386.3077, 27773.3505
15708, 15137, -2341, -2853, -11, -56, 9, -792 ,-4724 ,15213 ,34 ,-7 ,-25, 27422.0079, 27755.1532
15717, 14656, -2932, -2984, -11, -56, -5, -803 ,-4785 ,15395 ,22 ,-15 ,-32, 27262.3986, 27775.3234
15725, 14378, -3359, -4264, -16, -27, -27, -812 ,-4821 ,15537 ,11 ,-16 ,-36, 27396.9233, 27840.8200
15734, 14648, -3068, -4008, -39, 17, -53, -785 ,-4730 ,15460 ,-6 ,-20 ,-35, 27379.2446, 27844.3009
15743, 15160, -2338, -2753, -66, 54, -70, -763 ,-4775 ,15336 ,-27 ,-23 ,-31, 27365.6249, 27886.4741
15752, 15491, -1896, -1697, -80, 65, -77, -704 ,-4788 ,15306 ,-48 ,-28 ,-28, 27335.4083, 27833.8253
15760, 15686, -1681, -1170, -77, 57, -84, -778 ,-4936 ,15307 ,-66 ,-30 ,-25, 27456.9213, 27757.6029
15769, 15725, -1595, -1284, -61, 41, -91, -793 ,-5117 ,15407 ,-74 ,-30 ,-22, 27349.5078, 27833.1876
15777, 15703, -1555, -1690, -46, 31, -99, -739 ,-5255 ,15538 ,-76 ,-29 ,-20, 27224.6540, 27829.6262
15787, 15820, -1407, -2197, -35, 30, -105, -722 ,-5428 ,15646 ,-68 ,-30 ,-19, 27376.8127, 27857.7924
15795, 15967, -1204, -2360, -35, 37, -106, -726 ,-5357 ,15715 ,-55 ,-27 ,-17, 27340.0903, 27655.2081
15804, 16043, -885, -2053, -40, 44, -100, -706 ,-5301 ,15758 ,-51 ,-28 ,-14, 27299.0793, 27816.8052
15814, 16232, -387, -1622, -44, 47, -89, -754 ,-5318 ,15858 ,-53 ,-32 ,-14, 27296.9335, 27849.3077
15822, 16466, 68, -1468, -43, 43, -69, -748 ,-5421 ,15997 ,-46 ,-35 ,-15, 27386.5730, 27867.6391
15830, 16558, 19, -1794, -37, 38, -44, -638 ,-5398 ,16071 ,-29 ,-37 ,-13, 27390.1016, 27773.6038
15839, 16500, -206, -2232, -20, 36, -25, -510 ,-5365 ,16195 ,-17 ,-40 ,-12, 27301.7287, 27797.9434
15847, 16601, -55, -2396, -1, 43, -7, -527 ,-5433 ,16212 ,-15 ,-43 ,-12, 27291.0595, 27835.2916
15855, 16672, -113, -2270, 11, 50, 13, -648 ,-5420 ,16222 ,-11 ,-41 ,-12, 27221.2744, 27743.0236
15865, 16690, -414, -2227, 15, 57, 33, -728 ,-5401 ,16221 ,-10 ,-37 ,-9, 27389.5115, 27892.2468
15873, 16564, -976, -2218, 23, 63, 48, -654 ,-5413 ,16275 ,-16 ,-34 ,-7, 27209.9376, 27864.0270
15881, 16509, -1506, -2185, 39, 69, 50, -729 ,-5591 ,16317 ,-16 ,-34 ,-7, 27282.2589, 27743.7001
15890, 16607, -1782, -2051, 59, 70, 44, -729 ,-5591 ,16317 ,-7 ,-33 ,-7, 27381.5244, 27860.1140
15898, 16652, -1938, -1617, 71, 70, 44, -738 ,-5622 ,16272 ,-7 ,-34 ,-6, 27266.6186, 27821.2607
15906, 16671, -1940, -1617, 71, 67, 33, -738 ,-5548 ,16196 ,-2 ,-34 ,-5, 27280.7866, 27786.8778
15914, 16671, -1940, -1201, 74, 59, 21, -768 ,-5614 ,16224 ,-2 ,-34 ,-4, 27368.5694, 27798.3606
15924, 16750, -1823, -1048, 62, 48, 14, -711 ,-5524 ,16181 ,2 ,-34 ,-3, 27457.6992, 27819.2431
15932, 16853, -1722, -948, 39, 37, 11, -626 ,-5383 ,16187 ,3 ,-32 ,-1, 27415.4454, 27832.2846
15940, 16905, -1572, -822, 15, 26, 14, -704 ,-5425 ,16238 ,2 ,-25 ,-1, 27270.6151, 27847.9636
15948, 16905, -1576, -771, -3, 11, 19, -759 ,-5405 ,16245 ,12 ,-17 ,-1, 27323.1268, 27839.3060
15956, 16792, -1673, -731, -9, -3, 21, -656 ,-5278 ,16180 ,21 ,-10 ,1, 27327.9935, 27697.7330
15966, 16702, -1606, -474, -12, -21, 21, -601 ,-5150 ,16122 ,22 ,-6 ,0, 27388.5787, 27921.9657
15974, 16566, -1756, -516, -16, -42, 23, -640 ,-5152 ,16168 ,16 ,-5 ,2, 27374.7683, 27765.8701
15982, 16512, -2100, -917, -33, -59, 23, -633 ,-5360 ,16211 ,12 ,-5 ,4, 27342.5877, 27887.7825
15990, 16324, -2623, -1816, -47, -62, 17, -568 ,-5452 ,16211 ,12 ,-5 ,4, 27259.5048, 27877.3874
15998, 16141, -3166, -2316, -51, -55, 0, -568 ,-5452 ,16294 ,25 ,-9 ,8, 27304.1904, 27847.3109
16007, 15979, -3493, -2647, -51, -42, -30, -434 ,-5332 ,16269 ,25 ,-9 ,8, 27499.1781, 27831.7183
16015, 15879, -3493, -2647, -47, -30, -67, -385 ,-5332 ,16276 ,20 ,-12 ,9, 27400.9109, 27840.5696
16023, 16135, -3260, -2056, -46, -30, -67, -498 ,-5345 ,16213 ,13 ,-15 ,11, 27321.5890, 27803.3853
16033, 16395, -2658, -1455, -57, -26, -93, -636 ,-5335 ,16145 ,8 ,-13 ,13, 27360.1979, 27724.0485
16041, 16607, -2031, -1220, -75, -28, -105, -666 ,-5305 ,16129 ,6 ,-10 ,15, 27302.8582, 27776.3546
16050, 16571, -1444, -2106, -76, -28, -104, -570 ,-5272 ,16194 ,13 ,-1 ,19, 27330.5982, 27772.7097
16058, 16360, -1324, -2592, -40, -21, -102, -469 ,-5173 ,16186 ,16 ,6 ,19, 27247.4468, 27759.3940
16068, 16294, -1186, -2238, -5, -13, -106, -472 ,-5223 ,16019 ,16 ,7 ,21, 27363.4017, 27838.8083
16076, 16278, -700, -1772, 8, -10, -106, -538 ,-5305 ,15918 ,18 ,6 ,21, 27302.3546, 27867.6361
16084, 16280, -214, -1310, 13, -11, -92, -649 ,-5252 ,15861 ,25 ,5 ,18, 27405.6971, 27788.9073
16092, 16149, -224, -1367, 14, -15, -70, -676 ,-5129 ,15797 ,31 ,3 ,15, 27263.0453, 27763.9687
16100, 15912, -388, -2144, 24, -15, -48, -636 ,-4925 ,15864 ,29 ,0 ,10, 27219.4564, 27712.8845
16109, 15923, 291, -2868, 51, -5, -26, -552 ,-4906 ,15973 ,19 ,-3 ,8, 27322.3758, 27759.0960
16117, 15751, 4, -2910, 64, 16, 4, -650 ,-4953 ,15960 ,14 ,-6 ,5, 27386.0574, 27902.7313
16125, 16011, -404, -2095, 53, 33, 31, -527 ,-4953 ,15960 ,14 ,-12 ,4, 27312.1685, 27823.2962
16133, 16189, -404, -1583, 37, 39, 50, -783 ,-5102 ,15817 ,12 ,-12 ,4, 27399.7575, 27785.8645
16141, 16189, -742, -1058, 37, 39, 50, -740 ,-5266 ,15780 ,11 ,-16 ,6, 27160.4508, 27728.9569
16149, 16372, -1066, -1088, 37, 32, 59, -666 ,-5372 ,15788 ,18 ,-17 ,7, 27280.1578, 27799.5944
16158, 16421, -1458, -862, 39, 17, 60, -660 ,-5323 ,15818 ,27 ,-17 ,7, 27322.5367, 27813.5329
16166, 16349, -1854, -1051, 38, -1, 54, -685 ,-5350 ,15898 ,29 ,-13 ,7, 27338.8594, 27746.6714
16175, 16259, -2040, -1563, 39, -8, 45, -624 ,-5265 ,15979 ,30 ,-9 ,9, 27394.2173, 27794.1614
16183, 16123, -2201, -2379, 44, -7, 36, -575 ,-5148 ,16023 ,30 ,-6 ,8, 27313.6079, 27827.0096
16191, 16053, -2127, -2145, 55, 4, 26, -613 ,-5042 ,16006 ,23 ,-1 ,4, 27217.5521, 27842.5068
16199, 16038, -2050, -1447, 59, 9, 17, -722 ,-5016 ,15977 ,18 ,0 ,3, 27288.1001, 27835.0055
16207, 16072, -1982, -1237, 52, 5, 13, -722 ,-5003 ,15933 ,10 ,251 ,3, 27397.2154, 27843.7078
16215, 16172, -1900, -1246, 38, 1, 11, -510 ,-4947 ,15933 ,10 ,-9 ,4, 27244.9613, 27894.8486
16223, 16202, -1900, -1416, 19, -3, 11, -510 ,-4947 ,16020 ,4 ,-9 ,4, 27480.7036, 27905.2734
16231, 16202, -1820, -1862, 19, -3, 11, -574 ,-5002 ,16107 ,-3 ,-10 ,2, 27356.6872, 27788.9162
16239, 16245, -1820, -1862, 10, -1, 14, -607 ,-4993 ,16172 ,2 ,-11 ,1, 27294.4570, 27708.5006
16249, 16228, -1923, -2133, 5, 6, 17, -573 ,-4904 ,16207 ,7 ,-7 ,0, 27376.3359, 27985.2480
16257, 16225, -2024, -1968, 3, 16, 17, -574 ,-4967 ,16191 ,6 ,-4 ,1, 27505.0879, 27989.9061
16265, 16399, -1894, -1653, 1, 20, 15, -601 ,-5092 ,16229 ,8 ,-3 ,0, 27403.6765, 27819.3235
16272, 16610, -1688, -1356, 0, 20, 16, -617 ,-5103 ,16194 ,15 ,-2 ,0, 27377.4385, 27668.3569
16281, 16629, -1554, -1212, 2, 17, 21, -608 ,-5047 ,16239 ,21 ,-1 ,-1, 27272.4092, 27811.4021
16289, 16447, -1691, -1519, 11, 10, 25, -587 ,-5018 ,16307 ,25 ,1 ,-1, 27374.4553, 27797.6900
16297, 16280, -1811, -2016, 28, 8, 25, -587 ,-5086 ,16279 ,28 ,1 ,-2, 27235.7166, 27799.2934
16305, 16157, -1922, -2119, 49, 13, 21, -657 ,-5086 ,16279 ,28 ,1 ,-2, 27351.5135, 27777.0132
16313, 16114, -2001, -1859, 57, 21, 21, -590 ,-5096 ,16197 ,31 ,0 ,-4, 27320.0542, 27844.4648
16321, 16048, -1847, -1859, 57, 21, 16, -579 ,-5041 ,16100 ,30 ,-3 ,-7, 27377.0303, 27794.5966
16329, 16048, -2103, -1639, 46, 25, 13, -593 ,-5058 ,16041 ,22 ,-5 ,-9, 27378.3267, 27693.4683
16339, 16083, -2092, -1388, 31, 27, 10, -627 ,-4962 ,15926 ,18 ,-6 ,-10, 27463.4898, 27830.4905
16347, 16223, -1897, -790, 19, 26, 9, -683 ,-4960 ,15848 ,14 ,-3 ,-12, 27203.5539, 27754.8820
16355, 16259, -1694, -714, 5, 15, 11, -652 ,-5049 ,15868 ,10 ,1 ,-10, 27344.3192, 27780.4673
16363, 16275, -1655, -1010, -12, 5, 15, -606 ,-5169 ,15859 ,11 ,3 ,-6, 27515.2534, 27782.3091
16371, 16291, -1656, -1404, -23, 0, 17, -541 ,-5182 ,15852 ,19 ,3 ,-4, 27319.3896, 27821.0610
16379, 16152, -1582, -1701, -23, -2, 16, -602 ,-5130 ,15856 ,23 ,5 ,-3, 27359.3158, 27795.0346
16389, 16056, -1479, -2045, -13, -2, 12, -623 ,-5061 ,15872 ,22 ,4 ,-1, 27336.9700, 27850.3388
16397, 15978, -1528, -2270, 6, 4, 8, -564 ,-5080 ,15888 ,16 ,4 ,0, 27333.3758, 27903.0710
16405, 15903, -1609, -1977, 29, 10, 4, -564 ,-5080 ,15888 ,16 ,4 ,0, 27355.2984, 27718.3712
16413, 16008, -1686, -1977, 29, 10, 1, -566 ,-5063 ,15900 ,13 ,4 ,-2, 27449.7002, 27816.9125
16421, 16008, -1686, -1427, 51, 12, 1, -620 ,-4981 ,15843 ,8 ,2 ,-5, 27319.1363, 27850.4699
16429, 16023, -1556, -1273, 56, 11, 0, -606 ,-5086 ,15903 ,4 ,-1 ,-6, 27468.2403, 27807.8288
16437, 16058, -1485, -1380, 39, 10, 7, -653 ,-5105 ,15906 ,4 ,-4 ,-5, 27263.7516, 27878.5467
16445, 16045, -1568, -1712, 13, 15, 16, -637 ,-5088 ,15889 ,3 ,-3 ,-6, 27169.5435, 27905.1036
16453, 15984, -1787, -1891, -2, 22, 21, -651 ,-5158 ,15924 ,1 ,0 ,-7, 27237.6716, 27820.2266
16461, 15980, -1892, -1770, 0, 29, 17, -703 ,-5299 ,15910 ,5 ,2 ,-6, 27269.7121, 27792.5193
16469, 16072, -1828, -1470, 15, 30, 8, -678 ,-5325 ,15857 ,13 ,-1 ,-6, 27262.4493, 27830.8511
16477, 16121, -1712, -1269, 24, 25, 0, -555 ,-5218 ,15799 ,13 ,-6 ,-6, 27297.1541, 27734.0889
16485, 16157, -1531, -1251, 20, 21, -2, -555 ,-5218 ,15799 ,13 ,-10 ,-6, 27388.0810, 27717.8526
16495, 16197, -1353, -1373, 14, 18, 1, -519 ,-5064 ,15850 ,13 ,-10 ,-6, 27390.4443, 27757.6268
16503, 16188, -1353, -1373, 14, 17, 8, -541 ,-5064 ,15885 ,13 ,-13 ,-6, 27237.8951, 27799.3977
16511, 16188, -1366, -1516, 10, 17, 8, -536 ,-4968 ,15943 ,9 ,-14 ,-5, 27244.1149, 27780.8249
16519, 16143, -1542, -1568, 18, 18, 13, -641 ,-4953 ,15962 ,7 ,-10 ,-6, 27369.4336, 27848.7593
16527, 16104, -1794, -1678, 33, 19, 14, -691 ,-5040 ,16039 ,3 ,-6 ,-3, 27380.5737, 27691.9246
16536, 16156, -1964, -1913, 35, 25, 10, -652 ,-5143 ,16010 ,0 ,-4 ,-1, 27327.8803, 27890.3961
16544, 16233, -1954, -1661, 26, 31, 8, -598 ,-5224 ,15987 ,-1 ,-3 ,2, 27288.8929, 27778.9503
16552, 16222, -1837, -1389, 11, 37, 8, -562 ,-5274 ,15965 ,3 ,-5 ,1, 27274.2569, 27725.3836
16560, 16140, -1795, -1318, -5, 37, 9, -610 ,-5173 ,15935 ,9 ,-7 ,-1, 27337.0683, 27838.8053
16569, 16054, -1733, -1301, -10, 36, 9, -656 ,-5039 ,15963 ,9 ,-8 ,-3, 27414.3934, 27762.2849
16577, 16072, -1648, -1312, -3, 35, 9, -656 ,-5039 ,15963 ,9 ,-11 ,-5, 27316.7998, 27831.0210
16585, 16158, -1638, -1293, 8, 33, 12, -692 ,-4987 ,15990 ,4 ,-11 ,-5, 27314.6033, 27846.2350
16593, 16287, -1638, -1037, 17, 29, 15, -705 ,-4987 ,15990 ,4 ,-13 ,-7, 27379.1969, 27748.5251
16602, 16287, -1662, -1229, 21, 29, 15, -627 ,-5097 ,16017 ,0 ,-15 ,-7, 27484.6315, 27838.7308
16610, 16350, -1753, -1103, 21, 23, 15, -568 ,-5224 ,16012 ,6 ,-14 ,-6, 27418.4823, 27870.4345
16618, 16441, -1742, -971, 21, 16, 13, -606 ,-5238 ,15973 ,10 ,-16 ,-5, 27339.2081, 27917.0901
16626, 16549, -1726, -1028, 15, 7, 13, -594 ,-5073 ,15975 ,11 ,-15 ,-1, 27231.1151, 27874.6039
16634, 16598, -1740, -1220, 9, 1, 12, -612 ,-5016 ,16065 ,7 ,-6 ,2, 27445.9451, 27780.1245
16642, 16530, -1834, -1376, 13, -3, 12, -638 ,-5028 ,16133 ,7 ,4 ,3, 27331.3820, 27849.9991
16650, 16380, -1946, -1526, 25, -6, 11, -660 ,-5130 ,16232 ,8 ,10 ,2, 27331.0751, 27814.7817
16659, 16285, -2042, -1532, 32, -2, 11, -640 ,-5113 ,16232 ,15 ,10 ,1, 27341.0946, 27723.6372
16667, 16220, -2141, -1461, 24, 1, 10, -639 ,-5119 ,16232 ,15 ,10 ,0, 27267.9090, 27726.1615
16676, 16199, -2126, -1444, 14, 1, 9, -639 ,-5119 ,16161 ,25 ,0 ,0, 27375.0216, 27782.7919
16684, 16199, -2023, -1228, 8, 3, 7, -611 ,-5105 ,16161 ,25 ,0 ,0, 27312.3533, 27902.0846
16691, 16197, -2023, -1228, 8, 3, 7, -614 ,-5060 ,16106 ,27 ,-5 ,1, 27343.4907, 27764.8449
16699, 16254, -1824, -894, 10, 1, 6, -601 ,-4993 ,16080 ,26 ,-10 ,-1, 27365.0020, 27779.5732
16707, 16314, -1680, -993, 11, -7, 7, -598 ,-5124 ,16057 ,23 ,-12 ,-2, 27342.2867, 27780.0441
16716, 16379, -1674, -1119, 12, -11, 11, -599 ,-5164 ,16043 ,22 ,-13 ,-3, 27354.4431, 27837.7831
16724, 16393, -1837, -1144, 8, -15, 12, -549 ,-5193 ,16015 ,18 ,-11 ,-5, 27298.3789, 27775.7019
16732, 16397, -2048, -1328, 8, -17, 9, -499 ,-5213 ,15995 ,14 ,-7 ,-6, 27391.6632, 27871.7279
16740, 16454, -2164, -1391, 11, -18, -1, -522 ,-5192 ,15994 ,12 ,1 ,-4, 27362.9844, 27734.5866
16750, 16439, -2064, -1288, 20, -21, -12, -535 ,-5157 ,16007 ,11 ,9 ,-1, 27378.2104, 27802.7803
16758, 16319, -1895, -1228, 27, -23, -20, -580 ,-5160 ,16022 ,11 ,9 ,1, 27327.9488, 27863.8750
16766, 16178, -1739, -1149, 29, -26, -20, -580 ,-5160 ,16008 ,26 ,15 ,1, 27288.0763, 27877.9507
16774, 16084, -1592, -993, 20, -30, -15, -650 ,-5121 ,16008 ,26 ,15 ,1, 27355.5279, 27806.2046
16782, 15939, -1675, -1280, 3, -31, -15, -684 ,-5080 ,15970 ,35 ,9 ,3, 27366.8319, 27666.8638
16791, 15837, -1675, -1280, 3, -31, -6, -637 ,-5038 ,15943 ,39 ,5 ,2, 27362.5404, 27798.2324
16800, 15837, -1939, -1698, -3, -28, -2, -586 ,-5010 ,15961 ,35 ,-2 ,0, 27357.8793, 27798.1013
16808, 15917, -2097, -1770, -2, -22, -5, -588 ,-5046 ,15950 ,26 ,-7 ,-1, 27415.1951, 27866.8225
16816, 16028, -2136, -1780, 3, -15, -15, -540 ,-5152 ,15924 ,18 ,-10 ,-1, 27255.0613, 27818.1851
16825, 16193, -2052, -1558, 9, -9, -23, -591 ,-5154 ,15906 ,13 ,-7 ,-1, 27380.2727, 27785.8764
16833, 16363, -1869, -1080, 8, -9, -31, -639 ,-5194 ,15906 ,9 ,-3 ,1, 27329.1171, 27842.0836
16841, 16429, -1763, -959, 2, -14, -35, -642 ,-5165 ,15872 ,9 ,1 ,3, 27386.8024, 27789.1010
16849, 16363, -1690, -1178, -5, -21, -35, -663 ,-5158 ,15900 ,7 ,7 ,5, 27318.8263, 27889.7256
16857, 16264, -1598, -1412, -8, -25, -35, -641 ,-5158 ,15916 ,6 ,12 ,7, 27317.4226, 27758.9917
16865, 16162, -1508, -1530, -10, -25, -34, -626 ,-5202 ,15938 ,6 ,12 ,9, 27300.8853, 27829.6173
16873, 16079, -1412, -1674, -11, -23, -32, -626 ,-5202 ,15938 ,6 ,10 ,9, 27403.2474, 27801.7998
16883, 16089, -1251, -1495, -9, -22, -30, -645 ,-5160 ,15911 ,1 ,5 ,9, 27382.3380, 27863.3922
16894, 16028, -1189, -1277, -8, -24, -23, -702 ,-5119 ,15922 ,3 ,-6 ,6, 27422.0258, 27913.2068
16899, 16028, -1189, -1277, -8, -24, -23, -702 ,-5119 ,15922 ,3 ,-6 ,6, 27374.8368, 27777.1711
16907, 15978, -1208, -1428, -5, -27, -14, -756 ,-5068 ,15951 ,6 ,-11 ,0, 27332.8900, 27848.5268
16916, 16040, -1371, -1645, 2, -24, -4, -717 ,-5028 ,16006 ,14 ,-14 ,-4, 27429.8757, 27792.5014
16924, 16143, -1608, -1866, 4, -19, 4, -620 ,-4996 ,16045 ,21 ,-17 ,-3, 27273.4493, 27713.0216
16932, 16168, -1689, -2157, 5, -10, 9, -518 ,-4979 ,16026 ,22 ,-18 ,0, 27331.5310, 27758.0947
16941, 16128, -1848, -2073, 12, 1, 11, -501 ,-4866 ,16007 ,18 ,-16 ,1, 27349.4393, 27772.0541
16949, 16123, -2005, -1711, 19, 10, 8, -607 ,-4900 ,15984 ,6 ,-12 ,3, 27321.7440, 27784.1538
16957, 16268, -2059, -1451, 27, 14, 2, -650 ,-5022 ,15973 ,0 ,-5 ,5, 27367.0524, 27720.7822
16965, 16314, -2064, -1116, 33, 12, -4, -635 ,-5003 ,15972 ,-3 ,-1 ,6, 27396.6074, 27867.0818
16973, 16307, -2031, -887, 34, 5, -8, -635 ,-5003 ,15972 ,-3 ,-1 ,6, 27277.3832, 27731.4812
16981, 16235, -1999, -1000, 34, 0, -9, -677 ,-5072 ,16004 ,-6 ,1 ,4, 27214.5331, 27673.6408
16990, 16235, -1999, -1000, 16, -3, -9, -652 ,-5131 ,16062 ,-2 ,-1 ,3, 27379.3250, 27879.1368
16998, 16171, -1965, -1291, 16, -3, -11, -667 ,-5134 ,16093 ,-1 ,-3 ,1, 27347.6601, 27802.9919
17006, 16172, -1882, -1673, 4, -2, -11, -640 ,-5233 ,16094 ,0 ,-6 ,0, 27361.5807, 27994.6506
17014, 16159, -1919, -1844, 0, 3, -11, -546 ,-5258 ,16105 ,9 ,-10 ,-1, 27373.3884, 27888.5990
17022, 16165, -1900, -1914, 2, 13, -16, -614 ,-5114 ,16045 ,14 ,-11 ,-3, 27195.9960, 27842.9449
17031, 16300, -1674, -1612, 9, 19, -20, -670 ,-5068 ,16027 ,11 ,-9 ,-3, 27277.5859, 27815.0231
17039, 16446, -1402, -1107, 17, 19, -20, -669 ,-5026 ,16040 ,12 ,-5 ,-2, 27282.9145, 27710.3662
17048, 16430, -1295, -996, 22, 14, -13, -617 ,-4984 ,16089 ,14 ,-1 ,-1, 27373.2841, 27827.3374
17056, 16336, -1387, -1266, 24, 9, -3, -521 ,-4982 ,16101 ,13 ,-3 ,-1, 27258.0087, 27869.6150
17064, 16327, -1520, -1311, 23, 9, 6, -521 ,-4982 ,16101 ,13 ,-3 ,-2, 27235.9252, 27767.0205
17072, 16381, -1578, -1198, 19, 7, 13, -590 ,-4936 ,16116 ,9 ,-4 ,-2, 27289.1611, 27790.4987
17080, 16512, -1578, -1045, 15, 4, 19, -600 ,-5083 ,16116 ,9 ,-4 ,0, 27291.0476, 27728.7096
17088, 16512, -1593, -789, 15, 4, 19, -627 ,-5200 ,16100 ,14 ,-2 ,0, 27305.9815, 27774.1879
17096, 16562, -1617, -789, 11, -1, 22, -676 ,-5245 ,16081 ,20 ,0 ,1, 27324.0745, 27673.6736
17104, 16492, -1733, -886, 8, -10, 23, -644 ,-5208 ,16084 ,25 ,2 ,3, 27299.2700, 27806.0794
17112, 16394, -1796, -1187, 16, -19, 19, -609 ,-5204 ,16114 ,26 ,1 ,4, 27481.1447, 27719.9864
17121, 16390, -1747, -1331, 21, -22, 15, -601 ,-5200 ,16110 ,25 ,0 ,5, 27435.7021, 27818.9033
17130, 16492, -1734, -1428, 18, -22, 15, -607 ,-5172 ,16123 ,22 ,2 ,7, 27435.4249, 27753.5379
17138, 16607, -1737, -1494, 14, -20, 15, -578 ,-5233 ,16172 ,19 ,6 ,10, 27450.0787, 27743.6346
17146, 16617, -1832, -1433, 17, -20, 12, -598 ,-5274 ,16229 ,21 ,10 ,10, 27292.6867, 27960.0054
17154, 16583, -1907, -1252, 25, -22, 7, -641 ,-5274 ,16229 ,21 ,10 ,9, 27401.3162, 27922.5796
17162, 16602, -1834, -1138, 27, -25, 3, -641 ,-5233 ,16314 ,27 ,14 ,9, 27438.0654, 27968.9193
17170, 16602, -1664, -1356, 24, -29, 5, -724 ,-5217 ,16314 ,27 ,17 ,6, 27274.1735, 27752.4740
17180, 16608, -2036, -1534, 24, -29, 5, -674 ,-5269 ,16422 ,35 ,16 ,5, 27481.4934, 27797.8420
17188, 16450, -2036, -1534, 19, -28, 11, -630 ,-5261 ,16453 ,48 ,14 ,5, 27419.4002, 27826.4940
17196, 16398, -2470, -1833, 10, -22, 8, -612 ,-5242 ,16376 ,56 ,11 ,6, 27325.0043, 27926.3526
17204, 16386, -2492, -2047, 3, -12, -4, -588 ,-5158 ,16349 ,61 ,10 ,9, 27278.0448, 27903.9174
17212, 16447, -2258, -1968, 4, -1, -15, -576 ,-5022 ,16309 ,64 ,13 ,13, 27356.4965, 27834.1472
17220, 16432, -1961, -1936, 17, 6, -22, -646 ,-4916 ,16246 ,57 ,20 ,14, 27321.6218, 27745.6641
17229, 16423, -1829, -1392, 37, 10, -26, -736 ,-4910 ,16168 ,54 ,25 ,12, 27356.7021, 27787.6258
17237, 16505, -1697, -753, 38, 5, -25, -805 ,-4920 ,15997 ,49 ,29 ,11, 27354.8573, 27887.8957
17245, 16493, -1658, -269, 20, -5, -19, -742 ,-4891 ,15989 ,40 ,31 ,12, 27373.3437, 27931.6813
17253, 16420, -1636, -96, -1, -22, -10, -742 ,-4891 ,15992 ,34 ,30 ,13, 27333.1285, 27917.3464
17262, 16433, -1635, -349, -9, -41, -3, -743 ,-4863 ,15958 ,34 ,30 ,14, 27303.6003, 27826.5893
17271, 16303, -1872, -918, -3, -56, -1, -743 ,-4863 ,15958 ,32 ,28 ,14, 27464.8368, 27826.4433
17279, 16213, -2116, -1513, -3, -56, -1, -717 ,-5082 ,16004 ,26 ,29 ,14, 27352.0827, 27896.3119
17287, 16149, -2116, -1513, 4, -61, -7, -725 ,-5154 ,16006 ,34 ,31 ,13, 27299.1717, 27897.2745
17295, 16149, -2211, -1778, 7, -59, -17, -738 ,-5146 ,16013 ,39 ,34 ,12, 27383.9056, 27742.9402
17305, 16135, -2018, -1898, 6, -53, -27, -755 ,-5179 ,16026 ,43 ,36 ,12, 27395.2901, 27811.1547
17313, 16161, -1728, -1819, 7, -46, -33, -724 ,-5075 ,15975 ,53 ,35 ,9, 27329.4866, 27925.6046
17322, 16115, -1473, -1570, 9, -42, -32, -705 ,-4862 ,15946 ,68 ,36 ,11, 27269.3723, 27800.3961
17329, 15976, -1290, -1467, 10, -39, -22, -656 ,-4671 ,15883 ,76 ,34 ,10, 27312.7586, 27804.5475
17338, 15845, -1228, -1553, 13, -36, -9, -664 ,-4429 ,15829 ,74 ,31 ,9, 27435.1716, 27864.7780
17346, 15722, -1336, -1546, 14, -31, 5, -704 ,-4324 ,15778 ,59 ,27 ,9, 27319.7472, 27788.7613
17354, 15519, -1520, -1489, 16, -27, 17, -841 ,-4388 ,15755 ,42 ,22 ,10, 27345.9196, 27837.0082
17362, 15358, -1814, -1580, 18, -21, 26, -881 ,-4388 ,15755 ,29 ,14 ,10, 27364.5222, 27831.6140
17372, 15358, -2126, -1659, 20, -16, 26, -831 ,-4682 ,15680 ,16 ,14 ,10, 27328.7833, 27758.1513
17380, 15499, -2380, -1817, 15, -9, 20, -831 ,-4682 ,15680 ,16 ,4 ,8, 27354.7530, 27692.8067
17388, 15797, -2437, -1724, 3, -2, 9, -836 ,-4799 ,15685 ,3 ,-3 ,6, 27380.2608, 27843.8717
17396, 15797, -2437, -1724, 3, 2, 252, -800 ,-5018 ,15682 ,-8 ,-6 ,6, 27296.7517, 27915.3675
17404, 16069, -2272, -1374, -11, 2, -4, -791 ,-5068 ,15692 ,-16 ,-4 ,7, 27273.4791, 27855.6854
17412, 16228, -2023, -944, -20, -2, -16, -839 ,-5087 ,15784 ,-16 ,1 ,11, 27264.4520, 27833.7926
17420, 16249, -1755, -825, -18, -14, -26, -843 ,-5029 ,15828 ,-14 ,6 ,12, 27254.0599, 27820.7660
17429, 16240, -1568, -996, -4, -26, -31, -879 ,-5044 ,15925 ,-11 ,10 ,9, 27354.1778, 27894.8426
17437, 16227, -1524, -1513, 6, -33, -30, -850 ,-5041 ,16013 ,-2 ,12 ,6, 27355.8944, 27921.5097
17446, 16154, -1562, -1937, 9, -32, -26, -853 ,-4978 ,16022 ,4 ,12 ,4, 27357.2505, 27899.0388
17454, 16046, -1578, -2120, 2, -23, -22, -776 ,-4941 ,16059 ,8 ,9 ,1, 27340.3108, 27805.9334
17462, 15885, -1652, -2272, -4, -11, -18, -806 ,-4820 ,16021 ,7 ,7 ,-255, 27326.6912, 27819.2341
17471, 15836, -1633, -2037, -3, 4, -16, -952 ,-4812 ,16021 ,-1 ,4 ,-3, 27408.6326, 27820.6140
17479, 15866, -1647, -1713, 3, 12, -14, -952 ,-4812 ,15957 ,-1 ,4 ,-3, 27318.2780, 27851.0839
17487, 15936, -1755, -1661, 10, 14, -16, -1010 ,-4885 ,15951 ,-11 ,1 ,-3, 27296.6057, 27898.4874
17495, 16135, -1847, -1661, 15, 16, -20, -959 ,-5076 ,15960 ,-21 ,-2 ,-4, 27337.0594, 27912.8760
17505, 16135, -1847, -1755, 11, 19, -29, -875 ,-5288 ,15971 ,-26 ,-4 ,-4, 27438.2591, 27777.3440
17513, 16335, -1896, -1742, 7, 19, -29, -822 ,-5407 ,15986 ,-23 ,-4 ,1, 27277.6395, 27771.9200
17521, 16426, -1761, -1700, 7, 21, -39, -779 ,-5383 ,16013 ,-14 ,-2 ,4, 27456.0064, 27817.3536
17529, 16496, -1516, -1589, 9, 21, -46, -844 ,-5284 ,15996 ,-11 ,1 ,6, 27367.3683, 27843.3263
17538, 16505, -1164, -1241, 13, 19, -47, -889 ,-5253 ,15989 ,-7 ,5 ,9, 27466.9111, 27767.0652
17546, 16480, -865, -1056, 17, 12, -42, -865 ,-5101 ,15963 ,1 ,7 ,8, 27375.2630, 27799.3858
17554, 16398, -697, -1207, 23, 3, -30, -911 ,-4974 ,15970 ,6 ,8 ,4, 27426.5379, 27813.6402
17562, 16344, -640, -1250, 33, -2, -12, -922 ,-4920 ,15986 ,8 ,8 ,0, 27379.5128, 27799.2010
17570, 16243, -794, -1276, 37, -5, 7, -912 ,-4854 ,15928 ,7 ,8 ,-1, 27489.3999, 27878.5944
17579, 16102, -1051, -1232, 38, -7, 24, -912 ,-4854 ,15928 ,7 ,8 ,-1, 27352.7473, 27891.7134
17587, 15957, -1380, -1313, 37, -10, 35, -906 ,-4920 ,15944 ,7 ,6 ,-2, 27327.0786, 27957.5258
17595, 15957, -1636, -1566, 39, -10, 35, -875 ,-4808 ,15907 ,6 ,2 ,-4, 27433.3507, 27870.8339
17603, 15838, -1712, -1566, 39, -10, 40, -795 ,-4776 ,15894 ,-6 ,-4 ,-5, 27220.7886, 27777.3738
17611, 15881, -1989, -1857, 43, -4, 38, -674 ,-4833 ,15925 ,-23 ,-9 ,-5, 27250.7548, 27844.5542
17620, 15999, -2230, -1952, 43, 7, 31, -568 ,-4998 ,15931 ,-38 ,-11 ,-2, 27390.0360, 27965.8645
17628, 16108, -2327, -1761, 39, 16, 20, -691 ,-5182 ,15946 ,-41 ,-9 ,-1, 27400.8036, 27885.2820
17636, 16149, -2283, -1281, 34, 22, 7, -843 ,-5204 ,15905 ,-41 ,-6 ,-2, 27235.0878, 27877.6586
17644, 16226, -2155, -923, 31, 16, -6, -1023 ,-5176 ,15914 ,-36 ,0 ,-2, 27244.9881, 27816.9781
17652, 16248, -1939, -909, 31, 7, -14, -976 ,-5121 ,15912 ,-28 ,4 ,-2, 27275.3507, 27661.4159
17662, 16239, -1741, -1040, 35, -2, -18, -896 ,-5007 ,15993 ,-21 ,5 ,-7, 27305.6477, 27904.2006
17670, 16220, -1582, -1203, 35, -7, -14, -855 ,-4935 ,16030 ,-14 ,4 ,-9, 27224.6718, 27827.7814
17678, 16218, -1463, -1323, 34, -8, -6, -780 ,-4935 ,16030 ,-14 ,4 ,-9, 27256.5395, 27827.8828
17686, 16182, -1462, -1442, 29, -6, 6, -780 ,-4906 ,16071 ,3 ,251 ,-8, 27362.6864, 27809.2176
17695, 16082, -1631, -1420, 25, -2, 17, -674 ,-4936 ,16029 ,3 ,-5 ,-7, 27386.7875, 27833.8045
17703, 16067, -1849, -1496, 19, -2, 17, -638 ,-4953 ,16038 ,17 ,-11 ,-5, 27382.5616, 27912.6346
17711, 16031, -2015, -1496, 19, 2, 22, -702 ,-4703 ,15922 ,19 ,-14 ,-5, 27349.2068, 27845.5675
17720, 16031, -2015, -1451, 19, 7, 20, -783 ,-4764 ,15965 ,3 ,-9 ,-8, 27190.7330, 27820.3219
17728, 16041, -2078, -1335, 29, 9, 16, -790 ,-4862 ,15997 ,-3 ,-5 ,-12, 27239.4598, 27768.1053
17736, 16092, -2108, -1285, 39, 11, 13, -764 ,-4725 ,16008 ,-3 ,-2 ,-17, 27345.9285, 27586.2277
17745, 16119, -2152, -1257, 41, 9, 12, -753 ,-4767 ,16048 ,-5 ,-3 ,-17, 27378.0048, 27949.0322
17753, 16121, -2202, -1303, 36, 11, 13, -720 ,-4800 ,16058 ,-2 ,-8 ,-14, 27309.0005, 27857.1486
17761, 16047, -2304, -1352, 27, 13, 13, -737 ,-4785 ,16043 ,-3 ,-12 ,-11, 27269.3247, 27834.3618
17769, 15979, -2426, -1417, 17, 18, 11, -749 ,-4742 ,16009 ,-5 ,-16 ,-8, 27277.9316, 27729.0612
17779, 16025, -2370, -1364, 11, 22, 6, -818 ,-4764 ,15996 ,-10 ,-14 ,-7, 27490.0615, 27932.5008
17787, 16143, -2233, -1161, 8, 22, 0, -874 ,-4825 ,15981 ,-10 ,-14 ,-7, 27206.7517, 27825.2482
17795, 16248, -2183, -909, 4, 20, -2, -874 ,-4825 ,15981 ,-22 ,-10 ,-5, 27275.7769, 27836.9635
17803, 16288, -2206, -701, -1, 14, -6, -802 ,-4928 ,15970 ,-22 ,-10 ,-5, 27278.9717, 27710.7805
17812, 16279, -2229, -695, -6, 4, -12, -753 ,-5029 ,15960 ,-27 ,-7 ,-6, 27405.4825, 27861.9051
17820, 16256, -2220, -667, -6, -252, -20, -748 ,-5140 ,15980 ,-25 ,-6 ,-5, 27410.2151, 27855.5095
17828, 16256, -2220, -923, -9, -5, -28, -697 ,-5047 ,16020 ,-19 ,-9 ,-4, 27254.4384, 27888.8643
17838, 16235, -2177, -1416, -7, -9, -28, -693 ,-4982 ,16088 ,-17 ,-10 ,-4, 27478.9512, 27826.9649
17846, 16198, -2066, -1841, 0, -4, -33, -763 ,-4966 ,16169 ,-15 ,-8 ,-3, 27331.0125, 27847.3437
17854, 16215, -1929, -2006, 4, 6, -34, -779 ,-4938 ,16187 ,-13 ,-5 ,0, 27267.8614, 27817.0884
17862, 16225, -1766, -1740, 4, 19, -32, -767 ,-4964 ,16124 ,-9 ,-6 ,1, 27339.4704, 27799.8358
17870, 16187, -1635, -1281, 2, 25, -26, -830 ,-4970 ,16053 ,-11 ,-7 ,0, 27407.3064, 27797.6692
17879, 16200, -1629, -978, 0, 25, -19, -832 ,-5031 ,16028 ,-10 ,-11 ,0, 27327.4034, 27786.6572
17887, 16267, -1753, -1047, -3, 21, -16, -831 ,-5049 ,16030 ,-9 ,-13 ,-1, 27256.6348, 27752.4799
17896, 16346, -1842, -1271, 0, 18, -16, -820 ,-5173 ,16054 ,-11 ,-11 ,0, 27364.5520, 27832.7912
17905, 16420, -1798, -1279, 5, 18, -18, -798 ,-5194 ,16048 ,-9 ,-7 ,1, 27336.5647, 27782.2465
17913, 16453, -1727, -1028, 8, 15, -20, -798 ,-5218 ,16067 ,-10 ,-7 ,1, 27488.3091, 27764.2310
17921, 16530, -1616, -891, 7, 10, -20, -776 ,-5218 ,16067 ,-10 ,-6 ,0, 27322.3490, 27705.9942
17929, 16565, -1478, -715, 8, 4, -17, -773 ,-5235 ,16031 ,-9 ,-5 ,-1, 27357.1849, 27814.7787
17937, 16565, -1478, -715, 6, -7, -17, -797 ,-5228 ,16072 ,-1 ,-4 ,0, 27192.8310, 27853.3787
17945, 16627, -1423, -705, 6, -7, -11, -820 ,-5244 ,16103 ,6 ,-4 ,1, 27331.0989, 27911.2130
17953, 16612, -1450, -857, 6, -17, -5, -778 ,-5287 ,16153 ,15 ,-2 ,2, 27327.4899, 27909.9464
17961, 16565, -1516, -1061, 5, -22, 0, -727 ,-5153 ,16173 ,23 ,-2 ,4, 27203.7923, 27803.8114
17969, 16480, -1602, -1345, 6, -24, 3, -759 ,-5143 ,16216 ,21 ,-1 ,4, 27275.4788, 27808.3175
17977, 16363, -1700, -1684, 11, -23, 7, -744 ,-5219 ,16241 ,21 ,1 ,3, 27295.3242, 27758.6281
17986, 16315, -1816, -1846, 17, -15, 6, -744 ,-5267 ,16192 ,25 ,0 ,3, 27313.4083, 27723.9531
17994, 16287, -1907, -1732, 18, -4, 5, -665 ,-5319 ,16192 ,25 ,-1 ,2, 27380.3115, 27712.4614
18003, 16249, -1911, -1501, 13, 4, 3, -665 ,-5319 ,16136 ,32 ,-1 ,2, 27378.7498, 27912.3992
18011, 16273, -1808, -1006, 6, 7, -1, -768 ,-5265 ,16020 ,39 ,-1 ,2, 27280.3485, 27811.9147
18019, 16273, -1808, -565, 0, 1, -1, -881 ,-5186 ,15928 ,40 ,-2 ,4, 27345.1477, 27719.5454
18031, 16305, -1702, -622, 1, -11, -3, -828 ,-5123 ,15862 ,36 ,-1 ,8, 27316.1829, 27809.1371
18035, 16305, -1702, -622, 1, -11, -3, -828 ,-5123 ,15862 ,31 ,-1 ,8, 27440.9145, 27759.1020
18043, 16292, -1714, -821, 8, -22, -4, -768 ,-5082 ,15845 ,26 ,1 ,7, 27407.5389, 27757.5135
18051, 16219, -1703, -796, 10, -30, -4, -802 ,-5017 ,15886 ,14 ,0 ,5, 27429.9264, 27838.2629
18059, 16148, -1715, -972, 7, -37, -4, -865 ,-5065 ,15912 ,6 ,1 ,1, 27387.8902, 27839.8871
18067, 16067, -1802, -1324, 4, -40, -4, -808 ,-5142 ,15936 ,6 ,0 ,-1, 27389.1091, 27961.7608
18075, 16050, -1885, -1466, 1, -37, -4, -808 ,-5091 ,15898 ,5 ,0 ,-1, 27262.5387, 27923.4320
18084, 15971, -2008, -1563, -4, -31, -8, -784 ,-5091 ,15898 ,7 ,0 ,-3, 27406.7253, 27887.2222
18092, 15891, -2034, -1798, -7, -26, -13, -786 ,-5096 ,15924 ,6 ,-2 ,-4, 27285.1914, 27881.5746
18100, 15891, -1915, -1934, -2, -18, -13, -775 ,-5039 ,15912 ,5 ,-6 ,-4, 27404.0639, 27822.6435
18108, 15912, -1755, -1976, -2, -18, -21, -805 ,-5103 ,15923 ,3 ,-9 ,-3, 27323.9821, 27724.7220
18117, 15967, -1755, -1976, 3, -7, -24, -792 ,-5054 ,15930 ,6 ,-11 ,-3, 27453.7504, 27898.3623
18125, 16061, -1621, -1910, 5, 5, -23, -817 ,-4943 ,15994 ,7 ,-10 ,-3, 27256.4411, 27807.9182
18133, 16173, -1430, -1784, 2, 16, -19, -802 ,-4992 ,15947 ,3 ,-8 ,-1, 27243.3817, 27781.6057
18141, 16216, -1383, -1600, 4, 24, -11, -798 ,-5093 ,15965 ,0 ,-5 ,1, 27295.4226, 27768.3616
18149, 16170, -1473, -1394, 6, 26, -6, -840 ,-5068 ,15920 ,0 ,-3 ,2, 27312.4009, 27816.7397
18157, 16199, -1519, -1089, 13, 26, -2, -849 ,-5197 ,15878 ,1 ,-3 ,3, 27309.9124, 27777.4632
18165, 16210, -1540, -747, 19, 21, -1, -818 ,-5205 ,15832 ,4 ,-8 ,3, 27461.0668, 27712.2796
18174, 16187, -1585, -795, 19, 11, 0, -818 ,-5205 ,15832 ,4 ,-8 ,3, 27330.4313, 27757.4122
18182, 16135, -1630, -927, 18, 2, 0, -890 ,-5228 ,15809 ,8 ,-11 ,2, 27361.9711, 27719.7808
18190, 16068, -1685, -933, 18, 2, 0, -957 ,-5101 ,15791 ,11 ,-13 ,1, 27430.9695, 27775.2012
18198, 16068, -1685, -933, 15, -3, 2, -953 ,-5014 ,15862 ,10 ,-13 ,0, 27339.8131, 27790.4302
18206, 16089, -1776, -1333, 16, -6, 3, -872 ,-4994 ,15899 ,4 ,-12 ,-1, 27335.5126, 27632.4540
18215, 16102, -1954, -1717, 16, -4, 2, -844 ,-5068 ,15940 ,0 ,-12 ,-2, 27501.7619, 27794.3790
18223, 16099, -2072, -1648, 16, 4, -1, -818 ,-5095 ,15954 ,-5 ,-10 ,0, 27406.1292, 27887.3205
18231, 16099, -2073, -1246, 12, 9, -7, -874 ,-5129 ,15972 ,-9 ,-11 ,-1, 27318.1945, 27939.7249
18239, 16115, -1992, -1172, 5, 7, -12, -878 ,-5148 ,15949 ,-13 ,-13 ,0, 27271.9204, 27874.0972
18247, 16184, -1863, -1209, 4, 6, -15, -818 ,-5170 ,15936 ,-12 ,-16 ,0, 27364.8322, 27711.9458
18256, 16266, -1705, -995, 6, 4, -17, -818 ,-5103 ,15936 ,-12 ,-16 ,0, 27341.9738, 27687.9996
18265, 16291, -1590, -940, 8, 1, -16, -792 ,-5103 ,15929 ,-9 ,-18 ,0, 27356.9912, 27980.0236
18273, 16324, -1526, -1213, 8, -4, -12, -807 ,-5061 ,15952 ,-9 ,-18 ,0, 27425.2862, 27843.6631
18281, 16386, -1471, -1365, 13, -4, -8, -834 ,-5016 ,16005 ,-10 ,-17 ,1, 27211.1207, 27838.4000
18289, 16365, -1428, -1365, 13, -4, -1, -749 ,-5053 ,16046 ,-13 ,-15 ,1, 27262.3956, 27778.4377
18297, 16365, -1428, -1262, 19, -2, -1, -721 ,-5039 ,16046 ,-15 ,-12 ,-1, 27258.3395, 27741.2862
18307, 16345, -1494, -1132, 20, -1, 5, -785 ,-5119 ,16052 ,-20 ,-10 ,-3, 27417.3796, 27906.8619
18315, 16364, -1608, -884, 17, -1, 11, -866 ,-5329 ,16055 ,-16 ,-9 ,-4, 27236.3544, 27846.6374
18323, 16360, -1828, -770, 13, -6, 14, -812 ,-5422 ,16050 ,0 ,-10 ,-2, 27310.6843, 27859.6908
18331, 16364, -2007, -772, 9, -12, 13, -761 ,-5313 ,16004 ,14 ,-13 ,-3, 27325.4842, 27779.7937
18339, 16283, -2133, -1004, 2, -20, 8, -672 ,-5138 ,15998 ,20 ,-17 ,-2, 27326.6017, 27691.7547
18348, 16155, -2178, -1470, 1, -21, 0, -678 ,-4951 ,16045 ,15 ,-20 ,-2, 27341.4671, 27864.8138