107592,1300,384,16320,-2135,490,-344, -616,912,17548,-218,-157,77, -16560998.00, -16561105.00
107607,1128,784,14516,472,-610,-107, -664,900,17596,-250,-145,49, -16560959.00, -16560975.00
107629,1040,732,14672,416,-497,-56, -628,836,17460,-261,-70,76, -16560983.00, -16561133.00
107651,1132,708,14944,454,-612,-129, -724,876,17492,-243,-99,46, -16561144.00, -16560915.00
107673,1084,644,14780,428,-633,-129, -640,880,17460,-238,-122,93, -16560890.00, -16561061.00
107695,1116,768,14656,406,-610,-126, -580,848,17480,-263,-71,72, -16560928.00, -16560918.00
107717,1148,748,14656,377,-530,-87, -652,772,17564,-268,-85,75, -16561064.00, -16561003.00
107739,1104,668,14764,22,-594,-155, -676,844,17548,-245,-90,68, -16561006.00, -16560935.00
107762,1344,2732,13516,-607,-489,-34, -572,836,17432,-222,-77,58, -16560863.00, -16561027.00
107784,932,548,14824,242,-653,-103, -708,920,17284,-256,-5,98, -16561049.00, -16561062.00
107806,1064,628,14648,319,-651,-104, -600,804,17544,-250,-131,69, -16561122.00, -16561080.00
107828,1092,648,14572,362,-677,-130, -600,908,17504,-241,-80,89, -16560892.00, -16560718.00
107850,1104,684,14776,404,-681,-115, -728,824,17472,-251,-45,43, -16560693.00, -16560797.00
107872,1072,688,14780,391,-672,-102, -628,840,17504,-245,-110,56, -16560952.00, -16560937.00
107894,1156,672,14708,376,-672,-128, -600,808,17544,-258,-99,77, -16561140.00, -16560961.00
107916,1060,624,14744,392,-678,-112, -604,940,17472,-269,-96,58, -16560910.00, -16560856.00
107938,1100,656,14848,423,-690,-121, -676,844,17500,-257,-58,68, -16560914.00, -16560835.00
107960,960,656,14732,419,-691,-121, -636,884,17428,-237,-86,66, -16560885.00, -16560922.00
107982,1016,716,14616,419,-652,-105, -676,880,17432,-257,-91,73, -16560991.00, -16560959.00
108004,1088,656,14780,394,-668,-117, -716,908,17432,-256,-98,82, -16561001.00, -16561086.00
108026,1064,760,14696,422,-668,-99, -664,784,17468,-254,-104,49, -16561110.00, -16561011.00
108048,1076,696,14612,422,-690,-132, -572,804,17484,-248,-86,57, -16560936.00, -16560792.00
108070,1100,624,14644,450,-688,-110, -616,852,17408,-240,-98,66, -16561082.00, -16560926.00
108092,1108,628,14540,427,-665,-106, -740,908,17520,-246,-79,61, -16560808.00, -16560937.00
108114,1136,648,14628,405,-673,-117, -564,860,17544,-214,-104,62, -16561043.00, -16560869.00
108136,1132,704,14712,405,-661,-117, -752,768,17592,-246,-86,75, -16560976.00, -16560986.00
108159,1208,620,14688,423,-701,-104, -644,896,17584,-241,-83,66, -16560992.00, -16560998.00
108181,1136,664,14644,405,-662,-90, -676,860,17432,-224,-59,56, -16561059.00, -16561148.00
108203,1076,604,14800,424,-680,-141, -588,808,17484,-238,-87,34, -16561144.00, -16560923.00
108225,1148,656,14736,421,-673,-127, -712,908,17488,-269,-102,72, -16560863.00, -16560955.00
108247,1044,780,14676,458,-681,-106, -592,872,17460,-235,-86,81, -16561015.00, -16560839.00
108269,1092,688,14736,428,-661,-105, -656,820,17556,-249,-96,80, -16560728.00, -16560890.00
108291,1076,728,14788,411,-691,-105, -584,828,17444,-229,-111,50, -16561127.00, -16561029.00
108313,1056,648,14692,443,-679,-97, -620,820,17440,-245,-98,81, -16560784.00, -16560920.00
108335,1096,664,14668,428,-659,-98, -664,840,17484,-236,-95,72, -16561039.00, -16561031.00
108357,1148,688,14812,438,-675,-96, -636,840,17480,-269,-119,76, -16561081.00, -16560887.00
108379,1064,764,14816,414,-681,-85, -620,848,17424,-230,-114,68, -16560822.00, -16560899.00
108401,1208,700,14676,429,-652,-91, -692,924,17572,-251,-107,87, -16561042.00, -16560895.00
108423,1112,680,14720,429,-698,-132, -556,772,17468,-257,-90,76, -16560891.00, -16560910.00
108445,1140,692,14712,459,-680,-96, -660,916,17516,-273,-81,81, -16560896.00, -16560998.00
108467,1160,608,14772,446,-669,-113, -620,860,17504,-238,-103,80, -16560851.00, -16560843.00
108489,1116,580,14700,445,-685,-111, -608,868,17584,-258,-84,71, -16560740.00, -16560893.00
108511,1020,628,14736,447,-688,-87, -692,864,17572,-235,-100,65, -16560893.00, -16560839.00
108534,1180,560,14704,438,-687,-87, -568,988,17428,-259,-99,73, -16560906.00, -16560951.00
108556,1088,616,14836,423,-675,-117, -668,860,17332,-266,-81,67, -16560928.00, -16560841.00
108578,1108,680,14592,434,-683,-113, -656,832,17428,-250,-104,72, -16560907.00, -16560901.00
108600,1056,628,14672,443,-700,-121, -620,984,17448,-262,-91,77, -16560917.00, -16560955.00
108622,1100,568,14604,427,-685,-114, -636,900,17620,-243,-100,52, -16561024.00, -16561124.00
108644,1148,656,14676,452,-669,-69, -632,816,17400,-235,-108,76, -16561057.00, -16560988.00
108666,1024,704,14604,438,-701,-122, -688,888,17472,-239,-112,81, -16560927.00, -16561043.00
108688,1088,640,14836,421,-680,-98, -612,948,17476,-255,-88,79, -16561021.00, -16561002.00
108710,1116,596,14592,439,-666,-92, -704,868,17532,-247,-96,75, -16560975.00, -16561085.00
108732,1068,612,14836,422,-671,-121, -672,868,17432,-232,-87,60, -16561217.00, -16561097.00
108754,1136,736,14836,396,-661,-126, -740,872,17408,-229,-86,87, -16561076.00, -16560929.00
108818,1180,676,14696,424,-657,-114, -756,856,17532,-230,-93,91, -16560885.00, -16561192.00
108840,1200,664,14816,442,-661,-90, -644,840,17476,-250,-108,70, -16561199.00, -16561168.00
108862,1112,684,14912,430,-687,-108, -628,868,17496,-249,-95,94, -16561052.00, -16561172.00
108884,1056,664,14720,436,-684,-85, -624,780,17460,-244,-107,80, -16560937.00, -16560848.00
108906,1112,676,14728,435,-673,-124, -628,856,17272,-257,-117,87, -16560991.00, -16560843.00
108928,1088,708,14780,419,-698,-124, -560,932,17524,-245,-74,90, -16560850.00, -16560863.00
108950,1120,664,14720,443,-663,-88, -600,888,17488,-275,-95,91, -16560985.00, -16561201.00
108972,1120,624,14700,458,-663,-122, -644,832,17440,-254,-89,72, -16561073.00, -16561026.00
108994,1072,688,14616,429,-696,-136, -656,932,17356,-264,-81,91, -16560892.00, -16560935.00
109016,1028,712,14832,420,-675,-136, -644,900,17564,-268,-117,78, -16561016.00, -16560768.00
109038,1180,644,14784,423,-674,-118, -672,868,17448,-252,-107,87, -16560836.00, -16561042.00
109060,1144,692,14664,407,-672,-102, -644,816,17592,-217,-85,43, -16561119.00, -16561104.00
109082,1072,536,14688,427,-677,-65, -716,876,17536,-243,-74,19, -16561105.00, -16560965.00
109104,1100,668,14648,434,-669,-117, -680,856,17364,-245,-105,82, -16560971.00, -16561077.00
109127,1200,716,14780,425,-672,-112, -552,808,17444,-235,-78,85, -16561042.00, -16560881.00
109149,1156,640,14780,436,-669,-103, -592,876,17504,-229,-101,75, -16560898.00, -16560762.00
109171,1140,648,14732,418,-692,-108, -512,948,17480,-218,-102,36, -16560909.00, -16561137.00
109193,1060,732,14764,438,-666,-112, -656,876,17432,-248,-106,79, -16561061.00, -16560970.00
109215,1088,792,14748,441,-671,-126, -544,788,17412,-285,-92,64, -16561004.00, -16560944.00
109237,1064,652,14688,425,-667,-107, -732,880,17488,-234,-66,91, -16560848.00, -16560721.00
109259,1000,656,14776,442,-679,-89, -644,964,17476,-220,-99,57, -16560883.00, -16560897.00
109281,1072,692,14644,440,-660,-124, -656,824,17564,-250,-107,63, -16560978.00, -16561121.00
109303,1020,676,14884,456,-670,-122, -672,832,17484,-254,-109,77, -16561001.00, -16560901.00
109325,1176,596,14692,429,-675,-95, -660,740,17568,-234,-106,64, -16561002.00, -16560898.00
109347,1104,620,14660,410,-697,-99, -696,908,17500,-258,-111,89, -16560875.00, -16560962.00
109369,1164,624,14784,428,-682,-107, -668,756,17516,-250,-106,85, -16560865.00, -16560871.00
109391,1092,632,14620,415,-689,-130, -636,840,17400,-245,-84,75, -16561020.00, -16561127.00
109413,1128,580,14724,415,-673,-127, -660,820,17552,-250,-110,78, -16561049.00, -16560887.00
109435,1200,628,14812,423,-657,-128, -716,888,17496,-242,-111,50, -16561048.00, -16561157.00
109457,1136,588,14720,406,-697,-135, -588,892,17488,-254,-77,84, -16560929.00, -16560777.00
109479,1124,596,14812,435,-692,-110, -680,764,17400,-256,-90,70, -16560936.00, -16561005.00
109501,1040,668,14644,442,-674,-100, -620,836,17576,-251,-103,93, -16560934.00, -16561018.00
109524,1144,716,14876,407,-663,-111, -668,896,17508,-271,-97,56, -16560893.00, -16560864.00
109546,1096,684,14676,421,-664,-103, -596,920,17368,-279,-88,74, -16560732.00, -16560957.00
109568,1088,676,14676,455,-672,-100, -644,876,17452,-265,-111,86, -16561113.00, -16560985.00
109590,2260,3456,15964,2323,-1967,1385, -356,944,17772,-326,382,25, -16560961.00, -16560943.00
109612,364,-608,13732,463,-700,386, 108,1264,18084,-586,2720,-592, -16560847.00, -16560754.00
109634,1280,-48,14496,-132,-238,-2648, -1060,744,17024,-459,1710,-1188, -16560668.00, -16560817.00
109656,292,-408,15036,113,-486,-3534, -856,944,15996,-178,-320,45, -16560917.00, -16560875.00
109678,1472,188,14660,680,-851,-412, -616,960,17700,-93,-1728,115, -16560942.00, -16560957.00
109700,2100,1836,14404,253,-632,-3695, -556,892,18236,-266,-9,62, -16560940.00, -16560941.00
109722,1056,540,14508,315,-625,-4422, -864,820,17288,-335,900,47, -16560914.00, -16560846.00
109744,888,368,15032,488,-676,-2161, -940,784,17192,-234,-325,62, -16560782.00, -16560973.00
109766,1236,-2352,14952,414,-717,-2969, -916,788,17708,-198,-434,77, -16560961.00, -16561108.00
109788,704,128,14928,187,-497,-3423, -812,880,17468,-191,-554,107, -16561153.00, -16560965.00
109810,-424,5524,14736,854,-674,-1732, -860,820,17336,-186,-712,97, -16561101.00, -16561073.00
109832,1384,1352,15076,1590,-488,-1470, -664,852,17824,-206,-315,70, -16561056.00, -16561123.00
109854,616,200,14348,-4913,-1878,2172, -704,796,17708,-274,399,51, -16560967.00, -16561024.00
109876,868,364,14904,248,-619,-107, -924,812,17224,-241,-145,76, -16561091.00, -16560858.00
109898,1096,1088,14828,848,-890,-130, -732,768,17568,-207,-295,61, -16560878.00, -16561045.00
109921,972,884,14980,321,-588,-104, -708,900,17428,-275,56,97, -16560968.00, -16560829.00
109943,1268,-252,14644,664,-767,-852, -852,840,17276,-209,-179,100, -16560992.00, -16560945.00
109965,2592,-6052,19596,496,-1260,-8028, -836,724,17280,-161,-803,140, -16561050.00, -16561030.00
109987,-1124,17520,13844,750,-523,-5659, -432,924,18224,-196,-628,103, -16561091.00, -16561095.00
110009,-1820,1608,15240,434,-719,-248, -808,792,17556,-431,1882,25, -16560955.00, -16560929.00
110031,2000,3496,14228,-2779,-1726,377, -932,944,16824,-305,541,32, -16560942.00, -16560999.00
110053,1504,1760,14256,-2114,-1513,-1583, -760,836,17616,-314,344,73, -16560963.00, -16560914.00
110075,668,412,14584,197,-633,-152, -816,1020,17520,-376,1018,38, -16560918.00, -16560879.00
110097,1192,380,14660,-903,68,656, -824,988,17316,-308,646,-45, -16560911.00, -16560973.00
110119,784,576,14812,430,1157,1086, -848,884,17456,-284,298,-79, -16560912.00, -16560852.00
110141,876,4,14872,1265,852,671, -456,1256,17552,-277,393,-187, -16561019.00, -16561180.00
110163,1040,496,14412,431,-558,514, -1464,84,17892,-224,-564,-1075, -16560911.00, -16560788.00
110185,1908,3488,15672,-461,-94,1014, -624,1268,17560,-272,418,113, -16561080.00, -16561189.00
110207,756,1320,14772,358,-374,1023, -936,832,17192,-269,255,54, -16561090.00, -16561038.00
110229,808,588,14960,286,-151,1426, -988,816,17596,-241,-186,82, -16560966.00, -16560710.00
110251,228,380,14276,-277,-233,3354, -992,768,17632,-283,317,73, -16560907.00, -16561106.00
110273,-112,488,15280,986,1427,7114, -1112,840,17284,-258,268,62, -16561030.00, -16560972.00
110296,1000,-900,15780,4290,3411,8344, -1136,824,17120,-229,-615,77, -16560997.00, -16561061.00
110318,284,1200,14116,3966,3369,6024, -1012,560,17632,-257,-563,101, -16560952.00, -16561124.00
110340,60,1328,13888,2432,2007,3564, -968,824,17772,-282,392,19, -16560956.00, -16560950.00
110362,460,760,15632,2307,2920,3071, -1124,900,17112,-229,-180,44, -16561078.00, -16560887.00
110384,-28,1404,14680,1483,2977,2698, -956,912,17664,-242,-245,52, -16561023.00, -16561057.00
110406,-524,2016,14556,148,3664,2278, -1072,812,17340,-248,-42,92, -16561001.00, -16561043.00
110428,-520,1624,13876,-1873,3645,2116, -920,900,16956,-198,-647,49, -16560960.00, -16560990.00
110450,-648,696,16044,575,6121,362, -940,836,17408,-167,-1086,111, -16560935.00, -16560953.00
110472,-596,936,16316,-2014,5065,1172, -808,888,17716,-186,-813,77, -16561011.00, -16561044.00
110494,-1184,1196,15240,-960,5095,1087, -852,912,17712,-311,511,68, -16560880.00, -16560834.00
110516,-1836,1964,13744,1747,6597,1295, -1116,912,17096,-274,441,27, -16560941.00, -16560905.00
110538,-2512,2148,15108,1436,8536,954, -1132,704,16944,-121,-1166,101, -16560940.00, -16561009.00
110560,-2288,1856,14928,1287,6543,-78, -808,920,17580,-207,-1250,52, -16560902.00, -16560939.00
110582,-2064,220,13608,235,5802,-905, -680,816,17552,-202,-185,84, -16560971.00, -16560853.00
110604,-3052,424,15656,90,5662,-186, -896,800,17304,-249,-266,55, -16560755.00, -16560810.00
110626,-3580,2040,14088,668,5867,567, -960,784,17552,-181,-591,143, -16560834.00, -16560869.00
110648,-3228,632,13556,1198,7743,-1214, -916,808,17268,-142,-1045,179, -16560808.00, -16560913.00
110670,-3572,1312,15024,-618,6484,-1127, -552,792,17668,-123,-1269,101, -16561045.00, -16561000.00
110692,-3684,1076,13788,-8,8935,-1180, -528,784,17892,-267,-143,76, -16561143.00, -16561160.00
110715,-4332,-32,12880,66,9504,-1092, -828,832,17376,-303,394,71, -16561046.00, -16560977.00
110737,-5088,2140,13340,159,10588,-3029, -908,856,17044,-183,-669,60, -16560892.00, -16560869.00
110759,-6104,1784,14264,1851,10020,-3337, -600,904,17680,-172,-885,80, -16560890.00, -16560793.00
110781,-5796,712,11988,2020,8831,-2561, -632,824,17692,-244,-171,104, -16560918.00, -16560852.00
110803,-6152,128,11800,1069,8442,-1905, -844,840,17312,-263,-113,73, -16560820.00, -16560973.00
110825,-6808,968,11672,609,8264,-1057, -796,840,17032,-122,-1045,94, -16561134.00, -16561025.00
110847,-7468,1100,12684,1127,7775,-218, -736,672,17176,-49,-2179,193, -16561113.00, -16561079.00
110869,-8420,1652,12184,1455,7431,-41, -268,1096,17040,-86,-2584,110, -16560975.00, -16561027.00
110891,-8088,1504,11960,750,7153,526, -152,1140,17356,69,-3001,21, -16561047.00, -16560905.00
110913,-7576,584,11788,195,7915,556, -124,968,18540,-90,-1170,-484, -16560934.00, -16561065.00
110935,-9012,1264,12256,113,7213,204, 240,664,18096,-307,546,-297, -16561080.00, -16561007.00
110957,-9292,1412,11808,381,8431,252, -88,708,17384,-351,865,79, -16560877.00, -16561129.00
110979,-9420,576,11056,1379,8859,-94, -332,928,17172,-321,392,14, -16561102.00, -16560903.00
111001,-10380,888,10652,1092,8709,190, -448,800,17228,-249,-25,78, -16561049.00, -16561126.00
111023,-10780,1816,10320,480,8568,553, -316,808,17420,-227,-366,96, -16560970.00, -16560833.00
111045,-10484,968,10008,-303,9537,134, -364,612,17100,-302,-608,-81, -16560962.00, -16561006.00
111067,-11096,2176,9644,1912,9058,-567, -184,968,17544,-142,-1022,66, -16560858.00, -16560923.00
111090,-11272,1520,9784,1513,10321,105, -444,600,17556,-202,-858,49, -16561069.00, -16560996.00
111112,-11140,140,8884,1126,10144,-541, -240,760,17756,-129,-1092,111, -16561048.00, -16560939.00
111134,-11760,668,8260,-89,8647,-76, -80,912,17776,-169,-639,70, -16560711.00, -16560915.00
111156,-12088,904,7792,-1569,7434,342, -200,936,17452,-277,41,82, -16561081.00, -16561105.00
111178,-11952,1268,8944,-891,7483,-281, -148,916,16800,-50,-1058,104, -16561033.00, -16560959.00
111200,-12340,716,8360,-422,8941,-677, -256,760,17232,-55,-2086,144, -16561025.00, -16560951.00
111222,-12512,924,6588,-262,8939,-924, 156,952,17844,-13,-2065,104, -16560932.00, -16560981.00
111244,-13392,1324,6392,-1256,8399,-465, 152,992,17884,-134,-1018,102, -16561086.00, -16560916.00
111266,-13384,1244,6696,-1093,7657,-669, 224,936,17592,-216,-151,77, -16560842.00, -16560985.00
111288,-13116,1188,5788,604,9095,-752, 124,988,17360,-268,-259,42, -16561193.00, -16561091.00
111310,-13620,1012,5448,947,9287,-969, 240,1032,17384,-229,-560,53, -16561196.00, -16561270.00
111332,-14368,1008,4664,415,9230,-231, 188,900,17512,-192,-655,54, -16561062.00, -16560973.00
111354,-14132,1596,4192,502,8718,243, 316,968,17440,-170,-737,85, -16560826.00, -16561008.00
111376,-14084,704,3820,667,8328,-15, 340,920,17672,-195,-434,71, -16561001.00, -16560788.00
111398,-13756,-156,3264,-661,8098,-310, 196,960,17228,-187,-502,82, -16560869.00, -16561014.00
111420,-14536,948,2508,-2240,7041,-743, 180,1012,17100,-131,-1392,62, -16560959.00, -16560927.00
111442,-15136,1468,2892,-1860,6617,-620, 324,984,17092,49,-2488,67, -16561043.00, -16560833.00
111464,-15048,1416,2492,-862,6811,-696, 540,972,17712,41,-2467,127, -16560906.00, -16561015.00
111487,-14976,1244,2100,-619,7060,-251, 712,1032,17952,-98,-1298,132, -16561061.00, -16560901.00
111509,-15284,892,1584,-1518,6457,68, 744,996,17884,-260,28,78, -16560822.00, -16561061.00
111531,-15148,440,2760,-1462,6661,154, 248,716,17420,-242,-214,63, -16561128.00, -16561130.00
111553,-14776,92,1084,-801,7361,-1026, 484,944,17140,-84,-1443,93, -16560984.00, -16561074.00
111575,-14500,392,732,-458,8126,-1198, 864,1104,17268,-5,-2111,15, -16561126.00, -16560857.00
111597,-14820,1988,-484,-758,7512,-1068, 920,1008,17628,-73,-1843,49, -16560884.00, -16560936.00
111619,-14864,1588,-564,955,7635,-124, 932,1012,17648,-141,-1100,107, -16561039.00, -16560959.00
111641,-14800,-76,-532,711,7224,-144, 732,928,17204,-108,-1397,-442, -16560880.00, -16560905.00
111663,-14652,-64,-1696,242,6508,-803, 932,1024,17104,-33,-2383,135, -16560943.00, -16561022.00
111685,-15348,748,-1716,-1209,5431,-979, 1376,1208,17196,82,-3404,-58, -16561028.00, -16560877.00
111707,-16368,976,-1464,-222,5705,-654, 1364,904,17568,193,-3860,-330, -16560933.00, -16561016.00
111729,-16368,404,-2204,434,5731,-394, 1556,1004,17772,97,-3521,-186, -16560964.00, -16560939.00
111751,-16456,-120,-2744,-286,5006,23, 2040,1228,17732,-14,-2123,112, -16560970.00, -16560967.00
111773,-16036,1056,-3056,-1954,3057,-490, 1716,1012,17736,-611,361,-47, -16561029.00, -16561023.00
111795,-16128,1056,-2860,-320,2839,-261, 1512,1104,17164,-375,325,60, -16561017.00, -16561126.00
111817,-15808,840,-3172,52,2207,-237, 1720,1128,17312,-273,-179,61, -16561123.00, -16561029.00
111839,-15628,884,-3232,1042,1589,-362, 1692,1164,17488,-292,-27,72, -16560985.00, -16560876.00
111862,-15324,812,-3540,1451,697,-123, 1700,1096,17548,-327,517,46, -16560884.00, -16561055.00
111884,-15248,688,-3484,1599,-576,-180, 1668,984,17392,-388,928,45, -16561085.00, -16561076.00
111906,-15344,156,-3548,2192,-1831,-709, 1428,1052,17280,-345,857,22, -16561191.00, -16561149.00
111928,-15964,580,-3436,1983,-2468,-686, 1500,1100,17220,-317,474,53, -16560878.00, -16560961.00
111950,-16488,496,-3372,952,-3399,-155, 1484,1132,17576,-330,835,27, -16560959.00, -16560988.00
111972,-16084,792,-3312,334,-4821,175, 1604,1124,17976,-471,2103,-16, -16561143.00, -16561176.00
111994,-15184,452,-2436,906,-5645,20, 1380,1052,17708,-634,3402,-64, -16560872.00, -16560777.00
112016,-15036,348,-2156,2676,-5179,-233, 1264,1164,17120,-689,3241,-382, -16560850.00, -16561015.00
112038,-15292,-232,-2356,3626,-5745,-338, 824,988,17168,-617,2462,-397, -16561156.00, -16561071.00
112060,-14436,-272,-3360,1866,-7702,-545, 444,832,17508,-528,1749,-312, -16561036.00, -16560932.00
112082,-15080,212,-1780,948,-9116,-71, 748,960,17124,-392,1277,24, -16560881.00, -16560937.00
112104,-16264,1100,-892,2104,-9599,-958, 644,948,17324,-333,816,67, -16561055.00, -16561012.00
112126,-15456,1048,-788,616,-9992,469, 680,996,17628,-397,1086,40, -16560958.00, -16560965.00
112148,-15120,328,-8,473,-10586,-342, 676,992,17576,-460,1885,27, -16560831.00, -16560889.00
112170,-14472,-892,484,462,-10434,-118, 436,988,17236,-446,1613,42, -16560950.00, -16561042.00
112192,-14724,-2584,2536,-124,-11034,-2439, 408,952,17036,-226,-265,120, -16560928.00, -16560827.00
112214,-14836,36,576,-742,-11485,-1987, 476,892,17528,-151,-549,120, -16560948.00, -16560867.00
112236,-16000,2760,956,-3734,-12949,-996, 464,924,17900,-273,163,65, -16560677.00, -16560908.00
112259,-14456,848,2108,-1297,-13747,722, 456,1004,17524,-296,553,58, -16561039.00, -16560916.00
112281,-13796,272,3340,474,-12452,1047, 332,912,17316,-262,104,88, -16560989.00, -16560959.00
112303,-13332,-588,2832,159,-11288,-262, 480,888,17340,-229,-306,108, -16560989.00, -16560947.00
112325,-13616,-368,4384,-1264,-12177,-306, 528,932,17636,-249,-239,82, -16561020.00, -16560924.00
112347,-14412,332,5092,-571,-13023,-549, 388,892,17596,-302,246,68, -16560961.00, -16560983.00
112369,-13640,388,5188,1712,-11689,193, 872,1144,17628,-321,287,-94, -16560922.00, -16560939.00
112391,-14416,656,4500,1688,-12221,1202, 936,1300,17880,-422,821,-294, -16561001.00, -16561022.00
112413,-13880,-204,5120,1354,-13634,1114, 976,1296,17484,-663,1879,-1476, -16560795.00, -16560872.00
112435,-13424,1316,7072,1262,-14295,687, 124,676,17776,-762,3152,-1692, -16561062.00, -16560937.00
112457,-13420,948,7496,1753,-13426,1654, -392,400,17456,-733,3389,-1154, -16560838.00, -16561039.00
112479,-12156,-124,8216,656,-12530,1766, 1168,1008,16876,-406,2603,-22, -16560981.00, -16560902.00
112501,-12692,1204,9656,1297,-14159,782, 36,-604,18240,-391,826,-608, -16560850.00, -16560968.00
112523,-11480,984,9288,678,-15745,1410, 816,2380,18012,-379,1869,-1286, -16561096.00, -16561055.00
112587,-10288,1684,8632,-1386,-14138,1503, -2208,884,16632,-446,4608,1729, -16561235.00, -16561253.00
112609,-9108,-224,11276,-330,-13152,707, -2096,1480,16308,-282,1050,282, -16560951.00, -16560769.00
112631,-8312,476,11828,371,-11489,-388, -1432,884,16792,-167,-2232,71, -16560930.00, -16560913.00
112653,-8348,584,11016,-591,-11126,67, -868,888,17940,-146,-2499,94, -16560913.00, -16560981.00
112675,-8220,1224,11776,-653,-11215,-335, -848,732,17988,-212,-662,126, -16560920.00, -16561084.00
112697,-7600,-236,11796,-916,-10096,6, -864,816,17448,-235,-337,56, -16561095.00, -16561063.00
112719,-6580,-308,13424,-446,-9973,-818, -932,640,17500,-217,-770,71, -16560955.00, -16560968.00
112741,-8048,1756,13336,-214,-9098,-1210, -804,780,17768,-183,-680,59, -16561032.00, -16560909.00
112763,-7156,832,11788,310,-8140,-429, -768,716,17668,-251,-1,86, -16560894.00, -16561017.00
112785,-6204,168,13536,46,-8065,-862, -768,892,17396,-227,-261,52, -16560910.00, -16561035.00
112807,-6700,-1488,13508,151,-10655,-635, -780,740,17944,-246,113,77, -16561146.00, -16561087.00
112830,-5492,-792,14044,75,-10766,-1687, -760,824,17708,-274,944,62, -16561050.00, -16560993.00
112852,-5048,-768,12696,2199,-12991,-2478, -1044,712,17312,-282,989,38, -16560866.00, -16560911.00
112874,-11372,696,16568,2193,-12245,-5187, -1092,728,17280,-264,313,64, -16561136.00, -16560997.00
112896,-5312,-1188,14272,-1049,-10496,-1497, -1036,804,17284,-228,-243,63, -16560878.00, -16561029.00
112918,800,-496,12532,-60,-12630,507, -856,876,17444,-238,-526,99, -16561105.00, -16561112.00
112940,-2936,-36,14364,2176,-11532,422, -904,828,17624,-250,345,44, -16561048.00, -16561084.00
112962,-2708,120,14072,4219,-9578,54, -1032,696,16884,-263,-22,53, -16561008.00, -16561052.00
112984,-1764,356,14516,3844,-8400,1499, -1024,792,17280,-217,-1066,57, -16560994.00, -16561067.00
113006,-1296,596,14820,3276,-7659,1267, -732,772,17620,-209,-1142,29, -16561013.00, -16561262.00
113028,-1300,1328,14124,719,-7887,777, -696,832,17564,-238,-697,36, -16561172.00, -16560920.00
113050,-784,1376,12840,601,-15078,-1, -820,824,17500,-214,-556,113, -16560979.00, -16561119.00
113072,-72,632,14596,988,-16611,1372, -1948,588,17836,-229,-64,494, -16561071.00, -16561164.00
113094,2408,-660,17616,79,-12997,-40, -256,1896,17740,-289,-170,1154, -16561195.00, -16561214.00
113116,1656,-592,15272,19,-303,317, -356,204,17864,-289,-77,-719, -16561098.00, -16560975.00
113138,1004,684,13820,-2146,1518,958, -560,660,17700,-340,766,28, -16561070.00, -16561016.00
113160,1112,440,15212,448,-642,851, -792,1056,17208,-284,446,30, -16560936.00, -16561082.00
113182,748,976,14740,496,-79,529, -992,824,16876,-215,-349,74, -16561082.00, -16560995.00
113205,504,1664,14736,420,149,-298, -740,960,17656,-210,-617,62, -16560941.00, -16560963.00
113227,748,432,14880,633,374,-566, -968,748,17848,-274,-154,63, -16560993.00, -16560843.00
113249,1640,1092,14640,1405,2383,-3468, -784,668,17796,-216,210,160, -16560847.00, -16560840.00
113271,628,712,14516,517,-444,-5316, -796,720,17448,-249,442,56, -16560947.00, -16561038.00
113293,784,324,14732,424,-899,-4874, -816,736,17188,-256,27,72, -16560918.00, -16560912.00
113315,728,356,14492,505,-530,-2360, -952,704,17468,-239,-294,79, -16561041.00, -16560954.00
113337,784,748,14764,427,-812,143, -784,804,17536,-250,-124,77, -16560804.00, -16560800.00
113359,800,652,14672,412,-691,-112, -768,776,17484,-230,-16,76, -16560845.00, -16560908.00
113381,824,636,14764,392,-713,-117, -840,812,17428,-246,-136,78, -16560911.00, -16560978.00
113403,840,696,14684,401,-699,-98, -816,844,17468,-249,-110,61, -16561108.00, -16560906.00
113425,756,652,14656,419,-721,-117, -748,808,17564,-252,-84,64, -16560878.00, -16560969.00
113447,752,576,14660,423,-699,-133, -896,796,17308,-244,-117,56, -16561011.00, -16561186.00
113469,800,676,14616,401,-712,-138, -904,752,17672,-249,-100,84, -16561050.00, -16560830.00
113491,832,656,14788,402,-699,-110, -812,844,17536,-268,-97,57, -16560814.00, -16560955.00
113513,788,640,14656,405,-719,-140, -792,824,17384,-250,-100,75, -16561008.00, -16561117.00
113535,912,676,14972,418,-693,-139, -812,824,17372,-243,-107,85, -16561166.00, -16560977.00
113557,736,552,14836,413,-701,-112, -700,848,17432,-258,-121,80, -16560946.00, -16560908.00
113579,760,716,14864,416,-691,-137, -784,736,17444,-254,-141,87, -16560947.00, -16561145.00
113602,784,736,14596,425,-698,-148, -840,700,17552,-234,-93,67, -16560933.00, -16560820.00
113624,852,656,14748,415,-703,-103, -844,752,17348,-253,-112,57, -16560907.00, -16560948.00
113646,808,712,14656,413,-688,-112, -836,788,17508,-226,-109,69, -16560894.00, -16560912.00
113668,884,644,14948,471,-483,-125, -920,812,17200,-165,-659,169, -16561047.00, -16560951.00
113690,732,664,14612,419,-727,-127, -812,892,17368,-133,-1193,108, -16560910.00, -16561007.00
113712,772,632,14792,445,-606,-120, -688,780,17472,-135,-1308,92, -16560873.00, -16560819.00
113734,840,608,14608,413,-606,-112, -604,732,17900,-133,-535,114, -16560863.00, -16560962.00
113756,708,664,14736,405,-719,-113, -540,736,17780,-266,311,50, -16561020.00, -16560891.00
113778,792,576,14656,424,-666,-102, -660,856,17412,-297,391,57, -16560721.00, -16560936.00
113800,780,616,14644,430,-692,-122, -792,764,17264,-255,-153,104, -16561020.00, -16561072.00
113822,812,676,14724,417,-671,-114, -664,796,17408,-231,-349,73, -16560974.00, -16560835.00
113844,772,576,14732,390,-698,-114, -1136,504,17032,-200,-2433,100, -16561025.00, -16560815.00
113866,772,632,14612,389,-966,-219, -968,1592,15596,136,-5513,294, -16560898.00, -16560964.00
113888,964,-4416,19256,-1554,-940,1243, 176,1104,17084,1121,-9865,26, -16560947.00, -16560940.00
113910,5248,4080,11964,-4174,-583,-618, 648,1200,18384,1414,-8255,-679, -16560843.00, -16560704.00
113932,2156,1976,13944,-2592,-97,-1327, 924,980,17960,79,-4560,537, -16560698.00, -16561016.00
113954,2216,1316,15956,1955,-1398,-1394, 832,1204,17508,-170,-3241,63, -16561024.00, -16560900.00
113976,280,312,14976,424,-1372,-428, 900,924,17160,9,-4188,227, -16560918.00, -16561044.00
113999,28,44,14844,396,-195,-1772, 556,28,16560,523,-7242,632, -16561063.00, -16560912.00
114021,1400,2016,14700,946,-65,-2701, 1976,1988,17792,1806,-8007,-141, -16560968.00, -16560853.00
114084,-236,376,14764,417,-1238,-322, 1560,1608,17540,-256,-663,-544, -16560840.00, -16560982.00
114106,724,952,14612,346,122,-1566, 2080,1016,17136,-150,-1137,-199, -16561032.00, -16560949.00
114128,600,636,14656,449,-901,-377, 1636,1136,17576,-310,-1522,-480, -16560859.00, -16560903.00
114150,900,916,14876,391,-480,-1112, 1856,1312,17296,-194,-1906,-147, -16561032.00, -16560907.00
114173,844,876,14700,558,-162,-1459, 1828,1308,17692,-218,-3659,278, -16560928.00, -16560875.00
114195,556,612,14664,433,-706,-1116, 2268,1168,17700,-205,-5634,472, -16560820.00, -16560938.00
114217,704,504,14756,394,-538,-987, 2360,1116,17608,-170,-6981,845, -16560966.00, -16561072.00
114239,408,52,14640,239,109,-1738, 2612,1060,17308,-33,-8808,1228, -16560960.00, -16561031.00
114261,2228,2884,14940,501,-460,-969, 3720,984,16852,-108,-8404,919, -16561084.00, -16561232.00
114283,1008,1164,14552,34,-972,-725, 3804,1112,16884,-170,-7212,438, -16561083.00, -16561152.00
114305,1896,700,14524,398,-537,-677, 4356,1116,16536,-184,-5792,350, -16561281.00, -16561195.00
114327,-260,-128,14716,337,-792,-430, 4784,956,16912,-148,-5095,344, -16560916.00, -16560880.00
114349,32,-152,14488,553,-148,-1017, 4340,1276,16808,-231,-5053,221, -16560926.00, -16560863.00
114413,772,728,14568,-18,-418,-1666, 5460,1212,16664,-114,-12411,605, -16560971.00, -16560897.00
114435,348,-276,14612,521,-591,-1541, 6144,1352,16468,3,-13344,692, -16560938.00, -16560983.00
114457,-168,792,15016,514,-534,-1449, 6852,1196,15852,-8,-13884,872, -16561144.00, -16561189.00
114479,144,-124,14576,233,-1022,-1209, 7172,1288,15752,384,-14327,1516, -16561222.00, -16561116.00
114501,-568,1836,14336,2502,4,-1987, 8092,944,15116,466,-15072,1437, -16560867.00, -16560846.00
114523,-300,972,14848,-205,-749,-1643, 8444,1304,15076,837,-12852,1937, -16561151.00, -16561468.00
114545,540,-180,14648,1503,-397,-747, 9644,944,14436,532,-14210,1649, -16561283.00, -16561076.00
114567,3044,2732,15176,-1734,-247,489, 10484,1376,13604,832,-14315,2105, -16561322.00, -16561541.00
114589,28,-236,14032,3254,1808,-3388, 10360,932,13376,235,-14196,1006, -16561294.00, -16561139.00
114611,444,256,14628,793,282,-1341, 10656,1264,13436,115,-13662,801, -16561143.00, -16561087.00
114633,2176,3076,14728,36,-806,-868, 11284,1216,13116,773,-16479,1493, -16560895.00, -16560910.00
114655,1068,1912,15524,3525,-612,-2343, 12000,1140,11888,504,-16308,1051, -16560873.00, -16560644.00
114677,588,1084,14756,94,-5,-1281, 12460,996,11344,124,-14692,688, -16560650.00, -16560771.00
114741,524,792,14604,239,-968,-997, 13376,1060,10212,-15,-13287,600, -16560724.00, -16560488.00
114763,576,884,14792,249,-609,-1425, 13848,1200,9084,-55,-13130,556, -16560332.00, -16560281.00
114785,304,460,14644,320,-156,-1167, 14244,772,9020,-147,-12405,489, -16560238.00, -16560086.00
114807,348,444,14688,253,-19,-604, 14496,872,8596,-190,-12699,356, -16559884.00, -16559773.00
114829,764,1088,14688,402,-110,-404, 15240,1028,7112,-1024,-13063,-78, -16559804.00, -16559769.00
114851,452,896,14480,417,-314,-725, 15312,1244,6004,-2640,-12929,-703, -16559728.00, -16559509.00
114873,268,732,14696,401,-376,-84, 15432,1064,6816,-2855,-11991,-718, -16559366.00, -16559326.00
114895,352,732,14680,492,94,-105, 15352,848,6332,-2872,-12055,-639, -16559385.00, -16559427.00
114917,200,744,14552,589,609,-10, 15608,-296,5476,-3038,-11484,-282, -16559456.00, -16559414.00
114939,36,752,14452,453,-249,-94, 16456,1836,5772,-2862,-10048,-48, -16559452.00, -16559312.00
114962,232,680,14572,354,-1161,-104, 16524,1028,4904,-2189,-9853,111, -16559336.00, -16559366.00
114984,176,640,14680,421,-646,-149, 16136,1120,3796,-2274,-9758,-181, -16559332.00, -16559313.00
115006,104,568,14704,372,-791,-133, 16108,532,4060,-2042,-8625,-940, -16559015.00, -16558827.00
115028,128,676,14632,393,-804,-158, 16308,848,3216,-1767,-8270,-1158, -16558785.00, -16559074.00
115050,192,640,14692,382,-971,-161, 16000,896,2552,-1024,-6763,-1292, -16559114.00, -16559055.00
115072,140,704,14684,394,-1076,-124, 16544,1312,2636,-1058,-5636,-1240, -16559108.00, -16558864.00
115094,144,724,14624,381,-843,-192, 16480,1216,2440,470,-5500,-1237, -16558793.00, -16558988.00
115116,296,744,14740,401,-866,-136, 16224,1260,1788,102,-4543,-1366, -16558926.00, -16558861.00
115138,244,696,14660,383,-809,-131, 16328,1004,1296,127,-2648,-1086, -16558738.00, -16558766.00
115160,192,688,14632,403,-704,-142, 16152,1560,1644,-386,-1174,-734, -16558934.00, -16558989.00
115182,280,684,14628,400,-694,-149, 15920,1700,1976,-104,71,91, -16558914.00, -16558951.00
115204,324,736,14556,367,-677,-130, 16396,1312,1860,276,1072,106, -16559047.00, -16559271.00
115226,236,568,14732,427,-325,-108, 15980,1260,1624,-23,2393,-34, -16559481.00, -16559640.00
115248,200,716,14448,405,-544,-106, 16432,1316,1904,-30,3973,55, -16559821.00, -16560113.00
115270,280,656,14780,374,-590,-27, 16340,1308,2220,-563,4988,65, -16560237.00, -16560337.00
115292,232,600,14736,423,-571,190, 16356,1368,2736,-268,5501,-35, -16560601.00, -16560796.00
115314,208,812,14792,368,-903,152, 16084,1332,2468,-322,6259,-98, -16560985.00, -16561104.00
115336,284,748,14688,403,-458,-60, 16044,1260,2996,-362,6608,-40, -16561186.00, -16561140.00
115359,432,476,14608,465,-620,1081, 16144,1404,3052,-1103,7560,-116, -16561112.00, -16561281.00
115381,260,776,14752,453,-881,2099, 18436,528,3552,-1910,8294,205, -16561596.00, -16561729.00
115403,332,748,14756,421,-281,951, 16344,1148,4572,-1568,7628,294, -16561794.00, -16561882.00
115425,116,712,14672,477,-441,964, 16136,1140,5712,-785,7137,-203, -16561784.00, -16561790.00
115447,112,872,14720,390,-841,306, 15824,1332,5188,-215,7056,-574, -16561726.00, -16561755.00
115469,228,764,14552,419,-555,-83, 15776,1324,5500,-93,7008,-569, -16561719.00, -16561800.00
115491,276,576,14568,420,-657,19, 15692,1408,5892,198,7466,-430, -16561772.00, -16561865.00
115513,208,676,14620,400,-959,340, 15720,1504,6124,381,8449,-458, -16562052.00, -16562181.00
115535,588,936,14904,400,-919,243, 15704,1460,6124,80,9112,-757, -16562007.00, -16561802.00
115557,212,868,14824,418,-1243,132, 15036,1596,6516,-470,9542,-814, -16561741.00, -16561742.00
115579,1264,1236,14604,478,-1318,207, 14828,1796,7320,-630,10388,-241, -16561630.00, -16561823.00
115601,-320,360,14648,100,-2458,-103, 14972,1512,7516,-628,11304,-387, -16561918.00, -16561742.00
115623,48,808,14924,201,-1584,272, 14376,1576,8228,-356,12878,-172, -16561854.00, -16562016.00
115645,992,812,14708,539,-470,-56, 14296,1496,8384,-1002,13566,-216, -16561819.00, -16561525.00
115667,1120,708,14548,802,-211,62, 13464,1608,9436,-932,14287,-198, -16561592.00, -16561711.00
115689,668,688,14644,725,-1225,268, 13492,1428,9924,-1194,15049,-11, -16561614.00, -16561575.00
115711,1808,1052,14608,787,-1068,601, 13020,1544,10368,-1344,16145,-68, -16561633.00, -16561612.00
115733,1308,1336,14796,97,-776,684, 12076,1580,11500,-1469,16820,-12, -16561580.00, -16561436.00
115756,-108,440,14960,-228,-654,795, 12040,1312,12220,-1651,16776,-290, -16561238.00, -16561223.00
115778,-704,60,14532,983,-1557,259, 11152,1432,12408,-1895,16509,-675, -16561424.00, -16561219.00
115800,1608,-272,14504,673,-1359,504, 10496,1176,13028,-2052,16653,92, -16561155.00, -16561220.00
115822,580,1108,14852,-330,-579,322, 9944,1220,13968,-2441,16431,-95, -16561274.00, -16561321.00
115844,2864,1096,14196,271,-400,631, 9500,1228,14708,-1927,14784,-475, -16561294.00, -16561370.00
115866,620,952,14848,137,-875,758, 8564,1232,15072,-413,13128,-262, -16561253.00, -16561152.00
115888,-168,220,14900,59,-1377,386, 8436,1220,14548,-254,14107,-156, -16561233.00, -16561405.00
115910,-480,816,14860,49,-1240,610, 7412,1344,15768,-488,15147,-422, -16561338.00, -16561104.00
115932,520,616,14668,804,-1161,598, 6908,1288,15992,-387,14512,-256, -16561106.00, -16561049.00
115954,640,408,14752,869,-859,942, 6628,1160,15928,-384,13893,-225, -16560980.00, -16561118.00
115976,848,1124,14608,-91,-1074,354, 6080,952,16572,-374,14053,-370, -16561138.00, -16561008.00
115998,104,536,14800,465,-1115,83, 4876,1260,16640,-301,13959,-205, -16561095.00, -16561216.00
116020,-768,716,15120,96,-1145,93, 4384,1144,16740,-137,14165,174, -16561007.00, -16561039.00
116042,1992,684,14508,706,-558,156, 3872,1324,16784,-180,13593,436, -16561013.00, -16560998.00
116064,1100,732,14544,788,-889,-28, 3136,1332,17176,-385,12780,-323, -16560992.00, -16560934.00
116086,96,860,14832,499,-535,202, 2372,1084,17616,-188,11834,-12, -16560855.00, -16560950.00
116108,852,616,14696,378,-229,-268, 1500,1580,18536,234,9627,963, -16560832.00, -16560656.00
116131,-148,796,14568,445,-1179,22, 1160,1164,16732,636,2401,1353, -16560740.00, -16560915.00
116153,864,700,14836,393,-679,-93, 916,284,17356,224,899,1473, -16561018.00, -16561121.00
116175,712,656,14848,440,-1023,-107, 2596,1624,17316,-245,34,498, -16560917.00, -16560824.00
116197,756,796,14764,404,-585,-113, 1732,1380,17092,-288,-168,67, -16560879.00, -16560937.00
116219,848,660,14724,420,-839,-132, 1744,1256,17400,-348,-118,77, -16561214.00, -16561132.00
116241,780,852,14732,405,-614,-99, 1408,1268,17396,-466,-78,93, -16561089.00, -16561023.00
116263,708,740,14720,359,-1048,-68, 456,1484,17676,-489,484,14, -16561021.00, -16561139.00
116285,900,356,14232,43,-2143,36, 2016,1204,18464,-1587,3115,-1464, -16561173.00, -16561128.00
116307,920,584,14776,444,-1761,-48, 1852,1140,18360,-3206,7763,-976, -16561064.00, -16561078.00
116329,860,808,14792,428,-833,-86, 1444,1432,15816,-2996,5590,-1315, -16561054.00, -16561007.00
116351,1020,660,14696,409,-1008,-96, 2128,412,16988,-454,844,263, -16560965.00, -16560753.00
116373,904,612,14816,419,-595,-67, 988,912,17212,-403,197,-49, -16560860.00, -16561046.00
116395,1008,716,14720,447,-665,-115, 732,836,17276,135,-1143,15, -16561042.00, -16560960.00
116417,996,624,14804,417,-682,-79, 800,724,17684,137,-1386,170, -16560858.00, -16560965.00
116439,1056,732,14724,420,-691,-123, 1112,928,17732,-53,-511,104, -16561025.00, -16560828.00
116461,972,692,14700,426,-666,-112, 1072,1020,17732,-378,893,66, -16560835.00, -16561026.00
116483,860,700,14716,439,-668,-121, 900,628,17336,-495,1322,420, -16560986.00, -16560936.00
116505,936,736,14652,421,-701,-123, 684,1064,17288,-515,1444,569, -16560834.00, -16560921.00
116528,1032,528,14788,432,-658,-94, 592,868,17268,-542,919,415, -16561189.00, -16561129.00
116550,912,664,14740,431,-713,-141, 540,728,17564,165,619,527, -16561198.00, -16561100.00
116572,960,648,14740,431,-714,-121, 808,992,17732,212,935,718, -16560976.00, -16560994.00
116594,972,776,14660,413,-666,-108, 716,988,17760,-153,2090,623, -16560998.00, -16560979.00
116616,952,728,14716,413,-677,-124, 904,1312,17088,-827,2405,184, -16561012.00, -16560772.00
116638,936,768,14740,366,-636,-98, 4360,6300,29528,-9214,7070,-1353, -16557197.00, -16550097.00
116660,876,840,14836,347,-351,-85, -1828,216,12468,-231,3146,226, -16543626.00, -16536179.00
116682,1000,796,14692,428,-636,-108, 176,1032,17788,-75,3316,218, -16526672.00, -16514541.00
116704,1688,824,14632,352,-685,84, -644,336,17480,433,1462,-150, -16500866.00, -16487148.00
116726,-32,540,14892,571,-1732,-165, -340,1040,17072,-96,405,-124, -16434565.00, -16422977.00
116790,960,672,14780,417,-647,-94, -436,708,17604,-287,719,69, -16411699.00, -16400576.00
116812,1036,716,14608,434,-601,-100, 0,1296,17836,-658,2334,443, -16388850.00, -16374365.00
116834,4172,2124,14864,593,-938,758, -272,-572,18000,-366,1806,422, -16357935.00, -16341557.00
116856,60,1036,11524,1119,-199,-497, -1172,628,16628,-424,2529,243, -16325083.00, -16309288.00
116878,1164,24,14516,552,-329,532, -5008,-4940,18012,-255,283,-23, -16295012.00, -16279118.00
116900,908,908,14980,468,-599,-110, -684,488,17620,-21,-975,-42, -16261450.00, -16245503.00
116922,1008,636,14800,463,-611,-135, -440,932,17800,-145,-300,39, -16232974.00, -16222530.00
116944,1024,776,14620,444,-673,-112, -672,872,17536,-270,105,145, -16210891.00, -16196222.00
116966,984,688,14700,411,-653,-115, -588,864,17584,-359,677,265, -16177531.00, -16155756.00
116988,988,664,14740,438,-651,-117, -748,484,17336,-207,409,184, -16132404.00, -16108974.00
117010,952,596,14756,450,-694,-131, -1200,852,16780,-58,-817,-53, -16086568.00, -16067616.00
117032,912,820,14728,460,-679,-182, -680,864,17584,-151,-619,-40, -16053645.00, -16042824.00
117054,900,992,14872,368,-848,-420, -696,752,17732,-231,-27,43, -16033089.00, -16022637.00
117076,856,612,14944,444,-695,-127, -696,868,17668,-281,302,148, -16010540.00, -16000623.00
117098,1208,788,14716,419,-563,-71, -852,800,17432,-382,623,245, -15995429.00, -15995430.00
117121,192,812,14812,486,-712,-92, -888,732,17204,-255,61,73, -15997440.00, -15996699.00
117143,1024,516,14688,414,-674,-95, -812,716,17304,-98,-582,-79, -15996617.00, -15999507.00
117165,1000,668,14696,436,-709,-118, -464,792,18000,-185,-199,-16, -16003957.00, -16008886.00
117187,992,740,14928,398,-656,-96, -864,764,17508,-323,332,127, -16017238.00, -16032593.00
117209,976,876,14608,402,-675,-95, -852,920,17356,-275,95,120, -16053845.00, -16075797.00
117231,956,732,14892,428,-672,-121, -752,820,17796,-308,215,117, -16095860.00, -16112892.00
117253,860,552,14636,421,-637,-113, -1040,764,17412,-341,481,148, -16127360.00, -16142929.00
117275,944,628,14996,410,-727,-79, -1212,644,17348,-184,-617,30, -16164111.00, -16196230.00
117297,980,696,14592,447,-717,-114, -1208,544,17276,186,-2265,222, -16239066.00, -16285852.00
117319,-56,876,14860,442,-869,-232, 2684,7992,17508,-350,-646,3596, -16325603.00, -16358936.00
117341,1600,700,14476,458,-755,-45, -32,1520,18056,-426,218,351, -16391009.00, -16420526.00
117363,1056,656,14580,450,-563,-160, 112,1116,20188,-338,4511,-36, -16448035.00, -16472138.00
117385,2400,1300,15052,459,-396,231, 7608,12028,18744,505,10792,-5381, -16494480.00, -16519141.00
117407,2868,3104,15104,-498,-1322,5261, -11248,-8820,16376,2038,3613,1352, -16543725.00, -16558181.00
117429,-7104,-3228,12600,482,-262,-1568, 420,2696,19692,-104,472,1269, -16560747.00, -16560912.00
117451,1708,1092,14860,491,-721,521, -1160,-468,17036,-266,138,-278, -16560895.00, -16561049.00
117473,972,800,14904,471,-672,-109, -1420,1076,17680,-192,188,365, -16561087.00, -16560944.00
117495,956,772,14536,468,-608,-135, -1648,1004,17396,-212,276,198, -16560889.00, -16560980.00
117518,1036,708,14808,421,-689,-122, -1640,948,17464,-177,255,221, -16561010.00, -16560949.00
117540,956,756,14556,430,-663,-130, -2240,-1096,17016,-247,97,1151, -16560999.00, -16560983.00
117562,980,524,14732,417,-738,-117, -1496,2192,17248,-304,50,1395, -16561014.00, -16561018.00
117584,1068,600,14676,407,-678,-94, -1512,920,17156,-615,-16,144, -16560944.00, -16560877.00
117606,992,640,14728,441,-675,-125, -1660,1072,17292,-503,-387,485, -16560809.00, -16560712.00
117628,1048,744,14688,428,-671,-99, -1540,612,17032,-463,-2110,273, -16560938.00, -16560897.00
117650,1132,644,14828,421,-700,-119, -1116,940,17232,-449,-2885,200, -16560875.00, -16560902.00
117672,1064,596,14852,434,-633,-230, -460,1196,17628,-553,-3115,-516, -16560873.00, -16560918.00
117694,1088,668,14724,432,-678,-109, -1336,528,17996,-445,-2870,-1249, -16561033.00, -16560921.00
117716,1084,668,14652,422,-681,-123, -1548,536,18184,-369,-929,159, -16560856.00, -16560856.00
117738,1004,568,14716,411,-676,-121, -1068,796,17732,-247,370,66, -16560602.00, -16560679.00
117760,904,696,15016,442,-675,-125, -1292,928,17188,-294,-23,50, -16560767.00, -16560838.00
117782,940,660,14844,430,-673,-106, -1092,952,17376,-299,-536,92, -16560794.00, -16560848.00
117804,1000,680,14744,406,-668,-122, -1108,748,17576,-271,-263,65, -16560901.00, -16560792.00
117826,1064,712,14664,427,-667,-117, -1064,836,17376,-267,-53,45, -16560741.00, -16560748.00
117848,1028,692,14676,401,-694,-110, -988,800,17492,-284,-243,45, -16560950.00, -16560906.00
117870,1096,608,14896,434,-691,-81, -948,776,17508,-244,-191,84, -16560756.00, -16560897.00
117893,1152,684,14808,427,-682,-106, -1012,824,17400,-262,-113,49, -16561011.00, -16561035.00
117915,1156,736,14764,440,-691,-93, -868,860,17460,-289,-211,90, -16560907.00, -16560892.00
117937,1064,708,14632,427,-682,-137, -964,792,17548,-261,-163,69, -16560752.00, -16560766.00
117959,1076,700,14728,429,-681,-113, -976,864,17392,-242,-113,50, -16560825.00, -16560907.00
117981,1084,680,14816,427,-669,-114, -1076,824,17408,-264,-129,71, -16561000.00, -16560867.00
118003,1076,648,14772,440,-680,-93, -992,936,17476,-255,-107,53, -16560657.00, -16560740.00
118025,984,720,14856,429,-659,-109, -992,892,17456,-297,-116,77, -16560864.00, -16560892.00
118047,940,712,14752,428,-680,-111, -1024,820,17484,-252,-101,72, -16560911.00, -16560827.00
118069,984,680,14864,424,-686,-106, -984,836,17424,-269,-115,62, -16560956.00, -16560984.00
118091,960,680,14732,429,-672,-141, -996,768,17452,-261,-154,57, -16560919.00, -16560915.00
118113,932,684,14800,435,-691,-81, -948,856,17568,-252,-153,63, -16561164.00, -16561041.00
118135,996,668,14740,431,-688,-108, -976,740,17316,-252,-142,52, -16560818.00, -16560764.00
118157,1072,672,14700,441,-665,-113, -948,812,17452,-252,-124,75, -16561022.00, -16561064.00
118179,1120,608,14756,418,-688,-116, -960,868,17424,-250,-127,68, -16560899.00, -16560915.00
118201,1016,768,14652,417,-670,-122, -892,784,17352,-246,-94,93, -16560895.00, -16560976.00
118223,1048,652,14592,428,-683,-133, -948,864,17396,-252,-119,59, -16561118.00, -16561079.00
118245,1364,-808,12232,1378,-239,-283, -1012,792,17424,-246,-94,71, -16560820.00, -16560790.00
118267,1268,1000,14612,887,-543,-101, -1056,804,17392,-255,-255,106, -16560889.00, -16560928.00
