28242,16356,3308,-4576,-569,123,112, 12888,2584,-9388,-52,-18,33, 16545494.00, 16545371.00
28250,16896,2344,-5556,-292,54,198, 12636,2744,-9760,-61,-21,33, 16545437.00, 16545286.00
28272,16944,2532,-6608,-424,42,266, 12812,2556,-9900,-68,13,43, 16545201.00, 16545136.00
28294,17348,3276,-5432,-519,23,219, 13044,2644,-9296,-64,54,37, 16544882.00, 16544452.00
28316,17384,2924,-5756,-385,-5,93, 12832,2816,-9352,-58,28,26, 16544194.00, 16544173.00
28338,16668,2764,-5112,-261,-31,55, 13064,2780,-9284,-18,0,13, 16543986.00, 16543919.00
28360,17112,3520,-4872,-30,-45,32, 13228,2744,-9224,11,9,11, 16544092.00, 16544114.00
28382,16564,3100,-4828,52,-104,-43, 13168,2744,-9012,-19,36,33, 16544138.00, 16544169.00
28404,16548,2604,-5044,130,-143,-48, 12996,2580,-9188,-66,13,38, 16543918.00, 16543640.00
28426,16932,2584,-5236,328,-158,-89, 13136,2432,-9308,-85,-21,36, 16543507.00, 16543184.00
28447,17564,2916,-4768,541,-194,-224, 13460,2508,-9156,-67,-27,43, 16543080.00, 16542800.00
28469,16968,3144,-4960,622,-217,-355, 13216,2916,-9008,-80,-11,38, 16542469.00, 16542273.00
28491,13568,620,-18988,493,-199,-374, 13000,2868,-8956,-58,13,30, 16541941.00, 16542064.00
28513,16360,2876,-6368,513,-152,-231, 12836,2748,-9212,-65,6,43, 16542036.00, 16541894.00
28535,15528,4712,-5036,232,-58,-3, 12700,2616,-9244,-58,-49,40, 16541869.00, 16542089.00
28557,16960,3116,-6376,163,-77,39, 12852,2472,-9684,-63,-31,60, 16542037.00, 16541947.00
28579,16856,3200,-6040,79,-71,39, 12860,2508,-9480,-70,-64,64, 16541967.00, 16541694.00
28601,16844,3256,-6312,102,-89,2, 12852,2652,-9552,-97,-76,40, 16541642.00, 16541320.00
28623,16956,2908,-6228,155,-53,-6, 12960,2344,-9648,-42,-49,42, 16541127.00, 16541260.00
28645,16688,3296,-6240,167,-18,-20, 12788,2524,-9820,5,-41,9, 16541192.00, 16540960.00
28667,16796,3004,-6100,170,9,-48, 12740,2344,-9832,37,-16,-2, 16540857.00, 16540886.00
28689,16136,2844,-5876,102,53,-13, 12824,2568,-9616,60,-18,-26, 16540900.00, 16540736.00
28711,17352,3244,-5924,210,63,-26, 12932,2596,-9576,55,-21,-42, 16540412.00, 16540507.00
28733,16668,3312,-4932,375,92,47, 13112,2560,-9444,63,1,-41, 16540395.00, 16540310.00
28755,16336,3228,-5728,276,59,23, 12844,2576,-9416,-4,-19,-27, 16540355.00, 16540103.00
28776,16744,3304,-5756,283,21,34, 12836,2436,-9424,59,-10,-21, 16539793.00, 16539574.00
28798,16484,3080,-5404,367,144,-23, 13084,2696,-9376,108,58,-28, 16539293.00, 16538869.00
28820,16580,3372,-5652,328,203,28, 13080,2888,-9624,44,96,-37, 16538512.00, 16538178.00
28842,17448,1108,-5580,206,194,125, 13152,2660,-9556,4,188,-19, 16537428.00, 16536620.00
28864,18420,4436,-6448,-67,97,117, 13356,2976,-9192,-1,307,-41, 16536069.00, 16535475.00
28886,16816,2648,-5488,152,-55,112, 13468,2460,-9604,-41,380,-28, 16534697.00, 16533955.00
28908,17416,4448,-5332,49,-56,100, 13372,2552,-8816,-6,586,-9, 16533326.00, 16530682.00
28971,16472,2568,-5804,40,-173,10, 14140,2524,-8936,-222,966,-37, 16530012.00, 16529869.00
28993,16668,3344,-6076,-181,-303,-89, 14404,3304,-8800,-339,1275,-10, 16529349.00, 16528289.00
29015,17328,3004,-5848,-338,-190,28, 16172,3864,-9056,-389,1555,-77, 16527271.00, 16526109.00
29037,16572,3180,-5068,-373,-162,39, 15156,3104,-7264,-388,1724,-42, 16525808.00, 16525664.00
29059,16984,2784,-5612,-313,-180,7, 15092,3124,-6960,-465,1941,-59, 16525553.00, 16525571.00
29081,17088,2612,-5808,-340,-94,-15, 15768,3232,-6248,-571,2121,-105, 16525601.00, 16525458.00
29103,16816,2460,-5376,-355,-49,-14, 16196,2844,-5488,-567,2388,-98, 16525186.00, 16525146.00
29125,17268,2944,-5888,-390,10,-14, 16360,3068,-4548,-510,2602,-97, 16525208.00, 16525384.00
29147,17260,2764,-5356,-359,-4,-39, 16496,3152,-3160,-578,2850,-108, 16525638.00, 16525857.00
29169,17468,2748,-5796,-508,136,-76, 15528,3148,-2580,-531,2797,-225, 16526267.00, 16526771.00
29191,17256,3724,-6624,-578,230,-94, 14828,2752,-2216,-562,2298,-459, 16526985.00, 16527037.00
29213,16932,2632,-5160,-521,221,-105, 14800,2264,548,-383,1749,-455, 16527115.00, 16527198.00
29235,16660,2352,-4124,-362,199,-68, 15256,3092,1744,-206,1497,-307, 16527223.00, 16527094.00
29256,16552,2592,-3560,-190,138,-15, 13788,4656,-244,-286,1462,-283, 16526687.00, 16525547.00
29278,16600,2744,-3744,-131,66,-48, 15812,3864,2944,-276,1523,-92, 16524969.00, 16524622.00
29300,17032,3436,-4996,-291,87,-67, 15492,3856,2420,-275,1425,-103, 16524275.00, 16523817.00
29322,16884,3348,-4664,-294,107,-73, 15232,4216,2916,-257,1103,-166, 16523203.00, 16522275.00
29344,16728,3100,-3604,-285,88,-44, 15752,3836,4472,-193,990,-166, 16521335.00, 16519990.00
29366,16812,3128,-3764,-202,44,-42, 16100,4504,4312,-279,1103,-106, 16518870.00, 16517914.00
29388,17256,3124,-3956,-78,42,-63, 16312,4460,4456,-403,1323,-105, 16516895.00, 16515580.00
29410,16644,3640,-4904,-134,115,-12, 16464,5176,3664,-331,1466,-104, 16514439.00, 16513455.00
29432,17204,4152,-5336,-137,160,11, 15412,4172,5124,-225,1223,-189, 16512399.00, 16511274.00
29454,17068,3232,-4148,-171,143,-16, 15416,3976,6256,-194,1181,-175, 16510283.00, 16509269.00
29476,16800,2892,-3844,-192,147,1, 15020,4332,6116,-284,1205,-182, 16508135.00, 16506918.00
29498,17116,3172,-3568,-148,176,55, 14716,4072,6168,-287,1133,-216, 16505533.00, 16504453.00
29520,16940,3864,-3792,-173,170,39, 14316,4448,7136,-211,929,-201, 16503702.00, 16502961.00
29542,16872,3164,-3012,-191,124,9, 14372,4464,8572,-282,869,-229, 16502384.00, 16501918.00
29564,16776,2904,-3372,-191,112,-5, 14264,4208,7888,-293,842,-218, 16501137.00, 16500607.00
29585,16992,2624,-2760,-175,111,27, 14060,4248,8120,-343,778,-239, 16499923.00, 16499231.00
29607,17028,3164,-3032,-88,100,48, 13832,4324,8464,-312,808,-251, 16498317.00, 16497123.00
29629,17164,3304,-3384,-111,100,21, 13776,4416,9556,-351,820,-275, 16496197.00, 16495356.00
29651,17004,3136,-3420,-174,102,-34, 13916,4400,8820,-318,747,-217, 16494529.00, 16493397.00
29673,16984,2872,-3212,-219,111,-22, 14560,4996,6884,-278,756,-185, 16492519.00, 16491459.00
29695,17156,3048,-3088,-174,110,22, 13488,4304,9652,-269,650,-214, 16490527.00, 16489284.00
29717,17180,3384,-3156,-147,102,10, 13208,4472,9948,-175,620,-188, 16487969.00, 16486687.00
29739,16872,3012,-2320,-106,92,0, 13056,4628,10596,-125,578,-160, 16485783.00, 16484626.00
29761,16808,3156,-2532,-110,75,-28, 12864,4516,10132,-179,619,-200, 16483231.00, 16481758.00
29783,17012,3300,-2724,-147,81,-24, 12896,4612,10360,-113,605,-211, 16480295.00, 16479135.00
29805,17008,3068,-2256,-158,76,-25, 13372,5060,11024,-166,576,-239, 16478057.00, 16476914.00
29827,17188,3172,-1960,-48,61,2, 12476,4936,11276,-209,632,-206, 16475821.00, 16474789.00
29849,17108,3680,-2632,-12,66,2, 12288,5228,9776,-217,658,-211, 16474131.00, 16472984.00
29871,16904,3788,-2656,-35,73,-13, 12236,5068,11140,-135,623,-174, 16471712.00, 16470665.00
29892,17012,3244,-2412,-54,80,-7, 11980,4916,11464,-101,552,-150, 16469540.00, 16468631.00
29914,17208,3292,-2224,-27,57,1, 11740,4932,11744,-86,534,-152, 16468053.00, 16467407.00
29936,16896,3408,-2000,-90,64,7, 11616,4676,12004,-127,488,-171, 16467188.00, 16467001.00
29958,17436,3100,-1828,-107,33,-50, 11476,4820,11632,-133,571,-173, 16466440.00, 16466025.00
29980,17248,3060,-1768,-57,48,-14, 11128,4940,12240,-144,544,-169, 16465372.00, 16464777.00
30002,17432,3128,-1648,45,48,17, 10844,4896,12720,-110,465,-121, 16464240.00, 16464093.00
30024,17144,3140,-1840,60,25,-21, 11104,5460,11796,-134,420,-81, 16464048.00, 16463844.00
30046,17344,2792,-1520,-4,0,-39, 10944,5000,12456,-137,499,-62, 16463785.00, 16463733.00
30068,17700,3720,-2804,-51,19,-48, 10996,4932,12196,-159,477,-84, 16462976.00, 16462486.00
30090,17580,3812,-2712,-57,25,-25, 10740,5004,12584,-132,405,-88, 16462109.00, 16461662.00
30112,17064,4236,-2644,-73,37,0, 10756,5248,12788,-137,356,-106, 16461279.00, 16460933.00
30134,16212,3368,-1240,-43,38,11, 10264,5136,13100,-98,312,-61, 16460647.00, 16460498.00
30156,15860,3232,-564,1,45,39, 10116,5040,13704,-123,307,-50, 16460513.00, 16460527.00
30178,17176,3412,-1588,9,25,13, 9804,4892,13316,-105,298,-33, 16460271.00, 16459927.00
30200,16884,3368,-1304,-29,-6,-4, 9844,4780,13484,-71,241,-16, 16459837.00, 16459768.00
30221,16888,2920,-1272,-8,-26,10, 9740,4876,13764,-33,127,0, 16459782.00, 16460162.00
30243,17028,3172,-1268,26,-57,24, 9576,4640,13292,-7,24,49, 16460399.00, 16460737.00
30265,16844,2984,-1264,46,-65,26, 9696,4824,13288,13,-62,94, 16461174.00, 16461618.00
30287,16868,3340,-1488,74,-56,47, 9460,5228,13292,45,-240,131, 16462187.00, 16462734.00
30309,16724,3584,-1388,55,-88,45, 9348,5084,13184,123,-464,176, 16463670.00, 16465178.00
30331,16924,3360,-1152,46,-119,56, 9544,5144,13152,181,-748,233, 16467106.00, 16469378.00
30353,16812,3496,-1644,29,-124,72, 10112,5448,11980,150,-949,243, 16471455.00, 16473600.00
30375,16780,3404,-1740,12,-160,75, 10488,5380,11924,166,-1113,259, 16475974.00, 16478545.00
30397,16824,4380,-1672,-15,-175,93, 10852,4684,12172,268,-1437,323, 16481317.00, 16483723.00
30419,16988,3488,-1700,83,-221,104, 10876,5524,12220,410,-1661,505, 16486063.00, 16488922.00
30441,16156,3116,-1068,66,-294,148, 12040,5640,11488,42,-1420,306, 16491045.00, 16492709.00
30463,16740,3752,-1676,-44,-320,185, 12800,5192,10964,42,-1302,210, 16494821.00, 16497504.00
30485,17264,3052,-2244,-82,-297,76, 12420,3956,10632,209,-1514,275, 16500223.00, 16503543.00
30507,16880,2096,-1224,-46,-331,43, 11596,4008,11248,396,-2025,363, 16506981.00, 16509963.00
30528,16416,1860,-800,115,-396,47, 12800,3668,9900,300,-2064,407, 16512495.00, 16514617.00
30550,16652,2244,-1540,198,-417,74, 14208,4340,8732,253,-1887,370, 16516452.00, 16518008.00
30572,17460,2256,-1932,221,-397,36, 15120,3900,8140,213,-1727,316, 16519726.00, 16521301.00
30594,17740,2604,-2896,275,-375,-16, 14892,4096,6764,324,-1760,300, 16522830.00, 16524797.00
30616,17960,2136,-2608,302,-343,-10, 15236,3456,6604,227,-1957,197, 16526935.00, 16528751.00
30638,17388,1748,-2680,363,-308,-5, 15640,4036,5276,193,-1980,186, 16529939.00, 16530986.00
30660,17184,2744,-3000,349,-271,10, 15880,4276,4308,261,-1802,278, 16531818.00, 16532305.00
30682,17328,3460,-3340,278,-222,82, 15848,4316,3540,510,-1743,388, 16533212.00, 16534268.00
30704,17464,3256,-2800,291,-217,111, 15668,4232,3472,579,-1901,383, 16535391.00, 16536626.00
30726,17504,2576,-3000,382,-167,105, 15364,4248,2764,440,-2167,248, 16537892.00, 16539165.00
30748,17060,1640,-2408,367,-187,77, 15892,3412,2396,186,-2144,238, 16539795.00, 16540227.00
30770,16948,2264,-3036,377,-232,27, 15576,3684,1064,373,-2151,360, 16540723.00, 16541261.00
30792,16900,2680,-2612,306,-264,105, 15980,3748,516,457,-2175,380, 16541882.00, 16542535.00
30814,17348,2464,-3152,378,-260,66, 16064,3652,-668,369,-2214,346, 16543151.00, 16543601.00
30836,16968,2032,-3008,433,-243,42, 16068,3280,-1632,260,-2170,317, 16543857.00, 16544095.00
30857,17132,2480,-3284,448,-258,-2, 15736,3200,-2388,290,-2128,312, 16544426.00, 16544699.00
30879,17412,2696,-3636,484,-269,-50, 15992,3224,-3336,335,-2028,353, 16545055.00, 16545618.00
30901,17400,2400,-3904,481,-269,-71, 15796,3156,-4412,427,-1912,417, 16545607.00, 16545677.00
30923,17044,3048,-3780,487,-270,-38, 15808,3016,-4880,459,-1859,400, 16545999.00, 16546259.00
30945,17364,2216,-3724,448,-274,-93, 14804,2564,-5640,413,-1941,321, 16546451.00, 16546905.00
30967,17148,1932,-3504,489,-296,-145, 15300,2200,-6096,339,-1823,301, 16547050.00, 16546895.00
30989,16960,2240,-3448,527,-300,-114, 15800,2540,-6524,315,-1685,338, 16546915.00, 16547013.00
31011,17316,2784,-4244,525,-272,-81, 14616,2248,-7636,326,-1559,370, 16547141.00, 16547254.00
31033,17020,2708,-4060,485,-261,-62, 13892,1716,-8232,301,-1444,375, 16547609.00, 16547843.00
31055,17208,2452,-4556,506,-221,-47, 14004,1784,-8596,267,-1326,348, 16547934.00, 16547867.00
31077,16976,2492,-4508,530,-198,-16, 14124,1576,-9176,190,-1174,297, 16547985.00, 16547919.00
31099,16984,2580,-4380,456,-209,-8, 13048,1392,-9308,181,-984,310, 16548120.00, 16548568.00
31121,17240,2776,-5072,371,-169,21, 12836,1296,-9880,193,-972,266, 16548569.00, 16548712.00
31143,17176,2436,-4984,345,-138,-4, 13052,1396,-10204,165,-951,237, 16549168.00, 16549350.00
31164,16940,2468,-4276,324,-127,-23, 13336,1408,-10268,136,-862,201, 16549493.00, 16549721.00
31186,16848,2616,-4572,319,-120,5, 12504,1216,-10008,126,-776,177, 16549989.00, 16550201.00
31208,17096,2216,-4596,297,-132,14, 12528,760,-10552,1,-721,147, 16550447.00, 16550359.00
31230,16816,1812,-3500,299,-174,-9, 14024,1248,-9156,-132,-659,151, 16550231.00, 16550120.00
31252,17100,2704,-4868,223,-152,12, 11736,1000,-11112,-92,-547,174, 16550258.00, 16550234.00
31274,16716,2628,-4840,156,-119,45, 11856,924,-11224,-36,-497,125, 16550098.00, 16550019.00
31296,17168,2608,-4816,146,-92,34, 11828,1024,-11208,-18,-461,86, 16549852.00, 16549867.00
31318,17112,2508,-4768,165,-93,37, 11688,808,-11344,-20,-393,88, 16549906.00, 16549844.00
31340,17100,2472,-4804,155,-102,45, 11524,940,-11504,-53,-317,69, 16549745.00, 16549608.00
31362,17120,2396,-4676,121,-122,21, 11556,868,-11464,-65,-248,41, 16549519.00, 16549217.00
31384,17112,2384,-4744,103,-119,11, 11452,900,-11772,-68,-197,2, 16549010.00, 16548939.00
31406,17116,2180,-4740,68,-116,-12, 11360,656,-11700,-106,-156,3, 16548816.00, 16548747.00
31428,17052,2192,-4852,35,-120,-3, 11340,788,-11760,-101,-87,21, 16548472.00, 16547971.00
31450,17244,2468,-5120,43,-103,-12, 11228,960,-11892,-30,-19,0, 16547445.00, 16547051.00
31472,17228,2540,-5008,74,-88,-34, 11260,1000,-11916,9,5,-43, 16546690.00, 16546323.00
31493,17176,2648,-4804,79,-100,-19, 11608,1136,-11700,-35,69,-56, 16545858.00, 16545415.00
31515,17204,2280,-4604,61,-137,-35, 11700,1212,-11508,-113,227,-63, 16544799.00, 16544025.00
31537,17228,2708,-4668,42,-147,-75, 11920,1128,-11640,-178,430,-89, 16542870.00, 16541721.00
31559,16780,2712,-4972,31,-186,-93, 12096,1048,-11632,-232,682,-93, 16540209.00, 16538587.00
31581,17104,2708,-5520,-12,-129,-20, 12072,1188,-11580,-233,894,-157, 16537107.00, 16535516.00
31603,16852,2896,-5416,-65,-90,35, 12468,1344,-11468,-166,1057,-251, 16533934.00, 16532365.00
31625,17020,2800,-5256,-154,-104,36, 12688,1344,-10924,-180,1300,-282, 16530871.00, 16529442.00
31647,16704,2556,-5300,-233,-95,44, 12704,1876,-10788,-325,1513,-309, 16528089.00, 16526600.00
31669,16964,1940,-5132,-356,-79,61, 13872,1864,-10348,-624,1892,-338, 16525043.00, 16523058.00
31691,17480,2708,-5816,-469,2,95, 13132,1828,-9820,-351,1917,-365, 16520620.00, 16518681.00
31713,17936,2836,-5292,-489,59,70, 13580,2016,-8460,-160,1876,-435, 16517742.00, 16516912.00
31735,17316,1960,-4488,-339,68,43, 14492,2132,-7380,-195,1867,-468, 16516143.00, 16515353.00
31757,17132,1668,-3972,-141,78,50, 14868,2396,-6660,-328,1925,-421, 16514524.00, 16513671.00
31779,16924,2196,-4396,-113,95,47, 14892,2308,-5920,-297,1911,-397, 16512937.00, 16512040.00
31800,16736,2712,-4544,-188,102,27, 14844,2616,-5428,-155,1828,-403, 16511119.00, 16510365.00
31822,16740,2140,-4340,-293,76,-23, 15352,2840,-4672,-237,1819,-433, 16509302.00, 16508125.00
31844,16868,1572,-3924,-357,43,-58, 15864,2636,-4324,-318,1915,-399, 16507151.00, 16506156.00
31866,17456,2496,-4376,-361,65,-68, 15884,3356,-3812,-248,1959,-365, 16505149.00, 16504164.00
31888,17512,2572,-4672,-334,87,-77, 15860,3512,-3212,-244,1901,-414, 16503441.00, 16503003.00
31910,17352,2072,-3992,-264,78,-102, 16120,3348,-2160,-313,1936,-436, 16502439.00, 16501605.00
31932,17152,2120,-3960,-212,74,-75, 16152,3616,-1612,-338,2019,-395, 16501065.00, 16500247.00
31954,17348,2848,-4268,-297,106,-95, 15860,3628,-764,-254,2004,-353, 16499578.00, 16498987.00
31976,17112,2896,-4288,-334,115,-122, 15684,3936,144,-204,1853,-365, 16498480.00, 16498075.00
31998,17292,2240,-3628,-296,114,-130, 15876,4156,1124,-259,1784,-368, 16497445.00, 16496819.00
32020,17228,2572,-3696,-246,139,-95, 15740,4488,1788,-227,1706,-329, 16496144.00, 16495696.00
32042,17104,2856,-3284,-192,139,-77, 15244,4448,2704,-230,1510,-324, 16495338.00, 16495072.00
32064,16916,2756,-3364,-160,127,-77, 15404,4884,3308,-321,1349,-348, 16494582.00, 16493804.00
32086,16744,2856,-3160,-223,108,-63, 15448,4848,3612,-466,1335,-370, 16492663.00, 16491763.00
32108,16896,2812,-3452,-276,108,-63, 15200,4952,3916,-354,1188,-261, 16490995.00, 16490184.00
32129,17272,3104,-3144,-257,114,-44, 14984,5176,3940,-241,1067,-190, 16489833.00, 16489504.00
32151,16988,2456,-2904,-186,109,-8, 14836,4960,5416,-342,962,-237, 16488973.00, 16488062.00
32173,16704,2392,-2248,-145,80,-1, 15276,4884,5692,-510,1012,-270, 16487079.00, 16486288.00
32195,17104,3200,-3288,-247,88,-24, 14268,5112,4772,-386,954,-175, 16485556.00, 16484884.00
32217,17148,2600,-2560,-284,68,-34, 14896,4876,6460,-294,866,-122, 16483978.00, 16483127.00
32239,17296,2716,-2584,-276,78,-18, 14780,4684,6840,-312,842,-158, 16482332.00, 16481320.00
32261,17096,2124,-2212,-182,70,-11, 14656,4724,6284,-350,805,-194, 16480330.00, 16479042.00
32283,17248,2820,-2736,-108,76,14, 14756,4572,8628,-209,813,-163, 16475122.00, 16474052.00
32346,17000,3412,-2716,-135,41,-20, 14160,5000,7920,-229,824,-198, 16472883.00, 16471847.00
32368,17324,2764,-2392,-116,50,-16, 13656,4836,8088,-171,838,-162, 16470810.00, 16469905.00
32390,17316,3100,-2668,-91,75,6, 13824,5236,8224,-126,702,-157, 16469279.00, 16468458.00
32412,17036,3028,-2140,-70,56,-14, 13692,5416,8868,-107,684,-132, 16467389.00, 16466624.00
32434,17284,2272,-1904,-61,51,-31, 13664,5776,8796,-88,650,-133, 16465614.00, 16464563.00
32456,17096,2864,-1940,-54,70,37, 13476,5596,9208,-57,606,-164, 16463326.00, 16461935.00
32478,17268,3088,-2632,-31,99,38, 16364,4384,4760,-91,601,-129, 16460413.00, 16458861.00
32500,17044,3236,-2328,-102,101,20, 13052,5088,9288,34,527,-67, 16457427.00, 16456333.00
32522,17020,2956,-1912,-147,87,19, 12716,5484,10032,83,450,-43, 16455299.00, 16453923.00
32544,17156,2460,-1176,-50,63,53, 10560,4524,19588,178,729,28, 16452559.00, 16451496.00
32566,17124,2652,-1664,28,57,33, 12352,4756,10556,23,461,-94, 16450487.00, 16449838.00
32588,17052,2720,-1540,-6,49,-4, 12548,5012,10292,50,360,-73, 16449301.00, 16448839.00
32609,17076,2492,-1712,-40,57,-18, 12384,5632,11412,108,333,-45, 16448338.00, 16447517.00
32631,17268,2504,-1452,-58,44,-6, 12796,5544,10536,32,403,-74, 16446474.00, 16445513.00
32653,17496,2708,-1512,-19,58,36, 12608,5956,10320,20,466,-33, 16444509.00, 16443582.00
32675,17188,3320,-1672,-19,71,53, 12356,6216,10560,38,438,-23, 16442581.00, 16441732.00
32697,16912,2832,-1148,-59,56,44, 11488,6268,15776,101,605,-35, 16441171.00, 16440730.00
32719,17052,2632,-1304,-44,38,50, 11860,5484,10924,7,398,-51, 16440356.00, 16440195.00
32741,17132,2492,-1000,-12,33,55, 11840,5436,10904,40,340,-20, 16440153.00, 16439953.00
32763,17060,2508,-1056,13,27,68, 11548,5700,11312,70,271,-14, 16439382.00, 16438795.00
32785,17040,2432,-824,-16,4,24, 11664,5960,11696,21,219,-37, 16438534.00, 16438380.00
32807,17084,2488,-916,-26,-19,14, 11600,6080,11240,-88,195,-86, 16438146.00, 16437941.00
32829,17164,2836,-1352,-18,-12,27, 11712,5752,11072,-72,216,-42, 16437844.00, 16437420.00
32851,17268,2680,-1260,-17,-2,45, 11568,5860,11296,15,115,27, 16437083.00, 16437096.00
32873,17500,2596,-744,14,-15,40, 11264,5924,11784,61,-5,94, 16437319.00, 16437617.00
32895,16956,2396,-580,42,-43,43, 10876,5932,11724,45,-137,116, 16438162.00, 16439210.00
32916,16688,2480,-252,31,-86,13, 10752,5840,11836,39,-318,104, 16440405.00, 16441642.00
32938,16796,2500,-320,13,-129,-13, 10600,5720,11748,54,-624,116, 16443510.00, 16445534.00
32960,16836,2700,-428,18,-174,-13, 10684,5696,11308,222,-972,239, 16447716.00, 16450173.00
32982,17208,2532,-884,86,-232,-18, 11144,5936,10624,363,-1400,364, 16452802.00, 16455972.00
33004,16976,2480,-1084,111,-259,-17, 11916,5840,9428,356,-1709,442, 16459623.00, 16463166.00
33026,16980,2840,-1592,51,-296,-2, 13232,5924,8304,298,-1829,457, 16467006.00, 16470929.00
33048,16824,3220,-1368,16,-345,53, 13812,5864,8616,391,-1850,546, 16474905.00, 16478929.00
33070,17556,2968,-2008,27,-335,71, 13896,5284,7592,563,-1869,696, 16482441.00, 16485482.00
33092,17096,2236,-1220,54,-309,102, 14264,5416,7332,558,-1897,715, 16488656.00, 16491833.00
33114,16760,1872,-920,124,-310,117, 14668,5276,7132,399,-1847,652, 16494731.00, 16497543.00
33136,16716,1712,-916,101,-319,63, 14912,4708,6384,203,-1927,557, 16500176.00, 16502905.00
33158,16672,1772,-1080,46,-353,6, 14964,4464,6016,83,-1962,535, 16505488.00, 16507281.00
33180,16976,2168,-1092,118,-379,18, 15528,4540,5224,174,-1931,589, 16509056.00, 16510802.00
33202,17532,2028,-1664,280,-366,50, 15564,4392,3948,283,-1937,623, 16512566.00, 16514111.00
33224,17616,1868,-1896,408,-330,39, 15568,3828,3184,251,-2113,567, 16515294.00, 16516746.00
33245,17152,1584,-1888,449,-356,11, 16008,3596,2444,144,-2184,554, 16518105.00, 16519485.00
33267,17012,2316,-2516,509,-356,47, 16004,4064,924,237,-2186,585, 16520678.00, 16521707.00
33289,17292,2572,-2892,491,-346,86, 16300,3412,-52,422,-2104,623, 16522300.00, 16522485.00
33311,17532,2168,-3000,476,-361,17, 16196,3276,-736,545,-2034,650, 16522902.00, 16523515.00
33333,17432,1792,-2328,490,-383,-41, 16228,2776,-1112,446,-2033,585, 16524287.00, 16524853.00
33355,17492,1540,-2928,529,-364,-63, 15752,2476,-2408,266,-1953,566, 16525301.00, 16525210.00
33377,17344,2208,-3328,505,-336,-38, 15464,2140,-3500,344,-1833,558, 16524898.00, 16524728.00
33399,17368,2332,-3060,478,-335,-35, 15728,1812,-3836,428,-1655,561, 16524592.00, 16524496.00
33421,17556,2120,-3448,449,-286,-67, 15952,2156,-4584,387,-1585,509, 16524238.00, 16524233.00
33443,17460,2292,-3612,423,-275,-95, 15916,2028,-5480,367,-1501,530, 16524239.00, 16524047.00
33465,17208,2708,-3868,366,-249,-63, 15276,1952,-5832,388,-1468,451, 16523649.00, 16522724.00
33487,17152,2296,-3628,361,-262,-37, 15412,1276,-5900,446,-1351,403, 16521669.00, 16520954.00
33509,17104,1808,-3116,396,-275,-55, 16388,1596,-6224,350,-1243,361, 16520223.00, 16519605.00
33531,16924,2008,-3312,394,-256,-49, 15452,1224,-6684,170,-1162,309, 16519224.00, 16519016.00
33552,16960,2152,-3624,377,-261,-22, 15264,896,-7432,112,-890,357, 16518598.00, 16518330.00
33574,17356,2572,-4224,342,-248,10, 14496,912,-7908,142,-782,362, 16518279.00, 16518366.00
33596,17244,2236,-4204,291,-236,3, 14212,744,-7816,74,-783,294, 16518385.00, 16518425.00
33618,17116,2448,-4176,310,-205,-1, 14276,872,-8108,-13,-768,207, 16518547.00, 16518695.00
33640,17108,2652,-4076,309,-202,16, 14132,760,-8224,-26,-714,147, 16518670.00, 16518854.00
33662,17032,2292,-4072,274,-225,5, 13928,460,-8388,-33,-643,137, 16518978.00, 16518980.00
33684,17160,2252,-4168,258,-230,15, 13688,664,-8620,-19,-650,121, 16519143.00, 16519474.00
33706,17216,2124,-4124,297,-227,25, 13592,552,-8768,-62,-672,85, 16519993.00, 16520852.00
33728,17144,2060,-4244,299,-236,15, 13596,356,-9132,-128,-660,53, 16521984.00, 16523012.00
33750,16864,2316,-4220,256,-253,20, 13480,780,-8980,-172,-628,-7, 16524026.00, 16525292.00
33772,17208,2108,-4340,263,-259,23, 13496,528,-9580,-258,-576,-19, 16526841.00, 16528708.00
33794,17044,1972,-4816,229,-252,1, 12980,684,-9792,-327,-555,-26, 16530423.00, 16532246.00
33816,17200,2296,-5032,195,-239,5, 12828,836,-9920,-336,-540,-28, 16533852.00, 16535076.00
33838,16952,2148,-4940,187,-233,-1, 12848,856,-10068,-360,-563,-64, 16536140.00, 16537284.00
33860,17276,1976,-4976,158,-226,-19, 12796,864,-10260,-398,-453,-23, 16537846.00, 16538649.00
33881,17064,2608,-5380,94,-200,8, 12416,1232,-10688,-316,-342,-25, 16539332.00, 16539934.00
33903,17140,2456,-5116,75,-175,2, 12212,1036,-10492,-226,-302,-58, 16540292.00, 16540679.00
33925,17248,1992,-4948,86,-156,-22, 12344,1180,-10460,-179,-323,-46, 16541573.00, 16542297.00
33947,16964,2048,-4928,92,-140,-24, 12264,1200,-10224,-175,-305,-51, 16542672.00, 16542809.00
33969,17008,2104,-4728,62,-153,-15, 12296,1108,-10340,-151,-243,-70, 16543212.00, 16543775.00
33991,17100,2052,-4812,76,-160,-10, 12648,956,-10504,-113,-139,-66, 16544183.00, 16544594.00
34013,17020,2176,-4880,71,-153,-35, 12188,1072,-10576,-88,-47,-69, 16545159.00, 16545718.00
34035,17096,2140,-5252,49,-140,-41, 12232,1368,-10708,-32,-6,-96, 16545894.00, 16545787.00
34057,17032,2300,-5384,63,-123,-34, 12448,1420,-10916,-13,44,-130, 16545958.00, 16545987.00
34079,17156,2192,-5316,47,-115,-50, 12276,1368,-10844,4,111,-153, 16545967.00, 16545861.00
34101,17072,2188,-5224,41,-99,-39, 12640,1256,-10728,51,231,-170, 16545935.00, 16546101.00
34123,17156,2324,-5360,11,-100,-45, 12360,1428,-10940,95,390,-185, 16546050.00, 16545866.00
34145,16980,2556,-5316,3,-81,-31, 12912,1820,-10676,46,555,-243, 16545465.00, 16544540.00
34167,17020,2556,-5096,-14,-86,9, 13424,2104,-10680,-112,904,-296, 16543482.00, 16542546.00
34188,16908,2668,-5524,-69,-41,60, 13324,2308,-10500,-112,1291,-321, 16541213.00, 16539493.00
34210,17264,2728,-5368,-138,-1,82, 13700,1952,-10148,-17,1731,-321, 16537407.00, 16535203.00
34232,17128,2448,-5532,-192,38,58, 14328,2356,-10604,-181,2005,-404, 16533292.00, 16531811.00
34254,17408,2364,-5544,-314,71,39, 14380,2460,-9140,-134,2045,-485, 16530114.00, 16528220.00
34276,17236,1664,-4760,-342,90,17, 15196,1840,-7724,-276,2319,-473, 16526696.00, 16525225.00
34298,17148,1724,-5136,-374,110,-23, 14572,2224,-7036,-344,2247,-430, 16523968.00, 16522488.00
34320,17340,1956,-5184,-352,127,-1, 14568,2816,-6172,-293,2137,-420, 16520687.00, 16518493.00
34342,17388,2408,-4664,-288,155,33, 14936,3164,-5224,-185,2064,-442, 16516368.00, 16514080.00
34364,17368,2620,-4572,-240,156,23, 15284,2824,-4248,-130,1878,-424, 16511335.00, 16508131.00
34386,17204,1848,-4500,-265,161,-37, 15188,3052,-3764,-189,1767,-384, 16505041.00, 16502037.00
34408,16880,2320,-4176,-358,174,-28, 15560,3436,-2740,-255,1649,-408, 16499198.00, 16496848.00
34430,16616,1648,-3428,-362,160,-17, 15852,3808,-1504,-471,1694,-470, 16494710.00, 16492426.00
34452,16976,2172,-3608,-327,144,14, 16008,3520,-1344,-540,1794,-419, 16489969.00, 16487124.00
34474,17624,3380,-4444,-310,181,49, 15492,4128,-1012,-201,1594,-373, 16483539.00, 16479861.00
34495,17224,2200,-2968,-201,146,13, 16628,3616,-260,-172,1613,-379, 16476014.00, 16472192.00
34517,17496,1780,-3900,-125,198,34, 16448,4392,-1076,-335,1723,-393, 16468475.00, 16463916.00
34539,17528,2708,-4852,-299,236,34, 15500,3720,224,-262,1475,-402, 16458967.00, 16454751.00
34561,17176,1844,-3656,-349,244,-22, 15368,3724,1720,-186,1274,-400, 16451497.00, 16449003.00
34583,17032,1804,-2768,-299,209,6, 15880,4496,3028,-181,1223,-388, 16447079.00, 16445216.00
34605,17324,1868,-2852,-241,189,-6, 15704,4224,3232,-211,1245,-314, 16443630.00, 16442774.00
34627,17116,2092,-3132,-237,192,10, 15236,4952,3600,-213,1072,-344, 16441745.00, 16440394.00
34649,16876,1852,-2092,-178,136,-2, 15472,4792,4580,-275,1023,-345, 16438880.00, 16437541.00
34671,16828,2040,-2572,-191,122,-27, 15360,4888,4312,-256,965,-303, 16436310.00, 16434932.00
34693,17048,2488,-2688,-237,120,-32, 14924,4948,4464,-133,852,-255, 16433360.00, 16431769.00
34715,17236,1960,-2324,-179,128,-21, 15080,5372,4816,-195,822,-279, 16430439.00, 16429306.00
34737,16884,2052,-2480,-181,122,-19, 15288,5484,4824,-345,900,-320, 16427839.00, 16426520.00
34759,17252,3028,-3072,-256,136,2, 15132,5500,5120,-183,833,-305, 16425117.00, 16423638.00
34781,17608,2288,-2464,-239,140,5, 14712,5344,5944,-77,770,-221, 16422301.00, 16421514.00
34803,17412,1804,-2020,-166,146,27, 14632,5476,6192,-130,736,-187, 16421002.00, 16420566.00
34824,17084,2080,-2188,-152,151,26, 14040,5532,5708,-87,669,-89, 16420273.00, 16419462.00
34846,16420,3080,-1812,-222,138,84, 13880,6156,6436,111,504,-102, 16417487.00, 16415130.00
34868,16784,1744,-860,-253,84,76, 14496,6056,7776,-37,528,-160, 16413305.00, 16411975.00
34890,17308,1436,-1728,-197,64,33, 14356,5420,7156,-266,563,-176, 16410521.00, 16409025.00
34912,17600,2256,-2200,-138,93,60, 14296,5144,5692,-147,453,-66, 16407498.00, 16406297.00
34934,17272,2220,-1892,-116,84,77, 14036,5648,7368,21,382,11, 16405685.00, 16405173.00
34956,17144,1820,-1144,-95,60,65, 14548,6168,7740,-88,500,-3, 16404489.00, 16403692.00
34978,17060,2084,-1552,-129,61,70, 14260,6208,7324,-192,517,-57, 16403006.00, 16401930.00
35000,17152,1772,-1308,-127,53,62, 14140,5836,8056,-286,606,-94, 16400651.00, 16399199.00
35022,17428,2148,-1736,-100,76,65, 14056,5528,7880,-175,557,-69, 16397837.00, 16397137.00
35044,17364,1716,-932,-45,64,56, 13680,5660,8540,-87,484,7, 16397190.00, 16397145.00
35066,17060,1932,-1184,3,41,68, 13512,6088,8348,-136,454,-60, 16396797.00, 16395824.00
35088,17048,1792,-1048,-25,13,49, 13868,5720,8568,-164,565,-86, 16394455.00, 16393193.00
35110,17296,1860,-1464,-71,22,38, 13500,5680,8380,-121,520,-70, 16392449.00, 16391632.00
35131,17332,1816,-968,-63,20,42, 13488,6068,9120,-157,485,-87, 16390866.00, 16389810.00
35153,17320,2156,-1252,-28,20,63, 13420,5980,8636,-111,516,-76, 16388306.00, 16386586.00
35175,17444,2056,-1748,-5,43,94, 13284,5668,8624,-3,471,-34, 16384843.00, 16383425.00
35197,17344,1512,-844,-37,45,84, 13060,5828,9516,-17,372,-19, 16382416.00, 16381262.00
35219,17044,1592,-364,-44,15,62, 12588,6076,10020,-54,360,-5, 16380147.00, 16379001.00
35241,17092,1632,-176,-30,-16,61, 12432,5772,10220,-50,259,-36, 16378132.00, 16377646.00
35263,16884,1212,-228,35,-42,37, 12056,5796,10416,-65,61,-38, 16377701.00, 16378369.00
35285,16924,1452,-376,81,-78,19, 12284,5568,10328,-42,-59,-12, 16379240.00, 16380431.00
35307,17008,1584,-420,62,-118,-6, 12540,5708,10160,-26,-139,26, 16381690.00, 16382969.00
35329,17112,1544,-920,35,-141,-35, 12636,5664,9704,10,-245,80, 16384197.00, 16385892.00
35351,17392,1352,-1132,67,-150,-51, 12492,5660,9544,42,-514,137, 16388225.00, 16391475.00
35373,17160,1492,-1040,96,-163,-28, 12584,5780,9296,78,-769,193, 16395146.00, 16398894.00
35395,17328,2044,-1308,103,-185,-15, 12724,6028,8760,121,-1050,212, 16403444.00, 16409046.00
35417,17224,1808,-1052,65,-208,-52, 12668,5592,8732,149,-1429,244, 16415645.00, 16423047.00
35439,17148,968,-712,88,-259,-105, 13432,5300,8500,48,-1636,293, 16430637.00, 16437601.00
35460,17072,1672,-1232,52,-290,-114, 13940,5276,7288,27,-1657,382, 16444117.00, 16449940.00
35482,17056,2316,-1092,35,-320,-85, 14264,5440,6888,215,-1763,451, 16455471.00, 16461268.00
35504,17352,1760,-1108,163,-314,-62, 14568,5308,6472,329,-1800,519, 16466965.00, 16472528.00
35526,17120,1628,-1200,320,-339,-39, 14672,5316,5824,327,-2014,521, 16478522.00, 16484472.00
35548,16584,2008,-1040,334,-368,-73, 15180,5820,4780,128,-2110,465, 16489698.00, 16494168.00
35570,16668,1872,-1508,319,-372,-42, 15804,5260,3428,24,-1918,488, 16497790.00, 16499808.00
35592,16824,2112,-1756,253,-367,28, 15832,4548,3780,134,-1821,495, 16501206.00, 16502702.00
35614,17352,1716,-1868,209,-390,-73, 16216,4280,2728,119,-1728,483, 16504493.00, 16506681.00
35636,17548,1268,-2168,263,-395,-78, 15768,4152,2036,12,-1939,447, 16509436.00, 16512482.00
35658,17400,1252,-2284,334,-366,-81, 15772,4132,672,-89,-2112,441, 16514972.00, 16516666.00
35680,17116,1748,-2044,377,-384,-58, 15768,3632,352,62,-2012,495, 16517502.00, 16518255.00
35702,17512,2044,-2336,466,-354,-50, 15876,3648,-544,263,-2115,514, 16519667.00, 16521434.00
35724,17540,1420,-2164,530,-391,-98, 16052,3704,-896,88,-2218,485, 16523291.00, 16525299.00
35746,17188,828,-2112,557,-363,-130, 15904,3300,-1508,-129,-2314,474, 16527396.00, 16529450.00
35767,16380,1420,-2720,550,-419,-142, 15648,3420,-3100,-228,-2367,480, 16531162.00, 16532441.00
35789,17224,2584,-3032,555,-371,-122, 15796,2788,-4136,-47,-2146,542, 16533373.00, 16533999.00
35811,17228,2836,-3392,502,-349,-74, 15380,2920,-5156,229,-2049,579, 16534512.00, 16535581.00
35833,17868,1964,-3216,578,-292,-99, 14904,2600,-5616,140,-2089,574, 16536774.00, 16538080.00
35855,17436,1684,-3356,674,-314,-131, 14564,2428,-6400,-56,-2225,557, 16539446.00, 16540318.00
35877,17500,1416,-3640,761,-346,-132, 14792,2068,-6872,-261,-2192,525, 16541118.00, 16542074.00
35899,16788,2360,-3996,721,-327,-118, 14524,1976,-8448,-154,-1924,539, 16542694.00, 16543566.00
35921,17288,2744,-4680,600,-319,-85, 13864,1972,-8936,89,-1731,520, 16544702.00, 16545854.00
35943,17244,2796,-4792,498,-330,-117, 13296,1932,-9788,130,-1589,481, 16547027.00, 16548307.00
35965,17528,1880,-3856,497,-368,-112, 14248,1564,-9608,49,-1405,428, 16549141.00, 16549540.00
35987,17260,3044,-4656,492,-339,0, 13176,1648,-10488,53,-1326,362, 16550163.00, 16550935.00
36009,17424,2400,-3636,438,-363,-73, 11772,1320,-10964,78,-1255,286, 16551620.00, 16552503.00
36031,17128,2136,-4880,334,-326,-51, 12088,1448,-11064,22,-1054,296, 16553125.00, 16553746.00
36053,17020,2364,-4680,170,-287,-34, 12188,1400,-11172,9,-864,244, 16554326.00, 16554659.00
36074,16748,3204,-4740,158,-289,-42, 12336,1472,-11632,-42,-561,237, 16554600.00, 16554381.00
36096,17532,3020,-5248,100,-304,22, 12264,1752,-11904,-69,-297,181, 16553810.00, 16552899.00
36118,17848,2904,-5404,-9,-324,51, 11892,1360,-11872,-13,-162,79, 16552508.00, 16552353.00
36140,16656,2496,-5080,-1,-307,-16, 11392,888,-11704,-63,-16,34, 16552041.00, 16551972.00
36162,18616,1844,-6312,-186,-340,-154, 11300,920,-12112,-63,24,-15, 16551688.00, 16551273.00
36184,18072,2128,-5584,-8,-247,-94, 11620,760,-11688,-1,80,-62, 16550684.00, 16550327.00
36206,17020,2192,-5448,-20,-292,-116, 11548,980,-11408,-11,86,-70, 16549952.00, 16549255.00
36228,17016,2352,-5216,21,-262,-114, 11752,920,-11184,-71,122,-33, 16549055.00, 16548726.00
36250,17716,1132,-5552,13,-260,-117, 11816,1072,-11284,-92,129,-57, 16548266.00, 16548085.00
36272,16980,2964,-5244,30,-119,-37, 11596,1288,-10912,-57,108,-47, 16547791.00, 16547644.00
36294,16800,2596,-5096,6,-88,-99, 11748,1228,-10760,-63,84,-44, 16547590.00, 16547482.00
36316,16416,3228,-5608,-12,-45,-54, 11692,1340,-10808,-106,47,-28, 16547498.00, 16547288.00
36338,16920,3076,-5632,-153,19,-10, 11720,1560,-10884,-46,50,-38, 16547028.00, 16546791.00
36360,16704,2960,-5280,-306,5,40, 11656,1428,-11308,-25,64,-58, 16546494.00, 16546317.00
