37507,1704,2032,22508,-316,33,-24, -340,880,17624,-29,-12,11, -16560731.00, -16560902.00
37514,1268,508,14612,13,-118,-7, -420,860,17688,-29,-11,8, -16561059.00, -16561130.00
37535,1140,760,14772,57,-90,-16, -380,884,17564,-28,-10,8, -16561100.00, -16561028.00
37558,1088,680,14780,55,-92,-15, -392,852,17512,-30,-11,9, -16561044.00, -16560945.00
37580,1140,672,14728,55,-84,-20, -464,836,17436,-34,-14,10, -16560983.00, -16561015.00
37602,1072,728,14816,55,-81,-17, -388,852,17452,-30,-14,9, -16561131.00, -16560995.00
37624,1040,740,14732,50,-85,-16, -552,808,17624,-33,-11,10, -16560963.00, -16561047.00
37646,1108,824,14888,51,-83,-14, -376,780,17404,-30,-11,11, -16560984.00, -16560986.00
37668,1084,804,14740,50,-75,-14, -476,860,17424,-33,-11,9, -16560885.00, -16560765.00
37690,1104,744,14728,18,-92,-11, -364,816,17408,-36,-12,9, -16560696.00, -16560785.00
37712,924,256,12568,135,-137,-4, -440,792,17428,-32,-13,10, -16560823.00, -16560908.00
37734,-1796,-1024,14692,44,-76,15, -344,988,17768,-29,21,8, -16560855.00, -16560926.00
37756,1304,672,14520,52,-83,-9, -492,740,17308,-31,4,9, -16561063.00, -16561023.00
37778,1088,592,14908,56,-98,-11, -456,768,17436,-34,-24,12, -16560955.00, -16560944.00
37800,1140,636,14744,51,-88,-15, -452,852,17448,-30,-2,7, -16561062.00, -16561024.00
37864,1044,696,14648,53,-85,-11, -452,840,17428,-31,-13,10, -16560975.00, -16560955.00
37886,996,660,14596,53,-82,-17, -420,780,17536,-32,-9,9, -16560888.00, -16560878.00
37908,1132,640,14764,55,-85,-14, -512,844,17540,-32,-13,10, -16560908.00, -16560841.00
37930,1060,684,14852,56,-84,-15, -476,768,17512,-34,-13,11, -16560714.00, -16560952.00
37952,1084,696,14784,54,-83,-12, -444,736,17408,-30,-12,10, -16561020.00, -16561019.00
37974,1200,592,14884,53,-86,-16, -440,828,17416,-31,-13,4, -16561137.00, -16560987.00
37996,1012,668,14688,51,-84,-13, -460,844,17572,-30,-13,10, -16560944.00, -16560933.00
38018,1020,636,14640,53,-84,-13, -480,764,17496,-33,-10,4, -16560934.00, -16560953.00
38040,1112,600,14844,51,-84,-13, -420,832,17484,-35,-11,11, -16560806.00, -16560807.00
38062,1068,660,14776,54,-87,-12, -432,800,17592,-33,-12,12, -16560852.00, -16560903.00
38084,1088,756,14688,55,-84,-15, -500,748,17540,-30,-12,12, -16561022.00, -16561098.00
38106,1104,744,14688,51,-84,-18, -464,760,17484,-34,-11,11, -16561179.00, -16561086.00
38128,968,648,14712,52,-83,-16, -424,812,17476,-32,-10,10, -16560938.00, -16561062.00
38150,1172,712,14688,49,-85,-13, -460,876,17364,-31,-13,10, -16561101.00, -16560908.00
38172,1076,628,14748,53,-85,-16, -432,756,17452,-32,-12,6, -16560863.00, -16560887.00
38195,1064,592,14644,51,-83,-11, -424,760,17524,-31,-11,8, -16560900.00, -16560727.00
38217,1076,644,14840,55,-84,-18, -444,804,17392,-32,-14,8, -16560968.00, -16561075.00
38239,1092,640,14800,52,-86,-13, -396,796,17432,-34,-11,6, -16561054.00, -16561089.00
38261,1148,664,14804,54,-87,-15, -424,900,17428,-34,-9,10, -16560989.00, -16560915.00
38283,1084,760,14712,54,-85,-13, -468,700,17604,-32,-11,13, -16560958.00, -16561023.00
38305,1080,696,14728,53,-86,-15, -432,720,17588,-30,-10,9, -16560950.00, -16560984.00
38327,1096,584,14624,50,-85,-14, -356,720,17544,-33,-9,7, -16560975.00, -16560817.00
38349,1172,732,14760,54,-85,-12, -448,812,17464,-28,-10,8, -16560979.00, -16560993.00
38371,1196,764,14604,55,-86,-14, -488,808,17428,-33,-9,8, -16560952.00, -16560937.00
38393,1084,680,14824,50,-87,-15, -500,820,17540,-29,-11,8, -16560811.00, -16560800.00
38415,1076,652,14780,55,-86,-15, -464,820,17564,-29,-13,8, -16561028.00, -16560955.00
38437,1176,676,14788,52,-83,-13, -384,880,17404,-31,-11,9, -16560873.00, -16561055.00
38459,1096,824,14748,54,-87,-17, -568,844,17480,-32,-12,13, -16561056.00, -16560881.00
38481,1112,596,14700,52,-85,-15, -356,920,17472,-32,-14,10, -16560943.00, -16561031.00
38503,1108,644,14780,55,-86,-15, -420,792,17448,-31,-13,10, -16560935.00, -16560935.00
38525,1108,672,14740,55,-83,-13, -404,672,17600,-31,-8,9, -16560901.00, -16560879.00
38547,1068,684,14664,53,-87,-14, -552,844,17576,-33,-13,10, -16560840.00, -16560875.00
38569,1056,756,14648,54,-87,-12, -448,868,17344,-31,-12,8, -16560712.00, -16560840.00
38591,1128,720,14788,50,-85,-14, -428,812,17616,-31,-11,8, -16561051.00, -16561069.00
38614,1116,664,14616,57,-83,-12, -460,912,17400,-32,-12,9, -16561045.00, -16560950.00
38636,1076,680,14728,52,-85,-14, -496,856,17380,-31,-12,10, -16560997.00, -16561083.00
38658,1104,740,14724,51,-85,-16, -440,772,17600,-32,-11,8, -16560909.00, -16560821.00
38680,1176,728,14760,53,-83,-16, -460,808,17616,-33,-14,11, -16560935.00, -16560954.00
38702,1016,632,14672,53,-87,-13, -504,880,17556,-32,-11,10, -16560910.00, -16560913.00
38724,1016,704,14772,54,-85,-14, -412,780,17436,-33,-11,11, -16560937.00, -16560920.00
38746,1108,704,14828,51,-87,-14, -468,832,17452,-34,-11,10, -16560976.00, -16560987.00
38768,1064,648,14780,50,-86,-16, -384,800,17300,-32,-11,7, -16560916.00, -16560902.00
38790,1152,676,14880,56,-83,-11, -504,784,17484,-30,-12,8, -16560824.00, -16560790.00
38812,1176,704,14784,53,-86,-11, -508,696,17424,-32,-24,8, -16560815.00, -16560955.00
38834,1156,736,14676,52,-86,-13, -412,856,17608,-32,3,7, -16561050.00, -16561102.00
38856,1092,804,14756,53,-86,-13, -420,732,17284,-32,-3,9, -16561029.00, -16560934.00
38878,1044,780,14860,53,-84,-18, -404,784,17576,-35,-17,7, -16560966.00, -16561000.00
38900,1096,648,14856,55,-84,-14, -480,736,17564,-32,-3,10, -16561070.00, -16560947.00
38922,1096,692,14840,55,-84,-17, -440,820,17492,-34,-17,8, -16561052.00, -16560916.00
38944,1068,676,14592,53,-85,-13, -424,920,17576,-29,-9,6, -16560755.00, -16560966.00
38966,1140,768,14748,56,-86,-13, -448,924,17536,-29,-18,7, -16561170.00, -16561072.00
38988,1200,676,14732,54,-88,-12, -364,792,17496,-30,-6,6, -16561005.00, -16560980.00
39010,1068,708,14728,51,-84,-16, -432,772,17512,-32,-20,6, -16561016.00, -16560932.00
39033,1112,668,14672,51,-84,-13, -436,896,17332,-30,-17,8, -16560940.00, -16560782.00
39055,1168,660,14700,53,-86,-16, -512,768,17316,-28,-67,1, -16560799.00, -16560975.00
39077,1168,736,14720,56,-88,-15, -560,1372,17268,-33,-174,-54, -16560951.00, -16560941.00
39099,1068,724,14196,53,-98,-16, -652,1092,18664,-26,73,-333, -16560827.00, -16560835.00
39121,1112,536,14760,54,-84,-8, 640,476,17188,-29,403,-173, -16560928.00, -16560648.00
39143,1060,760,14928,53,-85,-18, -500,836,17984,-26,259,-7, -16560744.00, -16560919.00
39165,1068,788,14572,53,-82,-14, -772,760,16852,-34,274,9, -16561086.00, -16560960.00
39187,1060,736,14748,51,-83,-13, -920,792,17220,-32,70,25, -16560880.00, -16561006.00
39209,1000,728,14844,52,-85,-14, -908,932,17400,-32,-40,91, -16560969.00, -16560998.00
39231,1128,616,14680,55,-85,-15, -936,836,17248,-44,-73,28, -16561018.00, -16561070.00
39253,1180,656,14768,54,-85,-12, -532,740,17024,-39,-137,120, -16560932.00, -16561106.00
39275,1192,640,14648,57,-86,-13, -836,1112,17956,-42,-180,92, -16561096.00, -16560918.00
39297,1140,732,14748,59,-85,-14, -560,644,17368,-40,-80,17, -16560994.00, -16561072.00
39319,1200,696,14748,51,-86,-16, -752,500,17548,-43,-93,50, -16560855.00, -16560857.00
39341,1092,724,14616,54,-82,-14, -416,772,17192,-47,-173,82, -16560823.00, -16560821.00
39363,1068,668,14556,55,-83,-17, -584,648,17168,-57,-247,76, -16560903.00, -16561064.00
39385,1092,552,14932,57,-85,-13, -412,792,17712,-55,-204,37, -16560923.00, -16560808.00
39407,1132,676,14776,55,-82,-16, -16,888,17388,-68,-166,63, -16560981.00, -16560996.00
39429,1188,652,14808,52,-81,-17, -552,744,17424,-80,-285,80, -16560962.00, -16561073.00
39452,1064,788,14696,55,-87,-15, -176,1000,17368,-85,-247,49, -16560945.00, -16560762.00
39474,1000,676,14764,55,-87,-16, -432,408,17820,-69,-254,14, -16560683.00, -16560905.00
39496,1068,624,14696,54,-89,-15, 156,704,17432,-113,-238,30, -16560889.00, -16560750.00
39518,1232,712,14860,55,-87,-13, -208,616,17736,-99,-345,41, -16560754.00, -16560802.00
39540,1108,580,14736,51,-84,-10, 372,532,18212,-181,-261,16, -16561050.00, -16561126.00
39562,1112,708,14836,51,-82,-11, 484,664,17256,-241,-303,-15, -16560904.00, -16560732.00
39584,1128,716,14756,54,-84,-13, 508,544,17264,-213,-504,22, -16560791.00, -16560794.00
39606,1084,628,14672,54,-79,-16, 1032,20,17364,-281,-580,10, -16560736.00, -16561014.00
39628,1004,712,14684,55,-83,-15, 844,-260,17384,-244,-638,82, -16560961.00, -16560967.00
39650,1108,752,14648,56,-79,-12, 1516,40,17364,-243,-787,187, -16560997.00, -16560900.00
39672,1364,664,14784,63,-74,20, 1276,228,17712,-184,-955,127, -16560917.00, -16561053.00
39694,1128,628,14756,54,-80,-15, 1364,-124,17428,-214,-1064,118, -16560927.00, -16560847.00
39716,1080,628,14764,53,-86,-17, 2456,504,17924,-217,-1229,200, -16560941.00, -16561003.00
39738,1084,656,14836,54,-82,-19, 2880,592,17276,-125,-1238,63, -16560840.00, -16560830.00
39760,1124,736,14836,60,-77,-17, 3604,-436,18004,-3,-1493,111, -16560996.00, -16561019.00
39782,1048,740,14828,59,-77,-17, 3576,-256,18828,70,-1522,199, -16561249.00, -16560972.00
39804,1008,716,14640,49,-87,-28, 4724,840,17888,113,-1477,113, -16560851.00, -16560959.00
39826,1136,704,14616,52,-85,-14, 5188,432,17336,172,-1394,-40, -16560821.00, -16560924.00
39848,1116,712,14768,54,-81,-9, 5356,-336,17388,282,-1642,93, -16561106.00, -16561125.00
39871,1084,660,14736,55,-88,-15, 5664,112,16804,326,-1742,142, -16561047.00, -16560921.00
39893,684,372,14832,58,-82,-72, 6912,424,16736,305,-1665,92, -16561235.00, -16561295.00
39915,1124,816,14744,49,-85,-17, 7728,280,15624,261,-1570,64, -16561202.00, -16560952.00
39937,1120,764,14640,56,-84,-11, 7212,236,15576,215,-1933,171, -16560933.00, -16561208.00
39959,1036,684,14752,58,-89,-14, 8808,1028,16432,98,-1851,108, -16561120.00, -16560983.00
39981,1088,748,14616,60,-86,-30, 9160,448,15644,258,-1842,180, -16561094.00, -16561273.00
40003,1300,860,14712,56,-87,-46, 10208,44,14856,215,-1854,246, -16561216.00, -16561102.00
40025,1076,688,14664,52,-87,-16, 9876,1444,13748,120,-1953,183, -16561217.00, -16561080.00
40047,1056,676,14876,56,-85,-14, 11140,164,14324,176,-1832,129, -16561252.00, -16561148.00
40069,1220,800,14612,54,-89,-18, 11428,-868,12852,181,-1893,337, -16561191.00, -16561300.00
40091,1136,736,14708,53,-87,-12, 11004,504,10520,2,-1760,334, -16561412.00, -16561469.00
40113,1084,712,14672,52,-86,-15, 10996,1040,10492,-319,-1966,211, -16561494.00, -16561443.00
40135,336,-408,14592,61,-79,-140, 12344,584,13800,-305,-1874,199, -16561534.00, -16561288.00
40157,392,508,14764,65,-80,-234, 12760,156,12556,-54,-1694,361, -16561234.00, -16561231.00
40179,328,-52,14820,9,-132,-323, 13560,72,10580,-17,-1575,374, -16561380.00, -16561366.00
40201,992,2516,15300,68,-96,-141, 14480,760,8972,-104,-1368,273, -16561544.00, -16561497.00
40223,1272,1168,13892,80,-65,-183, 14312,348,9108,-117,-1407,53, -16561613.00, -16561645.00
40245,1964,772,14880,57,-90,-39, 14276,-736,7484,-35,-1625,142, -16561491.00, -16561516.00
40267,1144,716,14812,54,-87,-17, 14468,-304,7148,-183,-1861,187, -16561687.00, -16561709.00
40289,1156,600,14744,53,-85,-13, 15236,476,8428,-260,-1665,38, -16561767.00, -16561837.00
40312,1080,708,14724,55,-84,-21, 15144,48,7652,11,-1576,-4, -16561793.00, -16561724.00
40334,1064,716,14828,55,-84,-15, 15312,-604,6584,145,-1587,98, -16561787.00, -16561927.00
40356,1140,660,14760,58,-81,-16, 15348,-324,5072,70,-1487,58, -16561839.00, -16561695.00
40378,1012,672,14700,61,-79,-18, 15200,-196,5316,-3,-1450,47, -16561670.00, -16561764.00
40400,948,588,14724,57,-83,-18, 15800,-484,4624,47,-1350,90, -16561869.00, -16561843.00
40422,1132,828,14744,59,-81,-25, 15200,-196,3584,75,-1283,128, -16561849.00, -16561729.00
40444,700,440,14644,53,-81,-36, 16148,-1112,3644,35,-1239,161, -16561716.00, -16561681.00
40466,1856,1388,14644,56,-80,-73, 15932,-636,3660,-36,-1214,270, -16561802.00, -16561908.00
40488,248,-64,14636,77,-66,-108, 16212,-40,2800,-86,-1125,144, -16562029.00, -16562017.00
40510,1104,756,14684,64,-74,-116, 15564,-240,2628,-19,-1042,168, -16562034.00, -16562117.00
40532,844,1544,14808,45,-75,-105, 15832,128,1988,56,-1014,133, -16562091.00, -16562070.00
40554,904,-512,14884,53,-70,-100, 16360,-204,1828,121,-996,24, -16562082.00, -16562004.00
40576,-444,532,14556,54,-90,-203, 15148,-1112,1596,153,-855,36, -16561951.00, -16562044.00
40598,-700,-568,14872,-13,-65,-272, 15472,-164,720,213,-732,87, -16562117.00, -16562043.00
40620,504,1592,17516,14,-73,-458, 15780,-1780,376,177,-396,42, -16562041.00, -16562155.00
40642,792,1160,15208,-48,-58,-346, 15604,-1012,-1324,117,-353,97, -16562270.00, -16562393.00
40664,-12,440,11912,117,-103,-229, 15904,-688,-1532,19,-185,48, -16562445.00, -16562345.00
40686,120,-3232,-14372,126,267,-115, 15852,-1188,80,22,-168,123, -16562370.00, -16562151.00
40709,3556,-488,16452,-31,-4,-29, 18000,-32,-1848,151,-228,155, -16562005.00, -16562230.00
40731,2924,792,14156,19,-91,77, 16572,-596,-2116,115,-153,-16, -16562441.00, -16562266.00
40753,3288,1020,14696,59,-88,94, 17260,-764,-1928,-16,-115,-120, -16562337.00, -16562362.00
40775,676,2036,14808,62,-98,70, 15572,-1928,-492,-135,-146,-7, -16562368.00, -16562398.00
40797,1380,-168,14768,55,-84,42, 15904,-196,-280,-92,-183,80, -16562376.00, -16562337.00
40819,1108,768,14840,51,-85,-17, 16588,152,-16,-32,-127,-13, -16562179.00, -16562042.00
40841,1048,788,14732,51,-85,-15, 16204,-548,120,57,-107,-60, -16562002.00, -16562108.00
40863,1072,732,14656,53,-85,-16, 16772,-1324,-328,-17,-140,16, -16562113.00, -16562171.00
40885,1036,788,14712,54,-87,-13, 16344,-452,-32,-95,-123,47, -16562218.00, -16562288.00
40907,1108,872,14708,54,-94,-5, 16212,-428,-128,-46,-99,22, -16562241.00, -16562187.00
40929,1000,896,14764,54,-102,38, 16624,-152,-432,-49,-56,-44, -16562081.00, -16562164.00
40951,896,1388,14412,51,-70,208, 15928,-580,-1164,-15,-80,-116, -16562037.00, -16562196.00
40973,1708,-572,14664,52,-86,59, 16128,-1212,-156,-11,-121,-25, -16562214.00, -16562244.00
40995,1100,716,14816,48,-78,-19, 16352,-944,-1004,-43,-142,15, -16562100.00, -16562030.00
41017,1124,760,14680,51,-81,-14, 16528,-556,-416,-81,-70,-51, -16561975.00, -16562027.00
41039,1040,816,14708,54,-83,-14, 16316,-892,-420,-63,-41,-45, -16562005.00, -16562189.00
41061,980,764,14772,54,-86,-14, 16692,-792,56,-45,-3,-4, -16562217.00, -16562253.00
41083,1068,792,14768,56,-86,-10, 16552,-604,-304,-45,55,-51, -16562125.00, -16562079.00
41105,1044,748,14748,55,-88,-17, 16300,-1052,-736,-48,34,-11, -16562084.00, -16562234.00
41127,948,816,14768,53,-86,-11, 16376,-472,-680,-97,-5,24, -16562362.00, -16562279.00
41150,1124,792,14820,52,-85,-13, 16432,-188,-256,-34,-21,5, -16562354.00, -16562262.00
41172,1012,696,14692,54,-85,-14, 16384,-416,-60,-3,-17,-26, -16562168.00, -16562166.00
41194,1120,756,14640,56,-87,-14, 16596,-728,-360,1,-27,-37, -16562191.00, -16562065.00
41216,1024,776,14728,55,-88,-14, 16216,-820,-756,-27,-45,-20, -16562124.00, -16562390.00
41238,1120,828,14664,52,-82,-14, 16284,-276,-796,-37,-37,-15, -16562358.00, -16562303.00
41260,1020,720,14620,53,-86,-15, 16576,-864,-260,-51,-17,-7, -16562237.00, -16562253.00
41282,1036,780,14700,51,-87,-18, 16712,-620,-148,-67,32,2, -16562145.00, -16562190.00
41304,1124,652,14600,53,-91,-16, 16468,-332,-284,-75,69,-34, -16562060.00, -16562169.00
41326,1128,828,14880,54,-109,-17, 16112,-332,-652,-43,-13,9, -16562242.00, -16562323.00
41348,1092,688,14748,53,-89,-14, 16412,-444,-408,-15,18,-8, -16562209.00, -16562223.00
41370,1024,776,14904,49,-116,-13, 16424,-556,-664,-36,-33,13, -16562472.00, -16562171.00
41392,972,1012,14636,46,-120,27, 16364,-224,-404,-38,-28,4, -16562168.00, -16562364.00
41414,1148,640,14520,48,-104,-12, 16220,-256,-452,-29,14,-36, -16562288.00, -16562247.00
41436,1116,744,14516,54,-75,-9, 16260,-628,-444,-28,25,-9, -16562192.00, -16562235.00
41458,1084,740,14708,55,-70,-21, 16412,-716,-724,-55,18,35, -16562287.00, -16562221.00
41480,1112,840,14824,50,-84,-11, 16592,-340,-440,-76,44,-29, -16562210.00, -16562227.00
41502,1056,840,14628,42,-125,-16, 16472,-404,-172,-37,-1,-7, -16561967.00, -16562022.00
41524,1116,700,14716,46,-110,-15, 16352,-436,-580,-46,34,-36, -16562235.00, -16562238.00
41546,1172,808,14616,51,-72,0, 16012,-460,-732,-25,44,-27, -16562259.00, -16562335.00
41569,1048,928,14720,73,-9,-6, 16160,-792,-640,-24,110,-35, -16562089.00, -16562072.00
41591,1172,-128,15820,54,-40,14, 16816,-652,-980,-69,124,-26, -16562270.00, -16562304.00
41613,996,752,14628,51,-94,-13, 16208,-316,-256,-123,120,-53, -16562250.00, -16562074.00
41635,1084,732,14844,47,-78,-18, 16336,248,4,-54,199,-60, -16562049.00, -16562067.00
41657,1032,764,14668,51,-80,-13, 16272,-376,-328,51,247,-104, -16562122.00, -16562419.00
41679,1044,812,14704,52,-78,-16, 16316,-484,-856,-10,351,-142, -16562381.00, -16562391.00
41701,1084,740,14652,51,-83,-16, 16388,-316,-128,-92,464,-154, -16562347.00, -16562080.00
41723,1076,768,14780,49,-88,-11, 16412,312,512,-58,619,-208, -16562092.00, -16562101.00
41745,1040,648,14756,49,-87,-15, 16592,452,1040,28,815,-288, -16562106.00, -16562400.00
41767,1068,692,14692,50,-86,-11, 16428,-96,408,101,927,-327, -16562438.00, -16562253.00
41789,1112,868,14648,47,-88,-13, 15844,-260,360,46,1143,-366, -16562200.00, -16562267.00
41811,996,740,14612,47,-95,-15, 16384,-1176,392,-80,1185,-267, -16562179.00, -16562186.00
41833,936,776,14708,50,-91,-12, 15864,-88,1944,-166,1117,-115, -16562008.00, -16561952.00
41855,1060,644,14636,41,-93,-12, 16504,1292,3276,-170,1291,-179, -16562082.00, -16562030.00
41877,1088,736,14708,56,-85,-16, 16092,1644,3728,33,1398,-293, -16562016.00, -16562117.00
41899,1052,668,14700,49,-86,-14, 15612,892,3356,128,1615,-420, -16561952.00, -16561861.00
41921,1072,804,14804,46,-87,-12, 15340,-752,2364,58,1488,-271, -16561926.00, -16562076.00
41943,992,744,14624,44,-85,-14, 15100,-104,4688,-184,1476,-141, -16561883.00, -16561732.00
41965,1104,528,14320,28,-98,-31, 15060,1924,5792,-232,1564,-183, -16561716.00, -16561785.00
41988,1068,684,14552,58,-80,-13, 14968,1836,7152,-2,1760,-297, -16561881.00, -16561735.00
42010,1068,692,14748,51,-82,-17, 15308,588,6560,62,1990,-377, -16561506.00, -16561602.00
42032,1144,672,14728,54,-82,-18, 14152,132,6428,-148,1770,-207, -16561684.00, -16561593.00
42054,1400,340,14592,39,-91,-18, 13728,1728,8260,-276,1670,-132, -16561722.00, -16561596.00
42076,908,684,14700,61,-83,-26, 13272,2868,10408,-147,1779,-263, -16561573.00, -16561461.00
42098,576,680,14780,46,-90,-14, 13240,1396,12084,59,2061,-292, -16561584.00, -16561684.00
42120,1176,260,15252,65,-74,-18, 14944,556,10016,91,2119,-178, -16561363.00, -16561318.00
42142,936,808,14660,36,-90,-15, 13444,1704,9024,-53,1788,-257, -16561423.00, -16561502.00
42164,3740,1452,14620,42,-95,29, 11100,1792,11792,-209,1840,-374, -16561361.00, -16561458.00
42186,-672,-360,14188,5,-8,-21, 11460,1708,12616,-290,1993,-393, -16561430.00, -16561313.00
42208,1060,820,14980,54,-85,-14, 11324,296,13960,-301,2063,-262, -16561260.00, -16561213.00
42230,1956,976,14680,65,-79,-7, 10608,1968,13028,-228,1811,-43, -16561142.00, -16561216.00
42252,1488,652,14764,59,-61,29, 10160,3440,13376,-283,1740,-267, -16561119.00, -16561105.00
42274,236,908,13208,123,-52,3, 9100,2644,15636,-335,1935,-502, -16561131.00, -16561167.00
42296,992,756,14896,53,-80,-11, 8628,408,16340,-202,2078,-359, -16561066.00, -16560919.00
42318,1112,812,14604,52,-84,-12, 8760,1256,14800,-115,1820,-57, -16560927.00, -16560970.00
42340,1064,704,14964,61,-85,-10, 7732,2136,14868,-189,1552,-78, -16561167.00, -16561152.00
42362,1388,800,14636,47,-91,-7, 7176,2324,16684,-341,1721,-232, -16561059.00, -16561051.00
42384,1044,776,14648,56,-89,-8, 6556,1944,17544,-312,1904,-360, -16560920.00, -16560818.00
42407,1048,760,14812,50,-85,-11, 6700,420,16668,-146,1690,-72, -16560916.00, -16560912.00
42429,2684,1620,14936,38,-100,29, 6024,2132,15600,-140,1439,-30, -16560975.00, -16561055.00
42451,712,532,14800,-9,-87,131, 5444,2956,15828,-278,1172,-252, -16561054.00, -16560784.00
42473,464,408,14816,55,-121,269, 3084,1784,18084,-269,1223,-352, -16560788.00, -16560883.00
42495,156,288,14796,55,-82,67, 3240,-784,18368,-224,1373,-131, -16560871.00, -16560849.00
42517,1108,788,14904,60,-77,-20, 4168,1196,17176,-181,1022,95, -16560936.00, -16561011.00
42539,1348,616,14776,59,-72,-16, 3128,1636,16476,-171,787,32, -16560988.00, -16560926.00
42561,672,632,14544,59,-78,-12, 2240,2100,17688,-228,789,-122, -16560978.00, -16560931.00
42583,784,744,14560,49,-87,-1, 1712,1088,18668,-72,1058,-215, -16560849.00, -16560731.00
42605,992,816,14832,53,-96,-14, 2656,272,18012,4,1009,-102, -16560745.00, -16560932.00
42627,916,772,14796,54,-78,-13, 2380,1204,16400,113,645,-12, -16560984.00, -16561022.00
42649,1096,628,14624,58,-77,-15, 1444,940,15516,-26,412,-52, -16561122.00, -16560971.00
42671,1076,620,14688,60,-78,-17, 748,1340,16892,-202,356,-103, -16560906.00, -16560906.00
42693,1008,652,14780,55,-85,-14, 896,1676,18300,-149,545,-160, -16560964.00, -16560985.00
42715,1036,812,14792,54,-81,-17, 1432,1368,18116,-11,631,-174, -16560989.00, -16561030.00
42737,1020,764,14668,56,-79,-17, 600,1644,20492,186,503,-113, -16560773.00, -16560593.00
42759,1052,804,14788,43,-100,-8, 4,840,19496,624,710,9, -16560507.00, -16560825.00
42781,1000,724,14756,45,-95,-10, 1200,1340,16768,163,512,59, -16561045.00, -16560918.00
42803,1084,724,14852,49,-87,-12, 160,476,16908,-8,449,57, -16561015.00, -16561221.00
42826,1016,668,14736,50,-85,-13, -52,2100,17996,-29,472,127, -16561101.00, -16560972.00
42848,1040,728,14848,49,-86,-10, 112,2748,17768,-51,516,70, -16561059.00, -16561000.00
42870,1140,740,14808,52,-84,-15, -768,1652,16548,-129,490,18, -16560870.00, -16560934.00
42892,992,592,14676,55,-84,-12, -592,1288,17172,-108,327,0, -16560961.00, -16561217.00
42914,1104,660,14668,55,-85,-11, -844,1304,16976,-79,157,-8, -16561274.00, -16560958.00
42936,1112,712,14588,51,-85,-16, -788,1488,17256,-67,55,8, -16560921.00, -16560970.00
42958,1088,628,14776,53,-82,-16, -904,1520,16980,-107,34,2, -16560869.00, -16560930.00
43021,1076,776,14752,54,-82,-15, -356,1440,18036,27,-37,24, -16560792.00, -16561014.00
43044,1048,820,14712,55,-86,-12, -1112,1236,17020,47,14,4, -16561093.00, -16561083.00
43066,1004,700,14736,54,-87,-13, -516,1548,17284,22,-151,-98, -16561228.00, -16561069.00
43088,1100,676,14456,52,-81,-14, -444,1288,17168,-3,-176,-100, -16561045.00, -16561084.00
43110,1072,712,14736,52,-83,-16, -984,1376,17540,-53,-123,-30, -16561094.00, -16561028.00
43132,992,704,14684,52,-85,-14, -412,960,17268,-158,-148,84, -16560861.00, -16561002.00
43154,1084,716,14908,56,-91,-10, -508,212,17132,-246,21,592, -16561084.00, -16560888.00
43176,1044,784,14552,53,-84,-16, -1496,3064,15712,319,-499,28, -16560979.00, -16560932.00
43198,988,744,15500,55,-89,-16, -48,2236,16332,107,-1207,-249, -16561012.00, -16560865.00
43220,-824,-308,14700,62,-70,-94, 736,992,20012,63,-714,-236, -16560866.00, -16560941.00
43242,2256,1312,14748,57,-82,-13, 1144,1504,19308,-32,147,-48, -16561106.00, -16561088.00
43264,1104,688,14800,50,-91,-10, 128,1380,16996,-82,318,-4, -16560968.00, -16560774.00
43286,1064,680,14792,53,-95,-10, -208,1396,16356,-23,-77,10, -16560881.00, -16560981.00
43308,1072,660,14672,58,-85,-11, 428,1516,17852,-16,-134,12, -16560974.00, -16560998.00
43330,1116,680,14676,53,-84,-15, 256,1588,17652,-40,74,5, -16561001.00, -16560878.00
43352,1008,720,14820,55,-86,-15, 56,1500,17280,-28,-34,12, -16560919.00, -16560881.00
43374,1016,656,14756,54,-84,-18, 276,1556,17728,-29,-39,8, -16560656.00, -16560714.00
43396,1032,704,14792,51,-89,-16, 172,1512,17212,-31,18,8, -16560901.00, -16560911.00
43418,1012,748,14780,50,-87,-10, 140,1524,17372,-30,-38,12, -16560985.00, -16560958.00
43440,972,728,14684,52,-83,-15, 228,1512,17564,-33,1,8, -16560914.00, -16560910.00
43463,1144,716,14848,50,-86,-15, 136,1432,17328,-33,-17,9, -16560969.00, -16560925.00
43485,1044,764,14896,50,-84,-15, 272,1556,17580,-30,-16,8, -16560944.00, -16561053.00
43507,1052,676,14796,54,-85,-17, 200,1600,17544,-34,-5,10, -16561000.00, -16561048.00
43529,1152,692,14724,53,-87,-13, 292,1564,17516,-28,-19,8, -16561231.00, -16561160.00
43551,1028,740,14768,54,-84,-15, 272,1472,17416,-33,-10,10, -16561130.00, -16561002.00
43573,972,660,14828,52,-85,-15, 168,1480,17416,-32,-14,8, -16560893.00, -16560875.00
43595,1048,740,14712,52,-86,-15, 276,1372,17392,-33,-13,10, -16560955.00, -16560943.00
43617,1004,664,14916,52,-83,-18, 252,1484,17460,-33,-12,10, -16560800.00, -16560905.00
43639,1036,720,14840,54,-83,-17, 264,1444,17452,-31,-11,8, -16561051.00, -16561016.00
43661,1060,720,14832,53,-85,-13, 304,1464,17412,-31,-14,10, -16561017.00, -16560917.00
43683,1168,720,14820,50,-86,-14, 292,1488,17524,-36,-11,9, -16561064.00, -16561150.00
43705,1052,692,14780,55,-87,-14, 340,1480,17440,-29,-12,10, -16560995.00, -16560857.00
43727,1024,704,14704,52,-87,-17, 252,1404,17384,-33,-14,7, -16560936.00, -16561067.00
43749,1044,800,14744,48,-85,-12, 220,1584,17476,-33,-15,11, -16561227.00, -16561196.00
43771,1032,776,14752,56,-85,-14, 216,1596,17516,-31,-8,9, -16560909.00, -16560919.00
43793,1120,660,14832,53,-83,-17, 268,1556,17460,-32,-19,10, -16560827.00, -16560936.00
43815,1032,736,14800,54,-84,-15, 236,1508,17504,-29,-12,7, -16561017.00, -16560890.00
43837,1124,668,14924,52,-85,-15, 156,1472,17500,-32,-12,10, -16560877.00, -16560844.00
43859,1084,564,14704,54,-84,-15, 296,1492,17452,-32,-13,11, -16560774.00, -16560909.00
43882,1004,672,14868,54,-84,-14, 260,1528,17468,-31,-13,10, -16561029.00, -16560971.00
43904,1060,708,14788,56,-85,-16, 192,1504,17440,-30,-10,10, -16560959.00, -16561108.00
43926,1132,540,14752,51,-86,-12, 292,1544,17440,-32,-13,9, -16561003.00, -16560951.00
43948,1104,704,14684,52,-84,-13, 276,1540,17548,-33,-13,12, -16560776.00, -16560817.00
43970,1128,692,14680,55,-86,-12, 204,1504,17504,-31,-8,12, -16561061.00, -16561042.00
43992,1060,692,14740,52,-84,-12, 252,1504,17260,-32,-16,9, -16560841.00, -16560833.00
44014,1124,764,14656,52,-84,-13, 368,1592,17604,-33,-11,10, -16560824.00, -16560819.00
44036,1004,712,14804,51,-82,-14, 204,1536,17428,-30,-13,9, -16560940.00, -16560920.00
44058,1064,680,14724,52,-83,-15, 228,1528,17452,-32,-9,11, -16560807.00, -16560909.00
44080,1048,724,14744,56,-85,-17, 232,1444,17460,-32,-15,7, -16560952.00, -16560847.00
44102,1060,668,14788,54,-85,-16, 300,1412,17492,-30,-7,10, -16560659.00, -16560802.00
44124,1072,640,14704,52,-86,-14, 216,1532,17312,-32,-15,10, -16560970.00, -16560937.00
44146,1164,676,14648,51,-87,-14, 260,1492,17412,-32,-12,6, -16561016.00, -16560993.00
44168,1028,712,14720,52,-84,-14, 180,1448,17348,-32,-13,8, -16560904.00, -16560863.00
44190,1080,628,14772,53,-83,-17, 304,1524,17484,-32,-11,11, -16561081.00, -16561056.00
44212,1096,612,14632,55,-86,-15, 324,1528,17468,-29,-10,10, -16560905.00, -16560953.00
44234,1008,744,14696,51,-87,-13, 172,1580,17412,-33,-11,9, -16561100.00, -16561023.00
44256,1072,696,14712,74,-88,-13, 256,1508,17384,-30,-14,8, -16560982.00, -16560845.00
44278,1328,1032,14128,35,-56,-14, 380,1532,17456,-32,-17,9, -16560819.00, -16560883.00
44301,980,552,14668,55,-102,-15, 304,1508,17528,-30,-8,8, -16560935.00, -16560834.00
44323,1016,612,14980,28,-55,-12, 252,1528,17472,-31,-17,7, -16560961.00, -16561065.00
44345,1068,588,14676,65,-100,-16, 284,1392,17488,-29,-7,8, -16560923.00, -16560815.00
44367,1124,732,14860,57,-103,-12, 348,1484,17548,-31,-16,14, -16560790.00, -16560718.00
44389,1092,672,14636,56,-87,-15, 112,1556,17516,-29,-9,8, -16560645.00, -16560861.00
44411,1072,688,14840,59,-75,-14, 332,1548,17380,-31,-16,12, -16560963.00, -16560906.00
44433,1104,716,14664,39,-68,-14, 276,1440,17540,-32,-8,13, -16560739.00, -16561007.00
44455,1268,456,15032,48,-93,-24, 252,1548,17484,-30,-15,9, -16561043.00, -16560939.00
44477,896,656,14636,24,-50,-100, 288,1476,17588,-31,-6,6, -16560865.00, -16560930.00
44499,1076,824,14740,55,-58,-144, 200,1520,17148,-31,-27,10, -16560978.00, -16561044.00
44521,1028,812,14736,59,-63,-75, 336,1580,17536,-23,-65,14, -16561145.00, -16561043.00
44543,984,444,14780,52,-36,59, 332,1532,17640,-34,16,5, -16560903.00, -16560905.00
44565,1432,668,14920,50,31,138, 268,1576,17408,-31,-16,7, -16560988.00, -16560843.00
44587,860,852,14924,53,172,88, 312,1508,17652,-41,35,2, -16561030.00, -16561079.00
44609,-316,648,14960,59,356,-63, 252,1424,17268,-35,21,6, -16560812.00, -16560875.00
44631,288,760,14864,50,471,-48, 64,1476,17172,-15,-137,20, -16560972.00, -16560868.00
44653,808,404,14724,68,467,52, 444,1628,17752,-24,-124,2, -16561101.00, -16561207.00
44675,232,736,14888,55,559,47, 424,1572,17828,-35,36,4, -16560898.00, -16561009.00
44697,-112,888,14916,86,752,-40, 180,1416,17160,-36,-2,8, -16560821.00, -16560843.00
44719,-660,920,14716,23,938,-30, 316,1560,17380,-27,-40,15, -16560937.00, -16561037.00
44742,-480,708,15128,198,925,39, 344,1536,17404,-30,-10,6, -16561014.00, -16560971.00
44764,-1168,772,15128,153,973,37, 324,1648,17244,-27,-32,14, -16561077.00, -16561114.00
44786,-1932,828,14528,-116,1058,131, 448,1512,17400,-25,-60,7, -16560988.00, -16560943.00
44808,-2308,540,13912,47,1109,109, 540,1580,17480,-29,-39,10, -16560827.00, -16560823.00
44830,-3424,1688,13376,167,1299,55, 296,1656,16992,-21,-82,17, -16560799.00, -16560776.00
44852,-3892,1988,15720,474,1442,145, 340,1588,17140,-10,-237,18, -16560982.00, -16561072.00
44874,-3504,1512,12172,643,1390,191, 628,1664,17660,-17,-250,5, -16560993.00, -16560897.00
44896,-4416,556,14340,861,1355,175, 1168,1664,17524,-26,-85,-73, -16560903.00, -16560879.00
44918,-4596,1492,11244,870,1374,64, 568,1476,17436,-30,-52,26, -16560788.00, -16560971.00
44940,-5320,2684,16220,484,1345,50, 256,1304,17428,-30,-77,24, -16561089.00, -16561009.00
44962,-4940,184,13580,118,1199,-76, 988,1888,17924,-36,53,-39, -16560828.00, -16560869.00
44984,-6096,1280,15208,133,1026,-264, 600,1048,16560,-36,18,-12, -16561059.00, -16560887.00
45006,-7044,2064,12432,-460,860,-262, 656,1532,17800,-31,-11,4, -16560972.00, -16561079.00
45028,-7968,2544,11724,-918,1124,-199, 420,1312,17636,-43,109,-3, -16560997.00, -16561157.00
45050,-7040,2308,11884,-976,999,-53, 552,1672,17316,-41,65,-1, -16561102.00, -16560959.00
45072,-6500,1440,12528,-18,1285,15, 492,1548,17384,-33,16,11, -16561014.00, -16560994.00
45094,-9244,1772,12828,-1,1355,92, 308,1424,17640,-31,-24,10, -16560951.00, -16560974.00
45116,-9400,688,11912,-566,953,131, 592,1604,17792,-40,48,4, -16561036.00, -16560983.00
45138,-8696,-496,11348,-236,838,-45, 396,1448,17788,-44,168,-8, -16560682.00, -16560939.00
45161,-8112,872,10968,402,878,-270, 368,1576,17412,-63,185,-15, -16561000.00, -16560785.00
45183,-9108,2068,9528,203,1032,-171, 176,1368,17288,-51,130,0, -16560796.00, -16560985.00
45205,-10816,228,8760,-42,1015,-83, 120,1324,17384,-51,82,4, -16560815.00, -16560957.00
45227,-8792,308,11732,26,1162,-254, 276,1484,17304,-37,24,7, -16561128.00, -16560988.00
45249,-10204,756,9384,111,1257,-321, 252,1448,17396,-32,-3,10, -16560995.00, -16561030.00
45271,-11956,1092,8616,82,1216,-219, 296,1596,17488,-32,14,3, -16561008.00, -16560929.00
45293,-10244,596,9696,14,1005,-228, 332,1532,17616,-42,57,3, -16560886.00, -16560837.00
45315,-11260,516,8996,241,945,-252, 144,1552,17424,-52,90,4, -16560937.00, -16560998.00
45337,-10168,1328,7332,57,919,-212, 204,1456,17332,-43,57,2, -16560975.00, -16560969.00
45359,-12460,952,8464,89,1250,-90, 72,1696,17008,-26,-24,8, -16561004.00, -16560964.00
45381,-11428,828,7188,276,1265,-104, 40,1504,17364,-13,-97,16, -16560907.00, -16560728.00
45403,-11616,-124,7484,18,1162,-130, 248,1404,17500,-18,-96,11, -16560723.00, -16560768.00
45425,-11560,-120,7944,-266,966,-341, 396,1608,17548,-21,-64,7, -16560774.00, -16560687.00
45447,-13080,632,7592,-422,1000,-360, 364,1720,17644,-28,-13,4, -16560839.00, -16560975.00
45469,-14060,292,6500,-317,1284,-237, 100,1548,17416,-32,8,7, -16560968.00, -16561005.00
45491,-13068,-1424,4984,247,1381,-154, 8,1460,17284,-31,-31,11, -16560952.00, -16561044.00
45513,-14012,-892,5696,413,1217,-363, 216,1492,17588,-29,-32,10, -16561116.00, -16561073.00
45535,-15984,748,5396,-245,1042,-383, 236,1452,17636,-39,26,7, -16560880.00, -16560931.00
45557,-14148,1188,4700,-91,1092,-265, 444,1688,17544,-52,92,1, -16560962.00, -16560959.00
45580,-15356,-556,3580,-47,1217,-65, 260,1508,17788,-61,161,-6, -16560830.00, -16560871.00
45602,-14272,-2204,3532,365,1138,-109, -104,1336,17512,-80,188,-13, -16560915.00, -16560824.00
45624,-16564,-584,3708,17,1039,-293, -80,1388,17440,-63,169,1, -16560810.00, -16560773.00
45646,-15044,28,2496,-473,1220,-248, -52,1568,17276,-66,144,-6, -16560793.00, -16560910.00
45668,-14760,-68,1732,292,1232,-137, -156,1320,17520,-60,141,1, -16561030.00, -16561065.00
45690,-14888,-1112,828,169,1281,-88, -264,1328,17416,-58,109,-1, -16560974.00, -16560982.00
45712,-15788,-588,924,11,1223,-219, -296,1360,17420,-49,81,7, -16560975.00, -16560985.00
45734,-15024,560,44,689,1234,-138, -268,1560,17576,-53,93,1, -16560902.00, -16560694.00
45756,-14744,292,-456,1045,1493,60, -368,1440,17168,-56,95,-7, -16560721.00, -16560921.00
45778,-14720,-1596,-1432,1236,1379,86, -508,1240,17216,-46,35,-1, -16560874.00, -16560889.00
45800,-14280,-1852,-2152,988,1227,-17, -496,1280,17052,-17,-60,12, -16560782.00, -16560767.00
45822,-14984,-1432,-2528,728,1012,-191, -340,1412,17388,-1,-124,18, -16560690.00, -16560792.00
45844,-14692,-20,-2856,269,992,-260, -268,1428,17428,-3,-125,16, -16560787.00, -16560780.00
45866,-15680,88,-2988,273,938,-154, -204,1376,17356,-4,-124,14, -16560824.00, -16560830.00
45888,-15436,0,-4412,248,649,-22, 224,1400,17508,-15,-108,17, -16560815.00, -16560886.00
45910,-14492,-1604,-5352,-84,314,-98, -304,1680,17832,-27,-16,-35, -16560917.00, -16560852.00
45932,-14468,-1628,-3588,-529,465,-139, -656,1108,17044,-45,27,9, -16560768.00, -16560776.00
45954,-14736,-468,-3672,-128,462,-171, -328,1436,16976,6,-159,18, -16560746.00, -16560939.00
45976,-14860,-1128,-3696,-235,348,24, -120,1500,17184,21,-286,23, -16560960.00, -16560748.00
45999,-15272,-1716,-4980,-330,93,-93, 72,1752,17772,13,-237,16, -16560788.00, -16560892.00
46021,-15900,-124,-4756,-288,-91,-88, 192,1420,17916,-12,-99,20, -16560919.00, -16560900.00
46043,-15908,-68,-4200,-158,-11,21, 0,1420,17484,-31,1,7, -16560878.00, -16560871.00
46065,-16040,-884,-4228,-144,-65,70, 12,1480,17056,-28,-70,8, -16560667.00, -16560698.00
46087,-15452,-824,-4716,-195,-160,45, 192,1652,17556,-22,-64,10, -16561045.00, -16561069.00
46109,-15344,-636,-4396,-4,-151,50, 236,1556,17644,-31,-6,6, -16561040.00, -16561018.00
46131,-15688,-624,-4104,204,-91,50, 84,1432,17336,-29,-29,12, -16560883.00, -16561057.00
46153,-15380,-1052,-4568,-5,-117,74, 76,1312,17600,-21,-57,13, -16561115.00, -16560964.00
46175,-15524,-1136,-4204,23,-126,53, 188,1536,17540,-30,-31,10, -16561016.00, -16561041.00
46197,-15716,-1024,-4052,-111,-111,-13, 196,1440,17476,-28,-21,11, -16560974.00, -16560940.00
46219,-16308,-180,-3840,-9,-84,-40, 196,1504,17544,-29,-23,10, -16560911.00, -16560878.00
46241,-16300,304,-4412,2,-39,38, 252,1548,17584,-36,9,8, -16560951.00, -16560909.00
46263,-15680,-124,-4564,-50,-137,120, 248,1532,17748,-46,64,5, -16560906.00, -16560976.00
46285,-15012,-1380,-4480,41,-169,145, 140,1408,17528,-56,116,-1, -16560991.00, -16560935.00
46307,-15028,-1368,-3800,-132,-88,38, 32,1344,17164,-44,47,7, -16560865.00, -16560895.00
46329,-15376,-408,-4020,69,6,-38, -88,1412,17284,-16,-84,13, -16560962.00, -16561023.00
46351,-15760,124,-4888,-5,-100,49, 196,1584,17924,-22,-58,16, -16560957.00, -16561058.00
46373,-15548,-144,-4260,-13,-135,105, 152,1524,17568,-51,79,2, -16561049.00, -16560928.00
46395,-15316,-500,-4048,178,-38,93, -16,1444,17136,-33,29,8, -16560830.00, -16560985.00
46418,-15580,-644,-4264,134,19,57, 12,1412,17424,-19,-60,14, -16561178.00, -16561171.00
46440,-15448,-384,-4480,98,17,43, 168,1400,17768,-31,-7,9, -16560913.00, -16560913.00
46462,-15516,-180,-4364,169,0,49, -4,1452,17280,-30,-5,9, -16560747.00, -16560924.00
46484,-15560,-180,-4748,108,-110,34, 132,1504,17632,-30,-14,11, -16560982.00, -16560897.00
46506,-15264,-92,-4496,49,-88,44, 172,1572,17488,-38,29,7, -16560951.00, -16560913.00
46528,-15464,-468,-4336,187,-38,46, -28,1464,17248,-32,-20,8, -16560959.00, -16560920.00
46550,-15260,-704,-4424,136,-20,27, 44,1376,17472,-24,-51,13, -16560821.00, -16560893.00
46572,-15488,-188,-4596,121,-90,-56, 76,1440,17652,-30,-23,9, -16560863.00, -16560851.00
46594,-15288,124,-4576,37,-71,13, 136,1440,17452,-29,-13,11, -16560835.00, -16560908.00
46616,-15544,-328,-4444,77,-128,-1, 80,1396,17480,-25,-23,13, -16560877.00, -16560911.00
46638,-15416,-188,-4408,9,-91,-17, -20,1528,17464,-31,-12,11, -16560785.00, -16560938.00
46660,-15556,-72,-4644,88,-113,-33, 96,1388,17356,-23,-32,13, -16560756.00, -16560850.00
46682,-15340,-136,-4736,-2,-189,9, 172,1532,17620,-35,0,10, -16561053.00, -16561017.00
46704,-15404,-344,-4180,23,-145,-26, -60,1512,17344,-36,12,4, -16560907.00, -16560820.00
46726,-15504,-272,-4416,43,-182,-27, 92,1436,17496,-25,-38,9, -16560818.00, -16560843.00
46748,-14520,236,-5076,-67,-230,17, 192,1472,17776,-34,20,8, -16560897.00, -16560886.00
46770,-15180,-608,-3836,143,-251,40, 8,1428,17412,-35,6,11, -16560889.00, -16560917.00
46792,-15296,-332,-4220,48,-278,-43, 184,1532,17444,-21,-47,15, -16560989.00, -16561056.00
46814,-15728,-8,-4064,26,-316,-58, 220,1488,17636,-32,-6,12, -16560915.00, -16560705.00
46837,-15816,320,-4120,218,-343,-44, 36,1440,17348,-34,8,11, -16560886.00, -16560981.00
46859,-15324,-124,-4052,101,-349,42, 108,1480,17492,-34,1,8, -16560820.00, -16560701.00
46881,-15256,-636,-3648,159,-433,-13, 132,1456,17460,-34,17,8, -16560791.00, -16560857.00
46903,-15124,-192,-3916,154,-464,-57, 60,1444,17320,-31,-1,9, -16560912.00, -16561017.00
46925,-15096,-452,-3596,154,-521,-26, -24,1412,17408,-25,-32,8, -16560750.00, -16560746.00
46947,-15484,-396,-3188,265,-548,-52, 164,1444,17556,-29,-25,11, -16560900.00, -16560882.00
46969,-15832,-260,-2900,234,-629,-100, 28,1528,17496,-26,-33,9, -16560843.00, -16560807.00
46991,-16036,124,-3404,75,-901,-100, 108,1452,17608,-34,10,11, -16560799.00, -16560956.00
47013,-15308,136,-2860,-55,-996,84, 40,1488,17680,-54,83,5, -16560881.00, -16560875.00
47035,-15276,-716,-1904,65,-1002,76, 28,1472,17424,-55,100,-1, -16560814.00, -16560845.00
47057,-15448,-928,-1464,-16,-1008,-65, -140,1432,17304,-46,53,5, -16560947.00, -16561042.00
47079,-15332,-520,-1556,99,-1109,-67, -176,1456,17356,-31,-8,10, -16561011.00, -16560944.00
47101,-15472,-320,-1120,184,-1358,-6, 120,1524,17684,-37,20,15, -16560819.00, -16560634.00
47123,-15428,-144,-616,-281,-1494,-5, 60,1504,17768,-57,106,3, -16560796.00, -16561091.00
47145,-14724,-276,-44,-491,-1508,62, -40,1508,17556,-71,174,4, -16560939.00, -16560869.00
47167,-14412,-684,996,-108,-1448,17, -344,1392,17100,-62,121,9, -16560773.00, -16560762.00
47189,-14104,-932,1040,-23,-1462,-21, -248,1372,16904,-24,-52,15, -16560695.00, -16560659.00
47211,-14508,-480,1804,-150,-1662,-60, -256,1260,17456,0,-145,25, -16560859.00, -16561024.00
47233,-13808,-192,2048,-399,-1596,3, -88,1556,17628,-11,-104,18, -16560876.00, -16560803.00
47256,-14376,-128,2776,-457,-1665,-7, -56,1532,17564,-19,-79,19, -16560860.00, -16560842.00
47278,-13964,196,3196,-538,-1737,62, -152,1484,17600,-9,-106,21, -16561003.00, -16561045.00
47300,-13576,-752,4472,-381,-1715,154, -136,1388,17348,0,-153,32, -16560915.00, -16560922.00
47322,-13160,-1136,5444,-67,-1472,181, -68,1332,17076,8,-245,22, -16561013.00, -16560918.00
47344,-13996,-1224,6192,645,-1500,-49, 132,1636,17276,22,-317,30, -16560856.00, -16560779.00
47366,-14064,2828,7356,493,-1661,-121, 368,1484,17936,0,-254,25, -16560775.00, -16560989.00
47388,-14040,428,7352,449,-1346,77, 568,1744,17912,-26,-47,11, -16561013.00, -16560889.00
47410,-13132,-928,7668,1307,-1368,112, 304,1628,17348,-43,52,3, -16560852.00, -16560730.00
47432,-13052,-1004,7336,1346,-1537,46, 196,1448,17100,-28,-38,11, -16560752.00, -16560921.00
47454,-13084,692,8364,261,-1759,1, 292,1548,17668,-29,-42,14, -16560905.00, -16560808.00
47476,-12104,1692,8316,-113,-1919,122, 404,1532,17560,-37,45,9, -16560788.00, -16560960.00
47498,-10120,44,7044,-57,-2059,390, 92,1240,17512,-44,38,3, -16560894.00, -16560715.00
47520,-9640,-1856,9376,-492,-2057,264, 268,1460,17248,-27,-54,11, -16560968.00, -16560950.00
47542,-9600,-360,9720,-259,-2172,9, 44,1440,17692,-21,-61,13, -16560742.00, -16560886.00
47564,-8964,952,10376,-459,-1980,20, 184,1532,17240,-16,-99,6, -16560857.00, -16560798.00
47586,-9244,2044,12184,-810,-1920,23, 436,1552,17356,-13,-134,16, -16560921.00, -16560855.00
47608,-8616,452,11836,-56,-1904,56, 368,1660,17304,-21,-146,15, -16560902.00, -16561123.00
47630,-7412,-112,10504,-305,-1615,246, 436,1472,17324,-19,-194,7, -16561081.00, -16561164.00
47652,-7040,-1044,13692,-83,-1374,206, 508,1548,17304,-14,-290,19, -16560989.00, -16560930.00
47675,-7400,-672,14088,1,-1284,22, 664,1676,17452,-17,-336,6, -16560950.00, -16561022.00
47738,-3944,404,14020,2,-1092,-353, 572,1676,16828,-44,253,-3, -16561086.00, -16560983.00
47760,-3316,576,12760,203,-1236,-273, 268,1356,16428,-26,-33,15, -16560864.00, -16560773.00
47782,-2900,1848,12164,1178,-1371,-233, 608,1540,17540,-19,-148,21, -16560945.00, -16560928.00
47804,-1384,3712,13000,-302,-1950,133, 848,1704,17752,-25,-39,16, -16560824.00, -16560984.00
47826,528,2288,14384,-179,-2153,234, 668,1692,16996,-33,-21,16, -16560921.00, -16560876.00
47848,-1884,660,15068,35,-2063,133, -288,1208,17712,-27,-1,28, -16561052.00, -16560960.00
47870,-3080,1332,14340,69,-1823,-10, -440,1116,17328,-36,105,87, -16560990.00, -16560899.00
47893,-996,568,14776,70,-1458,-121, 1556,3352,17028,-22,-82,-215, -16560825.00, -16560906.00
47915,-776,596,14224,38,-1541,51, -88,1836,18136,-10,-64,-448, -16560856.00, -16560804.00
47937,68,660,15064,23,-1893,329, 472,1036,17556,-34,-50,-332, -16560810.00, -16560796.00
47959,1252,724,14816,54,-1652,250, 1044,1388,17168,-18,-156,-196, -16560913.00, -16560909.00
47981,948,504,14508,22,-109,54, 2476,924,17752,-17,-153,-118, -16560832.00, -16560923.00
48003,796,-152,14912,32,-109,-205, 1072,1376,17928,-43,275,2, -16560947.00, -16560991.00
48025,396,1736,15008,56,-87,-238, 340,1392,16308,-52,118,12, -16560937.00, -16560933.00
48047,1148,628,14672,67,-82,-19, 540,1516,17396,-10,-172,15, -16560934.00, -16560793.00
48069,1208,716,14736,85,-70,-11, 820,1508,18072,-30,-11,6, -16560842.00, -16560895.00
48091,1080,740,14896,59,-62,-20, 496,1556,17044,-36,13,8, -16560943.00, -16561089.00
48113,928,632,14768,61,-79,-21, 656,1508,17736,-27,-50,9, -16561091.00, -16560763.00
48135,1136,732,14816,53,-69,-28, 592,1524,17520,-31,9,8, -16560809.00, -16560909.00
48157,908,744,14844,56,-81,-26, 584,1524,17412,-34,-19,12, -16560952.00, -16561058.00
48179,992,664,14828,53,-51,-21, 680,1600,17540,-30,-12,10, -16561121.00, -16561169.00
48201,1060,756,14712,55,-88,-19, 616,1520,17436,-31,-13,9, -16561029.00, -16560714.00
48223,968,716,14856,53,-77,-16, 680,1612,17636,-31,-15,11, -16560729.00, -16560927.00
48245,972,684,14656,51,-88,-14, 604,1628,17232,-32,-10,8, -16561053.00, -16560894.00
48267,972,748,14624,52,-81,-15, 548,1452,17384,-30,-12,9, -16560746.00, -16560856.00
48289,1084,776,14728,50,-88,-16, 660,1624,17512,-30,-10,8, -16560789.00, -16560689.00
48311,1016,700,14704,49,-82,-14, 524,1664,17528,-31,-14,11, -16560789.00, -16560814.00
48334,1000,792,14884,57,-84,-12, 612,1528,17484,-32,-12,10, -16560790.00, -16560971.00
48356,1080,680,14644,54,-82,-12, 552,1492,17604,-32,-16,8, -16560930.00, -16560917.00
48378,1008,704,14776,52,-83,-11, 548,1424,17444,-33,-11,8, -16560966.00, -16560868.00
48400,1044,676,14760,51,-86,-15, 532,1536,17384,-32,-14,9, -16560832.00, -16561002.00
48422,1020,648,14720,52,-84,-17, 532,1608,17464,-33,-12,10, -16560796.00, -16560840.00
48444,1044,668,14816,54,-85,-15, 612,1616,17416,-29,-13,10, -16560899.00, -16560851.00
48466,1072,688,14656,54,-84,-14, 680,1564,17552,-31,-9,10, -16560991.00, -16561005.00
48488,1164,688,14776,54,-87,-14, 668,1568,17504,-30,-10,11, -16560928.00, -16560743.00
48510,1024,800,14756,51,-84,-14, 528,1564,17504,-31,-12,9, -16560821.00, -16560849.00
48532,1036,696,14704,55,-84,-15, 704,1480,17464,-29,-14,8, -16560907.00, -16561078.00
48554,960,704,14696,53,-84,-15, 552,1552,17484,-30,-11,7, -16560835.00, -16560956.00
48576,940,652,14748,52,-85,-15, 624,1652,17304,-32,-14,10, -16560843.00, -16560701.00
48598,988,620,14648,52,-85,-13, 576,1480,17424,-34,-12,7, -16560885.00, -16560958.00
48620,944,644,14736,52,-83,-12, 632,1528,17500,-32,-13,10, -16560971.00, -16560948.00
48642,1060,692,14800,53,-88,-17, 632,1572,17416,-31,-10,8, -16561003.00, -16560942.00
48664,1016,580,14732,54,-87,-15, 664,1600,17412,-29,-11,8, -16560807.00, -16560843.00
48686,1056,816,14648,55,-84,-17, 728,1472,17432,-31,-8,9, -16560950.00, -16560983.00
48708,988,768,14676,51,-90,-15, 596,1548,17436,-28,-13,11, -16561082.00, -16561000.00
48730,1040,688,14644,53,-85,-17, 612,1596,17396,-32,-12,9, -16560949.00, -16560828.00
48753,1036,672,14732,54,-84,-15, 592,1596,17404,-31,-13,12, -16560873.00, -16560930.00
48775,968,844,14792,58,-87,-14, 604,1568,17332,-31,-14,9, -16561044.00, -16561036.00
48797,1076,696,14788,52,-86,-12, 588,1528,17320,-33,-14,9, -16560920.00, -16560922.00
48819,964,768,14764,53,-86,-15, 596,1556,17488,-31,-10,11, -16561037.00, -16560900.00
48841,1000,760,14760,55,-88,-16, 584,1532,17316,-30,-13,14, -16560786.00, -16560812.00
48863,968,712,14812,58,-83,-16, 544,1516,17404,-34,-14,11, -16560997.00, -16560917.00
48885,944,676,14776,55,-84,-14, 596,1584,17440,-31,-11,9, -16560802.00, -16560712.00
48907,1056,752,14680,56,-84,-11, 712,1480,17428,-32,-13,11, -16560870.00, -16560981.00
48929,1084,640,14832,50,-82,-17, 624,1604,17484,-31,-13,10, -16560798.00, -16560737.00
48951,1080,696,14732,48,-85,-15, 540,1516,17328,-32,-12,11, -16560854.00, -16560780.00
48973,280,1472,14924,89,-83,59, 692,1628,17384,-28,-24,11, -16560636.00, -16560799.00
48995,724,916,14616,49,-79,-97, 572,1412,17412,-31,-22,9, -16560956.00, -16560947.00
49017,1268,236,14696,59,-81,-130, 600,1508,17496,-29,-45,12, -16560974.00, -16561042.00
49039,1108,652,14784,57,-88,-17, 740,1636,17520,-32,-11,7, -16561055.00, -16561126.00
49061,1108,804,14676,70,-76,-16, 632,1568,17172,-28,-10,5, -16561055.00, -16560923.00
49083,1032,720,14680,89,-63,-27, 644,1576,17548,-30,-24,9, -16561107.00, -16560974.00
49105,1132,756,14744,83,-64,-29, 580,1488,17536,-33,-8,10, -16560896.00, -16560831.00
49127,876,764,14828,57,-87,-18, 696,1660,17496,-31,-15,10, -16560850.00, -16560976.00
49149,1092,732,14716,58,-91,-20, 628,1556,17384,-32,-11,9, -16561089.00, -16561034.00
