53961,17928,452,-8748,267,92,130, 16196,3368,1576,-55,-113,-4, 16523056.00, 16523157.00
53969,16488,2800,-10128,67,-349,215, 16192,3256,968,-26,-156,-1, 16523600.00, 16524224.00
53991,15264,2468,-9928,41,-392,214, 16244,3736,592,33,-304,-71, 16524680.00, 16525104.00
54013,15520,3220,-8772,-50,-280,115, 16012,4548,924,128,-369,-163, 16525735.00, 16526149.00
54035,15696,1956,-8712,-5,-187,15, 15888,4312,652,88,-297,-98, 16526387.00, 16526537.00
54057,15984,2144,-8904,131,-100,-71, 15740,4564,440,53,-138,4, 16526658.00, 16526877.00
54079,16000,2284,-9468,247,7,-175, 16060,4356,148,50,-78,104, 16527196.00, 16527150.00
54101,16524,2068,-9520,322,123,-193, 16592,4256,128,35,-56,129, 16526892.00, 16526808.00
54122,16484,3116,-9208,344,269,-289, 16728,4276,496,31,-76,56, 16526973.00, 16527531.00
54144,14720,2984,-8072,68,267,-430, 16628,3912,168,25,-131,-29, 16527779.00, 16527868.00
54166,14712,-576,-8868,-122,175,-234, 16024,3300,832,14,-116,-182, 16527954.00, 16528518.00
54188,15716,2024,-9148,-36,50,397, 15792,3152,680,31,-6,-98, 16529056.00, 16529401.00
54210,16000,1616,-8580,120,6,152, 16416,3748,992,-5,57,-115, 16529983.00, 16530482.00
54232,16112,1640,-9144,227,18,280, 15900,3196,356,-18,30,-125, 16530942.00, 16531102.00
54254,15472,1460,-9324,172,2,198, 15964,3384,-32,52,-83,-100, 16531115.00, 16531066.00
54276,16120,1184,-8972,190,-6,117, 16252,3364,532,106,-125,-107, 16530825.00, 16530678.00
54298,15868,772,-8836,256,-34,88, 15768,3152,84,131,-151,-85, 16530884.00, 16530685.00
54320,15984,876,-9568,285,-57,-17, 15816,3556,-380,13,-320,-71, 16530079.00, 16528414.00
54342,15512,1368,-9000,219,-71,26, 16208,4376,-392,-33,-376,-64, 16526311.00, 16524742.00
54363,16684,2028,-8764,134,-86,24, 16760,4412,-48,-56,-189,-57, 16523555.00, 16522738.00
54385,15864,2364,-8240,189,-73,33, 16780,4564,360,-37,56,-110, 16521985.00, 16520808.00
54407,15800,1440,-9008,167,-125,-29, 16752,3768,-420,-122,256,-130, 16518990.00, 16516711.00
54429,16244,1292,-9312,95,-110,-50, 16652,3928,112,24,540,-140, 16514166.00, 16512097.00
54451,15940,1180,-8764,41,-184,-180, 16140,4176,160,16,646,-166, 16511153.00, 16510700.00
54473,16068,1932,-7788,159,-220,-160, 16248,3736,1668,84,820,-265, 16509822.00, 16507546.00
54495,16196,2388,-8864,253,-231,-168, 16008,5132,-104,-49,1100,-202, 16504621.00, 16501873.00
54517,16268,2316,-8976,138,-211,-175, 15948,5452,1108,-107,1407,-115, 16498897.00, 16496342.00
54539,15908,1712,-9276,110,-230,-125, 15268,4876,800,-351,1505,99, 16494555.00, 16492034.00
54561,16196,1824,-9588,-51,-190,-19, 15972,4876,2140,-399,1381,197, 16489385.00, 16486713.00
54582,15892,1960,-8752,-157,-219,-4, 15952,4772,3168,-483,1379,193, 16484448.00, 16482304.00
54604,15360,1840,-9624,-88,-208,30, 15488,4160,3192,-521,1410,169, 16479910.00, 16478094.00
54626,15436,1664,-9756,-47,-165,41, 15408,4184,3856,-485,1296,211, 16476557.00, 16475005.00
54648,15252,1700,-9728,96,-150,94, 15628,4112,4276,-475,1216,213, 16474100.00, 16473741.00
54670,15788,1896,-9852,129,-136,124, 16144,4344,5140,-453,1074,88, 16473255.00, 16473055.00
54692,15904,1720,-9964,95,-114,80, 16188,3828,5752,-319,1095,43, 16472230.00, 16470549.00
54714,16240,1804,-9540,86,-84,77, 15960,4052,6232,-191,1197,14, 16468341.00, 16466519.00
54736,15996,1228,-8856,135,-90,87, 14928,3852,6548,-232,1248,-22, 16465774.00, 16465396.00
54758,15424,1220,-9176,196,-130,191, 14768,3780,6748,-425,1280,-45, 16464238.00, 16457478.00
54821,16036,948,-9444,223,-80,166, 14312,3448,8780,-425,1537,172, 16456236.00, 16454990.00
54843,16136,788,-9432,188,-87,173, 13832,3116,9108,-467,1395,166, 16453550.00, 16451968.00
54865,15572,704,-9584,134,-62,162, 13680,2652,9460,-437,1212,84, 16450341.00, 16448556.00
54887,15620,336,-10136,100,-9,110, 13684,2112,9872,-332,960,53, 16446839.00, 16444066.00
54909,15748,100,-10588,55,91,76, 14144,2268,10008,-129,858,63, 16440305.00, 16436897.00
54930,15952,280,-9912,92,27,36, 13348,2312,10712,-52,701,87, 16434727.00, 16433227.00
54952,15836,352,-8460,142,-13,4, 12844,2988,10680,-130,594,44, 16431226.00, 16429096.00
54974,15984,904,-8496,186,-11,46, 13248,3528,10884,-214,870,34, 16427046.00, 16424178.00
54996,16236,1528,-9640,134,16,-9, 13408,4460,11464,-127,1320,76, 16420914.00, 16419348.00
55018,16260,748,-9516,153,10,32, 11828,2808,11568,-169,1050,60, 16419303.00, 16418698.00
55040,15692,360,-8736,223,-3,107, 10828,2836,12208,-292,766,75, 16417129.00, 16415308.00
55062,15840,1040,-8900,281,-30,100, 11476,3400,12480,-232,660,124, 16413808.00, 16413596.00
55084,15680,776,-9556,267,-49,79, 11544,2720,12032,-313,312,68, 16414391.00, 16414564.00
55106,16180,556,-8964,285,-59,110, 11628,2492,12992,-223,296,72, 16414180.00, 16413378.00
55128,16244,120,-9812,309,-30,108, 11848,2416,12860,-86,302,166, 16412475.00, 16412823.00
55150,15852,-52,-9680,268,-28,72, 11464,1940,12500,-62,-60,137, 16414227.00, 16415883.00
55171,15548,-28,-8768,293,-66,67, 10980,2296,12276,-131,-215,87, 16417412.00, 16419003.00
55193,15992,-20,-9236,305,-71,75, 11880,2240,12420,-118,-252,120, 16421118.00, 16423562.00
55215,16172,-300,-10380,297,-38,71, 12800,2020,12340,-106,-282,149, 16425980.00, 16428166.00
55237,15992,-484,-9860,311,-31,23, 12220,1408,12576,-19,-377,172, 16430402.00, 16432972.00
55259,16192,-100,-9696,315,-42,-13, 12700,1380,12648,105,-574,56, 16435738.00, 16439100.00
55281,15876,-496,-8264,273,-39,-45, 12304,1680,11500,170,-942,-117, 16442810.00, 16446019.00
55303,15700,-776,-9328,281,-14,-36, 12552,2052,11276,117,-1069,-242, 16448308.00, 16451339.00
55325,15860,-676,-10024,258,0,-88, 12668,1740,10828,170,-1228,-181, 16455210.00, 16459171.00
55347,15756,-720,-9988,174,-26,-108, 12996,2308,10572,193,-1501,-215, 16463259.00, 16467604.00
55369,15820,-72,-10852,99,31,-167, 13572,1940,10496,381,-2219,-402, 16472333.00, 16476920.00
55390,16088,-112,-10324,-25,69,-258, 14248,2248,9276,591,-2778,-448, 16481425.00, 16485768.00
55412,15816,92,-9204,-76,119,-214, 14288,1064,7872,780,-3134,-452, 16490178.00, 16494180.00
55434,16440,12,-8084,-41,85,-203, 14120,3652,7380,782,-3293,-552, 16497505.00, 16499301.00
55456,16728,184,-8420,13,41,-235, 14896,4764,5140,781,-3290,-623, 16500312.00, 16500571.00
55478,16492,56,-8180,-24,6,-266, 16112,5472,4980,588,-3049,-572, 16500152.00, 16499079.00
55500,17252,616,-8216,34,-9,-282, 16256,5564,2936,451,-2406,-389, 16498397.00, 16497645.00
55522,16852,1316,-9196,84,58,-235, 16672,5924,2000,431,-1863,-214, 16496851.00, 16496223.00
55544,17076,1176,-9136,106,71,-310, 16108,5244,1824,435,-1729,-164, 16495986.00, 16496019.00
55566,16196,1180,-9224,118,65,-273, 14980,4896,864,526,-2040,-232, 16496352.00, 16496539.00
55588,16020,1192,-9092,165,76,-264, 15556,5164,-312,640,-2329,-344, 16496634.00, 16496336.00
55610,7940,48,-7888,289,-64,-156, 16252,4636,1176,730,-2257,-248, 16496169.00, 16496949.00
55631,15696,1056,-8160,312,22,54, 14788,4936,-1564,679,-2117,-148, 16497767.00, 16498082.00
55653,15908,604,-8136,264,47,88, 15164,5104,-2072,687,-2018,-77, 16498390.00, 16498593.00
55675,16244,1344,-8640,241,91,67, 15312,5160,-3224,747,-1974,-40, 16499157.00, 16499700.00
55697,16120,496,-7668,287,191,57, 15368,4768,-3844,689,-1824,11, 16500126.00, 16500357.00
55719,16652,420,-7192,262,195,42, 15168,4908,-4356,614,-1680,73, 16500821.00, 16501434.00
55741,17292,676,-6896,201,164,144, 15428,5172,-4636,544,-1395,92, 16502125.00, 16502950.00
55763,16756,872,-6980,266,92,51, 15168,5048,-5752,499,-1129,134, 16504391.00, 16505367.00
55785,16352,800,-7228,233,81,8, 14624,4860,-5992,404,-1031,85, 16505966.00, 16506371.00
55807,16788,552,-7652,159,72,27, 14680,4504,-6896,336,-963,38, 16506358.00, 16506138.00
55829,17164,320,-8140,153,55,-83, 14688,4512,-7100,415,-861,11, 16505937.00, 16506094.00
55850,16596,320,-7276,127,50,-57, 13920,4192,-7160,382,-748,25, 16506429.00, 16506462.00
55872,16240,612,-8116,192,38,-106, 13732,3892,-7780,400,-765,-44, 16505991.00, 16506146.00
55894,16256,12,-7888,104,3,-69, 13864,4248,-8428,311,-916,-150, 16506771.00, 16507229.00
55916,17200,392,-7520,110,-59,-75, 13592,4376,-8816,265,-816,-48, 16507107.00, 16506953.00
55938,17044,472,-7932,22,-60,-81, 13500,4324,-9388,207,-491,50, 16506547.00, 16506039.00
55960,17544,860,-8160,-26,2,-74, 14040,4580,-9196,208,-261,54, 16505818.00, 16505717.00
55982,16924,400,-6788,-73,-29,-102, 13556,4128,-8856,83,12,97, 16505993.00, 16506348.00
56004,16508,732,-7368,-146,-55,-85, 13184,3844,-8840,-86,62,91, 16506270.00, 16505962.00
56026,16468,392,-7428,-202,-76,-59, 12960,3768,-8540,-188,44,145, 16505653.00, 16504864.00
56048,16732,596,-7448,-176,-51,-30, 13788,3800,-8172,-100,128,162, 16504177.00, 16503593.00
56070,16472,976,-7304,-92,-75,-36, 13688,3988,-8032,-55,143,92, 16503360.00, 16503088.00
56091,16436,724,-7140,-91,-124,-1, 13484,3716,-8240,-84,162,61, 16502635.00, 16501534.00
56113,17104,716,-7484,-77,-77,62, 14320,4340,-8568,-46,308,67, 16500082.00, 16498776.00
56135,17320,700,-6980,-126,-91,72, 14288,4496,-8312,-68,658,158, 16497965.00, 16497368.00
56157,16780,920,-6732,-141,-125,54, 13860,4276,-8056,-188,939,294, 16496066.00, 16493944.00
56179,16776,916,-7160,-158,-181,31, 14736,3888,-7708,-258,1345,454, 16491115.00, 16487425.00
56201,16472,1896,-7576,-350,-212,146, 15888,4020,-5880,-251,2037,580, 16483733.00, 16480876.00
56223,15828,536,-6796,-168,-248,-32, 15088,4000,-6396,-485,2261,472, 16479086.00, 16477713.00
56245,16656,432,-7480,52,-303,-49, 14348,2744,-5352,-681,2121,482, 16476323.00, 16474685.00
56267,16272,1032,-9024,-64,-291,-32, 15424,2856,-4876,-431,1960,444, 16472764.00, 16470957.00
56289,16200,1308,-7616,-72,-293,37, 15540,3348,-3628,-351,1990,359, 16469800.00, 16469545.00
56310,16428,1112,-7496,-32,-333,114, 15536,3812,-3260,-486,1874,206, 16469499.00, 16468809.00
56332,16880,692,-7880,21,-305,148, 15880,3268,-2588,-608,1781,168, 16467680.00, 16466485.00
56354,16808,888,-8272,37,-292,28, 16748,3200,-1544,-480,1783,106, 16464962.00, 16463426.00
56376,16576,1320,-7848,-3,-327,24, 16884,3160,-496,-424,2018,85, 16462415.00, 16461899.00
56398,16672,1604,-7608,17,-403,-17, 17048,3508,532,-393,2467,33, 16462314.00, 16463442.00
56420,15944,1160,-8148,-3,-401,-18, 16092,3348,-20,-539,2956,77, 16464548.00, 16465288.00
56442,16016,1288,-9208,-25,-361,-32, 16016,3900,1652,-599,2995,-6, 16466219.00, 16466772.00
56464,15696,560,-9732,2,-260,48, 14880,3384,2648,-593,2462,-1, 16466062.00, 16464772.00
56486,15892,656,-9680,-34,-182,201, 14828,2216,4220,-549,2027,218, 16463355.00, 16461838.00
56508,15392,228,-9128,88,-151,202, 15388,2680,5036,-399,1975,304, 16460758.00, 16460387.00
56530,15948,592,-9228,152,-167,200, 15456,2576,5540,-327,1913,316, 16460364.00, 16460523.00
56551,15984,792,-9292,131,-179,216, 16140,2732,6096,-320,1808,257, 16460637.00, 16460463.00
56573,16372,508,-9124,66,-184,187, 15916,2356,6516,-338,1799,145, 16460121.00, 16459651.00
56595,16388,388,-9160,78,-167,163, 15532,2216,7996,-291,1936,68, 16459629.00, 16459874.00
56617,16072,-124,-9552,107,-142,86, 14744,1992,8056,-227,1927,50, 16460257.00, 16460829.00
56639,16364,-68,-9536,85,-93,149, 14652,1548,8544,-225,1863,87, 16460940.00, 16460441.00
56661,16004,-604,-9420,90,-38,158, 14496,1944,9360,-328,1948,43, 16459613.00, 16459114.00
56683,15936,-436,-9252,29,-57,108, 13408,1508,10672,-405,1880,-77, 16459342.00, 16459482.00
56705,16212,-352,-9908,-16,20,71, 12908,704,11736,-243,1553,-82, 16459175.00, 16458059.00
56727,15476,-1060,-9564,-27,45,50, 12056,532,11752,-67,1175,-46, 16456093.00, 16454350.00
56749,15456,-876,-8776,13,19,53, 11888,1100,11508,-95,884,-146, 16453009.00, 16452034.00
56771,15932,-492,-8876,-54,-8,-16, 11764,1028,12304,-24,730,-205, 16451301.00, 16450193.00
56792,16236,-580,-8840,-110,-7,-38, 12320,1632,12220,16,704,-163, 16447564.00, 16443960.00
56814,16456,-40,-8792,-162,-25,-48, 12000,1844,13220,64,950,-95, 16440568.00, 16437989.00
56836,16288,-64,-8340,-119,-37,-72, 10836,2192,12984,83,817,-44, 16435717.00, 16433447.00
56858,15752,-68,-7900,-19,-27,-68, 10664,2164,12640,-31,684,-102, 16430325.00, 16426176.00
56880,15876,372,-8372,-30,-37,-29, 10528,2896,12984,-45,823,-48, 16421956.00, 16418250.00
56902,16092,564,-8632,23,-48,55, 10824,3224,13112,-152,734,-46, 16414916.00, 16411690.00
56924,16232,344,-8668,77,-37,29, 10312,2896,13492,-202,689,3, 16408187.00, 16404490.00
56946,16488,712,-9144,119,-14,43, 10740,2916,14196,-163,656,76, 16400644.00, 16397168.00
56968,16280,600,-9240,117,-23,38, 10408,2116,14244,-41,520,115, 16394025.00, 16391398.00
56990,16172,236,-8784,135,-8,61, 10152,2360,13784,-95,386,55, 16388703.00, 16385767.00
57011,16264,-68,-8500,135,-13,84, 9692,2332,13792,-99,360,132, 16383844.00, 16382146.00
57033,16216,32,-8368,162,11,96, 9596,2112,14452,-151,380,164, 16379889.00, 16377916.00
57055,16348,-124,-8700,115,-3,95, 9844,1560,14228,-172,253,126, 16376164.00, 16374157.00
57077,16084,-492,-8132,109,-20,70, 9412,1344,14752,-118,254,73, 16372128.00, 16370311.00
57099,16280,-704,-8816,68,-36,17, 9584,1232,14908,-30,134,54, 16369282.00, 16369333.00
57121,16116,-1056,-9036,-59,-72,-12, 9368,856,14216,-84,-194,-12, 16370961.00, 16373366.00
57143,15872,-496,-7000,62,-108,-18, 8820,1440,14544,-92,-153,13, 16374348.00, 16373972.00
57165,16452,-464,-8864,98,-104,-50, 9772,1336,14744,54,-29,88, 16374057.00, 16375335.00
57187,16436,-712,-9152,16,-115,-76, 10172,1216,14392,11,-332,-65, 16376972.00, 16379058.00
57209,16136,-596,-9472,-41,-144,-80, 10056,1276,14236,5,-554,-94, 16381740.00, 16385169.00
57230,16200,-336,-9536,-114,-136,-121, 10240,996,14648,116,-779,-52, 16389356.00, 16394371.00
57252,15836,-564,-8984,-147,-75,-160, 10384,852,13252,210,-1257,-214, 16399296.00, 16402662.00
57274,15760,-768,-8664,-37,-122,-119, 10788,1712,13536,159,-1292,-353, 16405442.00, 16409612.00
57296,16552,40,-9280,-20,-109,-195, 11740,1836,13836,379,-1305,-228, 16413452.00, 16416894.00
57318,16824,140,-9972,-88,-68,-246, 12544,2424,13124,506,-1503,-301, 16421838.00, 16428360.00
57340,16692,2240,-9480,100,4,-256, 10756,3336,12784,419,-2360,-572, 16436462.00, 16445012.00
57362,14596,-532,-8756,-92,-6,-163, 11440,1212,9556,224,-3044,-633, 16451191.00, 16452750.00
57384,16384,36,-7560,-2,-64,-153, 13416,3252,11732,503,-2041,-468, 16453794.00, 16457668.00
57406,16876,704,-9144,52,-21,-318, 13340,4596,9636,598,-2123,-341, 16462691.00, 16467583.00
57428,16444,1452,-8920,51,78,-201, 12716,4324,8500,434,-2858,-376, 16472047.00, 16475208.00
57450,15836,380,-6720,6,59,-101, 13884,3324,7936,432,-2773,-234, 16476544.00, 16477838.00
57471,15844,808,-7708,71,-8,-121, 14844,5168,6292,404,-2348,-207, 16479459.00, 16480761.00
57493,16572,1056,-7904,64,-17,-107, 14840,4940,6016,324,-2029,-77, 16482589.00, 16484793.00
57515,16600,1288,-8072,109,-19,-66, 14848,5232,5412,294,-1846,131, 16486628.00, 16488657.00
57537,16504,1492,-7924,145,-39,-26, 15216,4940,4752,287,-1819,220, 16490946.00, 16493062.00
57559,16112,1088,-8020,221,-24,-20, 15732,4516,3700,251,-1836,225, 16494299.00, 16495159.00
57581,15772,1044,-8036,184,-34,27, 15808,4800,2860,193,-1737,206, 16495788.00, 16496368.00
57603,16696,912,-8176,178,-43,39, 16184,4092,2548,153,-1589,229, 16497239.00, 16498195.00
57625,16244,636,-8692,171,19,54, 15628,3872,1852,194,-1679,263, 16498634.00, 16498808.00
57647,16492,84,-9076,111,33,23, 15764,2912,892,258,-1948,287, 16498789.00, 16498439.00
57669,16588,452,-9216,39,29,-228, 16476,2532,524,538,-2165,273, 16498255.00, 16498931.00
57691,16752,340,-8084,14,2,-214, 15844,2348,-272,653,-2340,203, 16500556.00, 16502548.00
57712,15820,432,-7092,122,-13,-83, 15408,2992,-816,602,-2533,128, 16504601.00, 16506010.00
57734,16584,480,-6996,213,-51,-133, 16376,3488,-2072,634,-2469,34, 16506698.00, 16507336.00
57756,8616,4048,-9456,231,30,-94, 17196,2252,-2712,594,-2146,32, 16507970.00, 16508733.00
57778,16976,436,-6292,294,51,-40, 16124,3960,-3056,442,-1702,86, 16509199.00, 16509567.00
57800,16936,684,-7216,253,85,-25, 15296,3908,-3816,338,-1523,88, 16510062.00, 16510666.00
57822,16016,992,-7308,194,22,-82, 15424,3492,-4324,237,-1414,109, 16510371.00, 16509654.00
57844,16504,868,-7952,166,-20,-60, 15248,3504,-6112,188,-1307,105, 16508936.00, 16508389.00
57866,16836,896,-8464,121,7,-85, 15184,3528,-5960,189,-1239,164, 16508062.00, 16507605.00
57888,16772,1000,-7812,161,-29,-61, 14848,2812,-6796,317,-1052,154, 16507056.00, 16506759.00
57910,16172,1308,-7920,194,-59,-57, 14420,3280,-7072,350,-982,107, 16506747.00, 16506518.00
57931,16776,1060,-7944,163,-52,-14, 14992,2836,-8416,313,-962,44, 16505610.00, 16504535.00
57953,16552,828,-7412,144,-72,-14, 14608,2988,-7600,313,-753,-49, 16503924.00, 16503510.00
57975,16964,676,-7612,186,-100,-47, 15408,2376,-7812,285,-611,-44, 16503224.00, 16502850.00
57997,16608,1216,-8020,166,-103,-42, 13184,3144,-9124,194,-474,1, 16502870.00, 16503770.00
58019,16640,832,-7964,102,-90,24, 13684,3060,-8568,128,-365,224, 16504389.00, 16504248.00
58041,17004,1000,-7536,63,-91,28, 14284,2956,-8836,71,-158,220, 16504301.00, 16504364.00
58063,17208,908,-8184,49,-66,45, 14420,2832,-9284,16,68,230, 16504482.00, 16504363.00
58085,16940,1216,-7436,11,-57,56, 14920,2516,-8564,27,283,104, 16504059.00, 16503830.00
58107,16844,768,-7276,8,-76,50, 14744,2224,-8420,-43,429,-40, 16503236.00, 16502534.00
58129,16776,488,-7604,7,-80,6, 14752,2180,-8112,-84,613,-120, 16501682.00, 16494960.00
58192,16264,0,-8020,8,-43,205, 15396,2132,-7112,-95,1280,-68, 16493696.00, 16492056.00
58214,16248,460,-6832,45,-114,140, 16720,3172,-6320,-195,1783,-98, 16490275.00, 16488032.00
58236,17112,1216,-6240,-38,-260,85, 16808,3884,-5904,-353,2526,-214, 16485499.00, 16481889.00
58258,17236,984,-7044,-15,-424,-32, 15656,3452,-5920,-492,3146,-221, 16477973.00, 16473999.00
58279,16740,244,-7888,74,-443,19, 15420,3592,-5156,-822,3323,-192, 16469903.00, 16465799.00
58301,16520,344,-8260,122,-471,44, 15960,3244,-3100,-1007,3397,-53, 16461743.00, 16457902.00
58323,16660,324,-9100,81,-401,103, 15560,2668,-2840,-1046,3512,61, 16454670.00, 16451433.00
58345,16248,52,-9404,-12,-305,214, 15668,2604,-584,-1087,3424,151, 16448227.00, 16445674.00
58367,16264,504,-9456,-82,-242,146, 15776,2576,1792,-911,3166,168, 16444014.00, 16443080.00
58389,15836,132,-8464,17,-184,109, 16452,2444,2948,-801,2846,-102, 16441987.00, 16439627.00
58411,16176,348,-8796,-56,-160,136, 16576,2448,4396,-761,2793,-381, 16437204.00, 16435835.00
58433,17048,596,-8596,-55,-175,45, 16164,2480,5480,-590,2957,-476, 16435714.00, 16436198.00
58455,16456,308,-8852,-60,-124,59, 14668,3268,6052,-553,2936,-424, 16437540.00, 16439393.00
58477,15296,-1744,-10512,-198,-47,97, 14312,2304,5972,-622,2469,-253, 16439969.00, 16438736.00
58499,15840,-648,-8540,-206,-38,79, 13280,2120,9208,-526,2041,-213, 16437027.00, 16435669.00
58520,15500,-84,-8412,-162,-30,40, 13464,2048,9680,-425,1749,-199, 16434111.00, 16432913.00
58542,16060,-300,-8412,-104,-59,-20, 13460,2520,10200,-302,1703,-275, 16432432.00, 16432482.00
58564,16244,232,-8964,-127,-67,-51, 13388,3204,10268,-266,1689,-317, 16432280.00, 16432089.00
58586,16340,184,-9340,-224,-40,-47, 12812,3472,10292,-235,1654,-211, 16432196.00, 16432809.00
58608,16468,-84,-8804,-217,-11,-68, 12716,2692,11296,-240,1679,-29, 16432777.00, 16431392.00
58630,16380,168,-8380,-184,13,-87, 11796,2888,12504,-192,1719,8, 16429618.00, 16427684.00
58652,16152,616,-8212,-84,30,-81, 10800,3216,12840,-54,1603,112, 16424927.00, 16421776.00
58674,16256,808,-8508,-64,11,-44, 10912,3076,12796,19,1349,-11, 16418542.00, 16415523.00
58696,16212,428,-8288,-53,22,-39, 10076,3024,13156,73,1110,48, 16412943.00, 16410205.00
58718,16284,300,-7908,22,-8,-18, 9624,3580,13012,14,1029,175, 16407093.00, 16404022.00
58739,15928,-156,-8472,64,3,22, 9660,3428,13056,-150,917,295, 16401248.00, 16398523.00
58761,15948,504,-8280,61,-10,54, 9880,2832,13308,-317,766,310, 16394867.00, 16391054.00
58783,16308,784,-8152,72,-20,67, 9848,2636,14516,-265,782,335, 16387060.00, 16383403.00
58805,16340,560,-8772,44,-34,-34, 9752,2528,14348,-134,557,266, 16380508.00, 16377839.00
58827,16232,436,-7476,104,-28,2, 8976,2624,14436,-166,433,212, 16374942.00, 16371792.00
58849,16064,648,-7984,133,-36,37, 9136,2376,14632,-127,501,244, 16368547.00, 16365277.00
58871,16300,504,-8508,48,-42,9, 9256,2064,14540,-113,477,200, 16361765.00, 16357805.00
58893,16184,244,-8352,41,-40,12, 9384,2540,14148,-216,384,131, 16352820.00, 16347831.00
58915,16488,504,-8160,101,-40,40, 8664,2644,14936,-260,400,215, 16343760.00, 16340203.00
58937,16520,924,-8664,116,-24,68, 9336,2676,14552,-252,374,271, 16337326.00, 16334615.00
58959,16292,448,-8244,116,-25,89, 8984,2064,14992,-265,258,157, 16331437.00, 16327972.00
58980,16244,484,-7800,112,-44,56, 8628,2100,15364,-206,179,29, 16324583.00, 16321685.00
59002,16556,432,-8408,74,-57,36, 8604,1864,15544,-71,193,89, 16319780.00, 16319183.00
59024,16704,-4,-8944,9,-69,42, 8780,1656,15108,-139,-56,62, 16320194.00, 16322730.00
59046,15976,-56,-7344,90,-104,79, 7688,1500,14972,-228,-218,68, 16325068.00, 16327209.00
59068,16184,680,-7616,203,-115,44, 8408,1624,15440,-57,-47,162, 16329226.00, 16331463.00
59090,16884,20,-8912,140,-112,18, 9316,1544,15640,10,-213,118, 16334601.00, 16338938.00
59112,16492,-316,-9440,78,-116,19, 9148,1128,15416,42,-548,36, 16344742.00, 16352359.00
59134,16488,-768,-8792,30,-119,19, 9032,948,14544,7,-1026,5, 16361955.00, 16370347.00
59156,15820,-700,-7052,203,-109,-2, 9348,568,15504,153,-699,-25, 16376119.00, 16382070.00
59178,16460,-468,-8492,201,-98,-97, 10608,1048,14796,383,-986,-154, 16389510.00, 16397315.00
59200,16352,-268,-9740,101,-100,-79, 10896,1748,14184,338,-1502,-443, 16405703.00, 16415116.00
59221,15888,-716,-11292,-118,-97,83, 10904,1652,13800,488,-2269,-549, 16425296.00, 16435255.00
59243,15956,-588,-9452,-191,-69,-151, 10820,1008,13084,672,-2948,-516, 16443328.00, 16450245.00
59265,15628,360,-6456,83,-51,-171, 11184,2848,12444,876,-2895,-511, 16456291.00, 16461146.00
59287,16508,792,-8508,-29,-49,-143, 12476,3512,11168,1003,-2711,-655, 16465918.00, 16471272.00
59309,16616,220,-8632,-31,-18,-271, 11944,4272,9600,927,-3185,-617, 16477065.00, 16482619.00
59331,16968,948,-8028,2,16,-209, 12468,3648,9068,912,-3673,-466, 16487187.00, 16490149.00
59353,16500,920,-5972,50,46,-106, 13804,4680,8152,918,-3387,-367, 16492305.00, 16494843.00
59375,16356,824,-6688,23,-41,-86, 13752,5152,6280,912,-2963,-269, 16497744.00, 16500592.00
59397,16076,300,-6664,159,-80,-30, 13776,5300,4844,691,-2872,-53, 16502967.00, 16504362.00
59419,16260,940,-7100,255,-119,-1, 15232,5552,4516,632,-2462,198, 16504698.00, 16504836.00
59440,16696,676,-7720,190,-156,-51, 16032,4980,3184,685,-1955,398, 16505566.00, 16506981.00
59462,16572,456,-8172,193,-166,-92, 15480,4624,1808,613,-1822,456, 16508566.00, 16509944.00
59484,16364,264,-8016,338,-117,-1, 15460,4212,1140,535,-1895,505, 16511056.00, 16510861.00
59506,16776,760,-9228,312,-54,53, 17360,4624,-336,502,-1843,442, 16509873.00, 16509281.00
59528,17296,808,-8848,198,-33,31, 17448,4028,-472,476,-1655,353, 16509481.00, 16510509.00
59550,16660,732,-8280,190,-22,38, 16568,4128,-956,457,-1501,290, 16511994.00, 16513259.00
59572,16772,312,-8132,162,22,69, 16156,3820,-1564,372,-1494,270, 16513785.00, 16513712.00
59594,16352,320,-8120,120,25,4, 15892,3928,-2232,290,-1538,191, 16513234.00, 16512991.00
59616,16848,332,-7860,44,39,-55, 15472,3864,-1980,235,-1606,146, 16512537.00, 16512225.00
59638,16164,380,-7604,14,13,-16, 16044,3900,-2928,220,-1614,134, 16512394.00, 16511942.00
59659,16060,452,-7548,-12,-7,36, 15796,3616,-3360,154,-1658,54, 16511136.00, 16510307.00
59681,17032,660,-6560,30,19,53, 15884,3880,-3080,176,-1471,126, 16509272.00, 16508211.00
59703,16996,-20,-7572,107,13,20, 15488,3888,-4188,216,-1261,141, 16507264.00, 16506615.00
59725,16692,396,-7268,225,-22,-55, 15036,3496,-4632,243,-1038,271, 16506265.00, 16506140.00
59747,16520,576,-7336,253,-54,-19, 15076,3792,-5272,284,-873,322, 16506385.00, 16506687.00
59769,16804,712,-7360,213,-58,31, 15216,3516,-5556,282,-819,266, 16506775.00, 16506566.00
59791,16540,588,-7460,234,-79,-5, 15120,3116,-5696,301,-829,174, 16506507.00, 16506310.00
59813,16340,-16,-7976,267,-91,-43, 14908,2828,-6652,292,-760,167, 16506174.00, 16506033.00
59835,16448,172,-8364,291,-93,45, 14772,2764,-6984,368,-707,98, 16506081.00, 16506651.00
59857,16864,-192,-7704,291,-82,18, 14668,2688,-7016,367,-678,179, 16507562.00, 16508196.00
59879,17032,44,-7508,267,-103,4, 14908,2776,-7740,288,-507,241, 16508486.00, 16508434.00
59900,16832,108,-7860,164,-98,17, 14952,2548,-7896,198,-282,217, 16508325.00, 16508110.00
59922,16772,-212,-8236,97,-83,-21, 14960,2200,-7908,121,-148,163, 16508163.00, 16508667.00
59944,16908,-136,-8104,36,-99,-42, 14908,2024,-8164,17,-105,111, 16509029.00, 16509549.00
59966,16796,-424,-7904,-27,-92,-53, 14956,1964,-8032,-33,-56,72, 16510260.00, 16510920.00
59988,16464,-352,-7984,-86,-78,-67, 14276,1736,-7736,-110,-3,54, 16511171.00, 16511158.00
60010,16320,-192,-8168,-66,-79,-85, 14380,1900,-7904,-138,-25,36, 16511007.00, 16510582.00
60032,16668,-8,-7896,-61,-85,-98, 14688,2144,-7688,-192,-27,-40, 16509890.00, 16509092.00
60054,16848,84,-7592,-103,-78,-111, 14640,2364,-8012,-277,21,-63, 16508261.00, 16507234.00
60076,16588,220,-7844,-156,-56,-83, 14324,2452,-7648,-351,174,-38, 16505971.00, 16504389.00
60098,16876,348,-7632,-193,-39,-97, 14656,2848,-7208,-352,430,26, 16502671.00, 16500453.00
60119,16776,740,-7824,-204,-91,-101, 14764,2736,-7616,-348,731,61, 16497636.00, 16494115.00
60141,16732,792,-8384,-271,-97,-97, 14820,2720,-7352,-339,919,70, 16490224.00, 16486490.00
60163,16276,616,-7936,-320,-102,-34, 15120,2356,-6024,-383,1075,167, 16483194.00, 16479868.00
60185,16348,528,-7308,-235,-121,-72, 15440,3240,-5820,-419,1264,90, 16476472.00, 16473236.00
60207,16656,776,-7372,-258,-174,-89, 15444,2668,-5416,-467,1433,55, 16469877.00, 16466325.00
60229,16708,648,-8024,-251,-161,-26, 15404,2616,-5348,-479,1510,117, 16463069.00, 16459891.00
60251,16912,912,-7324,-181,-218,-88, 16116,3180,-4100,-551,1661,107, 16456853.00, 16454070.00
60273,16724,1188,-7604,-156,-250,-83, 16040,3008,-3448,-596,1817,60, 16451509.00, 16449365.00
60295,16388,960,-7660,-109,-253,-35, 15780,3088,-3200,-649,1892,78, 16447892.00, 16447021.00
60317,16552,1108,-7768,-88,-246,-45, 15852,3280,-2372,-741,1910,48, 16446024.00, 16445152.00
60339,16432,1320,-7428,-50,-282,-32, 16404,3328,-896,-747,1918,-39, 16444325.00, 16443116.00
60360,16436,1172,-7752,-11,-285,32, 16260,3024,-824,-811,1974,-129, 16441531.00, 16439976.00
60382,16280,848,-8128,-21,-279,71, 16280,3020,656,-820,2073,-194, 16438950.00, 16438186.00
60404,16240,1392,-8412,-1,-280,26, 16716,3284,1152,-679,2228,-205, 16437374.00, 16436216.00
60426,16520,656,-8080,36,-280,53, 16488,3192,1680,-649,2441,-271, 16435064.00, 16433787.00
60448,16788,1632,-8700,0,-283,27, 16192,3672,2752,-695,2480,-353, 16432363.00, 16431582.00
60470,16300,1628,-8360,-54,-272,62, 15892,3800,3948,-671,2543,-376, 16430327.00, 16428795.00
60492,15996,932,-8488,-13,-250,94, 15372,3784,5160,-662,2671,-312, 16427770.00, 16427313.00
60514,16616,1404,-8428,59,-249,147, 14496,3940,5948,-591,2784,-110, 16426993.00, 16426959.00
60536,16304,824,-8812,105,-224,162, 13768,3708,6940,-578,2747,132, 16427085.00, 16426931.00
60558,15940,404,-8768,110,-173,200, 13368,2924,7592,-589,2522,363, 16426524.00, 16425665.00
60579,16252,684,-8988,75,-162,238, 14436,3104,8876,-580,2403,359, 16424603.00, 16423748.00
60601,17092,948,-9328,5,-108,229, 14192,2660,9448,-493,2173,150, 16422739.00, 16421143.00
60623,16072,196,-9576,109,-92,105, 12848,2136,10920,-376,1807,2, 16419693.00, 16418705.00
60645,15924,76,-9820,77,-43,120, 12440,2284,10748,-257,1304,-5, 16417560.00, 16415830.00
60667,16112,284,-8692,43,-42,133, 12828,2440,11800,-198,1247,-20, 16412955.00, 16409746.00
60689,16388,-184,-8820,22,-31,81, 12472,2036,12040,-110,1456,65, 16406877.00, 16404406.00
60711,15900,-160,-9392,14,15,68, 11780,2204,11720,-107,1332,131, 16401766.00, 16398057.00
60733,15960,-212,-8956,33,27,88, 11232,2224,12572,-199,1198,170, 16394289.00, 16391245.00
60755,16172,-64,-8924,60,8,51, 10808,2076,13020,-163,1113,251, 16389245.00, 16387889.00
60777,15912,-424,-8380,95,4,62, 10140,1560,13056,-246,860,259, 16385930.00, 16382686.00
60799,16076,248,-8096,103,-3,79, 10672,2052,13724,-226,927,223, 16378606.00, 16374489.00
60820,16552,4,-9168,1,11,38, 10824,1736,13668,-205,853,188, 16370689.00, 16367281.00
60842,16432,-336,-8388,-46,16,51, 10212,1344,14508,-286,652,43, 16364368.00, 16362077.00
60864,16196,-316,-8416,-4,5,21, 9552,1196,14624,-200,527,38, 16359964.00, 16357208.00
60886,16064,-336,-8936,-7,7,-3, 10024,1092,14004,-105,449,35, 16353946.00, 16350605.00
60908,16124,-320,-8648,-12,-15,-22, 9776,1396,14144,-132,278,-46, 16347021.00, 16343522.00
60930,16620,40,-8880,4,-11,-15, 9972,1812,14780,-126,301,-23, 16340392.00, 16337623.00
60952,16616,60,-8928,12,7,-21, 10264,1744,14980,-59,302,32, 16335249.00, 16333698.00
60974,16264,-8,-9208,-31,5,-38, 9540,1420,14588,-11,125,-4, 16333129.00, 16333784.00
60996,15864,-16,-7996,-9,-28,-27, 8872,1792,14284,-56,-106,-24, 16335412.00, 16336391.00
61018,15904,420,-8172,43,-41,-14, 8908,1844,14536,-11,-37,69, 16337249.00, 16338771.00
61039,16372,384,-7988,63,-48,-23, 9004,2016,14760,-32,-156,60, 16340858.00, 16343032.00
61061,16400,532,-8040,91,-63,-20, 9128,1836,14848,12,-318,42, 16346360.00, 16350441.00
61083,16376,316,-8736,55,-68,-22, 9380,1716,14708,62,-491,48, 16354876.00, 16360093.00
61105,15896,-204,-8572,37,-89,-31, 9140,1228,14676,90,-821,83, 16366144.00, 16373000.00
61127,15332,-320,-8156,190,-137,-51, 9152,940,13552,164,-1228,66, 16379906.00, 16385472.00
61149,15936,72,-8984,279,-126,-74, 10752,1128,14324,392,-1357,33, 16390071.00, 16395015.00
61171,16000,224,-10892,142,-150,-134, 11568,1696,12760,484,-1991,-51, 16400727.00, 16406643.00
61193,16088,-256,-10228,-60,-118,-45, 11208,1360,12272,509,-2755,-202, 16413503.00, 16420660.00
61215,16148,8,-7932,105,0,19, 12540,3056,11204,435,-3021,-180, 16424827.00, 16427330.00
61237,17220,504,-8368,233,63,-53, 13476,3188,10324,624,-2504,-81, 16431404.00, 16436006.00
61259,16444,52,-8204,272,131,-47, 13588,3128,9344,409,-2594,-12, 16439967.00, 16443105.00
61280,16400,36,-8980,184,146,29, 13940,2284,8864,502,-2627,76, 16446495.00, 16449723.00
61302,16488,244,-8696,-37,131,22, 13504,2288,7888,557,-3227,92, 16453365.00, 16457754.00
61324,16028,96,-7716,-196,169,108, 13900,1916,6288,520,-3912,62, 16462287.00, 16466903.00
61346,15800,-688,-5360,211,174,269, 14608,2300,5700,501,-3823,58, 16470630.00, 16473336.00
61368,16768,-104,-7164,246,122,167, 16320,3156,3696,480,-3429,-22, 16475511.00, 16477670.00
61390,17412,-752,-7180,214,93,-32, 16472,2792,2384,462,-3116,62, 16480381.00, 16482864.00
61412,16692,-308,-7128,270,131,22, 16348,3292,616,347,-2774,239, 16484726.00, 16485776.00
61434,16916,-312,-7092,151,136,-58, 17300,3168,68,247,-2413,243, 16486978.00, 16488474.00
61456,16908,-288,-6724,214,140,-47, 16812,2904,-544,177,-2071,191, 16490303.00, 16492188.00
61478,16560,136,-6952,210,145,105, 16744,3040,-1264,126,-1807,141, 16493956.00, 16495907.00
61499,17224,-336,-7292,182,124,73, 16056,2608,-2452,120,-1734,57, 16497755.00, 16498725.00
61521,16480,-88,-8152,171,134,-73, 15644,2732,-3976,68,-1740,113, 16498701.00, 16498152.00
61543,17052,-556,-7576,146,68,-181, 16320,2464,-3744,152,-1557,181, 16497680.00, 16497768.00
61565,16912,672,-7208,63,47,-95, 16696,2832,-4132,178,-1434,93, 16498344.00, 16498765.00
61587,16988,-344,-7340,58,50,-127, 16256,2404,-4380,208,-1340,-41, 16498933.00, 16498498.00
61609,17124,300,-7380,76,-20,-231, 15812,2644,-4948,285,-1169,-107, 16497688.00, 16497311.00
61631,16896,0,-6352,97,0,-167, 14992,2540,-4496,213,-1131,-39, 16497561.00, 16498137.00
61653,16592,188,-6292,164,-17,-137, 15160,2624,-5452,249,-1079,43, 16498372.00, 16498668.00
61675,17192,332,-6132,186,-29,-90, 15492,2660,-5384,246,-846,70, 16499127.00, 16500038.00
61697,17276,680,-6644,174,-45,-192, 15236,2552,-5904,258,-668,77, 16500850.00, 16501356.00
61719,16576,236,-6308,294,-74,-140, 14768,2080,-5636,267,-632,111, 16501785.00, 16502062.00
61740,16268,264,-6388,303,-78,-69, 14444,2208,-6268,266,-705,88, 16502233.00, 16502514.00
61762,16820,-56,-6444,299,-113,-32, 14772,2136,-6768,263,-724,54, 16502431.00, 16502335.00
61784,16572,-160,-6916,297,-104,-16, 14284,1480,-7096,270,-723,70, 16502509.00, 16502900.00
61806,16832,-288,-6888,327,-86,-71, 14784,1708,-7740,228,-772,12, 16503451.00, 16504047.00
61828,16996,-280,-7128,300,-91,-11, 14700,1592,-8208,170,-817,-77, 16504131.00, 16503921.00
61850,16800,-84,-6780,289,-82,-28, 14140,1572,-8012,185,-723,-130, 16504153.00, 16504927.00
61872,17008,-412,-7008,205,-87,-26, 13576,1552,-8940,131,-657,-82, 16505867.00, 16506369.00
61894,16668,-244,-6952,200,-62,-18, 13696,1684,-8988,49,-612,-30, 16506021.00, 16505625.00
61916,17392,-248,-6788,164,-64,-107, 14228,1932,-9256,46,-357,-5, 16505473.00, 16505610.00
61938,18404,-560,-6592,167,-38,-180, 15544,1932,-7920,245,-4,-53, 16506023.00, 16507432.00
61959,16528,380,-6672,127,-37,-56, 13376,3380,-10772,92,51,-113, 16510124.00, 16512300.00
61981,16792,-388,-7520,11,-63,-57, 13120,1596,-9180,-132,-113,193, 16512927.00, 16511490.00
62003,17108,-212,-6452,-78,-64,-44, 14252,1672,-9104,-139,83,132, 16510194.00, 16509749.00
62025,17100,152,-6972,-123,-63,-99, 14376,1732,-9076,-136,287,51, 16509483.00, 16509109.00
62047,16904,176,-6308,-147,-83,-85, 14292,1628,-8416,-155,389,-66, 16508943.00, 16508966.00
62069,16916,344,-6692,-140,-109,-86, 14168,2072,-9424,-220,511,-145, 16508210.00, 16506416.00
62091,16980,148,-6420,-179,-140,-50, 14340,2420,-8764,-297,879,-78, 16504403.00, 16502435.00
62113,17024,344,-6912,-298,-145,13, 13804,2380,-8460,-335,1254,22, 16500666.00, 16498370.00
62135,16744,908,-6868,-311,-249,-91, 14908,1652,-6484,-307,1493,175, 16496002.00, 16494276.00
62157,16688,420,-6304,-289,-194,127, 14864,1932,-7404,-493,1514,215, 16493445.00, 16492275.00
62179,16828,316,-7728,-239,-240,-35, 14536,2076,-6944,-580,1248,69, 16489857.00, 16486718.00
62200,16704,256,-7172,-247,-190,-18, 15320,1376,-5740,-462,1341,108, 16483449.00, 16479918.00
62222,17156,364,-6080,-234,-268,22, 16812,2912,-4924,-461,1925,213, 16476475.00, 16473308.00
62244,16912,968,-5948,-231,-422,42, 17048,2428,-4048,-543,2599,189, 16471435.00, 16470729.00
62266,16152,1232,-7516,-142,-443,-32, 15584,2432,-3724,-727,2568,-4, 16470340.00, 16469609.00
62288,16344,408,-8244,-223,-375,-11, 15416,1888,-3648,-806,2153,-132, 16467280.00, 16463916.00
62310,16868,348,-7852,-250,-361,-39, 16528,2128,-1636,-694,2092,-181, 16460606.00, 16457743.00
62332,16584,308,-7240,-156,-407,-53, 17072,2336,272,-575,2414,-209, 16455834.00, 16455512.00
62354,16600,1144,-7440,20,-432,-54, 15704,2648,88,-563,2333,-341, 16456164.00, 16456168.00
62376,16088,220,-9344,-146,-290,48, 14260,1524,-228,-623,1598,-332, 16455178.00, 16453196.00
62398,16268,80,-8748,-199,-264,-30, 16008,2100,1700,-513,1241,-197, 16450947.00, 16448470.00
62419,16784,1064,-7696,-148,-286,-45, 16964,3756,2520,-368,1524,-141, 16446691.00, 16445914.00
62441,16584,1424,-8084,-78,-286,-36, 16676,3920,2648,-378,1757,-132, 16445827.00, 16445290.00
62463,16312,1160,-7832,-60,-294,-19, 16236,3788,3020,-542,1813,-188, 16444122.00, 16443020.00
62485,16584,1292,-9076,-79,-216,100, 16080,3612,4496,-381,1980,-215, 16441556.00, 16439669.00
62507,16408,864,-9560,-105,-161,53, 15480,2424,4124,-226,1693,-68, 16437700.00, 16434768.00
62529,15896,504,-9280,-61,-108,39, 15696,2604,4776,-218,1520,-41, 16432070.00, 16430114.00
62551,16016,524,-8852,-49,-116,47, 15316,2864,6068,-197,1502,2, 16428693.00, 16427868.00
62573,16380,932,-8604,-43,-134,34, 15848,3832,6584,-138,1491,-21, 16427106.00, 16426410.00
62595,16792,1156,-8436,-8,-131,13, 15584,3720,7396,-28,1571,-5, 16425830.00, 16424829.00
62617,16712,932,-7836,11,-108,43, 15280,3736,7748,-111,1883,44, 16423500.00, 16422244.00
62638,16448,1136,-7672,29,-153,62, 14220,4256,8428,-224,2264,108, 16421483.00, 16420414.00
62660,15460,848,-7796,21,-151,7, 13644,3468,9216,-327,2318,143, 16419238.00, 16416920.00
62682,16480,-1484,-9856,-2,-109,142, 13420,2576,9728,-374,2421,176, 16414245.00, 16411490.00
62704,17320,192,-9456,-30,-86,109, 12544,2016,10400,-425,2406,252, 16409509.00, 16408684.00
62726,15800,160,-9944,-55,-65,101, 11688,1408,11404,-319,1665,220, 16408584.00, 16407581.00
62748,15992,172,-8924,-84,-62,69, 12116,1404,12572,-248,1059,19, 16405382.00, 16402586.00
62770,16296,-20,-8700,-72,-51,32, 12052,1236,12676,-93,785,-60, 16400031.00, 16397454.00
62792,16024,-140,-8168,-62,-56,6, 11416,1652,12520,-113,782,-103, 16394199.00, 16391197.00
62814,16200,-128,-8644,-42,-60,-23, 11588,1604,12664,-80,855,-24, 16388686.00, 16385817.00
62836,16228,-64,-8724,-69,-43,-57, 11364,2052,12680,-132,809,-24, 16382359.00, 16378842.00
62858,16304,388,-7792,-81,-61,-46, 10728,1752,14016,-111,764,-88, 16375629.00, 16372255.00
62879,16516,288,-8184,-99,-74,-62, 10448,1592,13912,6,774,-108, 16368602.00, 16365814.00
62901,15868,232,-8444,-96,-72,-58, 10152,1980,13024,-90,651,-136, 16362705.00, 16358454.00
62923,15948,712,-8896,-132,-70,-43, 10396,2168,13572,-130,701,-78, 16353637.00, 16349466.00
62945,16424,1012,-8828,-143,-70,-81, 10468,2472,14436,-68,559,-112, 16345944.00, 16342538.00
62967,16516,1300,-9044,-171,-60,-87, 10272,2668,14508,-8,398,-193, 16339725.00, 16337736.00
62989,16408,936,-8308,-127,-59,-59, 9400,2468,14496,27,281,-133, 16336198.00, 16334951.00
63011,16160,988,-8256,-66,-59,-39, 9456,2780,14044,-7,216,-88, 16333608.00, 16331657.00
63033,16124,1268,-8260,-45,-61,-19, 9208,2932,14176,7,247,8, 16329451.00, 16328004.00
63055,16444,1160,-8388,-17,-66,-17, 9328,2784,14524,-42,41,-35, 16327842.00, 16327892.00
63077,16356,1108,-8172,28,-84,-1, 8976,2700,14880,-25,85,5, 16327433.00, 16328028.00
63099,16384,768,-8448,64,-100,-4, 9208,2604,14336,1,-117,54, 16330036.00, 16332501.00
63120,16000,692,-8264,104,-118,-5, 8736,2228,14500,11,-236,51, 16335522.00, 16339769.00
63142,16264,592,-8396,155,-137,-41, 9168,2120,14368,32,-531,54, 16344957.00, 16350784.00
63164,16112,424,-8328,186,-162,-50, 9236,1820,14300,35,-757,35, 16357321.00, 16364345.00
63186,15972,568,-9100,249,-166,-75, 10016,1704,13620,56,-1014,80, 16371123.00, 16377201.00
63208,16076,1096,-8424,229,-181,-95, 10592,1944,13868,197,-1060,91, 16382763.00, 16388637.00
63230,16016,1052,-9712,188,-147,-110, 10996,2592,13180,276,-1300,-61, 16393745.00, 16399109.00
63252,16124,728,-10132,167,-150,-78, 11204,2032,12572,313,-1894,-159, 16405252.00, 16411475.00
63274,15912,636,-9220,246,-97,-50, 11964,2144,11468,314,-2118,-98, 16416840.00, 16421473.00
63296,16096,1204,-9008,332,-34,-89, 12752,3296,11376,314,-2025,-28, 16425269.00, 16429230.00
63318,16160,1912,-8552,264,-5,-85, 13116,4000,10676,360,-1880,-3, 16433287.00, 16436571.00
63339,16476,1560,-8692,258,-18,-9, 13844,4104,10576,460,-1738,-83, 16439829.00, 16443333.00
63361,16384,948,-9516,177,9,69, 13168,3692,9436,492,-1952,-84, 16447296.00, 16451556.00
63383,15920,500,-9096,199,41,142, 13252,2864,8876,478,-2193,103, 16455702.00, 16459342.00
63405,16524,360,-8432,215,43,48, 13524,2768,8576,587,-2354,248, 16463100.00, 16467260.00
63427,16008,372,-7092,441,91,-18, 13564,2996,7188,471,-2578,371, 16470383.00, 16471775.00
63449,15888,916,-7100,514,21,-106, 15624,3232,6544,437,-2268,352, 16472491.00, 16472958.00
63471,16648,716,-8312,375,-34,-98, 17000,3676,5920,584,-1633,262, 16473641.00, 16474943.00
63493,17032,184,-8896,290,-48,-120, 15712,2984,5280,685,-1630,222, 16477081.00, 16479581.00
63515,16144,-12,-8268,341,12,-99, 14172,2200,4400,696,-2208,289, 16481606.00, 16483469.00
63537,15680,364,-7976,282,19,-39, 14800,2392,3268,639,-2719,322, 16484580.00, 16485363.00
63559,16236,-52,-7812,232,47,-24, 15700,2324,2404,737,-2665,362, 16485992.00, 16487174.00
63580,16140,96,-7436,318,58,24, 16380,2944,1192,730,-2352,457, 16488884.00, 16490224.00
63602,16656,668,-8220,264,61,26, 16848,3056,52,758,-2104,437, 16491305.00, 16492612.00
63624,17052,640,-7704,204,50,-40, 17140,3048,-600,705,-1981,359, 16494030.00, 16495493.00
63646,17032,768,-7284,239,30,-38, 16512,2800,-976,754,-1862,211, 16497023.00, 16498845.00
63668,16392,852,-7552,196,3,-41, 15972,2352,-1796,751,-1893,79, 16500738.00, 16502172.00
63690,16144,444,-7376,192,-19,-36, 15996,2508,-2944,718,-1849,-14, 16503643.00, 16504969.00
63712,16524,600,-7108,201,-69,43, 16128,2612,-3308,640,-1702,-19, 16506377.00, 16507945.00
63734,16764,1028,-7356,259,-92,107, 16204,2852,-4252,594,-1514,-42, 16509624.00, 16511111.00
63756,16544,444,-7764,164,-157,58, 16408,2888,-4976,584,-1299,-98, 16512728.00, 16514715.00
63778,16936,380,-7252,140,-220,4, 15716,2796,-5108,567,-1012,-113, 16516816.00, 16519117.00
63799,15480,960,-8112,162,-228,47, 16268,1604,-4164,556,-793,-97, 16521495.00, 16523521.00
63821,16220,80,-7844,233,-232,-8, 15180,2480,-6028,496,-599,-60, 16525383.00, 16527089.00
63843,16264,-88,-8504,245,-228,62, 14616,2224,-6436,394,-550,-6, 16528801.00, 16530584.00
63865,16868,4,-8748,218,-238,-4, 15160,2036,-6580,412,-545,76, 16532326.00, 16534112.00
63887,16900,60,-8304,207,-240,42, 16068,1904,-6772,401,-420,37, 16535968.00, 16538198.00
63909,16860,52,-8008,243,-239,111, 16180,1780,-7260,338,-196,-124, 16540176.00, 16542112.00
63931,16616,-596,-9156,213,-197,129, 15292,1168,-7744,215,-120,-238, 16544138.00, 16546093.00
63953,16532,-580,-8976,140,-201,1, 15356,568,-6444,220,-112,-254, 16548113.00, 16550310.00
63975,16392,-936,-8724,149,-166,-46, 15280,1264,-6344,405,78,-320, 16552454.00, 16554565.00
63997,14020,-276,-9304,66,-174,79, 12020,-868,-11104,-91,-434,-335, 16557017.00, 16559724.00
64019,16988,-320,-8528,52,-174,-79, 17756,1508,-4744,-183,-469,-339, 16558317.00, 16556406.00
64040,16236,-644,-9672,10,-133,-91, 13544,1568,-8896,68,-118,-557, 16555966.00, 16555565.00
64062,16024,-1012,-8880,-50,-123,-112, 13892,1804,-7656,-102,-94,-169, 16553981.00, 16551109.00
64084,16044,-244,-8592,-55,-112,-55, 14408,2700,-7748,-163,-7,-116, 16547544.00, 16543906.00
64106,16032,384,-8500,-87,-122,-73, 14240,2732,-6952,-152,90,-95, 16539900.00, 16535561.00
64128,16352,604,-8548,-66,-144,-105, 14776,3056,-7380,-53,249,-130, 16512865.00, 16507612.00
64191,16060,788,-8180,-57,-142,22, 14840,2828,-6440,-19,747,-8, 16502282.00, 16496455.00
64213,16668,940,-8956,-34,-127,-19, 14956,3312,-7292,7,1110,-12, 16490654.00, 16484928.00
64235,16252,588,-8768,-93,-142,-83, 15944,3424,-6428,-44,1551,40, 16479635.00, 16474615.00
64257,16868,540,-8312,-69,-208,-86, 16648,3576,-6216,-236,2128,146, 16468898.00, 16461606.00
64279,16980,552,-9196,-96,-198,-69, 16240,3260,-5968,-490,2464,163, 16454598.00, 16447986.00
64301,16292,544,-8880,-201,-210,-133, 16284,2896,-4004,-602,2616,159, 16441941.00, 16436773.00
64323,16304,692,-8860,-117,-227,-83, 16552,2360,-2512,-609,2779,18, 16431862.00, 16427359.00
64345,16268,436,-8912,-28,-237,-55, 16636,2568,-1956,-737,2777,-217, 16423904.00, 16421419.00
64366,16600,532,-8872,-27,-224,-50, 16728,2904,-72,-759,2680,-397, 16419133.00, 16417455.00
64388,16308,80,-9376,-54,-193,-25, 16732,2684,608,-867,2664,-437, 16415239.00, 16411897.00
64410,16192,320,-8976,-74,-180,-46, 16208,2328,2372,-765,2813,-439, 16409038.00, 16407165.00
64432,15932,-120,-8896,-50,-145,-15, 15120,2856,2984,-814,2631,-424, 16405771.00, 16404911.00
64454,15644,292,-9004,-74,-124,41, 14856,3016,4184,-893,2226,-475, 16404191.00, 16403481.00
64476,15916,264,-8776,-106,-129,55, 15332,3180,5480,-966,2070,-441, 16402713.00, 16401917.00
64498,16308,520,-8604,-111,-155,41, 15072,2856,6844,-820,2201,-379, 16401736.00, 16401406.00
64520,15912,620,-9604,-107,-154,-5, 14520,3188,6764,-630,2113,-314, 16401167.00, 16401102.00
64542,15800,304,-8776,-72,-133,18, 13900,3312,7640,-672,1781,-276, 16401146.00, 16401168.00
64564,16100,328,-8552,19,-111,69, 13852,3704,8088,-828,1717,-231, 16401695.00, 16401996.00
64586,16152,892,-9700,11,-102,74, 13828,3400,8992,-717,1838,-70, 16401408.00, 16400612.00
64607,15772,380,-9324,13,-80,83, 13316,2996,9480,-694,1904,202, 16399634.00, 16398159.00
64629,15780,636,-8672,74,-72,124, 13336,3572,10120,-753,1990,244, 16397100.00, 16395816.00
64651,15916,596,-9584,16,-48,120, 13516,3160,10704,-760,1955,94, 16393906.00, 16391475.00
64673,16044,816,-10208,-84,-32,80, 12544,2600,11420,-740,1702,-28, 16389113.00, 16386812.00
64695,16008,164,-9768,-140,13,114, 11696,2000,12284,-725,1356,-31, 16384674.00, 16382463.00
64717,15704,316,-9112,-139,24,96, 11596,1812,13000,-556,1295,-49, 16379840.00, 16377979.00
64739,15500,212,-9168,-164,11,21, 11008,1640,12836,-480,1045,-177, 16377114.00, 16375890.00
64761,15984,492,-9396,-150,10,-20, 11124,1996,13300,-318,871,-238, 16373922.00, 16371414.00
64783,16272,312,-9636,-105,17,-33, 11240,2104,13552,-197,830,-171, 16368576.00, 16365631.00
64805,16112,340,-9284,-88,45,1, 10024,1784,13592,-177,791,-39, 16362450.00, 16358908.00
64827,16008,192,-8256,-58,36,30, 9596,2388,13644,-297,820,87, 16355129.00, 16351450.00
64848,15500,52,-8408,-118,6,10, 9952,2124,13720,-337,781,90, 16347865.00, 16343771.00
64870,15888,1284,-7924,-127,44,-5, 10384,1952,14268,-319,721,-31, 16339595.00, 16336068.00
64892,16228,884,-9712,-136,41,12, 9848,2060,13948,-256,550,-94, 16332486.00, 16328257.00
64914,16028,584,-9276,-18,50,40, 9244,2088,14540,-245,425,12, 16324169.00, 16320571.00
64936,16152,888,-8932,48,51,68, 9404,2112,14580,-243,318,72, 16317566.00, 16315097.00
64958,16008,580,-9084,32,45,72, 9196,1748,14812,-193,232,109, 16313299.00, 16311927.00
64980,16104,392,-8560,37,24,61, 8960,1476,14864,-178,103,96, 16310963.00, 16310104.00
65002,16044,416,-8188,77,5,50, 8800,1480,15176,-136,58,111, 16309771.00, 16309687.00
65024,16212,332,-8656,57,-15,35, 9100,1344,14800,-107,-26,84, 16310430.00, 16312216.00
65046,16252,80,-8332,40,-27,23, 8748,1104,14844,-146,-183,57, 16314959.00, 16318119.00
65067,16092,84,-8296,69,-44,19, 8848,1004,14856,-107,-231,72, 16321510.00, 16325688.00
65089,16276,108,-8404,29,-48,-13, 9088,920,15232,-74,-354,54, 16330232.00, 16335450.00
65111,16240,-156,-9180,31,-72,-49, 8996,668,14784,-21,-665,5, 16341838.00, 16350248.00
65133,16072,-516,-8704,54,-103,-29, 8892,180,14176,-128,-1201,-42, 16360143.00, 16369545.00
65155,15820,-224,-8384,164,-99,-44, 10004,760,13392,-83,-1295,-6, 16378217.00, 16385133.00
65177,16460,872,-9536,185,-88,-75, 11908,1352,14580,120,-1128,-28, 16391198.00, 16398627.00
65199,16672,980,-10972,39,-40,-131, 12412,948,13900,386,-1632,-156, 16407321.00, 16416245.00
65221,16168,268,-11220,-117,14,-233, 11780,772,11480,541,-2570,-376, 16425304.00, 16433373.00
65243,15736,512,-8992,-21,132,-180, 12864,2364,11040,322,-2900,-582, 16438555.00, 16442742.00
65265,15972,820,-8852,-25,194,-165, 13032,2464,10244,421,-2728,-554, 16447247.00, 16451558.00
65287,16540,1204,-8016,15,251,-114, 14328,2848,9920,415,-2439,-433, 16454358.00, 16456182.00
65308,16648,1100,-8480,-71,199,-154, 14316,3032,9496,567,-1999,-340, 16458589.00, 16461500.00
65330,16312,164,-8868,-188,211,-175, 13408,2496,8000,569,-2293,-259, 16464888.00, 16468284.00
65352,15640,304,-7528,-151,232,-105, 13240,2776,7624,347,-2851,-284, 16470568.00, 16472378.00
65374,15808,372,-6772,-43,228,-40, 13884,2268,6220,246,-3090,-201, 16473846.00, 16474397.00
65396,16324,716,-6620,95,200,-30, 15628,3184,5772,265,-2682,-171, 16474590.00, 16475372.00
65418,16840,824,-7336,93,192,-34, 15620,3692,4612,341,-2403,-113, 16476860.00, 16478645.00
65440,17060,932,-7344,76,222,-58, 15644,3692,3912,298,-2570,-49, 16480393.00, 16481858.00
65462,16924,1112,-7188,-81,255,-89, 15252,3504,3112,391,-2831,-52, 16483947.00, 16486493.00
65484,16036,644,-7008,-92,366,8, 14488,2580,868,334,-3280,29, 16488518.00, 16489820.00
65506,15516,352,-5844,85,419,119, 15348,2644,664,335,-3245,129, 16490724.00, 16491736.00
65527,16852,1196,-4824,298,314,161, 16328,4156,-240,340,-2750,152, 16493034.00, 16493549.00
65549,17472,1556,-5192,315,170,36, 17104,4628,-1716,291,-2361,114, 16493481.00, 16492772.00
65571,17676,1040,-5772,300,94,-16, 17320,4296,-2872,285,-1967,-4, 16491927.00, 16491524.00
65593,17508,1228,-6876,245,48,-59, 16452,3536,-4016,313,-1698,-20, 16491603.00, 16491492.00
65615,17084,1100,-6660,234,88,-15, 15572,3360,-4276,458,-1453,5, 16491252.00, 16491194.00
65637,15680,1352,-6272,245,57,-143, 15820,3680,-4268,380,-1393,3, 16491332.00, 16491847.00
65659,17392,1364,-6032,167,15,-123, 15552,3744,-5640,298,-1229,-27, 16492145.00, 16492221.00
65681,17272,1084,-6460,108,-7,-79, 15488,3524,-6124,261,-1032,1, 16492572.00, 16493343.00
65703,17356,1040,-6224,132,-27,-26, 15076,3836,-6416,274,-746,140, 16494372.00, 16495138.00
65725,17552,932,-6540,92,3,-104, 15036,3116,-6464,261,-593,236, 16495525.00, 16495871.00
65747,16328,1452,-6364,150,-29,-80, 14132,3108,-6520,273,-567,174, 16496193.00, 16496814.00
65768,16124,684,-6532,200,-7,-128, 13792,2936,-7028,319,-746,167, 16497180.00, 16497341.00
65790,16720,1648,-5520,137,15,-83, 15228,2480,-6688,339,-760,157, 16497136.00, 16496919.00
65812,17088,572,-5344,208,-32,5, 15312,2376,-6660,323,-559,119, 16496957.00, 16497304.00
65834,16948,652,-5096,215,-100,61, 14688,2224,-6760,284,-426,76, 16498330.00, 16499663.00
65856,16928,308,-5560,165,-85,47, 14608,2052,-7376,190,-408,76, 16500412.00, 16500728.00
65878,17056,480,-5808,80,-76,-15, 14552,2052,-7548,117,-322,53, 16501147.00, 16501472.00
65900,16968,528,-5812,32,-86,-16, 14256,2072,-7828,112,-174,69, 16501916.00, 16502437.00
65922,16808,376,-6028,27,-84,-19, 14380,1732,-7656,93,-88,79, 16503073.00, 16503673.00
65944,17040,840,-6172,104,-84,-25, 15116,1712,-7784,144,-33,-28, 16504069.00, 16504463.00
65966,16892,724,-6436,129,-102,-26, 13660,1848,-8188,37,-98,-102, 16505085.00, 16505724.00
65988,17004,704,-6288,58,-106,-16, 13716,2332,-8600,-39,-59,15, 16505975.00, 16505622.00
66009,17188,884,-6300,1,-86,6, 14728,2560,-8492,-66,145,41, 16505027.00, 16504255.00
66031,17596,832,-5764,-71,-85,-7, 15128,2300,-8144,-132,337,-14, 16503339.00, 16502150.00
66053,17164,1284,-6036,-143,-97,-73, 14884,2624,-7764,-160,612,-77, 16500718.00, 16498727.00
66075,16916,1232,-5860,-202,-186,-93, 15212,2860,-7216,-161,972,-94, 16496279.00, 16493603.00
66097,17192,1128,-5772,-241,-284,-92, 14992,1920,-6696,-216,1171,-131, 16491273.00, 16489405.00
66119,16328,736,-5116,-205,-270,73, 15784,2932,-5864,-284,1396,40, 16487671.00, 16486018.00
66141,16768,1168,-5512,-136,-399,-70, 16204,3076,-5684,-384,1753,-55, 16483999.00, 16481343.00
66163,16748,708,-5404,-145,-531,-122, 16456,3160,-4664,-498,2223,-148, 16478355.00, 16475581.00
66185,17356,1024,-6260,-124,-652,-147, 15860,2768,-4200,-508,2528,-203, 16473346.00, 16471891.00
66207,17296,928,-7240,-128,-627,-95, 15320,2312,-3780,-460,2506,-233, 16470656.00, 16469307.00
66228,16584,672,-7308,-149,-589,-94, 15240,2388,-2996,-536,2244,-182, 16467812.00, 16466274.00
66250,16440,1384,-7100,-205,-628,-104, 16100,3000,-1476,-607,2165,-177, 16464543.00, 16463499.00
66272,16312,1484,-7428,-127,-630,-92, 15988,3072,-648,-536,2201,-309, 16463084.00, 16462487.00
66294,16368,1568,-8028,-65,-596,-63, 15892,3404,504,-408,1926,-431, 16461812.00, 16460795.00
66316,16192,1376,-8240,-16,-524,-25, 15336,2984,552,-284,1564,-397, 16459035.00, 16456697.00
66338,16268,1300,-7680,-2,-527,-11, 15932,3936,988,-406,1562,-336, 16454751.00, 16453217.00
66360,16256,1452,-7832,-15,-543,-4, 16452,4160,1888,-582,1885,-275, 16451595.00, 16450052.00
66382,16868,2084,-8668,19,-523,46, 16576,4468,2228,-668,2141,-263, 16449234.00, 16448776.00
66404,16292,2036,-9224,22,-469,29, 16412,4484,2868,-567,2342,-216, 16447963.00, 16446159.00
66426,15520,512,-8616,170,-518,28, 15568,4164,3652,-541,2435,-217, 16444310.00, 16442938.00
66448,16008,1176,-9808,-7,-336,147, 14728,3536,5176,-558,2148,-75, 16441944.00, 16441064.00
66469,15664,1328,-9852,2,-272,121, 14532,3308,6496,-440,1867,85, 16439900.00, 16438927.00
66491,15516,1340,-9676,70,-243,103, 14052,3164,7136,-309,1641,192, 16438719.00, 16438524.00
66513,15676,1548,-9724,50,-222,68, 14820,3796,7276,-183,1351,157, 16437916.00, 16436558.00
66535,16132,1300,-9420,48,-204,85, 14968,3792,8020,-194,1241,52, 16435326.00, 16434272.00
66557,15908,1124,-9124,43,-214,47, 14360,3476,8540,-207,1235,24, 16432882.00, 16430969.00
66579,15684,1004,-9084,29,-220,87, 14240,3536,8856,-229,1330,-2, 16428441.00, 16425720.00
66601,16168,1000,-9728,-11,-209,65, 14520,3512,9120,-214,1433,5, 16423291.00, 16420464.00
66623,15792,728,-10232,-59,-178,15, 13908,3076,9204,-243,1380,12, 16417480.00, 16414157.00
66645,15580,720,-9668,-11,-142,52, 13124,3060,10148,-303,1273,95, 16410422.00, 16407027.00
66667,15836,1128,-9516,23,-143,31, 12808,3100,10588,-313,1229,121, 16403944.00, 16400917.00
66689,16148,1096,-9804,-53,-116,63, 12864,2972,10956,-318,1160,66, 16397569.00, 16394258.00
66710,15824,1140,-9940,-47,-104,46, 12556,3260,11772,-399,979,42, 16391033.00, 16387330.00
66732,15944,1256,-10084,-32,-97,46, 11988,2348,12268,-321,892,175, 16384196.00, 16381372.00
66754,15612,872,-9756,1,-69,-7, 11988,2336,12204,-195,734,154, 16378260.00, 16374839.00
66776,15360,580,-9516,20,-52,-11, 11700,1892,12328,-160,481,34, 16371055.00, 16366923.00
66798,15740,1256,-9664,-35,-79,-39, 12052,2268,12900,-108,395,-101, 16362939.00, 16359639.00
66820,15980,1264,-9460,-98,-79,-62, 11796,2984,12500,-100,384,-129, 16356716.00, 16353440.00
66842,15852,856,-9032,-100,-83,-40, 10988,2776,12588,-159,513,-73, 16350061.00, 16346739.00
66864,16092,1456,-9068,-102,-94,2, 10788,2916,13300,-192,533,1, 16343576.00, 16340761.00
66886,15796,1488,-9440,-110,-119,-20, 11072,2688,13348,-136,476,1, 16337965.00, 16334839.00
66908,15588,1048,-9260,-101,-137,-63, 10752,2540,13364,-83,306,-56, 16331729.00, 16328754.00
66929,15804,1624,-9900,-43,-120,-46, 10624,2788,13500,-59,69,-77, 16326675.00, 16326032.00
66951,15784,1464,-9792,-4,-126,-26, 10472,2892,13224,-74,-138,-21, 16326245.00, 16327327.00
66973,15872,1684,-9380,100,-112,5, 10820,2952,13300,-43,-128,78, 16328463.00, 16329546.00
66995,15792,1828,-9484,135,-100,7, 11220,3364,13360,-6,-77,121, 16330891.00, 16332704.00
67017,15988,1552,-10384,162,-101,19, 11388,2944,13288,-2,-217,129, 16335283.00, 16338853.00
67039,15796,992,-10760,248,-67,36, 11776,2812,12932,-10,-320,195, 16343250.00, 16348691.00
67061,15740,1000,-11416,367,-36,11, 12048,2260,12456,47,-616,296, 16355759.00, 16363331.00
67083,15504,1252,-11448,519,31,-18, 13104,2328,11936,90,-709,286, 16370083.00, 16376940.00
67105,15548,1820,-12768,549,161,-43, 14188,2936,11612,224,-815,360, 16384417.00, 16392269.00
67127,16108,1236,-10184,499,226,8, 14232,2872,11168,261,-1111,265, 16401019.00, 16410561.00
67149,15464,960,-12024,335,297,107, 13592,2832,10892,233,-1691,77, 16420546.00, 16431000.00
67170,15696,1168,-11032,229,414,136, 13368,2224,10440,353,-2257,-65, 16440861.00, 16448767.00
67192,15524,1268,-9444,150,481,154, 13308,2776,10220,493,-2511,-229, 16455193.00, 16461311.00
67214,16660,1172,-8860,115,519,29, 12988,2312,9744,635,-2700,-204, 16467645.00, 16473860.00
67236,15624,-316,-8164,170,555,71, 12796,2360,8112,662,-2942,-71, 16479298.00, 16483159.00
67258,16256,96,-6316,314,507,29, 13512,2572,7956,614,-2912,36, 16485841.00, 16487887.00
67280,16488,184,-6448,229,446,-92, 14548,3256,6896,506,-2796,47, 16490028.00, 16492455.00
67302,16144,472,-6296,72,424,-106, 14008,3152,5720,390,-2932,46, 16494969.00, 16496947.00
67324,16096,248,-6368,-49,433,-122, 14264,2876,4236,216,-3114,163, 16497958.00, 16498139.00
67346,15988,-184,-5780,-24,401,-209, 14756,2444,3576,134,-3008,383, 16497975.00, 16497183.00
67368,16680,-12,-6840,-131,400,-131, 15812,2472,2268,229,-2757,517, 16496436.00, 16496090.00
67389,16796,580,-7268,-152,445,-217, 16436,2228,1048,426,-2889,477, 16495568.00, 16495500.00
67411,16852,1028,-5728,131,490,-1, 16696,2504,220,567,-2984,275, 16496127.00, 16496721.00
67433,17676,1036,-5616,282,473,45, 17164,2940,-1112,582,-2897,-31, 16497038.00, 16497888.00
67455,17252,1932,-4860,291,347,33, 16840,3364,-1772,548,-2568,-178, 16499336.00, 16501076.00
67477,16984,968,-5496,135,244,20, 16348,3232,-3840,425,-2143,-189, 16502478.00, 16503040.00
67499,17496,632,-5540,111,192,-41, 16288,3104,-4588,360,-1778,-189, 16503169.00, 16503327.00
67521,18120,1372,-4636,128,66,-156, 16492,4068,-4264,264,-1333,-73, 16503399.00, 16503467.00
67543,17464,988,-5396,178,24,-9, 15900,3372,-5516,132,-905,-102, 16503926.00, 16505095.00
67565,16932,1016,-5844,125,-31,-23, 14848,3080,-5756,88,-757,-26, 16506208.00, 16506974.00
67587,16936,760,-5500,77,-53,-23, 15084,2844,-5588,74,-711,27, 16507095.00, 16507419.00
67609,16956,728,-5504,64,-108,-9, 15296,2712,-5872,31,-652,0, 16507541.00, 16507574.00
67630,16988,580,-5384,73,-110,-3, 14648,2664,-6192,21,-543,8, 16508035.00, 16508358.00
67652,17060,596,-5960,107,-90,-8, 14448,2476,-6692,-10,-578,64, 16508209.00, 16507896.00
67674,17092,664,-5612,99,-115,-50, 14964,2700,-6620,-15,-617,52, 16507422.00, 16506866.00
67696,17048,760,-5320,55,-149,2, 14996,2760,-6476,-39,-494,50, 16506422.00, 16506214.00
67718,16564,592,-6024,88,-202,-100, 13816,2564,-7048,-15,-428,18, 16506680.00, 16507087.00
67740,16876,676,-6024,144,-165,-88, 14052,2452,-6772,9,-532,71, 16507182.00, 16507334.00
67762,17192,500,-5984,143,-149,-47, 14472,2440,-7376,66,-488,112, 16507163.00, 16506720.00
67784,17200,808,-6368,129,-132,-51, 14304,2528,-7884,125,-430,123, 16506550.00, 16506518.00
67806,17120,896,-6228,165,-132,-36, 14456,2440,-7932,153,-381,106, 16506565.00, 16506632.00
67828,17132,928,-6048,144,-142,-4, 14672,2700,-7988,167,-245,43, 16506816.00, 16507079.00
67849,16940,780,-5824,99,-132,4, 14224,2412,-7812,129,-144,-9, 16507343.00, 16507782.00
67871,16824,468,-5976,56,-122,-17, 13748,2236,-7872,52,-137,27, 16507997.00, 16507999.00
67893,16856,708,-6068,41,-123,4, 13780,2144,-7928,18,-90,53, 16508014.00, 16507772.00
67915,17096,676,-6388,59,-134,8, 14012,2108,-8256,21,-88,83, 16507383.00, 16507188.00
67937,17244,612,-6340,67,-119,-3, 14380,2064,-8272,-4,-57,82, 16506699.00, 16506303.00
67959,17132,624,-5916,58,-126,-25, 14708,2216,-7992,-30,68,32, 16505677.00, 16504940.00
67981,17120,568,-5812,11,-134,-57, 14876,1980,-7968,-52,238,-81, 16503903.00, 16502452.00
68003,16772,416,-5792,-60,-151,-51, 14440,2068,-8024,-114,478,-151, 16500638.00, 16498400.00
68025,17028,732,-6420,-146,-166,-48, 15028,2836,-9376,-243,611,-173, 16496029.00, 16493429.00
68047,16912,1028,-6672,-218,-208,-67, 14380,2452,-8052,-257,815,-154, 16490734.00, 16488132.00
68069,17232,1228,-6692,-358,-234,-55, 15028,2456,-7848,-297,995,-138, 16485873.00, 16483695.00
68090,16684,860,-5904,-448,-344,-50, 15340,3048,-6708,-428,1168,-105, 16481501.00, 16479359.00
68112,17116,412,-5500,-445,-374,-111, 15448,2560,-5900,-651,1439,-68, 16477393.00, 16475909.00
68134,16212,1112,-6300,-422,-421,-151, 14544,2604,-5828,-727,1619,-29, 16474517.00, 16473094.00
68156,16792,1476,-6520,-373,-484,-155, 15300,3068,-4948,-699,1710,-29, 16471844.00, 16470976.00
68178,16896,1520,-7000,-387,-477,-132, 15244,2952,-4528,-704,1659,-107, 16469473.00, 16467558.00
68200,17008,1528,-7028,-372,-475,-163, 15972,3328,-3316,-676,1633,-159, 16465343.00, 16463561.00
68222,16560,1684,-6560,-330,-494,-169, 16216,3644,-2928,-695,1789,-195, 16462310.00, 16461095.00
68244,16320,2216,-6988,-284,-546,-160, 16216,3648,-2024,-689,2027,-210, 16459864.00, 16459015.00
68266,17096,2412,-7288,-189,-643,-188, 15976,4452,-2024,-712,2210,-240, 16458720.00, 16458154.00
68288,16916,2068,-8356,-215,-562,-107, 16000,4156,-1440,-667,2278,-167, 16457381.00, 16456253.00
68310,16368,2180,-8024,-105,-492,-57, 16244,4412,88,-732,2330,-175, 16451090.00, 16450233.00
68373,15724,2080,-8940,72,-453,17, 15360,3604,2036,-569,2213,-176, 16448789.00, 16446798.00
68395,16256,2076,-8696,66,-421,52, 15984,4188,3572,-602,2104,-226, 16444888.00, 16443747.00
68417,16664,2864,-8692,115,-397,96, 15868,4524,4588,-561,2253,-184, 16443126.00, 16442528.00
68438,16332,2096,-9156,109,-384,97, 15432,4444,5420,-529,2522,-33, 16442602.00, 16442747.00
68460,16140,1928,-9176,54,-382,145, 15256,4412,5824,-557,2671,74, 16442058.00, 16440437.00
68482,16016,1464,-9360,11,-354,149, 14284,3696,7328,-599,2660,138, 16438754.00, 16437844.00
68504,15584,1624,-9424,-10,-298,139, 12772,3312,8376,-575,2282,231, 16437700.00, 16436995.00
68526,15424,1500,-9720,-2,-259,160, 13236,3060,9280,-523,1817,253, 16435436.00, 16433218.00
68548,16024,1264,-9384,40,-251,148, 13580,2832,10500,-373,1706,260, 16430482.00, 16428603.00
68570,16060,1208,-9452,85,-241,97, 13248,2936,10816,-256,1665,297, 16427437.00, 16425778.00
68592,15708,1192,-9652,100,-210,38, 12772,3084,10792,-238,1601,263, 16424034.00, 16421861.00
68614,15732,1204,-9644,43,-179,49, 12312,2796,11644,-280,1375,213, 16418886.00, 16415037.00
68636,15732,1292,-9756,8,-168,40, 12284,2944,12136,-254,1245,148, 16410903.00, 16407230.00
68658,15892,1292,-10056,26,-144,44, 12040,2628,12496,-154,1050,80, 16404340.00, 16401521.00
68679,15544,1076,-9920,81,-123,55, 11532,2604,12388,-136,869,75, 16398762.00, 16395871.00
68701,15636,1280,-9968,75,-123,60, 11336,2700,12688,-69,859,164, 16393243.00, 16390686.00
68723,15612,1280,-10196,44,-110,71, 11768,3056,12320,-110,751,134, 16387610.00, 16383956.00
68745,16084,1408,-10188,0,-89,57, 11596,2740,13096,-187,585,49, 16380346.00, 16376648.00
68767,16040,1232,-10048,-24,-59,66, 11012,2180,13820,-147,489,35, 16373325.00, 16370770.00
68789,15628,912,-9772,14,-42,64, 10960,2368,13404,-126,371,17, 16368848.00, 16366110.00
68811,15756,936,-9420,27,-44,46, 10560,2180,13692,-93,402,30, 16363240.00, 16360986.00
68833,15892,956,-9704,28,-44,41, 10564,2256,13812,-50,317,44, 16358937.00, 16356921.00
68855,15664,964,-10112,-14,-50,18, 10820,2248,13600,-97,223,-6, 16355287.00, 16353724.00
68877,15680,912,-10036,-2,-36,-4, 10500,2436,13512,-89,190,55, 16352623.00, 16351729.00
68898,15740,1088,-9876,30,-19,1, 10680,2392,13800,-90,154,91, 16350729.00, 16350142.00
68920,15876,1108,-10452,42,1,-13, 10616,2384,13748,-41,24,126, 16350523.00, 16351969.00
68942,15740,1440,-9484,106,4,-9, 10244,2684,13604,-105,-97,110, 16360120.00, 16362652.00
69006,15876,792,-10440,211,43,6, 10424,1844,13748,-74,-299,258, 16366279.00, 16371163.00
69027,15532,948,-9172,291,50,14, 10488,1880,13628,-72,-698,243, 16377545.00, 16385446.00
69049,15512,676,-10572,408,89,42, 10592,1592,13400,16,-1203,294, 16394796.00, 16404008.00
69071,15496,1304,-9836,568,145,66, 11732,1620,12644,75,-1507,287, 16412097.00, 16418913.00
69093,15972,1972,-9876,579,183,-19, 12888,2312,12940,264,-1444,234, 16425010.00, 16431227.00
69115,16384,1308,-10392,484,267,30, 13404,2504,12264,420,-1543,131, 16437637.00, 16444600.00
69137,15664,372,-10656,441,324,1, 12076,1440,11816,555,-2207,60, 16452138.00, 16460023.00
69159,15700,-516,-9148,478,389,-54, 11744,1008,10476,694,-3068,-4, 16467142.00, 16473100.00
69181,15620,-76,-7044,600,407,-163, 13032,1372,8568,468,-3463,-134, 16477263.00, 16478980.00
69203,16124,320,-6408,568,349,-113, 15084,2000,9324,412,-2754,-224, 16479266.00, 16480236.00
69225,17348,424,-7700,310,269,-118, 15060,2612,8492,548,-2141,-119, 16483082.00, 16486801.00
69246,16860,220,-7900,55,238,-141, 14132,3112,7756,523,-2300,-23, 16491061.00, 16495772.00
69268,15748,-164,-7980,-194,261,-124, 12492,1748,6048,559,-3088,79, 16500014.00, 16503129.00
69290,15356,240,-6448,-47,310,-118, 12756,1500,4408,481,-3861,202, 16504511.00, 16503477.00
69312,15832,-128,-5128,426,400,66, 15096,2104,3188,357,-3727,364, 16501066.00, 16497736.00
69334,16928,812,-6728,485,395,47, 17920,3812,1684,333,-2832,398, 16494455.00, 16492603.00
69356,18560,1464,-7192,335,325,-93, 18532,4284,596,337,-2166,355, 16492335.00, 16493240.00
69378,17604,1796,-7132,231,353,-59, 17264,3864,-896,307,-1989,174, 16494359.00, 16495293.00
69400,16528,1096,-6852,155,368,-131, 15984,2704,-836,288,-2129,28, 16496353.00, 16497633.00
69422,16372,996,-6320,110,345,-135, 15772,2424,-1480,317,-2151,2, 16498977.00, 16499847.00
69444,16284,844,-6052,283,283,-126, 16020,2560,-2504,325,-1942,32, 16500243.00, 16500623.00
69466,17136,1136,-6564,317,217,-124, 16704,3028,-3384,331,-1768,-42, 16501378.00, 16502617.00
69487,17496,1448,-6612,282,201,-102, 16252,2756,-4128,400,-1721,-112, 16503776.00, 16504349.00
69509,17528,796,-6004,226,186,-113, 16032,2576,-4436,451,-1510,-79, 16504703.00, 16505357.00
69531,17072,668,-5476,230,144,-36, 16076,2712,-4800,369,-1282,-77, 16506467.00, 16508044.00
69553,16788,400,-5072,185,95,-45, 15332,2120,-5080,279,-1085,-32, 16509182.00, 16510228.00
69575,16948,436,-5080,166,102,5, 15188,2292,-5444,190,-975,-23, 16510986.00, 16511330.00
69597,17072,384,-5300,170,44,-22, 15216,2276,-5640,137,-902,-10, 16511551.00, 16511738.00
69619,17148,272,-5604,168,22,51, 14896,2012,-5920,140,-831,83, 16512295.00, 16512548.00
69641,17232,256,-5508,211,-15,15, 15148,1676,-6372,119,-737,110, 16512629.00, 16512980.00
69663,17364,328,-5336,181,-74,-12, 15776,1516,-6324,200,-532,16, 16514022.00, 16515488.00
69685,17068,500,-5560,209,-54,-41, 14652,1392,-6812,225,-465,-63, 16517001.00, 16517969.00
69707,17652,660,-5716,267,-24,-110, 16476,3344,-6616,435,-241,-176, 16518165.00, 16518684.00
69728,17352,332,-5716,160,-48,-74, 13536,1736,-7924,359,-82,-203, 16520758.00, 16522546.00
69750,16908,372,-5432,121,-59,6, 13200,2168,-7996,143,-182,72, 16523026.00, 16522382.00
69772,17048,764,-5560,116,-78,26, 15220,2172,-7200,130,-100,70, 16520598.00, 16519272.00
69794,17248,488,-5736,70,-61,5, 14080,1480,-7692,58,-12,56, 16518877.00, 16519017.00
69816,17148,340,-5472,32,-39,-40, 14532,1444,-7300,38,16,57, 16519028.00, 16518924.00
69838,17096,392,-5492,32,-67,-21, 14608,1616,-7176,-3,-1,3, 16518840.00, 16519017.00
69860,17124,768,-5404,46,-78,-12, 14528,1808,-7328,19,35,-7, 16518832.00, 16518183.00
69882,17216,760,-5336,16,-106,11, 14692,1804,-7340,6,122,-18, 16517420.00, 16516375.00
69904,17380,520,-4988,4,-117,-16, 15132,1796,-7016,-6,239,-15, 16515149.00, 16512658.00
69926,17264,552,-4648,-66,-170,-3, 15560,2092,-6856,-49,470,-49, 16509454.00, 16506062.00
69947,16820,684,-4548,-217,-280,66, 15264,1356,-6088,-139,815,12, 16502119.00, 16498740.00
69969,17044,236,-5216,-318,-371,70, 15260,2396,-6152,-276,1144,83, 16496315.00, 16494317.00
69991,17208,252,-5756,-348,-390,-17, 14776,1796,-6260,-366,1272,80, 16492551.00, 16490679.00
70013,16048,256,-5832,-365,-405,-19, 15476,1660,-5928,-450,1264,140, 16488447.00, 16485843.00
70035,17504,552,-5632,-410,-488,-67, 16564,1884,-4948,-556,1440,123, 16483330.00, 16481237.00
70057,16724,1320,-5624,-487,-616,-115, 16312,1888,-4520,-720,1766,79, 16479397.00, 16477033.00
70079,17172,784,-6660,-482,-650,-116, 16080,1772,-4028,-786,2089,41, 16474773.00, 16473295.00
70101,17236,1072,-6980,-437,-658,-48, 15736,2156,-3328,-764,2153,15, 16472554.00, 16471661.00
70123,16556,1316,-6888,-368,-658,-59, 15800,2164,-2068,-732,2092,11, 16470781.00, 16469319.00
70145,16228,1044,-7364,-397,-642,-108, 16220,1824,-2220,-703,2118,-12, 16467271.00, 16464922.00
70167,16724,1172,-7152,-466,-628,-77, 17092,2800,-1056,-841,2241,-132, 16463356.00, 16462689.00
70188,17112,1812,-7168,-417,-652,22, 17156,3276,1048,-833,2399,-240, 16461753.00, 16461157.00
70210,16892,1736,-6964,-250,-651,6, 16536,3308,1656,-801,2560,-400, 16461617.00, 16461666.00
70232,16204,1084,-8912,-168,-579,31, 15476,2120,1120,-769,2477,-409, 16460373.00, 16458415.00
70254,16152,1304,-9284,-182,-504,-2, 16020,2696,2684,-712,2353,-343, 16456697.00, 16455415.00
70276,16344,1840,-9180,-114,-479,-8, 15820,2916,3816,-692,2263,-276, 16455020.00, 16454338.00
70298,15788,1328,-9832,-152,-374,41, 15472,2640,4332,-527,2181,-219, 16453290.00, 16451982.00
70320,15880,1444,-9368,-85,-329,9, 15444,2692,5952,-373,1999,-196, 16450973.00, 16449837.00
70342,16224,1588,-8704,-45,-325,13, 15292,3252,6792,-337,1853,-241, 16448940.00, 16448437.00
70364,16188,1480,-8740,-75,-307,37, 14924,2732,7468,-274,1890,-194, 16447887.00, 16447536.00
70386,16080,1040,-8708,-132,-308,31, 14532,2788,7628,-311,1996,-157, 16447279.00, 16446657.00
70407,15732,1016,-9600,-183,-258,6, 14000,2180,8420,-392,1917,-104, 16445680.00, 16444217.00
70429,15476,1076,-9572,-169,-244,-56, 12676,2192,9576,-339,1563,-109, 16442647.00, 16441456.00
70451,15692,928,-9096,-144,-214,-81, 12576,1948,10656,-238,960,-118, 16440089.00, 16438184.00
70473,15484,1032,-9028,-113,-213,-178, 13312,1740,10580,-61,674,-201, 16435409.00, 16432093.00
70495,15948,1180,-8936,-185,-204,-66, 13320,2292,10560,-26,652,-268, 16428987.00, 16426195.00
70517,15944,1180,-9308,-201,-216,-118, 12736,2800,11120,-21,698,-157, 16423329.00, 16420627.00
70539,16404,1684,-9680,-149,-215,-120, 12640,3312,10720,5,638,-23, 16418398.00, 16416516.00
70561,15716,1876,-8732,-20,-223,-126, 12048,3192,10768,-22,404,-4, 16414275.00, 16410905.00
70583,15632,2192,-9444,-75,-215,-63, 12892,3176,10664,-97,507,66, 16406334.00, 16401752.00
70605,15748,2128,-10392,-132,-179,-68, 13304,3252,11284,-93,494,122, 16397479.00, 16393408.00
70627,16032,2800,-10344,-124,-144,-136, 13796,3560,11284,-86,342,-19, 16389314.00, 16384912.00
70648,15900,2916,-10624,-138,-109,-81, 13396,3852,11312,-56,327,-110, 16380945.00, 16377507.00
70670,15912,2616,-10576,-71,-86,-36, 12736,3768,11584,24,331,14, 16375174.00, 16373586.00
70692,15752,2636,-9800,20,-48,-10, 12784,3876,11028,26,253,96, 16372375.00, 16370292.00
70714,15596,2500,-9816,6,-38,16, 12340,3612,11636,-40,279,80, 16367743.00, 16365753.00
70736,15800,2504,-10144,38,-31,20, 12592,3416,11848,-2,160,113, 16364598.00, 16364618.00
70758,15668,2536,-9492,82,-16,30, 12648,3792,11604,-58,25,29, 16364235.00, 16362837.00
70780,15804,2208,-9552,88,-9,57, 11932,3108,12312,-68,228,143, 16361290.00, 16361044.00
70802,15732,1908,-9584,107,-14,59, 11824,2804,11872,-59,83,241, 16362125.00, 16363755.00
70824,14972,1976,-8984,104,-42,28, 11644,2520,11812,-81,-56,83, 16365290.00, 16372723.00
70887,17416,2300,-10604,158,-19,23, 12616,2852,11808,-74,-184,169, 16375056.00, 16377915.00
70909,16012,2332,-10128,229,41,97, 12784,2976,11924,-45,-336,210, 16381032.00, 16384687.00
70931,15932,2080,-10612,304,62,103, 13144,2476,11592,36,-387,237, 16388213.00, 16392324.00
70953,15708,2132,-10716,301,94,95, 13484,2756,11180,99,-564,214, 16397229.00, 16402693.00
70975,15808,2156,-10416,282,138,58, 13448,2588,10776,129,-901,65, 16408075.00, 16413592.00
70996,16048,2104,-10012,423,209,65, 14460,2788,10684,193,-909,-7, 16417696.00, 16434596.00
71060,15576,1600,-9432,247,336,111, 12896,2376,10544,293,-1174,16, 16440143.00, 16446319.00
71082,15868,1180,-7704,90,305,175, 12304,2312,9872,228,-1707,-166, 16452832.00, 16458287.00
71103,15988,908,-7116,64,302,68, 13380,1940,9392,178,-1807,-283, 16461630.00, 16463370.00
71125,16244,812,-6764,0,251,-19, 13684,2584,9476,129,-1452,-229, 16464509.00, 16466706.00
71147,16264,1160,-6860,-126,183,-4, 13428,2392,9408,197,-1340,-108, 16469618.00, 16472412.00
71169,16148,1116,-6952,-161,132,-44, 13348,2756,8592,207,-1660,-140, 16474339.00, 16476248.00
71191,15420,1376,-6644,-121,120,-73, 12752,2952,8076,186,-2141,-254, 16477962.00, 16479248.00
71213,15260,1024,-7840,-31,105,-47, 13112,2780,6680,368,-2866,-231, 16480379.00, 16481059.00
71235,16348,736,-7460,270,101,-151, 14508,2808,5016,553,-3304,-122, 16481208.00, 16481022.00
71257,16484,1352,-7404,369,144,-134, 15160,3908,3268,618,-3263,4, 16481228.00, 16482233.00
71279,17028,1464,-7376,427,132,-112, 16080,4188,2264,702,-2969,187, 16483828.00, 16485428.00
71301,16684,1268,-7216,435,188,-82, 15936,4000,656,658,-2771,303, 16486767.00, 16487919.00
71323,16680,1452,-6720,403,191,-49, 16280,3200,424,658,-2510,460, 16488908.00, 16489641.00
71344,16844,1296,-6532,251,150,-49, 16968,2984,-204,721,-2225,413, 16489944.00, 16490694.00
71366,16800,1416,-5564,348,116,-51, 16904,2912,-704,597,-1980,320, 16491770.00, 16492755.00
71388,16840,1240,-6276,412,71,-50, 16548,2900,-1564,513,-1761,213, 16493642.00, 16494475.00
71410,16432,1288,-6980,463,82,-4, 15824,2456,-3408,460,-1674,192, 16495587.00, 16496419.00
71432,16364,1744,-7388,262,-27,-1, 15896,2964,-3856,498,-1675,114, 16497409.00, 16498409.00
71454,17656,1448,-7732,130,-52,-110, 15664,2844,-4680,503,-1771,-10, 16499077.00, 16499828.00
71476,17048,2136,-7032,189,-72,-131, 14716,2368,-5260,538,-1978,-115, 16500739.00, 16501374.00
71498,17260,1868,-7524,254,-106,-109, 14256,2776,-6616,591,-2117,-40, 16501720.00, 16501807.00
71520,17612,2212,-6960,203,-33,44, 14968,2684,-6728,538,-1971,55, 16502225.00, 16503241.00
71542,16456,948,-5164,179,-149,1, 16200,3264,-6468,420,-1472,137, 16504611.00, 16505329.00
71563,17204,1556,-6136,128,-170,-4, 15236,2940,-9412,468,-740,138, 16506444.00, 16508977.00
71585,17208,1472,-6048,70,-178,90, 14328,2816,-9084,100,-530,328, 16511182.00, 16512319.00
71607,17016,1604,-6748,5,-148,67, 14664,2776,-7020,33,-335,417, 16512603.00, 16512597.00
71629,16848,1180,-6780,-86,-212,36, 15028,1420,-8052,45,-174,306, 16512896.00, 16512786.00
71651,16508,956,-7660,-73,-216,-6, 14360,836,-8372,36,-153,156, 16512488.00, 16512425.00
71673,16556,872,-7604,-100,-254,-46, 14044,636,-7964,152,-202,22, 16512460.00, 16512623.00
71695,16452,696,-7284,-63,-258,-26, 13876,884,-8312,166,-227,-62, 16513145.00, 16513868.00
71717,16920,800,-7592,-44,-219,-10, 13900,1460,-8868,94,-176,-53, 16514254.00, 16514140.00
71739,16852,848,-7872,-69,-198,-11, 13640,1288,-9288,43,-66,0, 16513848.00, 16513687.00
71761,16644,924,-8072,-84,-185,32, 13684,1060,-9312,-9,-35,61, 16513647.00, 16513372.00
71783,16512,792,-8272,-93,-173,21, 13784,1100,-9012,-65,-36,37, 16513026.00, 16512578.00
71804,16324,716,-8068,-150,-199,37, 13880,856,-8928,-121,-15,-19, 16512207.00, 16512078.00
71826,16448,916,-8568,-236,-230,119, 13692,860,-9084,-176,-49,-38, 16511890.00, 16511797.00
71848,16624,1512,-8928,-305,-216,221, 13584,1512,-9512,-146,-96,-96, 16511979.00, 16512305.00
71870,16436,1264,-9044,-467,-239,344, 13584,1920,-9360,-105,-113,-109, 16512624.00, 16513337.00
