time,faccx,faccy,faccz,fgyrx,fgyry,fgyrz,saccx,saccy,saccz,sgyrx,sgyry,sgyrz,load
6820,0.05,1.02,0.11,-0.61,1.43,-1.19,0.03,-0.01,1.07,-1.28,0.89,-0.34,16634825
6831,0.05,1.02,0.11,-0.27,1.74,-1.10,0.03,-0.01,1.07,-0.85,0.61,-0.27,16634989
6841,0.05,1.02,0.10,-2.17,1.56,-0.67,0.03,-0.01,1.07,-1.07,0.76,-0.40,16635903
6851,0.05,1.02,0.10,-2.84,2.72,-1.56,0.03,-0.01,1.07,-0.92,0.85,-0.55,16635836
6860,0.05,1.02,0.11,-1.56,2.11,-1.59,0.03,-0.01,1.07,-1.10,0.58,-0.37,16636525
6871,0.05,1.02,0.10,-2.08,2.53,-1.62,0.03,-0.01,1.07,-0.95,0.61,-0.70,16633941
6881,0.06,1.02,0.10,-2.53,2.26,-1.62,0.03,-0.01,1.07,-0.89,0.82,-0.49,16633536
6892,0.05,1.02,0.10,-3.39,2.32,-1.68,0.03,-0.01,1.07,-1.31,0.70,-0.24,16635596
6904,0.06,1.01,0.10,-3.78,2.01,-2.08,0.03,-0.01,1.07,-1.43,0.85,-0.27,16634937
6916,0.05,1.02,0.11,-3.69,2.47,-1.98,0.03,-0.01,1.07,-0.67,0.79,-0.37,16632458
6928,0.05,1.02,0.11,-2.04,2.14,-1.62,0.03,-0.01,1.07,-1.01,0.82,-0.55,16632691
6939,0.05,1.03,0.11,-1.28,2.08,-1.22,0.03,-0.01,1.07,-0.98,0.79,-0.40,16633944
6950,0.05,1.03,0.11,-1.04,2.29,-1.13,0.03,-0.01,1.07,-1.10,0.89,-0.40,16633464
6963,0.05,1.02,0.11,-1.86,2.17,-1.22,0.03,-0.01,1.07,-1.28,1.01,-0.21,16635103
6974,0.05,1.02,0.10,-3.23,1.65,-1.40,0.03,-0.01,1.07,-1.16,0.67,-0.27,16636660
6986,0.05,1.02,0.10,-3.05,2.11,-2.08,0.03,-0.01,1.07,-1.19,0.73,-0.55,16633968
6998,0.05,1.02,0.10,-2.99,2.20,-1.46,0.03,-0.01,1.07,-1.01,0.64,-0.37,16632836
7010,0.05,1.02,0.11,-2.17,2.26,-1.62,0.03,-0.01,1.07,-0.89,0.79,-0.27,16631801
7021,0.05,1.02,0.11,-1.77,2.26,-1.10,0.03,-0.01,1.07,-1.07,0.49,-0.31,16632963
7032,0.05,1.02,0.11,-1.59,2.17,-1.19,0.03,-0.01,1.07,-1.01,0.76,-0.52,16631101
7045,0.05,1.02,0.11,-2.04,2.23,-1.46,0.03,-0.01,1.07,-0.95,0.37,-0.31,16632951
7056,0.05,1.02,0.10,-2.90,2.11,-1.53,0.03,-0.01,1.07,-1.22,0.79,-0.34,16635094
7068,0.05,1.02,0.10,-2.78,2.14,-1.68,0.03,-0.01,1.07,-1.13,0.67,-0.43,16634905
7079,0.05,1.02,0.10,-2.53,2.17,-1.62,0.03,-0.01,1.07,-1.10,0.43,-0.24,16633952
7092,0.05,1.02,0.11,-1.89,2.08,-1.46,0.03,-0.01,1.07,-0.98,0.92,-0.18,16633988
7103,0.05,1.02,0.11,-1.77,2.32,-1.53,0.03,-0.01,1.07,-1.04,0.73,-0.43,16633882
7114,0.05,1.02,0.11,-1.95,2.20,-1.59,0.03,-0.01,1.07,-0.98,0.58,-0.70,16632404
7127,0.05,1.02,0.10,-2.29,2.23,-1.50,0.03,-0.01,1.07,-0.85,0.55,-0.37,16633457
7138,0.05,1.02,0.10,-2.87,1.98,-1.62,0.03,-0.01,1.07,-0.98,0.89,-0.43,16634772
7150,0.05,1.02,0.11,-2.41,2.11,-1.68,0.03,-0.01,1.07,-1.10,0.85,-0.40,16633057
7161,0.05,1.02,0.11,-2.20,2.35,-1.53,0.03,-0.01,1.07,-1.19,0.76,-0.18,16631999
7174,0.05,1.02,0.11,-1.92,2.11,-1.31,0.03,-0.01,1.07,-1.37,0.92,-0.31,16633421
7185,0.05,1.02,0.11,-2.11,2.29,-1.25,0.03,-0.01,1.07,-1.13,0.52,-0.27,16633102
7196,0.05,1.02,0.11,-2.32,2.20,-1.50,0.03,-0.01,1.07,-1.01,0.64,-0.37,16631346
7208,0.05,1.02,0.11,-2.44,2.04,-1.46,0.03,-0.01,1.07,-1.22,0.76,-0.27,16632959
7220,0.05,1.02,0.11,-2.56,2.08,-1.53,0.03,-0.01,1.07,-1.07,0.61,-0.27,16634489
7232,0.05,1.02,0.11,-2.32,2.11,-1.43,0.03,-0.01,1.07,-1.13,0.76,-0.27,16634036
7243,0.05,1.02,0.11,-2.01,2.32,-1.34,0.03,-0.01,1.07,-1.34,0.64,-0.18,16633707
7256,0.05,1.02,0.11,-2.32,1.98,-1.37,0.03,-0.01,1.07,-1.10,0.64,-0.31,16633393
7267,0.05,1.02,0.11,-2.23,2.01,-1.40,0.03,-0.01,1.07,-1.07,0.79,-0.31,16633477
7278,0.05,1.02,0.11,-2.20,2.04,-1.68,0.03,-0.01,1.07,-1.28,0.76,-0.12,16632139
7290,0.05,1.02,0.11,-2.47,2.04,-1.40,0.03,-0.01,1.07,-1.25,0.64,-0.15,16633557
7302,0.05,1.02,0.11,-2.38,2.08,-1.50,0.03,-0.01,1.07,-1.07,0.70,-0.46,16634254
7314,0.05,1.02,0.11,-2.29,2.44,-1.43,0.03,-0.01,1.07,-1.10,0.73,-0.27,16636682
7325,0.05,1.02,0.11,-2.11,2.35,-1.46,0.03,-0.01,1.07,-1.28,0.82,-0.40,16635572
7337,0.05,1.02,0.11,-2.35,2.11,-1.46,0.03,-0.01,1.07,-1.13,0.58,-0.27,16635313
7349,0.05,1.02,0.11,-2.35,1.95,-1.46,0.03,-0.01,1.07,-1.13,0.64,-0.34,16633926
7360,0.05,1.02,0.11,-2.23,2.38,-1.62,0.03,-0.01,1.07,-1.01,0.76,-0.37,16632496
7372,0.05,1.02,0.10,-2.38,2.11,-1.62,0.03,-0.01,1.07,-1.28,0.82,-0.18,16634591
7384,0.05,1.02,0.11,-2.23,2.23,-1.22,0.03,-0.01,1.07,-1.04,0.82,-0.40,16634533
7396,0.05,1.02,0.11,-2.01,2.26,-1.40,0.03,-0.01,1.07,-0.92,0.70,-0.40,16633119
7407,0.05,1.02,0.10,-2.26,2.04,-1.25,0.03,-0.01,1.07,-1.16,0.67,-0.24,16634434
7419,0.05,1.02,0.11,-2.20,2.11,-1.43,0.03,-0.01,1.07,-1.19,0.76,-0.37,16635016
7431,0.05,1.02,0.11,-2.20,2.01,-1.50,0.03,-0.01,1.07,-1.04,0.79,-0.27,16634954
7443,0.05,1.02,0.11,-1.98,2.32,-1.46,0.03,-0.01,1.07,-1.19,0.79,-0.43,16633638
7454,0.05,1.02,0.11,-2.04,2.26,-1.28,0.03,-0.01,1.07,-1.37,0.82,-0.18,16631974
7465,0.05,1.02,0.11,-1.98,2.08,-1.37,0.03,-0.01,1.07,-1.10,0.46,-0.31,16634110
7478,0.05,1.02,0.11,-2.41,1.92,-1.46,0.03,-0.01,1.07,-1.22,0.70,-0.27,16637058
7489,0.05,1.02,0.11,-2.38,2.29,-1.28,0.03,-0.01,1.07,-1.28,0.70,-0.40,16637490
7501,0.05,1.02,0.11,-2.11,2.23,-1.53,0.03,-0.01,1.07,-1.01,0.73,-0.43,16637411
7513,0.05,1.02,0.11,-2.29,2.23,-1.31,0.03,-0.01,1.07,-1.13,0.82,-0.27,16634077
7525,0.05,1.02,0.11,-2.17,2.20,-1.77,0.03,-0.01,1.07,-1.19,0.70,-0.31,16634745
7536,0.05,1.02,0.11,-2.11,2.23,-1.16,0.03,-0.01,1.07,-1.19,0.79,-0.46,16633332
7547,0.05,1.02,0.11,-2.41,1.98,-1.37,0.03,-0.01,1.07,-1.16,0.89,-0.09,16632950
7560,0.05,1.02,0.11,-2.41,2.01,-1.46,0.03,-0.01,1.07,-1.10,0.79,-0.40,16632881
7571,0.05,1.02,0.11,-2.26,2.11,-1.43,0.03,-0.01,1.07,-1.40,0.85,-0.52,16633285
7583,0.05,1.02,0.11,-2.29,2.14,-1.43,0.03,-0.01,1.07,-0.85,0.67,-0.06,16634125
7595,0.05,1.02,0.11,-2.11,2.26,-1.46,0.03,-0.01,1.07,-1.25,0.67,-0.27,16632763
7607,0.05,1.02,0.11,-1.95,2.14,-1.43,0.03,-0.01,1.07,-1.34,0.73,-0.34,16633107
7618,0.05,1.02,0.11,-2.41,2.38,-1.40,0.03,-0.01,1.07,-1.10,0.82,-0.37,16636243
7629,0.05,1.02,0.11,-2.20,2.14,-1.37,0.03,-0.01,1.07,-1.22,0.79,-0.27,16637660
7642,0.05,1.02,0.11,-2.38,2.23,-1.31,0.03,-0.01,1.07,-1.16,0.85,-0.40,16636642
7653,0.05,1.02,0.11,-2.26,2.20,-1.50,0.03,-0.01,1.07,-1.10,0.64,-0.34,16635822
7665,0.05,1.02,0.11,-2.23,2.20,-1.34,0.03,-0.01,1.07,-1.10,0.70,-0.61,16633617
7676,0.05,1.02,0.11,-2.14,1.95,-1.53,0.03,-0.01,1.07,-1.10,0.64,-0.18,16632722
7689,0.05,1.02,0.11,-2.35,2.35,-1.34,0.03,-0.01,1.07,-1.25,0.85,-0.37,16633027
7700,0.05,1.02,0.11,-2.20,2.29,-1.50,0.03,-0.01,1.07,-1.04,0.70,-0.49,16635804
7711,0.05,1.02,0.11,-2.20,2.04,-1.25,0.03,-0.01,1.07,-1.13,0.67,-0.31,16635870
7724,0.05,1.02,0.11,-2.29,2.17,-1.50,0.03,-0.01,1.07,-1.01,0.92,-0.46,16635811
7735,0.05,1.02,0.11,-2.32,2.17,-1.37,0.03,-0.01,1.07,-0.95,0.76,-0.40,16636529
7747,0.05,1.02,0.11,-2.50,2.14,-1.40,0.03,-0.01,1.07,-1.10,0.85,-0.49,16636720
7758,0.05,1.02,0.11,-2.14,2.59,-1.31,0.03,-0.01,1.07,-1.10,0.58,-0.40,16634879
7771,0.05,1.02,0.11,-2.23,2.29,-1.40,0.03,-0.01,1.07,-1.25,0.61,-0.40,16632527
7782,0.05,1.02,0.11,-2.20,2.11,-1.56,0.03,-0.01,1.07,-1.19,0.85,-0.24,16633108
7793,0.05,1.02,0.11,-2.20,2.08,-1.37,0.03,-0.01,1.07,-0.76,0.98,-0.34,16633058
7805,0.05,1.02,0.11,-2.14,2.20,-1.13,0.03,-0.01,1.07,-1.07,0.70,-0.21,16634580
7817,0.05,1.02,0.11,-2.17,2.08,-1.50,0.03,-0.01,1.07,-1.13,0.55,-0.37,16637374
7829,0.05,1.02,0.11,-2.38,2.35,-1.34,0.03,-0.01,1.07,-1.28,0.82,-0.21,16634986
7840,0.05,1.02,0.11,-2.04,2.41,-1.65,0.03,-0.01,1.07,-1.19,0.70,-0.34,16634697
7853,0.05,1.02,0.11,-2.17,2.17,-1.65,0.03,-0.01,1.07,-0.92,1.16,-0.46,16634610
7864,0.05,1.02,0.11,-2.29,2.38,-1.40,0.03,-0.01,1.07,-1.19,0.61,-0.15,16633355
7875,0.05,1.02,0.11,-2.29,1.98,-1.19,0.03,-0.01,1.07,-1.31,0.52,-0.37,16632564
7887,0.05,1.02,0.10,-2.26,2.08,-1.34,0.03,-0.01,1.07,-1.13,1.01,-0.49,16632709
7899,0.05,1.02,0.10,-2.23,2.23,-1.07,0.03,-0.01,1.07,-1.19,0.73,-0.37,16635627
7911,0.05,1.02,0.10,-2.29,2.29,-1.28,0.03,-0.01,1.07,-1.13,0.79,-0.09,16636861
7922,0.05,1.02,0.10,-2.14,2.47,-1.43,0.03,-0.01,1.07,-1.22,0.89,-0.21,16632405
7934,0.05,1.02,0.10,-2.32,2.35,-1.50,0.03,-0.01,1.07,-1.13,0.76,-0.21,16632925
7946,0.05,1.02,0.10,-2.26,2.17,-1.31,0.03,-0.01,1.07,-1.22,0.79,-0.27,16633839
7957,0.05,1.02,0.11,-2.20,2.08,-1.40,0.03,-0.01,1.07,-1.04,0.79,0.06,16636636
7969,0.05,1.02,0.11,-2.38,2.38,-1.46,0.03,-0.01,1.07,-1.07,0.49,-0.43,16634745
7981,0.05,1.02,0.11,-2.20,2.26,-1.46,0.03,-0.01,1.07,-1.10,0.70,-0.34,16634537
7993,0.05,1.02,0.11,-2.26,2.29,-1.40,0.03,-0.01,1.07,-1.01,0.58,-0.09,16633178
8004,0.05,1.02,0.11,-2.26,2.14,-1.37,0.03,-0.01,1.07,-1.25,0.82,-0.27,16635025
8016,0.05,1.02,0.11,-2.14,2.17,-1.34,0.03,-0.01,1.07,-1.19,0.85,-0.55,16636039
8028,0.05,1.02,0.11,-2.26,2.11,-1.40,0.03,-0.01,1.07,-1.01,0.76,-0.21,16634184
8039,0.05,1.02,0.11,-2.17,2.17,-1.46,0.03,-0.01,1.07,-1.34,0.40,-0.18,16633236
8051,0.05,1.02,0.10,-2.32,2.35,-1.62,0.03,-0.01,1.07,-1.07,0.64,-0.46,16635359
8062,0.05,1.02,0.11,-2.32,2.26,-1.31,0.03,-0.01,1.07,-1.19,0.40,-0.06,16636470
8075,0.05,1.02,0.10,-2.29,2.17,-1.53,0.03,-0.01,1.07,-0.89,0.70,-0.15,16633446
8086,0.05,1.02,0.11,-2.26,2.26,-1.53,0.03,-0.01,1.07,-1.04,0.70,-0.55,16633087
8098,0.05,1.02,0.11,-2.20,2.44,-1.40,0.03,-0.01,1.07,-1.10,0.73,-0.43,16633529
8110,0.05,1.02,0.11,-2.20,2.32,-1.43,0.03,-0.01,1.07,-1.04,0.61,-0.46,16633985
8122,0.05,1.02,0.11,-2.32,2.32,-1.71,0.03,-0.01,1.07,-0.95,0.61,-0.40,16633531
8133,0.05,1.02,0.11,-2.08,2.20,-1.50,0.03,-0.01,1.07,-1.07,0.55,-0.24,16633738
8144,0.05,1.02,0.11,-2.08,2.11,-1.77,0.03,-0.01,1.07,-1.19,0.67,-0.37,16635360
8157,0.05,1.02,0.11,-2.26,2.23,-1.56,0.03,-0.01,1.07,-1.31,0.67,-0.21,16635467
8168,0.05,1.02,0.11,-2.32,2.20,-1.40,0.03,-0.01,1.07,-1.07,0.73,-0.21,16634051
8180,0.05,1.02,0.11,-2.35,2.17,-1.40,0.03,-0.01,1.07,-1.10,0.82,-0.24,16633068
8192,0.05,1.02,0.11,-2.11,2.38,-1.40,0.03,-0.01,1.07,-1.07,0.85,-0.37,16632997
8204,0.05,1.02,0.11,-2.23,2.20,-1.53,0.03,-0.01,1.07,-0.98,0.79,-0.37,16632453
8215,0.05,1.02,0.11,-2.29,2.20,-1.50,0.03,-0.01,1.07,-1.31,0.70,-0.21,16635396
8226,0.05,1.02,0.11,-2.26,2.17,-1.37,0.03,-0.01,1.07,-0.92,0.49,-0.52,16635816
8239,0.05,1.02,0.11,-2.11,2.11,-1.50,0.03,-0.01,1.07,-1.25,0.79,-0.37,16634687
8250,0.05,1.02,0.11,-2.47,2.26,-1.28,0.03,-0.01,1.07,-1.16,1.01,-0.46,16633766
8262,0.05,1.02,0.11,-2.32,2.14,-1.50,0.03,-0.01,1.07,-1.10,0.73,-0.18,16632303
8273,0.05,1.02,0.11,-2.47,2.20,-1.53,0.03,-0.01,1.07,-0.98,0.79,-0.49,16633738
8286,0.05,1.02,0.11,-2.29,2.26,-1.68,0.03,-0.01,1.07,-1.07,0.40,-0.43,16633701
8297,0.05,1.02,0.11,-2.29,2.04,-1.28,0.03,-0.01,1.07,-1.10,0.61,-0.21,16633285
8308,0.05,1.02,0.11,-2.26,2.20,-1.53,0.03,-0.01,1.07,-1.13,0.79,-0.37,16634432
8321,0.05,1.02,0.11,-2.38,1.98,-1.34,0.03,-0.01,1.07,-0.98,0.76,-0.43,16632575
8332,0.05,1.02,0.11,-2.26,2.23,-1.28,0.03,-0.01,1.07,-1.10,0.85,-0.49,16632405
8344,0.05,1.02,0.11,-2.14,1.95,-1.31,0.03,-0.01,1.07,-1.25,0.73,-0.24,16634451
8355,0.05,1.02,0.11,-2.23,2.11,-1.37,0.03,-0.01,1.07,-0.95,0.98,-0.21,16635203
8368,0.05,1.02,0.11,-2.17,2.32,-1.37,0.03,-0.01,1.07,-0.89,0.70,-0.12,16632252
8379,0.05,1.02,0.11,-2.32,2.20,-1.43,0.03,-0.01,1.07,-1.10,0.92,-0.21,16632340
8390,0.05,1.02,0.11,-2.26,2.11,-1.65,0.03,-0.01,1.07,-1.22,1.01,-0.27,16635315
8402,0.05,1.02,0.11,-2.32,2.20,-1.59,0.03,-0.01,1.07,-1.25,0.70,-0.27,16636333
8414,0.05,1.02,0.11,-2.23,2.29,-1.25,0.03,-0.01,1.07,-1.10,0.64,-0.06,16635759
8426,0.05,1.02,0.10,-2.01,2.11,-1.65,0.03,-0.01,1.07,-1.19,1.04,-0.40,16636158
8437,0.05,1.02,0.11,-2.32,2.14,-1.37,0.03,-0.01,1.07,-1.19,0.92,-0.70,16633993
8450,0.05,1.02,0.11,-2.11,1.98,-1.68,0.03,-0.01,1.07,-1.25,0.64,-0.18,16631233
8461,0.05,1.02,0.10,-2.23,2.11,-1.43,0.03,-0.01,1.07,-0.95,0.73,-0.37,16632041
8472,0.05,1.02,0.10,-2.29,2.04,-1.40,0.03,-0.01,1.07,-1.13,0.73,-0.24,16632866
8484,0.05,1.02,0.10,-2.08,2.17,-1.19,0.03,-0.01,1.07,-1.28,0.79,-0.43,16630920
8496,0.05,1.02,0.11,-2.20,2.08,-1.37,0.03,-0.01,1.07,-1.19,0.67,-0.24,16632697
8508,0.05,1.02,0.11,-2.62,2.11,-1.40,0.03,-0.01,1.07,-0.95,0.49,-0.12,16634272
8519,0.05,1.02,0.10,-2.53,2.29,-1.31,0.03,-0.01,1.07,-1.25,0.58,-0.18,16633045
8531,0.05,1.02,0.11,-2.32,2.23,-1.40,0.03,-0.01,1.07,-1.10,0.85,-0.34,16631800
8543,0.05,1.02,0.11,-2.17,2.29,-1.43,0.03,-0.01,1.07,-1.34,0.64,-0.40,16634399
8554,0.05,1.02,0.11,-2.17,2.11,-1.53,0.03,-0.01,1.07,-1.13,0.55,-0.03,16635738
8566,0.05,1.02,0.10,-2.29,1.86,-1.77,0.03,-0.01,1.07,-0.89,0.58,-0.34,16634766
8578,0.05,1.02,0.11,-2.41,2.20,-1.40,0.03,-0.01,1.07,-1.04,0.89,-0.34,16634953
8590,0.05,1.02,0.11,-2.11,2.20,-1.56,0.03,-0.01,1.07,-1.01,0.82,-0.55,16633804
8601,0.05,1.02,0.11,-2.26,2.11,-1.28,0.03,-0.01,1.07,-0.92,0.79,-0.15,16633168
8613,0.05,1.02,0.11,-2.26,2.29,-1.31,0.03,-0.01,1.07,-1.19,0.92,-0.34,16635776
8625,0.05,1.02,0.11,-2.04,2.29,-1.40,0.03,-0.01,1.07,-1.01,0.67,-0.27,16635147
8636,0.05,1.02,0.11,-2.14,2.20,-1.50,0.03,-0.01,1.07,-1.01,0.82,-0.34,16632071
8648,0.05,1.02,0.11,-2.20,2.32,-1.28,0.03,-0.01,1.07,-1.10,0.89,-0.27,16632551
8659,0.05,1.02,0.11,-2.14,2.04,-1.68,0.03,-0.01,1.07,-1.31,0.85,-0.27,16634411
8672,0.05,1.02,0.11,-2.01,2.11,-1.37,0.03,-0.01,1.07,-1.07,0.76,-0.49,16634767
8683,0.05,1.02,0.11,-2.29,2.23,-1.50,0.03,-0.01,1.07,-1.10,0.55,-0.40,16633818
8695,0.05,1.02,0.11,-2.17,2.17,-1.56,0.03,-0.01,1.07,-1.31,0.92,-0.24,16633542
8707,0.05,1.02,0.11,-2.50,2.38,-1.25,0.03,-0.01,1.07,-1.19,0.89,-0.31,16633883
8718,0.05,1.02,0.11,-2.41,2.47,-1.37,0.03,-0.01,1.07,-1.01,0.61,-0.31,16633629
8730,0.05,1.02,0.11,-2.26,2.26,-1.59,0.03,-0.01,1.07,-0.95,0.79,-0.31,16633340
8741,0.05,1.02,0.10,-2.23,2.14,-1.34,0.03,-0.01,1.07,-1.07,0.76,-0.46,16631918
8754,0.05,1.02,0.10,-2.14,1.98,-1.46,0.03,-0.01,1.07,-1.22,0.34,-0.46,16632420
8765,0.05,1.02,0.10,-2.35,2.26,-1.53,0.03,-0.01,1.07,-1.13,0.79,-0.21,16633716
8777,0.05,1.02,0.10,-2.23,2.11,-1.46,0.03,-0.01,1.07,-0.85,0.98,-0.49,16635695
8788,0.05,1.02,0.10,-2.20,2.35,-1.13,0.03,-0.01,1.07,-0.95,0.79,-0.49,16635839
8800,0.05,1.02,0.10,-2.11,2.11,-1.46,0.03,-0.01,1.07,-1.01,0.70,-0.18,16634370
8812,0.05,1.02,0.11,-2.17,2.17,-1.62,0.03,-0.01,1.07,-1.13,0.55,-0.27,16632801
8823,0.05,1.02,0.11,-2.08,2.20,-1.56,0.03,-0.01,1.07,-1.22,0.67,-0.27,16632543
8836,0.05,1.02,0.11,-2.14,2.26,-1.28,0.03,-0.01,1.07,-1.01,0.73,-0.40,16633143
8847,0.05,1.02,0.10,-2.29,2.14,-1.40,0.03,-0.01,1.07,-1.07,0.67,-0.12,16633061
8859,0.05,1.02,0.10,-2.08,2.29,-1.56,0.03,-0.01,1.07,-1.07,0.55,-0.24,16632998
8870,0.05,1.02,0.10,-2.29,2.01,-1.28,0.03,-0.01,1.07,-1.07,0.73,-0.37,16633953
8883,0.05,1.02,0.11,-2.50,2.35,-1.37,0.03,-0.01,1.07,-1.37,0.64,-0.27,16632893
8894,0.05,1.02,0.11,-2.26,2.26,-1.46,0.03,-0.01,1.07,-1.25,0.79,-0.49,16632465
8905,0.05,1.02,0.10,-2.35,2.26,-1.34,0.03,-0.01,1.07,-1.22,0.76,-0.40,16632990
8918,0.05,1.02,0.11,-2.38,2.04,-1.43,0.03,-0.01,1.07,-1.19,0.73,-0.49,16634404
8929,0.05,1.02,0.11,-2.08,2.17,-1.56,0.03,-0.01,1.07,-1.13,0.76,-0.34,16633726
8941,0.05,1.02,0.10,-2.29,2.17,-1.46,0.03,-0.01,1.07,-1.16,1.13,-0.67,16633460
8952,0.05,1.02,0.11,-2.11,2.23,-1.46,0.03,-0.01,1.07,-1.01,0.79,-0.40,16633555
8965,0.05,1.02,0.11,-2.23,2.20,-1.40,0.03,-0.01,1.07,-1.10,0.73,-0.46,16633734
8976,0.05,1.02,0.11,-2.11,2.38,-1.80,0.03,-0.01,1.07,-1.25,0.82,-0.43,16634398
8987,0.05,1.02,0.11,-2.32,2.04,-1.86,0.03,-0.01,1.07,-1.13,0.95,-0.27,16635540
8999,0.05,1.02,0.11,-2.11,1.86,-1.65,0.03,-0.01,1.07,-1.07,0.92,-0.43,16634145
9011,0.05,1.02,0.11,-2.41,2.11,-1.31,0.03,-0.01,1.07,-1.34,0.89,-0.37,16633888
9023,0.05,1.02,0.11,-2.29,2.20,-1.40,0.03,-0.01,1.07,-1.28,0.73,-0.34,16635495
9034,0.05,1.02,0.11,-2.17,2.29,-1.16,0.03,-0.01,1.07,-0.92,0.79,-0.49,16634699
9047,0.05,1.02,0.11,-2.23,2.04,-1.71,0.03,-0.01,1.07,-1.04,0.64,-0.43,16632464
9058,0.05,1.02,0.11,-2.17,2.23,-1.59,0.03,-0.01,1.07,-1.04,0.64,-0.27,16633373
9069,0.05,1.02,0.11,-2.11,2.38,-1.53,0.03,-0.01,1.07,-0.98,0.92,-0.52,16634925
9081,0.05,1.02,0.11,-2.44,2.20,-1.56,0.03,-0.01,1.07,-0.95,0.82,-0.15,16635054
9093,0.05,1.02,0.11,-2.38,2.11,-1.71,0.03,-0.01,1.07,-1.25,0.82,-0.52,16636813
9105,0.05,1.02,0.11,-2.01,2.08,-1.56,0.03,-0.01,1.07,-0.82,0.73,-0.40,16635342
9116,0.05,1.02,0.11,-2.29,2.04,-1.65,0.03,-0.01,1.07,-1.16,0.73,-0.27,16635221
9128,0.05,1.02,0.11,-2.04,2.04,-1.31,0.03,-0.01,1.07,-1.19,0.67,-0.40,16634007
9140,0.05,1.02,0.10,-2.14,2.23,-1.37,0.03,-0.01,1.07,-1.31,0.70,-0.09,16635136
9151,0.05,1.02,0.10,-2.29,2.38,-1.50,0.03,-0.01,1.07,-0.79,0.64,-0.31,16636678
9163,0.05,1.02,0.11,-2.26,2.01,-1.43,0.03,-0.01,1.07,-1.37,0.92,-0.24,16635056
9175,0.05,1.02,0.11,-2.17,2.08,-1.37,0.03,-0.01,1.07,-1.13,0.79,-0.24,16635021
9187,0.05,1.02,0.10,-1.86,2.23,-1.16,0.03,-0.01,1.07,-1.10,0.76,-0.40,16634204
9198,0.05,1.02,0.10,-2.29,2.32,-1.50,0.03,-0.01,1.07,-1.22,0.67,-0.40,16634887
9210,0.05,1.02,0.11,-2.26,2.17,-1.50,0.03,-0.01,1.07,-1.19,0.64,-0.27,16633361
9222,0.05,1.02,0.11,-2.32,2.14,-1.31,0.03,-0.01,1.07,-1.13,0.64,-0.34,16634089
9233,0.05,1.02,0.11,-2.29,2.17,-1.56,0.03,-0.01,1.07,-1.16,0.92,-0.37,16633444
9245,0.05,1.02,0.11,-2.50,2.23,-1.53,0.03,-0.01,1.07,-1.19,0.61,-0.40,16635267
9256,0.05,1.02,0.11,-2.29,2.29,-1.50,0.03,-0.01,1.07,-1.56,0.73,-0.24,16634728
9269,0.05,1.02,0.11,-2.17,1.95,-1.43,0.03,-0.01,1.07,-1.25,0.79,-0.46,16636235
9280,0.05,1.02,0.11,-2.20,2.32,-1.68,0.03,-0.01,1.07,-1.13,0.64,-0.18,16636386
9292,0.05,1.02,0.11,-2.14,2.14,-1.65,0.03,-0.01,1.07,-1.22,0.73,-0.55,16633185
9304,0.05,1.02,0.11,-2.35,2.14,-1.65,0.03,-0.01,1.07,-1.25,0.70,-0.52,16631778
9315,0.05,1.02,0.11,-2.08,2.14,-1.50,0.03,-0.01,1.07,-1.31,0.82,-0.37,16633478
9327,0.05,1.02,0.11,-2.44,2.11,-1.50,0.03,-0.01,1.07,-1.07,0.95,-0.24,16633116
9338,0.05,1.00,0.10,-13.67,2.96,-1.04,0.03,-0.01,1.07,-0.95,0.73,-0.37,16632247
9351,0.06,1.02,0.11,-1.86,1.50,-3.91,0.03,-0.01,1.07,-1.31,0.64,-0.46,16639590
9362,0.05,1.02,0.12,-0.55,3.08,-2.29,0.03,-0.01,1.07,-1.59,0.98,-0.31,16638188
9374,0.05,1.03,0.12,2.26,1.31,-0.21,0.03,-0.01,1.07,-1.62,0.82,-0.40,16633173
9385,0.05,1.03,0.11,-0.06,2.04,-0.34,0.03,-0.01,1.07,-1.01,0.52,-0.21,16633923
9398,0.05,1.02,0.10,-2.04,1.86,-2.23,0.03,-0.01,1.07,-0.64,0.15,-0.03,16636970
9409,0.05,1.01,0.10,-3.45,2.20,-1.71,0.03,-0.01,1.07,-0.61,0.64,-0.18,16640178
9420,0.05,1.02,0.10,-4.18,2.23,-1.65,0.03,-0.01,1.07,-1.13,0.64,0.03,16634959
9433,0.05,1.02,0.11,-3.81,2.14,-1.40,0.03,-0.01,1.07,-1.31,0.55,-0.37,16635343
9444,0.05,1.02,0.11,-1.50,2.20,-1.37,0.03,-0.01,1.07,-1.22,0.82,-0.09,16638867
9456,0.05,1.02,0.11,-1.86,2.35,-1.80,0.03,-0.01,1.07,-1.40,0.92,-0.21,16639950
9467,0.05,1.02,0.10,-2.26,2.23,-1.28,0.03,-0.01,1.07,-1.40,0.43,-0.52,16641897
9480,0.05,1.02,0.10,-2.53,2.29,-1.43,0.03,-0.01,1.07,-1.13,0.95,-0.09,16641351
9491,0.05,1.02,0.11,-2.50,2.04,-1.53,0.03,-0.01,1.07,-0.95,0.76,-0.15,16636117
9502,0.05,1.02,0.11,-2.08,2.35,-1.56,0.03,-0.01,1.07,-0.73,0.49,-0.34,16637939
9515,0.05,1.02,0.11,-2.04,2.23,-1.71,0.03,-0.01,1.07,-1.04,0.67,-0.40,16644451
9526,0.05,1.02,0.11,-2.50,2.32,-1.04,0.03,-0.01,1.07,-1.04,0.89,-0.12,16644246
9538,0.05,1.02,0.10,-2.56,2.04,-1.25,0.03,-0.01,1.07,-1.01,0.64,-0.40,16649256
9549,0.05,1.02,0.10,-2.35,2.14,-1.16,0.03,-0.01,1.07,-1.16,0.85,-0.46,16655607
9562,0.05,1.02,0.11,-2.14,2.23,-1.22,0.03,-0.01,1.07,-1.25,0.64,-0.31,16662686
9573,0.05,1.02,0.11,-2.14,2.41,-1.43,0.03,-0.01,1.07,-1.10,0.73,-0.27,16671392
9584,0.05,1.02,0.11,-2.14,2.20,-1.28,0.03,-0.01,1.07,-1.16,0.76,-0.52,16676211
9596,0.05,1.02,0.11,-2.47,2.29,-1.22,0.03,-0.01,1.07,-1.10,0.79,-0.27,16678250
9608,0.05,1.02,0.11,-2.53,2.26,-1.04,0.03,-0.01,1.07,-1.22,0.52,-0.18,16682193
9620,0.05,1.02,0.11,-1.86,2.08,-1.43,0.03,-0.01,1.07,-1.19,0.46,-0.31,16688365
9631,0.05,1.02,0.11,-2.04,2.11,-1.34,0.03,-0.01,1.07,-1.04,1.01,-0.31,16690430
9644,0.05,1.02,0.11,-1.80,2.17,-1.43,0.03,-0.01,1.07,-1.16,0.64,-0.31,16695534
9655,0.05,1.02,0.11,-1.59,2.04,-1.59,0.03,-0.01,1.07,-1.46,0.61,-0.40,16699976
9666,0.05,1.02,0.11,-1.13,2.08,-1.77,0.03,-0.01,1.07,-1.40,0.85,-0.49,16704605
9678,0.05,1.03,0.11,0.70,2.26,-1.65,0.03,-0.01,1.07,-0.85,0.95,-0.31,16707825
9690,0.05,1.03,0.11,1.80,2.23,-0.79,0.03,-0.01,1.07,-1.13,0.67,-0.31,16708480
9702,0.05,1.01,0.10,-3.08,2.32,-1.43,0.03,-0.01,1.07,-1.10,0.76,-0.12,16711092
9713,0.05,1.00,0.09,-5.62,2.17,-1.98,0.03,-0.01,1.07,-1.25,0.79,-0.24,16711531
9725,0.05,1.02,0.11,-1.62,2.23,-1.43,0.03,-0.01,1.07,-1.28,0.95,-0.40,16712669
9737,0.05,1.03,0.11,0.40,2.11,-1.10,0.03,-0.01,1.07,-0.95,0.55,-0.15,16706737
9748,0.05,1.02,0.10,-2.75,2.53,-1.50,0.03,-0.01,1.07,-0.73,0.67,-0.49,16709061
9760,0.05,1.01,0.10,-4.39,1.95,-1.77,0.03,-0.01,1.07,-1.46,0.70,-0.24,16710703
9772,0.05,1.02,0.10,-2.20,2.29,-1.59,0.03,-0.01,1.07,-1.53,0.95,-0.27,16710643
9784,0.05,1.03,0.11,-0.09,2.17,-1.34,0.03,-0.01,1.07,-0.67,0.49,-0.21,16714064
9795,0.05,1.02,0.10,-1.86,2.17,-1.53,0.03,-0.01,1.07,-0.76,0.70,-0.52,16713975
9807,0.05,1.01,0.10,-3.88,2.17,-1.56,0.03,-0.01,1.07,-1.65,0.70,-0.34,16709739
9819,0.05,1.02,0.10,-2.26,2.38,-1.53,0.03,-0.01,1.07,-1.50,0.98,-0.40,16713139
9830,0.05,1.03,0.11,-0.79,2.20,-1.43,0.03,-0.01,1.07,-0.82,0.40,-0.43,16714772
9842,0.05,1.02,0.10,-2.47,2.08,-1.28,0.03,-0.01,1.07,-1.16,1.04,-0.43,16712641
9853,0.05,1.02,0.10,-3.94,2.41,-1.56,0.03,-0.01,1.07,-1.46,0.85,-0.46,16712265
9866,0.05,1.02,0.10,-2.44,2.08,-1.22,0.03,-0.01,1.07,-1.16,0.92,-0.55,16713516
9877,0.05,1.03,0.11,-1.46,2.14,-1.07,0.03,-0.01,1.07,-1.07,0.55,-0.27,16712949
9889,0.05,1.02,0.10,-3.63,2.38,-1.56,0.03,-0.01,1.07,-1.04,0.70,-0.43,16711944
9901,0.05,1.02,0.10,-3.69,2.04,-1.50,0.03,-0.01,1.07,-1.46,0.73,-0.58,16711525
9912,0.05,1.02,0.11,-2.01,2.23,-1.53,0.03,-0.01,1.07,-0.98,0.58,-0.15,16713467
9924,0.05,1.03,0.11,-1.83,2.23,-1.16,0.03,-0.01,1.07,-0.98,0.49,-0.46,16711770
9935,0.05,1.02,0.10,-3.27,2.44,-1.43,0.03,-0.01,1.07,-1.37,0.67,-0.40,16711935
9948,0.05,1.02,0.10,-2.78,2.14,-1.53,0.03,-0.01,1.07,-1.34,0.89,-0.34,16713013
9959,0.05,1.03,0.11,-1.31,2.11,-1.40,0.03,-0.01,1.07,-0.98,0.67,-0.18,16712248
9971,0.05,1.02,0.11,-1.86,2.20,-1.25,0.03,-0.01,1.07,-1.04,0.70,-0.34,16710082
9982,0.05,1.02,0.10,-2.62,2.32,-1.16,0.03,-0.01,1.07,-1.19,0.82,-0.40,16712831
9994,0.05,1.02,0.11,-2.23,2.11,-1.31,0.03,-0.01,1.07,-1.19,0.55,-0.18,16712583
10006,0.05,1.02,0.11,-1.43,2.14,-1.40,0.03,-0.01,1.07,-0.70,0.58,-0.27,16713980
10017,0.05,1.02,0.11,-1.95,2.47,-1.59,0.03,-0.01,1.07,-1.13,0.64,-0.37,16714346
10030,0.05,1.02,0.10,-2.56,2.44,-1.43,0.03,-0.01,1.07,-1.16,0.67,0.03,16712216
10041,0.05,1.02,0.11,-1.86,2.23,-1.37,0.03,-0.01,1.07,-1.28,0.76,-0.37,16711883
10053,0.05,1.02,0.11,-1.59,2.29,-1.53,0.03,-0.01,1.07,-0.73,0.52,-0.46,16712237
10064,0.05,1.02,0.10,-2.44,2.26,-1.46,0.03,-0.01,1.07,-0.82,0.85,-0.27,16711900
10077,0.05,1.02,0.10,-2.41,2.14,-1.50,0.03,-0.01,1.07,-1.16,0.67,-0.27,16712806
10088,0.05,1.02,0.10,-1.95,2.14,-1.31,0.03,-0.01,1.07,-0.92,0.64,-0.21,16711623
10099,0.05,1.02,0.10,-1.77,2.23,-1.31,0.03,-0.01,1.07,-1.25,0.76,-0.34,16709536
10112,0.05,1.02,0.10,-2.53,2.14,-1.46,0.03,-0.01,1.07,-1.22,0.61,-0.15,16712427
10123,0.05,1.02,0.10,-2.38,2.44,-1.43,0.03,-0.01,1.07,-1.13,0.89,-0.18,16713637
10135,0.05,1.02,0.10,-2.14,2.11,-1.43,0.03,-0.01,1.07,-1.04,0.46,-0.24,16711853
10146,0.05,1.02,0.10,-2.32,2.20,-1.59,0.03,-0.01,1.07,-1.04,0.70,-0.34,16710170
10159,0.05,1.02,0.10,-2.44,1.92,-1.59,0.03,-0.01,1.07,-0.95,0.85,-0.37,16711793
10170,0.05,1.02,0.10,-2.17,2.23,-1.74,0.03,-0.01,1.07,-1.04,0.76,-0.37,16711694
10181,0.05,1.02,0.10,-2.11,2.08,-1.25,0.03,-0.01,1.07,-0.92,0.52,-0.18,16711089
10193,0.05,1.02,0.10,-2.41,2.32,-1.40,0.03,-0.01,1.07,-1.22,0.92,-0.24,16709384
10205,0.05,1.02,0.10,-2.38,2.20,-1.62,0.03,-0.01,1.07,-1.07,0.82,-0.18,16710875
10217,0.05,1.02,0.11,-2.20,2.26,-1.25,0.03,-0.01,1.07,-1.04,0.73,-0.24,16711396
10228,0.05,1.02,0.10,-2.17,2.38,-1.62,0.03,-0.01,1.07,-1.10,0.58,-0.43,16710161
10241,0.05,1.02,0.10,-2.56,2.11,-1.53,0.03,-0.01,1.07,-1.22,0.79,-0.27,16713189
10252,0.05,1.02,0.10,-2.56,2.29,-1.53,0.03,-0.01,1.07,-1.16,0.64,-0.31,16711456
10263,0.05,1.02,0.10,-2.47,2.35,-1.40,0.03,-0.01,1.07,-1.22,0.82,-0.12,16709004
10275,0.05,1.02,0.10,-2.66,2.20,-1.37,0.03,-0.01,1.07,-1.13,0.73,-0.09,16709567
10287,0.05,1.02,0.10,-2.41,2.14,-1.43,0.03,-0.01,1.07,-1.01,0.76,-0.37,16710861
10299,0.05,1.02,0.10,-2.47,2.17,-1.43,0.03,-0.01,1.07,-1.10,0.55,-0.27,16711277
10310,0.05,1.02,0.11,-1.92,1.86,-1.43,0.03,-0.01,1.07,-1.10,0.79,-0.27,16712301
10322,0.05,1.02,0.11,-2.01,2.20,-1.37,0.03,-0.01,1.07,-1.07,0.67,-0.12,16711103
10334,0.05,1.02,0.11,-2.04,2.14,-1.40,0.03,-0.01,1.07,-1.01,0.55,-0.18,16711131
10345,0.05,1.02,0.11,-1.65,2.20,-1.59,0.03,-0.01,1.07,-1.16,0.79,-0.34,16712088
10357,0.05,1.02,0.11,-2.14,2.17,-1.31,0.03,-0.01,1.07,-1.01,0.64,-0.24,16710924
10369,0.05,1.02,0.10,-2.47,2.14,-1.31,0.03,-0.01,1.07,-1.04,0.79,-0.15,16710801
10381,0.05,1.02,0.10,-2.29,2.32,-1.43,0.03,-0.01,1.07,-1.01,0.79,-0.21,16713925
10392,0.05,1.02,0.10,-2.50,2.26,-1.16,0.03,-0.01,1.07,-0.89,0.82,-0.52,16712871
10404,0.05,1.02,0.10,-2.62,2.11,-1.46,0.03,-0.01,1.07,-0.92,0.52,-0.12,16708319
10416,0.05,1.02,0.10,-2.47,2.26,-1.56,0.03,-0.01,1.07,-1.04,0.76,-0.09,16708592
10427,0.05,1.02,0.10,-2.38,1.92,-1.53,0.03,-0.01,1.07,-0.95,0.58,-0.24,16712541
10439,0.05,1.02,0.11,-2.50,1.98,-1.59,0.03,-0.01,1.07,-1.28,0.61,-0.21,16712722
10450,0.05,1.02,0.11,-2.56,2.26,-1.43,0.03,-0.01,1.07,-1.16,0.85,-0.55,16713912
10463,0.05,1.02,0.11,-2.78,2.23,-1.46,0.03,-0.01,1.07,-1.13,0.82,-0.18,16713941
10474,0.05,1.02,0.11,-2.29,2.08,-1.28,0.03,-0.01,1.07,-1.07,0.64,-0.18,16713840
10486,0.05,1.02,0.11,-2.44,2.41,-1.34,0.03,-0.01,1.07,-0.85,1.01,-0.21,16713756
10498,0.05,1.02,0.11,-2.38,2.26,-1.59,0.03,-0.01,1.07,-1.25,0.79,-0.55,16714519
10509,0.05,1.02,0.11,-2.29,2.17,-1.40,0.03,-0.01,1.07,-1.13,0.76,-0.46,16716004
10521,0.05,1.02,0.11,-2.35,2.11,-1.50,0.03,-0.01,1.07,-1.34,0.67,-0.49,16710589
10532,0.05,1.02,0.10,-2.32,2.14,-1.71,0.03,-0.01,1.07,-1.56,0.70,-0.27,16709822
10545,0.05,1.02,0.10,-2.08,2.29,-1.16,0.03,-0.01,1.07,-1.04,0.73,-0.31,16711923
10556,0.05,1.02,0.11,-2.17,2.14,-1.37,0.03,-0.01,1.07,-1.28,0.55,-0.27,16708476
10568,0.05,1.02,0.11,-2.41,2.23,-1.43,0.03,-0.01,1.07,-1.13,0.76,-0.52,16708648
10579,0.05,1.02,0.11,-2.20,2.14,-1.19,0.03,-0.01,1.07,-1.07,0.82,-0.43,16712862
10591,0.05,1.02,0.11,-2.32,2.14,-1.37,0.03,-0.01,1.07,-1.01,0.95,-0.40,16712169
10603,0.05,1.02,0.10,-2.23,2.44,-1.34,0.03,-0.01,1.07,-1.10,0.64,-0.09,16712643
10614,0.05,1.02,0.10,-2.29,2.41,-1.50,0.03,-0.01,1.07,-1.04,0.64,-0.34,16711614
10627,0.05,1.02,0.11,-2.35,2.26,-1.56,0.03,-0.01,1.07,-1.16,0.70,-0.21,16711807
10638,0.05,1.02,0.11,-2.23,2.14,-1.37,0.03,-0.01,1.07,-1.07,0.92,-0.34,16714962
10650,0.05,1.02,0.11,-2.29,1.95,-1.19,0.03,-0.01,1.07,-1.16,0.73,-0.31,16711580
10661,0.05,1.02,0.11,-2.20,2.20,-1.10,0.03,-0.01,1.07,-1.04,0.82,-0.31,16709604
10674,0.05,1.02,0.11,-2.23,2.11,-1.37,0.03,-0.01,1.07,-1.22,0.79,-0.37,16712508
10685,0.05,1.02,0.11,-2.29,2.20,-1.53,0.03,-0.01,1.07,-0.98,0.82,-0.37,16709215
10696,0.05,1.02,0.11,-2.35,2.01,-1.43,0.03,-0.01,1.07,-1.07,0.64,-0.37,16712224
10708,0.05,1.02,0.11,-2.41,2.23,-1.56,0.03,-0.01,1.07,-0.98,0.67,-0.37,16716820
10720,0.05,1.02,0.11,-2.26,2.08,-1.56,0.03,-0.01,1.07,-1.07,0.64,-0.43,16711620
10732,0.05,1.02,0.11,-2.14,2.20,-1.28,0.03,-0.01,1.07,-1.13,0.70,-0.31,16712777
10743,0.05,1.02,0.10,-2.11,2.32,-1.37,0.03,-0.01,1.07,-0.79,0.49,-0.46,16712271
10756,0.05,1.02,0.10,-2.35,2.17,-1.43,0.03,-0.01,1.07,-1.34,0.82,-0.64,16713276
10767,0.05,1.02,0.10,-2.47,2.32,-1.25,0.03,-0.01,1.07,-1.31,0.76,-0.24,16710259
10778,0.05,1.02,0.10,-2.41,2.32,-1.34,0.03,-0.01,1.07,-1.19,0.70,-0.49,16711364
10790,0.05,1.02,0.10,-2.38,2.29,-1.56,0.03,-0.01,1.07,-1.04,0.89,-0.34,16709346
10802,0.05,1.02,0.10,-2.23,2.14,-1.40,0.03,-0.01,1.07,-1.10,0.82,-0.24,16708350
10814,0.05,1.02,0.10,-2.32,2.26,-1.37,0.03,-0.01,1.07,-1.07,0.82,-0.24,16708032
10825,0.05,1.02,0.10,-2.41,2.35,-1.50,0.03,-0.01,1.07,-0.76,0.82,-0.40,16707928
10838,0.05,1.02,0.10,-2.44,2.01,-1.25,0.03,-0.01,1.07,-1.25,0.58,-0.27,16709066
10849,0.05,1.02,0.10,-2.38,2.26,-1.74,0.03,-0.01,1.07,-1.01,0.85,-0.58,16709140
10860,0.05,1.02,0.10,-2.23,2.41,-1.37,0.03,-0.01,1.07,-1.40,0.61,-0.24,16709612
10872,0.05,1.02,0.10,-2.44,2.04,-1.46,0.03,-0.01,1.07,-0.98,0.61,-0.09,16708873
10884,0.05,1.02,0.10,-2.14,2.26,-1.34,0.03,-0.01,1.07,-1.13,0.89,-0.24,16707986
10896,0.05,1.02,0.10,-2.11,2.32,-1.65,0.03,-0.01,1.07,-1.22,0.85,-0.18,16708840
10907,0.05,1.02,0.10,-2.26,2.26,-1.59,0.03,-0.01,1.07,-0.98,0.55,-0.34,16707799
10919,0.05,1.02,0.10,-2.38,2.41,-1.34,0.03,-0.01,1.07,-1.22,0.79,-0.27,16709077
10931,0.05,1.02,0.10,-2.56,2.14,-1.46,0.03,-0.01,1.07,-1.16,0.76,-0.21,16709301
10942,0.05,1.02,0.10,-3.20,1.95,-1.53,0.03,-0.01,1.07,-0.89,0.82,-0.27,16708164
10954,0.05,1.02,0.10,-3.23,2.44,-1.56,0.03,-0.01,1.07,-1.01,0.73,-0.40,16708497
10966,0.05,1.02,0.11,-2.44,2.11,-1.59,0.03,-0.01,1.07,-1.07,0.52,-0.12,16708424
10978,0.05,1.02,0.11,-2.69,2.29,-1.40,0.03,-0.01,1.07,-0.89,0.73,-0.27,16710428
10989,0.05,1.02,0.11,-2.69,2.20,-1.50,0.03,-0.01,1.07,-1.10,0.49,-0.43,16714262
11001,0.05,1.02,0.11,-2.08,2.41,-1.46,0.03,-0.01,1.07,-1.07,0.70,-0.27,16713046
11013,0.05,1.02,0.11,-1.92,1.98,-1.25,0.03,-0.01,1.07,-0.89,0.70,-0.24,16712312
11024,0.05,1.02,0.11,-2.62,2.14,-1.43,0.03,-0.01,1.07,-1.13,0.67,-0.40,16712654
11036,0.05,1.02,0.11,-2.69,2.14,-1.50,0.03,-0.01,1.07,-1.07,0.70,-0.49,16709412
11047,0.05,1.02,0.11,-2.11,2.32,-1.62,0.03,-0.01,1.07,-1.22,0.67,-0.21,16709087
11060,0.05,1.02,0.11,-2.11,2.17,-1.04,0.03,-0.01,1.07,-0.98,0.82,-0.03,16711804
11071,0.05,1.02,0.11,-2.41,2.04,-1.31,0.03,-0.01,1.07,-1.01,0.76,-0.03,16710596
11083,0.05,1.02,0.11,-2.32,2.14,-1.13,0.03,-0.01,1.07,-1.10,0.70,-0.40,16710506
11095,0.05,1.02,0.11,-2.08,2.26,-1.01,0.03,-0.01,1.07,-1.19,0.55,-0.49,16709412
11106,0.05,1.02,0.11,-2.20,2.32,-1.71,0.03,-0.01,1.07,-1.13,0.79,-0.21,16707584
11118,0.05,1.02,0.11,-2.44,2.26,-1.46,0.03,-0.01,1.07,-1.07,0.76,-0.21,16710793
11129,0.05,1.02,0.11,-2.53,2.11,-1.40,0.03,-0.01,1.07,-1.16,0.79,-0.37,16711774
11142,0.05,1.02,0.11,-1.71,2.14,-1.16,0.03,-0.01,1.07,-1.13,0.79,-0.58,16707957
11153,0.05,1.02,0.11,-2.32,2.44,-1.43,0.03,-0.01,1.07,-1.16,0.55,-0.34,16709726
11165,0.05,1.02,0.10,-2.47,2.32,-1.59,0.03,-0.01,1.07,-1.25,0.82,-0.24,16708903
11176,0.05,1.02,0.11,-2.17,2.35,-1.50,0.03,-0.01,1.07,-1.13,0.89,-0.12,16709422
11188,0.05,1.02,0.11,-2.01,2.35,-1.31,0.03,-0.01,1.07,-1.04,0.70,-0.40,16709942
11200,0.05,1.02,0.10,-2.32,2.23,-1.37,0.03,-0.01,1.07,-1.10,0.67,-0.58,16709245
11211,0.05,1.02,0.10,-2.17,2.23,-1.43,0.03,-0.01,1.07,-1.25,0.89,-0.24,16710299
11224,0.05,1.02,0.11,-2.11,1.95,-1.50,0.03,-0.01,1.07,-1.19,0.73,-0.58,16711591
11235,0.05,1.02,0.11,-2.14,2.38,-1.53,0.03,-0.01,1.07,-0.98,0.85,-0.49,16708882
11247,0.05,1.02,0.10,-2.29,2.20,-1.59,0.03,-0.01,1.07,-0.98,0.89,-0.34,16709939
11258,0.05,1.02,0.11,-2.26,2.47,-1.50,0.03,-0.01,1.07,-1.01,0.61,-0.34,16711937
11270,0.05,1.02,0.11,-2.14,2.14,-1.53,0.03,-0.01,1.07,-1.04,0.61,-0.21,16710404
11282,0.05,1.02,0.10,-2.32,2.04,-1.40,0.03,-0.01,1.07,-1.16,0.61,-0.34,16711046
11293,0.05,1.02,0.10,-2.44,2.32,-1.59,0.03,-0.01,1.07,-1.19,0.73,-0.58,16712859
11305,0.05,1.02,0.11,-2.14,2.41,-1.62,0.03,-0.01,1.07,-1.07,0.76,-0.24,16709430
11317,0.05,1.02,0.11,-2.26,1.98,-1.53,0.03,-0.01,1.07,-0.92,0.61,-0.12,16708476
11329,0.05,1.02,0.11,-2.50,2.14,-1.46,0.03,-0.01,1.07,-1.01,0.76,-0.37,16709589
11340,0.05,1.02,0.11,-2.41,2.17,-1.56,0.03,-0.01,1.07,-1.25,0.67,-0.31,16711138
11353,0.05,1.02,0.11,-2.11,2.11,-1.34,0.03,-0.01,1.07,-0.92,1.04,-0.46,16710616
11364,0.05,1.02,0.11,-2.32,2.44,-1.59,0.03,-0.01,1.07,-1.01,0.67,-0.24,16713535
11375,0.05,1.02,0.11,-2.20,2.41,-1.37,0.03,-0.01,1.07,-1.16,0.46,-0.31,16714515
11387,0.05,1.02,0.11,-2.20,2.17,-1.43,0.03,-0.01,1.07,-1.16,0.79,0.00,16711985
11399,0.05,1.02,0.11,-2.26,2.17,-1.34,0.03,-0.01,1.07,-1.13,0.61,0.00,16713691
11411,0.05,1.02,0.11,-1.92,2.23,-1.65,0.03,-0.01,1.07,-1.16,0.73,-0.31,16715199
11422,0.05,1.02,0.11,-2.35,2.14,-1.43,0.03,-0.01,1.07,-1.10,0.82,-0.37,16712843
11435,0.05,1.02,0.11,-2.44,2.20,-1.46,0.03,-0.01,1.07,-0.82,0.61,-0.12,16714836
11446,0.05,1.02,0.11,-2.35,2.26,-1.59,0.03,-0.01,1.07,-1.13,0.70,-0.34,16713218
11457,0.05,1.02,0.11,-2.38,2.23,-1.34,0.03,-0.01,1.07,-1.13,0.73,-0.06,16710601
11469,0.05,1.02,0.11,-2.14,2.17,-1.46,0.03,-0.01,1.07,-1.01,0.58,-0.31,16707420
11481,0.05,1.02,0.11,-2.50,2.23,-1.53,0.03,-0.01,1.07,-0.98,0.49,-0.27,16706757
11493,0.05,1.02,0.11,-2.11,2.53,-1.37,0.03,-0.01,1.07,-1.01,0.85,-0.43,16708126
11504,0.05,1.02,0.10,-2.35,2.23,-1.62,0.03,-0.01,1.07,-1.16,0.67,-0.34,16709584
11516,0.05,1.02,0.10,-2.59,2.29,-1.43,0.03,-0.01,1.07,-1.10,0.82,-0.40,16708572
11528,0.05,1.02,0.10,-2.32,2.17,-1.40,0.03,-0.01,1.07,-1.16,0.76,-0.46,16707722
11539,0.05,1.02,0.10,-2.44,2.17,-1.46,0.03,-0.01,1.07,-1.16,0.85,0.00,16708362
11551,0.05,1.02,0.11,-2.38,2.14,-1.43,0.03,-0.01,1.07,-1.07,0.70,-0.49,16710609
11563,0.05,1.02,0.11,-2.20,2.20,-1.65,0.03,-0.01,1.07,-1.10,0.79,-0.40,16708995
11575,0.05,1.02,0.11,-2.23,2.26,-1.50,0.03,-0.01,1.07,-0.98,0.61,-0.24,16707838
11586,0.05,1.02,0.11,-2.23,2.20,-1.25,0.03,-0.01,1.07,-0.82,0.95,-0.21,16710442
11598,0.05,1.02,0.11,-2.17,2.11,-1.80,0.03,-0.01,1.07,-1.04,0.82,-0.27,16708735
11610,0.05,1.02,0.11,-2.17,2.17,-1.46,0.03,-0.01,1.07,-1.04,0.79,-0.34,16711578
11621,0.05,1.02,0.11,-2.35,2.20,-1.68,0.03,-0.01,1.07,-1.07,0.24,-0.12,16712001
11633,0.05,1.02,0.11,-2.11,2.04,-1.19,0.03,-0.01,1.07,-1.04,0.67,-0.21,16712028
11644,0.05,1.02,0.11,-2.14,2.11,-1.43,0.03,-0.01,1.07,-0.95,0.64,-0.27,16712224
11657,0.05,1.02,0.11,-2.17,2.26,-1.59,0.03,-0.01,1.07,-1.37,0.76,-0.21,16712767
11668,0.05,1.02,0.11,-2.08,2.14,-1.53,0.03,-0.01,1.07,-1.13,0.92,-0.52,16710215
11680,0.05,1.02,0.11,-1.86,2.26,-1.50,0.03,-0.01,1.07,-1.10,0.64,-0.55,16709947
11692,0.05,1.02,0.11,-1.74,2.14,-1.19,0.03,-0.01,1.07,-1.19,0.73,-0.15,16708742
11703,0.05,1.02,0.11,-1.98,2.26,-1.53,0.03,-0.01,1.07,-1.10,0.61,-0.24,16708854
11715,0.05,1.02,0.11,-2.35,2.20,-1.28,0.03,-0.01,1.07,-0.95,0.76,-0.43,16710561
11726,0.05,1.02,0.11,-2.44,2.38,-1.43,0.03,-0.01,1.07,-0.89,0.85,-0.49,16713418
11739,0.05,1.02,0.11,-2.69,2.29,-1.62,0.03,-0.01,1.07,-0.92,0.73,-0.24,16712991
11750,0.05,1.02,0.11,-2.47,2.35,-1.31,0.03,-0.01,1.07,-1.25,0.46,-0.58,16716024
11762,0.05,1.02,0.10,-2.41,2.20,-1.43,0.03,-0.01,1.07,-1.07,0.70,-0.12,16714183
11773,0.05,1.02,0.11,-2.62,2.50,-1.34,0.03,-0.01,1.07,-1.01,0.58,-0.43,16714915
11785,0.05,1.02,0.11,-2.41,2.23,-1.40,0.03,-0.01,1.07,-1.28,0.76,-0.31,16713610
11797,0.05,1.02,0.11,-2.20,2.17,-1.46,0.03,-0.01,1.07,-1.01,0.64,-0.37,16711574
11808,0.05,1.02,0.11,-2.08,2.35,-1.34,0.03,-0.01,1.07,-1.01,0.76,-0.46,16714386
11821,0.05,1.02,0.11,-2.17,1.95,-1.16,0.03,-0.01,1.07,-1.25,0.82,-0.43,16715797
11832,0.05,1.02,0.11,-2.66,2.38,-1.59,0.03,-0.01,1.07,-1.01,0.70,-0.27,16715187
11844,0.05,1.02,0.11,-2.50,2.23,-1.77,0.03,-0.01,1.07,-1.31,0.61,-0.37,16712621
11855,0.05,1.02,0.11,-2.59,2.32,-1.43,0.03,-0.01,1.07,-1.07,1.01,-0.40,16715440
11867,0.05,1.02,0.11,-2.59,2.17,-1.31,0.03,-0.01,1.07,-1.19,0.64,-0.34,16712623
11879,0.05,1.02,0.11,-2.47,1.98,-1.28,0.03,-0.01,1.07,-1.25,0.92,-0.40,16710855
11890,0.05,1.02,0.11,-2.08,2.08,-1.40,0.03,-0.01,1.07,-0.95,0.64,0.06,16715514
11902,0.05,1.02,0.11,-1.98,1.95,-1.77,0.03,-0.01,1.07,-1.31,0.76,-0.18,16713898
11914,0.05,1.02,0.11,-1.86,2.01,-1.13,0.03,-0.01,1.07,-1.10,0.43,-0.43,16711031
11926,0.05,1.02,0.11,-2.08,2.08,-1.19,0.03,-0.01,1.07,-1.07,0.89,-0.21,16710085
11937,0.05,1.02,0.11,-2.26,2.04,-1.65,0.03,-0.01,1.07,-1.22,0.79,-0.40,16713227
11949,0.05,1.02,0.11,-2.38,2.20,-1.43,0.03,-0.01,1.07,-1.34,0.76,-0.24,16714620
11961,0.05,1.02,0.10,-2.41,2.26,-1.40,0.03,-0.01,1.07,-1.19,0.67,-0.21,16714086
11972,0.05,1.02,0.11,-2.23,2.11,-1.28,0.03,-0.01,1.07,-1.04,0.95,-0.27,16711837
11984,0.05,1.02,0.11,-2.17,2.29,-1.28,0.03,-0.01,1.07,-0.92,0.98,-0.49,16710130
11996,0.05,1.02,0.11,-1.95,2.26,-1.25,0.03,-0.01,1.07,-1.16,0.79,-0.31,16712134
12008,0.05,1.02,0.11,-1.92,2.32,-1.25,0.03,-0.01,1.07,-1.16,0.64,-0.18,16710104
12019,0.05,1.02,0.11,-2.04,2.04,-1.34,0.03,-0.01,1.07,-1.04,0.79,-0.31,16709579
12030,0.05,1.02,0.11,-2.26,2.17,-1.46,0.03,-0.01,1.07,-1.13,0.55,-0.43,16711000
12043,0.05,1.02,0.11,-2.50,2.29,-1.34,0.03,-0.01,1.07,-1.25,0.92,-0.40,16710259
12054,0.05,1.02,0.10,-2.87,1.98,-1.56,0.03,-0.01,1.07,-0.95,0.73,-0.27,16712854
12066,0.05,1.02,0.10,-2.84,2.08,-1.34,0.03,-0.01,1.07,-0.92,0.82,-0.34,16717171
12078,0.05,1.02,0.11,-2.47,2.17,-1.53,0.03,-0.01,1.07,-1.40,0.64,-0.24,16715408
12090,0.05,1.02,0.11,-2.62,2.26,-1.40,0.03,-0.01,1.07,-1.10,0.52,-0.24,16712546
12101,0.05,1.02,0.11,-2.59,2.11,-1.62,0.03,-0.01,1.07,-0.98,0.89,-0.46,16711771
12112,0.05,1.02,0.11,-2.35,2.20,-1.40,0.03,-0.01,1.07,-1.04,0.55,-0.46,16710856
12125,0.05,1.02,0.11,-2.38,1.98,-1.46,0.03,-0.01,1.07,-1.04,0.61,-0.34,16710589
12136,0.05,1.02,0.10,-2.47,2.26,-1.40,0.03,-0.01,1.07,-0.92,0.67,-0.27,16712967
12148,0.05,1.02,0.10,-2.38,2.35,-1.37,0.03,-0.01,1.07,-1.16,0.52,-0.27,16717362
12160,0.05,1.02,0.11,-2.04,2.01,-1.56,0.03,-0.01,1.07,-1.04,0.76,-0.18,16715611
12172,0.05,1.02,0.11,-2.17,2.26,-1.59,0.03,-0.01,1.07,-1.22,0.58,-0.18,16713998
12183,0.05,1.02,0.11,-2.32,2.14,-1.31,0.03,-0.01,1.07,-1.07,0.61,-0.12,16714006
12195,0.05,1.02,0.11,-2.26,2.26,-1.16,0.03,-0.01,1.07,-1.34,0.46,-0.40,16711709
12207,0.05,1.02,0.11,-2.17,1.98,-1.46,0.03,-0.01,1.07,-1.07,0.73,-0.34,16708956
12218,0.05,1.02,0.11,-2.14,2.17,-1.40,0.03,-0.01,1.07,-0.98,0.85,-0.27,16708832
12230,0.05,1.02,0.11,-2.23,2.17,-1.37,0.03,-0.01,1.07,-1.01,0.55,-0.43,16712153
12241,0.05,1.02,0.11,-2.20,1.92,-1.28,0.03,-0.01,1.07,-1.22,0.70,-0.21,16713285
12254,0.05,1.02,0.11,-2.17,2.32,-1.16,0.03,-0.01,1.07,-0.98,0.98,-0.18,16714826
12265,0.05,1.02,0.11,-2.04,2.04,-1.50,0.03,-0.01,1.07,-1.07,0.85,-0.15,16713161
12277,0.05,1.02,0.11,-2.38,2.08,-1.62,0.03,-0.01,1.07,-1.19,0.58,-0.27,16711938
12289,0.05,1.02,0.11,-2.35,1.98,-1.34,0.03,-0.01,1.07,-0.95,0.79,-0.15,16713998
12300,0.05,1.02,0.11,-2.66,2.08,-1.28,0.03,-0.01,1.07,-1.13,1.13,-0.31,16712682
12312,0.05,1.02,0.11,-2.38,2.23,-1.37,0.03,-0.01,1.07,-1.31,0.79,-0.24,16711933
12323,0.05,1.02,0.11,-2.23,2.26,-1.31,0.03,-0.01,1.07,-1.07,0.73,-0.40,16711290
12336,0.05,1.02,0.11,-2.50,1.98,-1.46,0.03,-0.01,1.07,-1.31,0.61,-0.27,16709858
12347,0.05,1.02,0.11,-2.44,2.26,-1.53,0.03,-0.01,1.07,-1.13,0.95,-0.21,16709698
12359,0.05,1.02,0.11,-2.35,2.20,-1.59,0.03,-0.01,1.07,-1.04,0.49,-0.46,16711739
12370,0.05,1.02,0.11,-1.95,2.17,-1.43,0.03,-0.01,1.07,-1.04,0.82,-0.24,16710520
12382,0.05,1.02,0.11,-1.92,2.20,-1.53,0.03,-0.01,1.07,-1.07,0.73,-0.40,16710465
12394,0.05,1.02,0.11,-2.08,2.29,-1.56,0.03,-0.01,1.07,-1.13,0.76,-0.79,16710799
12405,0.05,1.02,0.11,-2.20,2.20,-1.62,0.03,-0.01,1.07,-1.07,0.82,-0.64,16711517
12418,0.05,1.02,0.11,-2.32,2.14,-1.46,0.03,-0.01,1.07,-1.10,0.70,-0.24,16711925
12429,0.05,1.02,0.11,-2.72,2.11,-1.56,0.03,-0.01,1.07,-1.28,0.70,-0.49,16710446
12441,0.05,1.02,0.11,-2.44,2.14,-1.37,0.03,-0.01,1.07,-1.19,0.85,-0.21,16713717
12452,0.05,1.02,0.11,-2.38,2.04,-1.65,0.03,-0.01,1.07,-1.25,0.64,-0.31,16715244
12464,0.05,1.02,0.11,-2.50,2.32,-1.50,0.03,-0.01,1.07,-1.04,0.61,-0.34,16711044
12476,0.05,1.02,0.11,-2.08,2.08,-1.10,0.03,-0.01,1.07,-1.07,0.82,-0.15,16707976
12487,0.05,1.02,0.11,-2.35,2.14,-1.59,0.03,-0.01,1.07,-0.79,0.67,-0.27,16709502
12499,0.05,1.02,0.11,-1.98,2.29,-1.53,0.03,-0.01,1.07,-1.25,0.64,-0.24,16711128
12511,0.05,1.02,0.11,-1.95,2.17,-1.65,0.03,-0.01,1.07,-1.22,0.85,-0.52,16712279
12523,0.05,1.02,0.11,-2.17,2.14,-1.62,0.03,-0.01,1.07,-0.95,0.52,-0.43,16710160
12534,0.05,1.02,0.10,-2.26,2.08,-1.50,0.03,-0.01,1.07,-1.10,0.55,-0.12,16708913
12546,0.05,1.02,0.10,-2.47,1.95,-1.74,0.03,-0.01,1.07,-1.07,0.82,-0.24,16714291
12558,0.05,1.02,0.11,-2.29,1.95,-1.59,0.03,-0.01,1.07,-0.95,0.52,-0.21,16714746
12569,0.05,1.02,0.10,-2.56,2.08,-1.22,0.03,-0.01,1.07,-1.22,0.92,-0.24,16711306
12581,0.05,1.02,0.11,-2.32,2.23,-1.34,0.03,-0.01,1.07,-1.01,0.82,-0.43,16711151
12593,0.05,1.02,0.11,-2.32,2.23,-1.59,0.03,-0.01,1.07,-1.13,0.73,-0.49,16711852
12605,0.05,1.02,0.10,-2.23,2.04,-1.34,0.03,-0.01,1.07,-1.04,0.76,-0.21,16710715
12616,0.05,1.02,0.10,-2.20,2.44,-1.31,0.03,-0.01,1.07,-1.07,0.55,-0.37,16711342
12627,0.05,1.02,0.10,-2.11,2.20,-1.68,0.03,-0.01,1.07,-1.19,0.67,-0.27,16709786
12640,0.05,1.02,0.10,-2.08,2.26,-1.22,0.03,-0.01,1.07,-1.19,0.70,-0.15,16710556
12651,0.05,1.02,0.11,-2.08,2.23,-1.40,0.03,-0.01,1.07,-1.37,0.64,-0.34,16709397
12663,0.05,1.02,0.11,-2.20,2.14,-1.31,0.03,-0.01,1.07,-0.98,0.61,-0.03,16710775
12675,0.05,1.02,0.11,-2.32,1.98,-1.62,0.03,-0.01,1.07,-1.01,0.79,-0.43,16709583
12687,0.05,1.02,0.11,-2.53,2.29,-1.71,0.03,-0.01,1.07,-1.01,0.61,-0.40,16709708
12698,0.05,1.02,0.11,-2.14,2.59,-1.40,0.03,-0.01,1.07,-1.22,0.58,-0.31,16712009
12709,0.05,1.02,0.11,-2.23,2.20,-1.34,0.03,-0.01,1.07,-1.04,0.67,-0.27,16711204
12722,0.05,1.02,0.11,-2.35,2.04,-1.62,0.03,-0.01,1.07,-1.16,0.61,-0.34,16709172
12733,0.05,1.02,0.11,-1.83,2.04,-1.46,0.03,-0.01,1.07,-0.95,0.67,-0.31,16710739
12745,0.05,1.02,0.11,-2.14,2.08,-1.46,0.03,-0.01,1.07,-1.22,0.76,-0.31,16714308
12756,0.05,1.02,0.11,-2.20,2.20,-1.56,0.03,-0.01,1.07,-1.16,0.61,-0.34,16718544
12769,0.05,1.02,0.11,-2.23,2.32,-1.62,0.03,-0.01,1.07,-0.95,0.73,-0.31,16714454
12780,0.05,1.02,0.11,-2.20,2.20,-1.56,0.03,-0.01,1.07,-1.19,0.89,-0.49,16712199
12791,0.05,1.02,0.11,-2.56,2.29,-1.56,0.03,-0.01,1.07,-0.85,0.82,-0.34,16710711
12804,0.05,1.02,0.11,-2.14,2.38,-1.34,0.03,-0.01,1.07,-1.10,0.64,-0.15,16708444
12815,0.05,1.02,0.11,-2.17,2.26,-1.46,0.03,-0.01,1.07,-0.95,0.61,-0.43,16710096
12827,0.05,1.02,0.11,-2.04,2.29,-1.37,0.03,-0.01,1.07,-0.92,0.98,-0.40,16711151
12838,0.05,1.02,0.11,-2.14,2.26,-1.53,0.03,-0.01,1.07,-1.10,0.98,-0.43,16712206
12851,0.05,1.02,0.11,-2.23,2.14,-1.50,0.03,-0.01,1.07,-1.13,0.49,-0.40,16716093
12862,0.05,1.02,0.11,-2.23,2.11,-1.31,0.03,-0.01,1.07,-1.10,0.85,-0.09,16711511
12873,0.05,1.02,0.11,-2.26,2.26,-1.25,0.03,-0.01,1.07,-0.85,0.70,-0.40,16710307
12886,0.05,1.02,0.11,-1.98,2.20,-1.56,0.03,-0.01,1.07,-1.16,0.46,-0.61,16709403
12897,0.05,1.02,0.11,-1.95,2.17,-1.34,0.03,-0.01,1.07,-1.01,0.79,-0.61,16712635
12909,0.05,1.02,0.11,-2.41,2.29,-1.13,0.03,-0.01,1.07,-1.34,0.85,-0.52,16712200
12920,0.05,1.02,0.11,-2.04,2.08,-1.56,0.03,-0.01,1.07,-1.50,0.64,-0.21,16709666
12933,0.05,1.02,0.11,-2.01,2.29,-1.50,0.03,-0.01,1.07,-1.10,0.85,-0.27,16708239
12944,0.05,1.02,0.11,-1.98,2.29,-1.34,0.03,-0.01,1.07,-1.10,0.70,-0.43,16711634
12955,0.05,1.02,0.11,-2.20,2.23,-1.37,0.03,-0.01,1.07,-1.19,0.46,-0.21,16711595
12967,0.05,1.02,0.11,-2.29,2.04,-1.37,0.03,-0.01,1.07,-1.10,0.85,-0.31,16711400
12979,0.05,1.02,0.10,-2.35,2.08,-1.34,0.03,-0.01,1.07,-0.98,0.67,-0.24,16710169
12991,0.05,1.02,0.11,-2.41,2.08,-1.43,0.03,-0.01,1.07,-0.95,0.52,-0.31,16710114
13002,0.05,1.02,0.10,-2.53,2.23,-1.53,0.03,-0.01,1.07,-1.22,0.67,-0.15,16710043
13015,0.05,1.02,0.10,-2.44,2.20,-1.53,0.03,-0.01,1.07,-1.25,0.70,-0.37,16709187
13026,0.05,1.02,0.11,-2.62,2.35,-1.37,0.03,-0.01,1.07,-1.10,0.61,-0.37,16709788
13037,0.05,1.02,0.11,-2.35,2.14,-1.40,0.03,-0.01,1.07,-1.19,0.70,-0.24,16710497
13049,0.05,1.02,0.11,-2.32,2.08,-1.37,0.03,-0.01,1.07,-1.43,0.58,-0.21,16709901
13061,0.05,1.02,0.11,-2.38,2.29,-1.46,0.03,-0.01,1.07,-1.22,0.64,-0.21,16710334
13073,0.05,1.02,0.10,-2.44,2.35,-1.43,0.03,-0.01,1.07,-1.07,0.61,-0.43,16709456
13084,0.05,1.02,0.11,-2.11,2.32,-1.56,0.03,-0.01,1.07,-1.10,0.67,-0.27,16708901
13096,0.05,1.02,0.11,-2.32,2.17,-1.43,0.03,-0.01,1.07,-1.16,0.61,-0.27,16712202
13108,0.05,1.02,0.11,-2.47,2.01,-1.68,0.03,-0.01,1.07,-1.40,0.98,-0.43,16711995
13119,0.05,1.02,0.11,-2.38,2.32,-1.22,0.03,-0.01,1.07,-1.07,0.89,-0.24,16710959
13131,0.05,1.02,0.11,-2.26,2.32,-1.46,0.03,-0.01,1.07,-1.19,0.73,-0.27,16712967
13143,0.05,1.02,0.11,-2.23,1.92,-1.28,0.03,-0.01,1.07,-1.13,0.70,-0.21,16708819
13155,0.05,1.02,0.11,-2.29,2.14,-1.34,0.03,-0.01,1.07,-1.10,0.89,-0.27,16709271
13166,0.05,1.02,0.11,-2.29,2.23,-1.50,0.03,-0.01,1.07,-0.92,0.73,-0.21,16712884
13178,0.05,1.02,0.11,-2.35,2.20,-1.43,0.03,-0.01,1.07,-1.10,0.70,-0.21,16710502
13190,0.05,1.02,0.11,-2.11,2.32,-1.50,0.03,-0.01,1.07,-1.10,0.43,-0.37,16708878
13202,0.05,1.02,0.11,-2.26,2.35,-1.53,0.03,-0.01,1.07,-0.85,0.82,-0.15,16709970
13213,0.05,1.02,0.11,-2.17,2.17,-1.46,0.03,-0.01,1.07,-1.34,0.95,-0.27,16707948
13224,0.05,1.02,0.11,-2.29,2.23,-1.28,0.03,-0.01,1.07,-1.19,0.76,-0.31,16710618
13237,0.05,1.02,0.11,-2.20,2.11,-1.34,0.03,-0.01,1.07,-1.22,0.85,-0.43,16712332
13248,0.05,1.02,0.11,-2.20,2.20,-1.40,0.03,-0.01,1.07,-1.22,0.58,-0.06,16713726
13260,0.05,1.02,0.11,-2.08,2.17,-1.50,0.03,-0.01,1.07,-1.19,0.70,-0.31,16711194
13272,0.05,1.02,0.11,-2.20,2.20,-1.53,0.03,-0.01,1.07,-1.13,0.58,-0.34,16710399
13284,0.05,1.02,0.11,-2.44,2.20,-1.43,0.03,-0.01,1.07,-1.13,0.73,-0.52,16712118
13295,0.05,1.02,0.11,-2.47,2.23,-1.31,0.03,-0.01,1.07,-1.19,0.89,-0.06,16710598
13306,0.05,1.02,0.11,-2.26,2.29,-1.22,0.03,-0.01,1.07,-0.95,0.58,-0.27,16711347
13319,0.05,1.02,0.11,-1.92,2.17,-1.62,0.03,-0.01,1.07,-1.07,0.70,-0.40,16713253
13330,0.05,1.02,0.11,-2.26,2.17,-1.31,0.03,-0.01,1.07,-1.25,0.98,-0.15,16712877
13342,0.05,1.02,0.11,-2.11,2.14,-1.46,0.03,-0.01,1.07,-0.79,0.52,-0.24,16711857
13353,0.05,1.02,0.11,-2.20,2.41,-1.65,0.03,-0.01,1.07,-1.10,0.58,-0.49,16710151
13366,0.05,1.02,0.11,-2.11,2.35,-1.37,0.03,-0.01,1.07,-0.92,0.79,-0.37,16711125
13377,0.05,1.02,0.11,-2.11,2.29,-1.50,0.03,-0.01,1.07,-1.34,0.43,-0.49,16710777
13388,0.05,1.02,0.11,-2.44,2.35,-1.31,0.03,-0.01,1.07,-1.22,0.82,-0.15,16710324
13401,0.05,1.02,0.11,-2.11,1.92,-1.31,0.03,-0.01,1.07,-1.16,0.67,-0.31,16712468
13412,0.05,1.02,0.11,-1.98,2.14,-1.25,0.03,-0.01,1.07,-1.13,0.73,-0.64,16712605
13424,0.05,1.02,0.11,-2.23,2.26,-1.46,0.03,-0.01,1.07,-1.07,0.76,-0.43,16710053
13435,0.05,1.02,0.11,-2.29,2.17,-1.37,0.03,-0.01,1.07,-1.16,0.64,-0.43,16709415
13448,0.05,1.02,0.11,-2.14,2.11,-1.31,0.03,-0.01,1.07,-1.16,0.58,-0.52,16710896
13459,0.05,1.02,0.11,-2.47,2.20,-1.37,0.03,-0.01,1.07,-1.22,0.79,-0.24,16714101
13470,0.05,1.02,0.11,-1.83,2.29,-1.34,0.03,-0.01,1.07,-1.19,0.92,-0.34,16712957
13483,0.05,1.02,0.11,-2.01,2.14,-1.65,0.03,-0.01,1.07,-1.04,0.73,-0.18,16713020
13494,0.05,1.02,0.11,-2.26,2.47,-1.16,0.03,-0.01,1.07,-1.16,0.79,-0.52,16712322
13506,0.05,1.02,0.11,-2.26,2.08,-1.22,0.03,-0.01,1.07,-1.01,0.49,-0.27,16710558
13517,0.05,1.02,0.10,-2.47,2.32,-1.37,0.03,-0.01,1.07,-1.22,0.61,-0.27,16711888
13530,0.05,1.02,0.11,-2.17,2.17,-1.56,0.03,-0.01,1.07,-1.13,0.79,-0.18,16710360
13541,0.05,1.02,0.11,-2.26,1.89,-1.28,0.03,-0.01,1.07,-1.07,0.82,-0.55,16709123
13552,0.05,1.02,0.11,-2.38,2.41,-1.62,0.03,-0.01,1.07,-1.25,0.82,-0.27,16712071
13564,0.05,1.02,0.11,-2.35,2.14,-1.16,0.03,-0.01,1.07,-1.16,0.64,0.03,16712511
13576,0.05,1.02,0.11,-2.44,2.38,-1.37,0.03,-0.01,1.07,-1.04,0.85,-0.24,16710869
13588,0.05,1.02,0.11,-2.32,2.11,-1.37,0.03,-0.01,1.07,-1.13,0.70,-0.12,16710305
13599,0.05,1.02,0.11,-2.32,2.01,-1.40,0.03,-0.01,1.07,-1.19,0.64,-0.21,16711247
13612,0.05,1.02,0.11,-2.50,2.29,-1.53,0.03,-0.01,1.07,-1.04,0.82,-0.43,16710750
13623,0.05,1.02,0.11,-2.29,2.29,-1.46,0.03,-0.01,1.07,-0.98,0.92,-0.43,16711711
13634,0.05,1.02,0.11,-2.38,2.20,-1.34,0.03,-0.01,1.07,-1.13,0.89,-0.15,16712144
13646,0.05,1.02,0.11,-2.29,2.26,-1.56,0.03,-0.01,1.07,-1.04,0.73,-0.55,16713523
13658,0.05,1.02,0.11,-2.38,2.26,-1.22,0.03,-0.01,1.07,-1.07,0.73,-0.15,16713345
13670,0.05,1.02,0.11,-2.14,2.17,-1.77,0.03,-0.01,1.07,-1.22,0.61,-0.46,16710958
13681,0.05,1.02,0.11,-2.26,2.20,-1.37,0.03,-0.01,1.07,-1.19,0.73,-0.61,16714123
13693,0.05,1.02,0.11,-2.04,2.20,-1.50,0.03,-0.01,1.07,-1.31,0.58,-0.21,16714630
13705,0.05,1.02,0.11,-2.35,2.20,-1.46,0.03,-0.01,1.07,-1.10,0.67,-0.18,16710980
13716,0.05,1.02,0.11,-2.20,2.32,-1.56,0.03,-0.01,1.07,-1.19,0.70,-0.21,16711707
13728,0.05,1.02,0.11,-2.32,2.11,-1.43,0.03,-0.01,1.07,-1.13,0.64,-0.27,16713272
13740,0.05,1.02,0.11,-2.20,2.11,-1.31,0.03,-0.01,1.07,-0.89,0.76,-0.31,16712110
13752,0.05,1.02,0.11,-2.14,2.17,-1.40,0.03,-0.01,1.07,-0.98,0.73,-0.15,16711474
13763,0.05,1.02,0.10,-2.26,2.23,-1.40,0.03,-0.01,1.07,-1.04,0.89,-0.12,16710797
13775,0.05,1.02,0.11,-2.29,2.44,-1.40,0.03,-0.01,1.07,-1.13,0.70,-0.31,16707875
13787,0.05,1.02,0.11,-2.08,1.98,-1.62,0.03,-0.01,1.07,-0.95,0.79,-0.24,16703849
13798,0.05,1.02,0.11,-1.80,1.98,-1.71,0.03,-0.01,1.07,-1.16,0.70,-0.40,16701029
13810,0.05,1.02,0.10,-2.01,1.98,-1.40,0.03,-0.01,1.07,-1.04,0.82,0.00,16697654
13821,0.05,1.02,0.10,-1.86,2.23,-1.50,0.03,-0.01,1.07,-1.10,0.85,-0.49,16689486
13834,0.06,1.02,0.10,-1.98,2.04,-1.77,0.03,-0.01,1.07,-1.04,0.85,-0.21,16681162
13845,0.05,1.02,0.10,-1.92,2.26,-2.04,0.03,-0.01,1.07,-0.89,0.58,-0.40,16671124
13857,0.06,1.02,0.11,-2.47,1.86,-2.17,0.03,-0.01,1.07,-1.01,0.76,-0.52,16659581
13869,0.05,1.02,0.11,-2.59,2.35,-0.79,0.03,-0.01,1.07,-1.22,0.73,-0.18,16643740
13880,0.05,1.02,0.11,-1.53,2.14,-1.68,0.03,-0.01,1.07,-1.19,0.70,-0.18,16635907
13892,0.05,1.02,0.11,-1.86,2.53,-0.92,0.03,-0.01,1.07,-0.92,0.82,-0.34,16634665
13903,0.05,1.02,0.10,-2.04,2.01,-1.74,0.03,-0.01,1.07,-1.37,0.92,-0.34,16634044
13916,0.05,1.02,0.10,-2.59,2.17,-1.40,0.03,-0.01,1.07,-1.16,0.85,-0.37,16632645
13927,0.05,1.02,0.10,-2.75,2.38,-1.74,0.03,-0.01,1.07,-0.92,0.76,-0.34,16631494
13939,0.05,1.02,0.10,-2.29,2.29,-1.43,0.03,-0.01,1.07,-1.07,0.67,-0.15,16635602
13950,0.05,1.02,0.11,-1.95,2.20,-1.40,0.03,-0.01,1.07,-1.22,0.70,-0.27,16637477
13962,0.05,1.02,0.11,-2.11,2.11,-1.50,0.03,-0.01,1.07,-0.95,0.37,-0.27,16634805
13974,0.05,1.02,0.11,-2.23,2.23,-1.22,0.03,-0.01,1.07,-1.10,0.64,-0.46,16630745
13985,0.05,1.02,0.10,-2.50,2.04,-1.13,0.03,-0.01,1.07,-1.28,0.70,-0.21,16631104
13998,0.05,1.02,0.10,-2.69,2.11,-1.19,0.03,-0.01,1.07,-1.22,0.64,-0.37,16632404
14009,0.05,1.02,0.11,-2.20,1.98,-1.68,0.03,-0.01,1.07,-1.19,0.98,-0.06,16634108
14021,0.05,1.02,0.11,-2.20,2.01,-1.28,0.03,-0.01,1.07,-1.28,0.92,-0.21,16633277
14032,0.05,1.02,0.11,-2.04,2.01,-1.34,0.03,-0.01,1.07,-1.10,0.92,-0.43,16633227
14044,0.05,1.02,0.11,-2.04,2.14,-1.40,0.03,-0.01,1.07,-0.92,0.73,-0.31,16635676
14056,0.05,1.02,0.11,-2.26,2.26,-1.50,0.03,-0.01,1.07,-1.01,0.61,-0.31,16635704
14067,0.05,1.02,0.11,-2.47,2.14,-1.43,0.03,-0.01,1.07,-1.19,0.70,-0.43,16636047
14080,0.05,1.02,0.10,-2.44,2.56,-1.89,0.03,-0.01,1.07,-1.13,0.67,-0.31,16634808
14091,0.05,1.02,0.11,-2.23,1.95,-1.50,0.03,-0.01,1.07,-1.07,0.67,-0.52,16631959
14103,0.05,1.02,0.11,-2.11,2.32,-1.80,0.03,-0.01,1.07,-1.10,0.61,-0.40,16633285
14114,0.05,1.02,0.11,-2.20,2.04,-1.37,0.03,-0.01,1.07,-1.16,0.55,-0.31,16634554
14127,0.05,1.02,0.11,-2.20,2.29,-1.43,0.03,-0.01,1.07,-1.16,0.58,-0.34,16635411
14138,0.05,1.02,0.11,-2.44,2.14,-1.46,0.03,-0.01,1.07,-1.37,0.85,-0.40,16635869
14149,0.05,1.02,0.10,-2.32,2.17,-1.59,0.03,-0.01,1.07,-1.07,0.79,-0.15,16635087
14161,0.05,1.02,0.11,-2.23,2.11,-1.62,0.03,-0.01,1.07,-0.85,0.58,-0.37,16632698
14173,0.05,1.02,0.11,-2.29,2.29,-1.50,0.03,-0.01,1.07,-1.22,0.61,-0.43,16632368
14185,0.05,1.02,0.11,-1.89,2.01,-1.59,0.03,-0.01,1.07,-1.10,0.89,-0.40,16635823
14196,0.05,1.02,0.11,-2.35,2.26,-1.46,0.03,-0.01,1.07,-1.25,0.76,-0.21,16634814
14209,0.05,1.02,0.11,-2.26,1.95,-1.40,0.03,-0.01,1.07,-1.13,0.64,-0.43,16631790
14220,0.05,1.02,0.11,-2.32,2.32,-1.34,0.03,-0.01,1.07,-1.19,0.85,-0.40,16632814
14231,0.05,1.02,0.11,-2.44,2.11,-1.40,0.03,-0.01,1.07,-1.16,0.73,-0.27,16635918
14243,0.05,1.02,0.11,-2.23,2.26,-1.28,0.03,-0.01,1.07,-1.07,0.67,-0.21,16637298
14255,0.05,1.02,0.10,-2.08,2.20,-1.37,0.03,-0.01,1.07,-1.04,0.52,-0.31,16636160
14267,0.05,1.02,0.10,-2.20,2.11,-1.43,0.03,-0.01,1.07,-1.13,0.79,-0.12,16635480
14278,0.05,1.02,0.10,-2.35,2.38,-1.40,0.03,-0.01,1.07,-1.22,0.76,-0.15,16634969
14290,0.05,1.02,0.10,-2.35,2.38,-1.46,0.03,-0.01,1.07,-1.22,0.82,-0.24,16634432
14302,0.05,1.02,0.10,-2.20,2.17,-1.34,0.03,-0.01,1.07,-1.04,0.67,-0.27,16634081
14313,0.05,1.02,0.10,-2.17,2.20,-1.46,0.03,-0.01,1.07,-1.16,0.92,-0.24,16631142
14325,0.05,1.02,0.10,-2.29,2.17,-1.31,0.03,-0.01,1.07,-1.22,0.67,-0.27,16632215
14337,0.05,1.02,0.10,-2.23,2.38,-1.43,0.03,-0.01,1.07,-1.01,0.64,-0.27,16632983
14349,0.05,1.02,0.11,-2.11,2.26,-1.16,0.03,-0.01,1.07,-1.34,0.76,-0.40,16632791
14360,0.05,1.02,0.11,-2.04,2.14,-1.59,0.03,-0.01,1.07,-1.10,0.82,-0.21,16632744
14372,0.05,1.02,0.11,-2.08,2.20,-1.56,0.03,-0.01,1.07,-1.04,0.73,-0.27,16633845
14384,0.05,1.02,0.11,-2.08,2.01,-1.40,0.03,-0.01,1.07,-0.98,0.64,-0.24,16633111
14395,0.05,1.02,0.11,-1.98,2.20,-1.53,0.03,-0.01,1.07,-1.22,0.61,-0.31,16632748
14407,0.05,1.02,0.10,-2.26,2.26,-1.62,0.03,-0.01,1.07,-0.98,0.76,-0.27,16633537
14418,0.05,1.02,0.11,-2.41,2.38,-1.56,0.03,-0.01,1.07,-1.10,0.67,-0.03,16633746
14431,0.05,1.02,0.11,-2.38,2.29,-1.25,0.03,-0.01,1.07,-1.25,1.01,-0.52,16634220
14442,0.05,1.02,0.11,-2.35,2.26,-1.50,0.03,-0.01,1.07,-1.16,0.76,-0.34,16634878
14454,0.05,1.02,0.11,-2.29,2.11,-1.62,0.03,-0.01,1.07,-1.13,0.92,-0.34,16634450
14466,0.05,1.02,0.11,-2.17,2.23,-1.62,0.03,-0.01,1.07,-1.22,0.52,-0.67,16633140
14477,0.05,1.02,0.11,-2.35,2.11,-1.56,0.03,-0.01,1.07,-1.10,0.85,-0.55,16632757
14489,0.05,1.02,0.11,-2.44,2.26,-1.50,0.03,-0.01,1.07,-1.13,0.55,-0.24,16632272
14500,0.05,1.02,0.10,-2.38,2.26,-1.43,0.03,-0.01,1.07,-1.16,0.76,-0.58,16635679
14513,0.05,1.02,0.10,-1.89,2.32,-1.65,0.03,-0.01,1.07,-1.10,0.61,-0.37,16634800
14524,0.05,1.02,0.11,-2.14,2.38,-1.46,0.03,-0.01,1.07,-1.04,0.61,-0.24,16633921
14536,0.05,1.02,0.11,-2.32,2.17,-1.46,0.03,-0.01,1.07,-1.10,0.82,-0.34,16635521
14547,0.05,1.02,0.11,-2.11,2.17,-1.65,0.03,-0.01,1.07,-0.98,0.82,-0.27,16636417
14559,0.05,1.02,0.11,-2.08,2.32,-1.28,0.03,-0.01,1.07,-1.13,0.82,-0.58,16633246
14571,0.05,1.02,0.10,-2.23,2.14,-1.43,0.03,-0.01,1.07,-1.28,0.70,-0.37,16631811
14582,0.05,1.02,0.10,-2.44,2.17,-1.56,0.03,-0.01,1.07,-1.19,0.61,-0.12,16631739
14595,0.05,1.02,0.11,-2.41,2.08,-1.34,0.03,-0.01,1.07,-0.98,0.82,-0.34,16633072
14606,0.05,1.02,0.11,-2.17,2.20,-1.25,0.03,-0.01,1.07,-0.98,0.82,-0.24,16634928
14618,0.05,1.02,0.11,-2.11,2.32,-1.43,0.03,-0.01,1.07,-1.01,0.92,-0.43,16633554
14629,0.05,1.02,0.10,-2.08,2.41,-1.37,0.03,-0.01,1.07,-1.34,0.85,-0.46,16633410
14641,0.05,1.02,0.11,-2.23,2.01,-1.53,0.03,-0.01,1.07,-1.13,0.70,-0.31,16633200
14653,0.05,1.02,0.11,-2.32,2.26,-1.56,0.03,-0.01,1.07,-1.31,0.67,-0.27,16635681
14664,0.05,1.02,0.11,-2.23,2.41,-1.71,0.03,-0.01,1.07,-0.82,0.79,-0.24,16636599
14676,0.05,1.02,0.10,-2.23,2.11,-1.53,0.03,-0.01,1.07,-1.25,0.70,-0.31,16635977
14688,0.05,1.02,0.10,-2.50,2.01,-1.37,0.03,-0.01,1.07,-1.22,0.67,-0.40,16635963
14700,0.05,1.02,0.10,-2.41,2.14,-1.28,0.03,-0.01,1.07,-1.10,0.61,-0.49,16633800
14711,0.05,1.02,0.11,-2.17,2.17,-1.43,0.03,-0.01,1.07,-1.16,0.64,-0.24,16632575
14723,0.05,1.02,0.10,-2.14,2.14,-1.28,0.03,-0.01,1.07,-1.19,0.92,-0.46,16632965
14735,0.05,1.02,0.10,-2.23,2.32,-1.37,0.03,-0.01,1.07,-1.07,0.79,-0.09,16632926
14746,0.05,1.02,0.11,-2.32,2.29,-1.68,0.03,-0.01,1.07,-1.07,0.79,-0.55,16634797
14758,0.05,1.02,0.11,-2.11,1.95,-1.28,0.03,-0.01,1.07,-1.13,0.76,-0.40,16636787
14770,0.05,1.02,0.11,-2.20,2.29,-1.89,0.03,-0.01,1.07,-1.34,0.52,-0.31,16635774
14782,0.05,1.02,0.11,-2.29,2.17,-1.34,0.03,-0.01,1.07,-0.98,0.76,-0.34,16634364
14793,0.05,1.02,0.10,-2.32,2.14,-1.46,0.03,-0.01,1.07,-0.98,0.76,-0.34,16634579
14804,0.05,1.02,0.10,-2.41,2.41,-1.43,0.03,-0.01,1.07,-1.04,0.79,-0.46,16634749
14817,0.05,1.02,0.10,-2.11,2.01,-1.46,0.03,-0.01,1.07,-1.16,0.73,-0.52,16633956
14828,0.05,1.02,0.11,-2.26,2.38,-1.28,0.03,-0.01,1.07,-1.22,0.61,-0.52,16632460
14840,0.05,1.02,0.10,-2.32,2.08,-1.25,0.03,-0.01,1.07,-1.04,0.67,-0.34,16633954
14852,0.05,1.02,0.10,-2.35,2.08,-1.65,0.03,-0.01,1.07,-1.19,0.76,-0.43,16633503
14864,0.05,1.02,0.11,-2.56,2.29,-1.59,0.03,-0.01,1.07,-1.22,0.73,-0.31,16632412
14875,0.05,1.02,0.11,-2.23,2.29,-1.43,0.03,-0.01,1.07,-1.22,0.67,-0.31,16633011
14887,0.05,1.02,0.11,-2.26,2.23,-1.43,0.03,-0.01,1.07,-1.10,0.40,-0.31,16632104
14899,0.05,1.02,0.11,-2.29,2.26,-1.34,0.03,-0.01,1.07,-0.98,0.73,-0.37,16633971
14910,0.05,1.02,0.10,-2.20,2.17,-1.43,0.03,-0.01,1.07,-1.01,0.79,-0.18,16634766
14922,0.05,1.02,0.10,-2.08,2.47,-1.34,0.03,-0.01,1.07,-0.92,0.70,-0.46,16632877
14934,0.05,1.02,0.10,-2.26,2.14,-1.28,0.03,-0.01,1.07,-1.28,0.98,-0.09,16633631
14946,0.05,1.02,0.11,-2.35,2.14,-1.56,0.03,-0.01,1.07,-1.22,0.79,-0.18,16633472
14957,0.05,1.02,0.11,-2.41,2.23,-1.40,0.03,-0.01,1.07,-1.07,0.64,-0.24,16631968
14969,0.05,1.02,0.11,-2.23,2.08,-1.31,0.03,-0.01,1.07,-1.25,0.64,-0.31,16630685
14981,0.05,1.02,0.11,-2.29,2.26,-1.50,0.03,-0.01,1.07,-1.16,0.89,-0.15,16631861
14992,0.05,1.02,0.11,-2.29,2.14,-1.37,0.03,-0.01,1.07,-1.13,0.85,-0.37,16633431
15004,0.05,1.02,0.11,-2.17,2.11,-1.56,0.03,-0.01,1.07,-0.98,0.79,-0.21,16632303
15015,0.05,1.02,0.11,-2.20,2.14,-1.53,0.03,-0.01,1.07,-0.85,0.73,-0.27,16632943
15028,0.05,1.02,0.11,-2.23,2.26,-1.62,0.03,-0.01,1.07,-1.04,0.76,-0.46,16634617
15039,0.05,1.02,0.11,-2.11,2.11,-1.56,0.03,-0.01,1.07,-1.25,0.85,-0.40,16634946
15051,0.05,1.02,0.11,-2.20,2.20,-1.19,0.03,-0.01,1.07,-1.28,0.55,-0.37,16634176
15063,0.05,1.02,0.11,-2.17,2.26,-1.40,0.03,-0.01,1.07,-1.04,0.79,-0.24,16632378
15074,0.05,1.02,0.11,-2.17,2.11,-1.43,0.03,-0.01,1.07,-1.07,0.73,-0.34,16633719
15086,0.05,1.02,0.11,-2.32,2.26,-1.50,0.03,-0.01,1.07,-0.95,0.82,-0.18,16637718
15097,0.05,1.02,0.11,-2.41,2.08,-1.50,0.03,-0.01,1.07,-1.13,0.85,-0.31,16633787
15110,0.05,1.02,0.11,-2.29,2.29,-1.71,0.03,-0.01,1.07,-1.40,0.76,-0.34,16633505
15121,0.05,1.02,0.11,-2.20,2.29,-1.37,0.03,-0.01,1.07,-1.28,0.64,-0.18,16633537
15133,0.05,1.02,0.11,-2.50,2.17,-1.40,0.03,-0.01,1.07,-1.25,0.73,-0.46,16633666
15144,0.05,1.02,0.11,-2.38,2.20,-1.34,0.03,-0.01,1.07,-1.25,0.55,-0.43,16632285
15156,0.05,1.02,0.11,-2.26,2.17,-1.46,0.03,-0.01,1.07,-1.04,0.73,-0.40,16635010
15168,0.05,1.02,0.11,-2.41,2.23,-1.46,0.03,-0.01,1.07,-1.04,0.70,-0.52,16635587
15179,0.05,1.02,0.11,-2.35,2.38,-1.37,0.03,-0.01,1.07,-0.70,0.70,-0.06,16634527
15192,0.05,1.02,0.11,-2.35,2.17,-1.68,0.03,-0.01,1.07,-0.92,0.89,-0.40,16633539
15203,0.05,1.02,0.11,-2.20,2.26,-1.46,0.03,-0.01,1.07,-1.07,1.10,-0.31,16633164
15215,0.05,1.02,0.11,-2.29,2.35,-1.65,0.03,-0.01,1.07,-1.34,0.58,-0.43,16635769
15226,0.05,1.02,0.10,-2.20,2.26,-1.25,0.03,-0.01,1.07,-1.19,0.64,-0.43,16634430
15238,0.05,1.02,0.10,-2.20,2.44,-1.43,0.03,-0.01,1.07,-1.19,0.73,-0.15,16635767
15250,0.05,1.02,0.10,-2.38,2.23,-1.53,0.03,-0.01,1.07,-1.07,0.67,-0.27,16636565
15261,0.05,1.02,0.11,-2.11,2.29,-1.46,0.03,-0.01,1.07,-0.95,0.98,-0.52,16635065
15273,0.05,1.02,0.11,-2.11,2.17,-1.53,0.03,-0.01,1.07,-1.16,0.89,-0.27,16634282
15285,0.05,1.02,0.11,-2.44,2.08,-1.16,0.03,-0.01,1.07,-1.31,0.73,-0.24,16633276
15297,0.05,1.02,0.11,-2.20,2.11,-1.59,0.03,-0.01,1.07,-1.10,0.55,-0.27,16631308
15308,0.05,1.02,0.11,-2.14,2.04,-1.59,0.03,-0.01,1.07,-1.31,0.70,-0.15,16634627
15320,0.05,1.02,0.11,-2.38,2.35,-1.40,0.03,-0.01,1.07,-1.28,0.85,-0.27,16635874
15332,0.05,1.02,0.11,-2.29,2.32,-1.22,0.03,-0.01,1.07,-1.22,0.89,-0.37,16636587
15343,0.05,1.02,0.11,-2.32,2.14,-1.53,0.03,-0.01,1.07,-0.98,0.73,-0.24,16636337
15355,0.05,1.02,0.11,-2.29,2.20,-1.31,0.03,-0.01,1.07,-1.04,0.76,-0.43,16635090
15367,0.05,1.02,0.11,-2.32,2.14,-1.40,0.03,-0.01,1.07,-1.16,0.89,-0.15,16632521
15379,0.05,1.02,0.11,-2.08,2.20,-1.53,0.03,-0.01,1.07,-1.07,0.76,-0.31,16632509
15390,0.05,1.02,0.11,-2.32,2.41,-1.31,0.03,-0.01,1.07,-1.22,0.70,-0.27,16632789
15401,0.05,1.02,0.10,-1.98,2.20,-1.28,0.03,-0.01,1.07,-1.19,0.61,-0.43,16631611
15414,0.05,1.02,0.10,-2.23,2.08,-1.74,0.03,-0.01,1.07,-1.19,0.79,-0.21,16631270
15425,0.05,1.02,0.11,-2.29,2.26,-1.43,0.03,-0.01,1.07,-1.16,0.73,-0.52,16632714
15437,0.05,1.02,0.10,-2.08,2.38,-1.28,0.03,-0.01,1.07,-1.28,0.70,-0.34,16633862
15449,0.05,1.02,0.10,-2.23,2.17,-1.40,0.03,-0.01,1.07,-1.04,0.73,-0.31,16632925
15461,0.05,1.02,0.10,-2.26,2.29,-1.19,0.03,-0.01,1.07,-1.31,0.70,-0.37,16634269
15472,0.05,1.02,0.10,-2.26,2.14,-1.46,0.03,-0.01,1.07,-1.16,0.55,-0.46,16634566
15484,0.05,1.02,0.10,-2.29,2.29,-1.37,0.03,-0.01,1.07,-0.98,0.92,-0.27,16634814
15496,0.05,1.02,0.10,-2.17,2.01,-1.56,0.03,-0.01,1.07,-1.16,0.70,-0.40,16634300
15507,0.05,1.02,0.10,-2.23,2.20,-1.46,0.03,-0.01,1.07,-1.04,0.79,-0.06,16635227
15519,0.05,1.02,0.10,-2.29,2.01,-1.34,0.03,-0.01,1.07,-1.04,0.73,-0.27,16633998
15531,0.05,1.02,0.11,-2.53,1.95,-1.43,0.03,-0.01,1.07,-1.28,0.79,-0.34,16632062
15543,0.05,1.02,0.11,-2.08,2.41,-1.04,0.03,-0.01,1.07,-1.01,1.07,-0.52,16631732
15554,0.05,1.02,0.11,-1.50,2.20,-1.77,0.03,-0.01,1.07,-1.22,0.79,-0.31,16633252
15566,0.05,1.02,0.11,-2.01,2.14,-1.43,0.03,-0.01,1.07,-1.13,0.58,-0.03,16631677
15578,0.06,1.02,0.10,-2.72,1.95,-1.62,0.03,-0.01,1.07,-1.13,0.89,-0.09,16633529
15589,0.05,1.02,0.10,-2.78,2.17,-1.37,0.03,-0.01,1.07,-1.22,0.64,-0.34,16635590
15601,0.05,1.02,0.11,-2.26,1.92,-1.71,0.03,-0.01,1.07,-1.01,0.61,-0.58,16633504
15612,0.05,1.02,0.11,-2.04,2.35,-1.22,0.03,-0.01,1.07,-0.79,0.76,-0.37,16631234
15625,0.05,1.02,0.11,-2.01,1.98,-1.53,0.03,-0.01,1.07,-1.10,0.55,-0.24,16634348
15636,0.05,1.02,0.11,-1.71,2.11,-1.19,0.03,-0.01,1.07,-1.22,0.70,-0.12,16635240
15648,0.05,1.02,0.11,-2.04,2.32,-1.65,0.03,-0.01,1.07,-1.07,0.95,-0.31,16634176
15660,0.05,1.02,0.11,-1.59,2.01,-1.46,0.03,-0.01,1.07,-1.28,0.49,-0.46,16635064
15671,0.05,1.03,0.11,-0.58,2.23,-0.98,0.03,-0.01,1.07,-0.89,0.79,-0.24,16633982
15683,0.05,1.03,0.11,-0.09,2.53,-0.82,0.03,-0.01,1.07,-1.10,0.85,-0.46,16632628
15694,0.05,1.02,0.11,-0.79,2.56,-0.89,0.03,-0.01,1.07,-1.07,0.46,-0.31,16634858
15707,0.05,1.02,0.10,-2.26,2.32,-1.53,0.03,-0.01,1.07,-0.98,0.73,-0.49,16633982
15718,0.05,1.02,0.10,-2.93,2.35,-1.43,0.03,-0.01,1.07,-1.28,0.82,-0.12,16633689
15730,0.05,1.02,0.10,-2.90,2.50,-1.40,0.03,-0.01,1.07,-1.04,0.64,-0.24,16632223
15741,0.05,1.02,0.10,-3.05,2.32,-1.16,0.03,-0.01,1.07,-1.19,1.01,-0.64,16632373
15753,0.05,1.02,0.10,-3.48,2.17,-1.65,0.03,-0.01,1.07,-1.31,0.85,-0.31,16633345
15765,0.06,1.02,0.10,-4.00,2.01,-2.01,0.03,-0.01,1.07,-0.98,0.85,-0.34,16632445
15776,0.05,1.02,0.10,-3.51,1.89,-1.71,0.03,-0.01,1.07,-1.16,0.52,-0.34,16634408
15789,0.05,1.02,0.11,-2.62,2.01,-1.59,0.03,-0.01,1.07,-1.22,0.85,-0.31,16635712
15800,0.05,1.03,0.11,-1.28,2.38,-1.37,0.03,-0.01,1.07,-1.19,0.49,-0.27,16635936
15812,0.05,1.03,0.11,-1.01,2.26,-0.89,0.03,-0.01,1.07,-0.92,0.67,-0.27,16636784
15823,0.05,1.02,0.11,-1.10,2.44,-1.19,0.03,-0.01,1.07,-1.01,0.82,-0.46,16636625
15835,0.05,1.02,0.11,-1.40,2.38,-1.10,0.03,-0.01,1.07,-1.04,0.95,-0.27,16634108
15847,0.05,1.02,0.10,-1.68,2.32,-1.28,0.03,-0.01,1.07,-1.37,0.89,-0.37,16632528
15858,0.05,1.02,0.10,-2.14,2.23,-1.62,0.03,-0.01,1.07,-0.95,0.49,-0.15,16632728
15870,0.06,1.02,0.10,-3.02,1.95,-1.74,0.03,-0.01,1.07,-1.01,0.89,-0.34,16633192
15882,0.05,1.02,0.10,-3.78,1.65,-1.83,0.03,-0.01,1.07,-1.22,0.95,-0.31,16634517
15894,0.06,1.01,0.10,-5.58,1.98,-2.53,0.03,-0.01,1.07,-1.13,0.76,-0.09,16634079
15905,0.05,1.02,0.10,-4.58,2.32,-2.08,0.03,-0.01,1.07,-1.01,0.61,-0.03,16632405
15917,0.05,1.02,0.11,-2.26,2.50,-0.98,0.03,-0.01,1.07,-1.37,0.67,-0.31,16633308
15929,0.05,1.03,0.12,0.12,2.11,-1.31,0.03,-0.01,1.07,-1.01,0.58,-0.31,16634054
15940,0.04,1.04,0.12,0.43,2.84,0.55,0.03,-0.01,1.07,-1.16,0.67,-0.09,16635079
15952,0.05,1.03,0.11,0.37,2.20,-0.61,0.03,-0.01,1.07,-0.98,0.95,-0.24,16633802
15964,0.06,1.02,0.10,-1.98,1.68,-1.56,0.03,-0.01,1.07,-1.22,0.40,-0.21,16634881
15976,0.06,1.01,0.09,-5.07,2.14,-2.41,0.03,-0.01,1.07,-1.22,0.61,-0.37,16633467
15987,0.05,1.01,0.10,-5.37,3.05,-2.14,0.03,-0.01,1.07,-1.07,0.89,-0.15,16634592
15998,0.05,1.02,0.11,-2.78,2.32,-1.56,0.03,-0.01,1.07,-0.95,0.55,-0.40,16634649
16011,0.05,1.03,0.12,0.52,2.26,-0.98,0.03,-0.01,1.07,-1.16,0.58,-0.18,16636074
16022,0.05,1.04,0.12,2.17,2.47,-0.15,0.03,-0.01,1.07,-1.19,0.79,-0.34,16635401
16034,0.05,1.03,0.11,0.46,2.96,-0.55,0.03,-0.01,1.07,-1.34,0.82,-0.43,16637686
16046,0.05,1.01,0.10,-2.87,2.59,-1.53,0.03,-0.01,1.07,-1.22,0.85,-0.43,16636477
16058,0.06,1.01,0.10,-4.33,1.89,-2.23,0.03,-0.01,1.07,-1.31,0.76,-0.12,16633876
16069,0.06,1.02,0.10,-2.14,1.71,-1.92,0.03,-0.01,1.07,-1.25,0.73,-0.37,16633405
16080,0.05,1.03,0.11,0.55,1.92,-0.92,0.03,-0.01,1.07,-1.19,0.61,-0.24,16634883