time,faccx,faccy,faccz,fgyrx,fgyry,fgyrz,saccx,saccy,saccz,sgyrx,sgyry,sgyrz,load
252290,0.05,1.02,0.11,-2.90,1.71,-1.92,0.03,-0.01,1.07,-1.25,0.70,-0.40,16637391
252300,0.05,1.02,0.11,-1.31,1.89,-1.34,0.03,-0.01,1.07,-1.13,0.49,-0.18,16635456
252310,0.05,1.03,0.12,1.28,2.59,-1.50,0.03,-0.01,1.07,-1.22,0.67,-0.06,16635462
252319,0.05,1.02,0.11,-0.12,2.14,-1.28,0.03,-0.01,1.07,-1.07,0.73,-0.24,16635324
252329,0.05,1.02,0.11,-0.85,2.20,-1.04,0.03,-0.01,1.07,-1.10,0.76,-0.27,16636675
252342,0.05,1.02,0.11,-1.43,2.11,-1.16,0.03,-0.01,1.07,-1.07,0.85,-0.31,16634377
252353,0.05,1.02,0.11,-2.47,2.11,-1.31,0.03,-0.01,1.07,-1.04,0.43,-0.09,16631900
252365,0.05,1.02,0.10,-3.17,2.20,-1.53,0.03,-0.01,1.07,-1.28,0.98,-0.31,16631606
252377,0.05,1.02,0.11,-2.01,2.17,-1.37,0.03,-0.01,1.07,-1.10,0.61,-0.40,16633733
252388,0.05,1.02,0.11,-1.16,1.95,-1.31,0.03,-0.01,1.07,-1.07,0.55,-0.34,16635413
252400,0.05,1.02,0.11,-1.89,2.50,-1.04,0.03,-0.01,1.07,-0.79,0.73,-0.27,16634952
252411,0.05,1.02,0.11,-2.62,2.17,-1.68,0.03,-0.01,1.07,-1.16,0.58,-0.09,16633184
252424,0.05,1.02,0.10,-3.08,2.20,-1.37,0.03,-0.01,1.07,-1.22,0.61,-0.43,16633625
252435,0.05,1.02,0.11,-2.35,2.04,-1.50,0.03,-0.01,1.07,-0.98,0.73,-0.61,16635366
252447,0.05,1.02,0.11,-1.71,2.41,-1.19,0.03,-0.01,1.07,-1.22,0.82,-0.12,16634443
252459,0.05,1.02,0.11,-1.95,2.26,-1.37,0.03,-0.01,1.07,-1.01,0.61,-0.37,16633568
252470,0.05,1.02,0.10,-2.62,2.20,-1.53,0.03,-0.01,1.07,-1.04,0.73,-0.24,16634421
252482,0.05,1.02,0.10,-2.81,1.98,-1.65,0.03,-0.01,1.07,-1.19,0.82,-0.43,16635580
252493,0.05,1.02,0.11,-2.41,1.92,-1.43,0.03,-0.01,1.07,-0.98,0.64,-0.18,16635682
252506,0.05,1.02,0.11,-1.68,2.14,-1.28,0.03,-0.01,1.07,-1.04,0.79,-0.37,16633306
252517,0.05,1.02,0.11,-2.35,2.01,-1.34,0.03,-0.01,1.07,-1.04,0.89,-0.12,16631959
252529,0.05,1.02,0.10,-2.50,2.20,-1.65,0.03,-0.01,1.07,-1.04,0.89,-0.15,16632080
252540,0.05,1.02,0.10,-2.35,2.17,-1.65,0.03,-0.01,1.07,-1.07,1.04,-0.46,16631619
252553,0.05,1.02,0.11,-1.92,2.17,-1.43,0.03,-0.01,1.07,-1.07,0.85,-0.40,16632898
252564,0.05,1.02,0.11,-1.92,2.29,-1.31,0.03,-0.01,1.07,-1.01,0.40,-0.21,16634616
252575,0.05,1.02,0.11,-2.44,2.14,-1.46,0.03,-0.01,1.07,-1.04,0.67,-0.31,16634395
252588,0.05,1.02,0.10,-2.38,2.23,-1.59,0.03,-0.01,1.07,-1.31,0.58,-0.31,16633444
252599,0.05,1.02,0.11,-2.38,2.26,-1.68,0.03,-0.01,1.07,-1.16,0.85,-0.43,16632534
252611,0.05,1.02,0.11,-2.08,2.29,-1.16,0.03,-0.01,1.07,-1.22,0.61,-0.46,16634656
252622,0.05,1.02,0.11,-2.04,2.26,-1.37,0.03,-0.01,1.07,-1.07,0.73,-0.12,16634392
252635,0.05,1.02,0.11,-2.17,2.11,-1.53,0.03,-0.01,1.07,-1.16,0.76,-0.49,16631995
252646,0.05,1.02,0.10,-2.32,2.23,-1.40,0.03,-0.01,1.07,-0.95,0.37,-0.18,16632317
252657,0.05,1.02,0.10,-2.23,1.98,-1.53,0.03,-0.01,1.07,-0.95,0.92,-0.24,16634620
252669,0.05,1.02,0.10,-2.14,2.04,-1.25,0.03,-0.01,1.07,-1.01,0.73,-0.34,16635002
252681,0.05,1.02,0.11,-2.32,2.14,-1.50,0.03,-0.01,1.07,-0.85,0.89,-0.24,16631636
252693,0.05,1.02,0.11,-2.29,2.23,-1.46,0.03,-0.01,1.07,-1.04,0.89,-0.34,16632075
252704,0.05,1.02,0.11,-2.38,2.35,-1.56,0.03,-0.01,1.07,-1.19,0.58,-0.34,16634436
252717,0.05,1.02,0.11,-2.32,2.14,-1.34,0.03,-0.01,1.07,-1.10,0.73,-0.43,16633027
252728,0.05,1.02,0.11,-1.95,2.17,-1.25,0.03,-0.01,1.07,-1.10,0.67,-0.46,16631133
252739,0.05,1.02,0.11,-2.26,2.11,-1.37,0.03,-0.01,1.07,-1.22,0.79,-0.21,16634975
252751,0.05,1.02,0.10,-2.20,2.08,-1.50,0.03,-0.01,1.07,-1.34,0.55,-0.31,16635769
252763,0.05,1.02,0.10,-2.38,2.32,-1.50,0.03,-0.01,1.07,-1.22,0.79,-0.37,16635309
252775,0.05,1.02,0.10,-2.29,2.11,-1.53,0.03,-0.01,1.07,-1.28,0.70,-0.46,16633600
252786,0.05,1.02,0.11,-2.04,2.01,-1.50,0.03,-0.01,1.07,-1.04,0.70,-0.55,16633652
252798,0.05,1.02,0.11,-2.41,1.92,-1.22,0.03,-0.01,1.07,-0.70,0.58,-0.40,16634368
252810,0.05,1.02,0.11,-2.26,2.26,-1.56,0.03,-0.01,1.07,-1.25,0.98,-0.24,16633833
252822,0.05,1.02,0.11,-2.17,2.17,-1.43,0.03,-0.01,1.07,-1.04,0.70,-0.34,16634922
252833,0.05,1.02,0.11,-2.17,2.20,-1.34,0.03,-0.01,1.07,-0.82,0.64,-0.31,16636697
252845,0.05,1.02,0.11,-1.98,2.20,-1.62,0.03,-0.01,1.07,-1.16,0.55,-0.21,16633786
252857,0.05,1.02,0.11,-2.38,2.04,-1.22,0.03,-0.01,1.07,-1.01,0.73,-0.09,16633953
252868,0.05,1.02,0.11,-2.29,2.08,-1.31,0.03,-0.01,1.07,-1.01,0.49,-0.03,16636286
252880,0.05,1.02,0.10,-2.04,2.17,-1.34,0.03,-0.01,1.07,-1.04,0.89,-0.43,16635011
252892,0.05,1.02,0.10,-2.20,2.26,-1.46,0.03,-0.01,1.07,-1.16,0.49,-0.21,16635026
252904,0.05,1.02,0.11,-1.95,2.14,-1.46,0.03,-0.01,1.07,-1.31,0.79,-0.18,16635699
252915,0.05,1.02,0.11,-2.20,2.29,-1.43,0.03,-0.01,1.07,-1.43,0.67,-0.24,16633888
252926,0.05,1.02,0.11,-2.26,2.29,-1.40,0.03,-0.01,1.07,-1.22,0.58,-0.27,16632699
252939,0.05,1.02,0.11,-2.04,2.14,-1.59,0.03,-0.01,1.07,-0.89,0.73,-0.43,16632518
252950,0.05,1.02,0.11,-2.26,2.20,-1.37,0.03,-0.01,1.07,-1.28,0.61,-0.34,16634526
252962,0.05,1.02,0.11,-2.23,2.04,-1.53,0.03,-0.01,1.07,-1.34,0.67,-0.49,16634485
252974,0.05,1.02,0.10,-2.29,2.01,-1.25,0.03,-0.01,1.07,-1.16,0.70,-0.37,16633808
252986,0.05,1.02,0.10,-2.17,1.95,-1.40,0.03,-0.01,1.07,-1.10,0.67,-0.34,16632867
252997,0.05,1.02,0.10,-2.14,2.14,-1.59,0.03,-0.01,1.07,-0.92,0.70,-0.18,16634673
253008,0.05,1.02,0.10,-2.26,2.32,-1.53,0.03,-0.01,1.07,-1.25,0.79,-0.55,16633811
253021,0.05,1.02,0.10,-2.08,2.14,-1.65,0.03,-0.01,1.07,-0.95,0.61,-0.31,16634533
253032,0.05,1.02,0.10,-2.35,2.17,-1.37,0.03,-0.01,1.07,-1.25,0.64,-0.52,16634735
253044,0.05,1.02,0.10,-2.17,2.29,-1.31,0.03,-0.01,1.07,-1.13,0.79,-0.15,16634872
253056,0.05,1.02,0.10,-2.35,2.20,-1.43,0.03,-0.01,1.07,-1.01,0.61,-0.37,16633731
253068,0.05,1.02,0.11,-2.11,2.20,-1.16,0.03,-0.01,1.07,-1.19,0.79,-0.21,16633491
253079,0.05,1.02,0.11,-2.01,1.98,-1.31,0.03,-0.01,1.07,-1.22,0.67,-0.09,16634183
253090,0.05,1.02,0.10,-2.23,2.17,-1.62,0.03,-0.01,1.07,-1.28,0.73,-0.31,16634883
253103,0.05,1.02,0.11,-2.26,2.23,-1.86,0.03,-0.01,1.07,-1.28,0.58,-0.37,16634912
253114,0.05,1.02,0.10,-2.17,2.11,-1.53,0.03,-0.01,1.07,-1.04,0.79,-0.46,16634040
253126,0.05,1.02,0.10,-2.23,2.14,-1.34,0.03,-0.01,1.07,-1.25,0.58,-0.12,16631285
253137,0.05,1.02,0.10,-2.56,2.23,-1.10,0.03,-0.01,1.07,-1.04,0.79,-0.31,16632244
253150,0.05,1.02,0.10,-2.01,2.04,-1.22,0.03,-0.01,1.07,-1.07,0.79,0.00,16634250
253161,0.05,1.02,0.10,-2.17,2.14,-1.62,0.03,-0.01,1.07,-1.13,0.52,-0.31,16635242
253173,0.05,1.02,0.10,-2.23,2.11,-1.37,0.03,-0.01,1.07,-1.22,0.95,-0.31,16633097
253185,0.05,1.02,0.10,-2.41,2.23,-1.37,0.03,-0.01,1.07,-1.13,0.89,-0.46,16631197
253196,0.05,1.02,0.10,-2.29,2.20,-1.43,0.03,-0.01,1.07,-0.95,0.64,-0.40,16630800
253208,0.05,1.02,0.10,-2.20,2.08,-1.59,0.03,-0.01,1.07,-1.07,0.79,-0.31,16631031
253219,0.05,1.02,0.10,-2.47,2.38,-1.43,0.03,-0.01,1.07,-0.98,0.61,0.00,16633303
253232,0.05,1.02,0.10,-2.35,2.08,-1.53,0.03,-0.01,1.07,-1.28,0.67,-0.31,16633397
253243,0.05,1.02,0.10,-2.23,2.23,-1.19,0.03,-0.01,1.07,-1.28,0.58,-0.24,16633061
253255,0.05,1.02,0.10,-2.32,2.14,-1.40,0.03,-0.01,1.07,-1.16,0.46,-0.12,16631457
253266,0.05,1.02,0.11,-2.35,2.11,-1.19,0.03,-0.01,1.07,-0.92,0.73,-0.31,16633104
253278,0.05,1.02,0.10,-2.11,2.14,-1.25,0.03,-0.01,1.07,-1.07,0.67,-0.37,16634733
253290,0.05,1.02,0.10,-2.08,2.14,-1.37,0.03,-0.01,1.07,-1.34,0.70,-0.37,16633169
253301,0.05,1.02,0.10,-2.11,2.11,-1.43,0.03,-0.01,1.07,-1.10,0.55,-0.09,16635110
253314,0.05,1.02,0.10,-2.38,1.92,-1.56,0.03,-0.01,1.07,-1.01,0.85,-0.40,16635555
253325,0.05,1.02,0.10,-2.29,2.11,-1.56,0.03,-0.01,1.07,-1.10,0.76,-0.46,16633612
253337,0.05,1.02,0.10,-2.23,2.14,-1.46,0.03,-0.01,1.07,-1.16,0.85,-0.58,16632435
253348,0.05,1.02,0.10,-2.23,2.23,-1.34,0.03,-0.01,1.07,-1.16,0.70,-0.40,16630527
253360,0.05,1.02,0.10,-2.29,2.41,-1.19,0.03,-0.01,1.07,-0.92,0.55,-0.27,16630501
253372,0.05,1.02,0.10,-2.14,2.17,-1.28,0.03,-0.01,1.07,-1.10,0.46,-0.21,16632372
253383,0.05,1.02,0.10,-2.17,2.08,-1.53,0.03,-0.01,1.07,-0.85,0.58,-0.18,16631588
253395,0.05,1.02,0.10,-2.29,2.23,-1.40,0.03,-0.01,1.07,-1.10,0.76,-0.27,16628946
253407,0.05,1.02,0.10,-2.35,2.11,-1.77,0.03,-0.01,1.07,-1.16,0.89,-0.49,16629125
253419,0.05,1.02,0.10,-2.29,1.95,-1.46,0.03,-0.01,1.07,-1.13,0.82,-0.34,16632294
253430,0.05,1.02,0.10,-2.23,2.32,-1.34,0.03,-0.01,1.07,-1.13,0.92,-0.34,16637202
253443,0.05,1.02,0.10,-2.44,2.29,-1.31,0.03,-0.01,1.07,-0.85,0.70,-0.09,16636984
253454,0.05,1.02,0.10,-2.14,2.17,-1.65,0.03,-0.01,1.07,-1.25,0.61,-0.27,16634352
253465,0.05,1.02,0.10,-2.01,2.17,-1.40,0.03,-0.01,1.07,-1.13,0.46,-0.21,16633040
253477,0.05,1.02,0.10,-2.17,2.08,-1.34,0.03,-0.01,1.07,-1.07,0.82,-0.21,16632868
253489,0.05,1.02,0.10,-2.26,2.08,-1.56,0.03,-0.01,1.07,-1.10,0.46,-0.34,16631639
253501,0.05,1.02,0.10,-2.11,2.01,-1.74,0.03,-0.01,1.07,-1.10,0.89,-0.27,16631147
253512,0.05,1.02,0.10,-2.04,2.14,-1.28,0.03,-0.01,1.07,-1.19,0.61,-0.21,16631850
253524,0.05,1.02,0.10,-2.26,2.01,-1.25,0.03,-0.01,1.07,-0.98,0.49,-0.49,16636215
253536,0.05,1.02,0.10,-2.41,2.29,-1.56,0.03,-0.01,1.07,-0.98,0.82,-0.34,16635109
253547,0.05,1.02,0.10,-2.35,2.11,-1.22,0.03,-0.01,1.07,-0.76,0.64,-0.37,16632712
253559,0.05,1.02,0.10,-2.29,2.41,-1.31,0.03,-0.01,1.07,-1.01,0.85,-0.37,16633373
253571,0.05,1.02,0.10,-2.41,2.08,-1.34,0.03,-0.01,1.07,-1.16,0.52,-0.21,16634643
253583,0.05,1.02,0.10,-2.29,2.11,-1.50,0.03,-0.01,1.07,-1.04,0.73,-0.43,16633340
253594,0.05,1.02,0.10,-2.32,2.08,-1.43,0.03,-0.01,1.07,-0.92,0.64,-0.03,16634629
253606,0.05,1.02,0.10,-2.29,2.53,-1.31,0.03,-0.01,1.07,-1.07,0.73,-0.24,16635670
253618,0.05,1.02,0.10,-2.29,2.01,-1.19,0.03,-0.01,1.07,-1.31,0.73,-0.27,16636384
253629,0.05,1.02,0.10,-2.23,2.17,-1.62,0.03,-0.01,1.07,-0.92,1.04,-0.27,16634559
253641,0.05,1.02,0.10,-2.35,2.17,-1.40,0.03,-0.01,1.07,-1.16,0.67,-0.09,16631716
253652,0.05,1.02,0.10,-2.08,2.14,-1.62,0.03,-0.01,1.07,-1.46,0.55,-0.06,16632417
253665,0.05,1.02,0.10,-2.50,2.17,-1.40,0.03,-0.01,1.07,-1.10,0.64,-0.46,16635781
253676,0.05,1.02,0.10,-2.17,2.23,-1.59,0.03,-0.01,1.07,-1.07,0.64,-0.37,16636361
253688,0.05,1.02,0.10,-2.11,2.38,-1.53,0.03,-0.01,1.07,-0.92,0.61,-0.58,16634491
253700,0.05,1.02,0.10,-2.35,2.17,-1.46,0.03,-0.01,1.07,-1.19,0.73,-0.24,16632155
253711,0.05,1.02,0.10,-2.20,2.11,-1.74,0.03,-0.01,1.07,-1.28,0.85,-0.46,16633175
253723,0.05,1.02,0.10,-2.14,2.38,-1.16,0.03,-0.01,1.07,-1.37,0.76,-0.49,16631479
253734,0.05,1.02,0.10,-2.35,2.14,-1.25,0.03,-0.01,1.07,-1.04,0.64,-0.49,16633687
253747,0.05,1.02,0.10,-2.23,2.14,-1.46,0.03,-0.01,1.07,-0.79,0.61,-0.46,16635772
253758,0.05,1.02,0.10,-2.23,2.17,-1.34,0.03,-0.01,1.07,-1.10,0.76,-0.31,16633734
253770,0.05,1.02,0.10,-2.35,2.11,-1.22,0.03,-0.01,1.07,-1.19,0.70,-0.27,16633288
253782,0.05,1.02,0.10,-2.17,2.20,-1.59,0.03,-0.01,1.07,-1.22,0.67,-0.43,16631888
253794,0.05,1.02,0.10,-2.29,2.14,-1.40,0.03,-0.01,1.07,-1.19,0.52,-0.31,16633939
253805,0.05,1.02,0.10,-2.11,2.26,-1.46,0.03,-0.01,1.07,-1.13,0.85,-0.34,16635845
253816,0.05,1.02,0.10,-2.14,2.20,-1.46,0.03,-0.01,1.07,-1.04,0.40,-0.31,16634131
253829,0.05,1.02,0.10,-2.47,2.04,-1.34,0.03,-0.01,1.07,-0.89,0.61,-0.43,16634874
253840,0.05,1.02,0.10,-2.29,2.01,-1.62,0.03,-0.01,1.07,-1.01,0.73,-0.70,16637432
253852,0.05,1.02,0.10,-2.29,2.29,-1.37,0.03,-0.01,1.07,-1.10,0.58,-0.31,16636377
253863,0.05,1.02,0.10,-2.14,2.38,-1.56,0.03,-0.01,1.07,-1.01,0.79,-0.37,16634218
253876,0.05,1.02,0.10,-2.17,2.17,-1.28,0.03,-0.01,1.07,-1.31,0.82,-0.40,16634072
253887,0.05,1.02,0.10,-2.26,2.23,-1.34,0.03,-0.01,1.07,-0.95,0.79,-0.27,16636283
253898,0.05,1.02,0.10,-2.32,2.23,-1.53,0.03,-0.01,1.07,-1.13,0.76,-0.24,16635525
253911,0.05,1.02,0.10,-2.08,1.98,-1.04,0.03,-0.01,1.07,-1.04,0.95,-0.31,16633629
253922,0.05,1.02,0.10,-2.26,2.35,-1.25,0.03,-0.01,1.07,-1.07,0.95,-0.43,16632465
253934,0.05,1.02,0.10,-2.23,2.11,-1.50,0.03,-0.01,1.07,-1.01,0.70,-0.64,16633827
253945,0.05,1.02,0.10,-2.29,2.20,-1.50,0.03,-0.01,1.07,-0.67,0.76,-0.31,16634207
253958,0.05,1.02,0.10,-2.17,2.23,-1.65,0.03,-0.01,1.07,-1.10,0.73,-0.43,16632171
253969,0.05,1.02,0.10,-2.50,2.17,-1.68,0.03,-0.01,1.07,-1.01,0.82,-0.43,16633189
253980,0.05,1.02,0.10,-2.17,2.35,-1.50,0.03,-0.01,1.07,-1.19,0.49,-0.24,16633568
253992,0.05,1.02,0.10,-2.23,2.29,-1.46,0.03,-0.01,1.07,-1.04,0.73,-0.40,16635056
254004,0.05,1.02,0.11,-2.44,2.01,-1.50,0.03,-0.01,1.07,-1.07,0.49,-0.27,16633980
254016,0.05,1.02,0.11,-2.20,2.38,-1.34,0.03,-0.01,1.07,-1.31,0.61,-0.43,16629579
254027,0.05,1.02,0.11,-2.14,2.29,-1.46,0.03,-0.01,1.07,-1.46,0.55,-0.31,16632372
254040,0.05,1.02,0.11,-2.35,1.98,-1.46,0.03,-0.01,1.07,-1.13,0.76,-0.18,16633925
254051,0.05,1.02,0.11,-2.32,2.14,-1.31,0.03,-0.01,1.07,-1.04,0.82,-0.31,16633721
254062,0.05,1.02,0.11,-2.29,2.32,-1.37,0.03,-0.01,1.07,-1.16,0.64,-0.21,16633429
254074,0.05,1.02,0.11,-2.20,2.17,-1.46,0.03,-0.01,1.07,-0.92,0.52,-0.15,16633262
254086,0.05,1.02,0.10,-2.26,2.08,-1.43,0.03,-0.01,1.07,-1.01,0.85,-0.27,16632559
254098,0.05,1.02,0.10,-2.26,2.29,-1.46,0.03,-0.01,1.07,-1.10,0.64,-0.27,16633701
254109,0.05,1.02,0.11,-2.17,2.01,-1.62,0.03,-0.01,1.07,-1.31,0.58,-0.21,16635846
254121,0.05,1.02,0.11,-2.35,2.26,-1.62,0.03,-0.01,1.07,-1.01,0.76,-0.40,16636644
254133,0.05,1.02,0.10,-2.38,2.26,-1.25,0.03,-0.01,1.07,-1.07,0.85,-0.58,16631956
254145,0.05,1.02,0.10,-2.35,1.98,-1.43,0.03,-0.01,1.07,-1.01,0.79,-0.40,16633142
254156,0.05,1.02,0.10,-2.32,2.14,-1.56,0.03,-0.01,1.07,-1.10,0.64,-0.15,16634977
254168,0.05,1.02,0.10,-2.47,2.29,-1.40,0.03,-0.01,1.07,-0.98,0.55,-0.27,16634381
254180,0.05,1.02,0.10,-2.26,2.17,-1.46,0.03,-0.01,1.07,-1.04,0.55,-0.27,16633841
254191,0.05,1.02,0.10,-2.38,2.14,-1.40,0.03,-0.01,1.07,-1.04,0.79,-0.24,16632417
254203,0.05,1.02,0.10,-2.29,1.98,-1.40,0.03,-0.01,1.07,-1.13,0.85,-0.43,16634137
254215,0.05,1.02,0.10,-2.17,2.11,-1.65,0.03,-0.01,1.07,-1.13,0.70,-0.43,16632512
254227,0.05,1.02,0.10,-2.23,2.23,-1.59,0.03,-0.01,1.07,-1.04,0.73,-0.24,16631882
254238,0.05,1.02,0.10,-2.26,2.20,-1.50,0.03,-0.01,1.07,-1.07,0.70,-0.37,16635113
254249,0.05,1.02,0.10,-2.17,2.23,-1.71,0.03,-0.01,1.07,-0.82,0.89,-0.46,16632416
254262,0.05,1.02,0.10,-2.41,2.14,-1.50,0.03,-0.01,1.07,-1.01,0.82,-0.37,16633546
254273,0.05,1.02,0.10,-2.20,2.23,-1.28,0.03,-0.01,1.07,-0.95,0.82,-0.15,16633888
254285,0.05,1.02,0.10,-2.41,2.08,-1.37,0.03,-0.01,1.07,-0.92,0.79,0.03,16633820
254297,0.05,1.02,0.10,-2.53,2.11,-1.31,0.03,-0.01,1.07,-1.07,0.76,-0.21,16635088
254309,0.05,1.02,0.10,-2.26,2.29,-1.37,0.03,-0.01,1.07,-1.19,0.64,-0.21,16635281
254320,0.05,1.02,0.10,-2.29,2.01,-1.53,0.03,-0.01,1.07,-1.07,0.79,-0.43,16632665
254331,0.05,1.02,0.10,-2.44,2.23,-1.46,0.03,-0.01,1.07,-0.95,1.04,-0.34,16631867
254344,0.05,1.02,0.10,-2.32,2.29,-1.19,0.03,-0.01,1.07,-1.16,0.58,-0.34,16633326
254355,0.05,1.02,0.10,-2.26,2.08,-1.16,0.03,-0.01,1.07,-0.98,0.89,0.12,16634391
254367,0.05,1.02,0.10,-2.20,2.32,-1.37,0.03,-0.01,1.07,-1.25,0.52,-0.06,16634600
254379,0.05,1.02,0.10,-2.14,2.14,-1.31,0.03,-0.01,1.07,-0.85,0.76,-0.15,16635282
254391,0.05,1.02,0.10,-2.23,2.17,-1.59,0.03,-0.01,1.07,-1.25,0.64,-0.21,16634014
254402,0.05,1.02,0.10,-2.29,2.08,-1.56,0.03,-0.01,1.07,-1.16,0.79,-0.24,16635632
254413,0.05,1.02,0.10,-2.23,2.26,-1.43,0.03,-0.01,1.07,-1.13,0.61,-0.21,16635711
254426,0.05,1.02,0.10,-2.17,2.14,-1.59,0.03,-0.01,1.07,-1.16,0.82,-0.31,16634806
254437,0.05,1.02,0.11,-2.04,2.32,-1.89,0.03,-0.01,1.07,-1.25,0.67,-0.37,16635152
254449,0.05,1.02,0.11,-2.38,2.01,-1.28,0.03,-0.01,1.07,-1.22,0.89,-0.27,16635734
254460,0.05,1.02,0.10,-2.38,2.08,-1.28,0.03,-0.01,1.07,-1.07,0.76,0.03,16635534
254473,0.05,1.02,0.11,-2.23,2.29,-1.31,0.03,-0.01,1.07,-1.28,0.82,-0.46,16634529
254484,0.05,1.02,0.11,-2.53,2.23,-1.40,0.03,-0.01,1.07,-1.01,0.89,-0.34,16632458
254496,0.05,1.02,0.10,-2.01,2.01,-1.43,0.03,-0.01,1.07,-0.98,0.85,-0.27,16632575
254508,0.05,1.02,0.10,-2.44,1.95,-1.25,0.03,-0.01,1.07,-0.98,0.82,-0.34,16633811
254519,0.05,1.02,0.10,-2.20,2.20,-1.59,0.03,-0.01,1.07,-1.34,0.70,-0.31,16632092
254531,0.05,1.02,0.10,-2.53,2.11,-1.40,0.03,-0.01,1.07,-1.10,0.70,-0.40,16634056
254542,0.05,1.02,0.10,-2.26,2.26,-1.31,0.03,-0.01,1.07,-1.01,0.61,-0.09,16636237
254555,0.05,1.02,0.10,-2.17,2.26,-1.53,0.03,-0.01,1.07,-0.98,0.76,-0.37,16636215
254566,0.05,1.02,0.10,-2.50,2.44,-1.56,0.03,-0.01,1.07,-1.07,0.95,-0.61,16633267
254578,0.05,1.02,0.10,-2.23,2.08,-1.40,0.03,-0.01,1.07,-1.07,0.67,-0.31,16632773
254589,0.05,1.02,0.10,-2.29,2.23,-1.50,0.03,-0.01,1.07,-0.92,0.64,-0.34,16635032
254601,0.05,1.02,0.10,-2.23,2.11,-1.28,0.03,-0.01,1.07,-0.98,0.61,-0.43,16634552
254613,0.05,1.02,0.10,-2.32,2.20,-1.31,0.03,-0.01,1.07,-1.25,0.73,-0.18,16636173
254624,0.05,1.02,0.10,-2.08,2.23,-1.59,0.03,-0.01,1.07,-1.07,0.67,-0.31,16635862
254637,0.05,1.02,0.10,-2.32,2.20,-1.77,0.03,-0.01,1.07,-1.16,0.67,-0.27,16632717
254648,0.05,1.02,0.10,-2.23,2.17,-1.62,0.03,-0.01,1.07,-1.04,0.92,-0.58,16632663
254660,0.05,1.02,0.10,-2.04,2.26,-1.34,0.03,-0.01,1.07,-1.28,0.76,-0.27,16632860
254671,0.05,1.02,0.10,-2.41,2.32,-1.53,0.03,-0.01,1.07,-0.95,0.79,0.00,16632234
254683,0.05,1.02,0.10,-2.26,2.04,-1.34,0.03,-0.01,1.07,-1.04,0.67,-0.43,16633651
254695,0.05,1.02,0.10,-2.53,2.14,-1.28,0.03,-0.01,1.07,-1.01,0.64,-0.37,16634091
254706,0.05,1.02,0.10,-2.26,1.98,-1.31,0.03,-0.01,1.07,-1.04,0.76,-0.31,16634307
254718,0.05,1.02,0.10,-2.01,2.01,-1.13,0.03,-0.01,1.07,-1.19,0.79,-0.31,16634110
254730,0.05,1.02,0.10,-2.14,2.04,-1.31,0.03,-0.01,1.07,-0.82,0.76,-0.49,16631496
254742,0.05,1.02,0.10,-2.38,2.35,-1.13,0.03,-0.01,1.07,-0.98,0.92,-0.27,16631222
254753,0.05,1.02,0.10,-2.23,2.14,-1.34,0.03,-0.01,1.07,-1.07,0.79,-0.12,16632224
254766,0.05,1.02,0.10,-2.35,2.20,-1.59,0.03,-0.01,1.07,-1.19,0.73,-0.21,16634722
254777,0.05,1.02,0.10,-2.29,2.08,-1.19,0.03,-0.01,1.07,-1.07,0.64,-0.40,16634779
254788,0.05,1.02,0.10,-2.04,2.04,-1.56,0.03,-0.01,1.07,-1.37,0.82,-0.15,16634223
254800,0.05,1.02,0.10,-2.01,2.23,-1.50,0.03,-0.01,1.07,-0.92,0.70,-0.49,16634744
254812,0.05,1.02,0.11,-2.17,2.26,-1.56,0.03,-0.01,1.07,-1.31,0.95,-0.46,16636054
254824,0.05,1.02,0.11,-2.32,2.26,-1.80,0.03,-0.01,1.07,-0.85,0.67,-0.43,16634028
254835,0.05,1.02,0.11,-2.20,2.23,-1.53,0.03,-0.01,1.07,-1.22,0.67,-0.27,16634410
254848,0.05,1.02,0.10,-2.14,2.11,-1.31,0.03,-0.01,1.07,-0.92,0.55,-0.12,16632916
254859,0.05,1.02,0.10,-2.14,2.23,-1.40,0.03,-0.01,1.07,-0.70,0.61,-0.31,16632271
254870,0.05,1.02,0.10,-2.47,2.17,-1.53,0.03,-0.01,1.07,-1.13,0.67,-0.40,16632929
254882,0.05,1.02,0.10,-2.38,2.17,-1.22,0.03,-0.01,1.07,-0.85,0.82,-0.43,16634902
254894,0.05,1.02,0.10,-2.26,2.44,-1.46,0.03,-0.01,1.07,-1.01,0.64,-0.34,16636713
254906,0.05,1.02,0.10,-2.11,2.29,-1.31,0.03,-0.01,1.07,-0.98,0.70,-0.27,16635654
254917,0.05,1.02,0.10,-2.32,2.17,-1.37,0.03,-0.01,1.07,-1.07,0.79,-0.37,16634783
254929,0.05,1.02,0.10,-2.23,2.26,-1.62,0.03,-0.01,1.07,-1.07,0.49,-0.15,16632857
254941,0.05,1.02,0.10,-2.35,1.83,-1.43,0.03,-0.01,1.07,-1.10,0.70,-0.37,16632617
254952,0.05,1.02,0.10,-2.29,2.44,-1.50,0.03,-0.01,1.07,-1.07,0.40,-0.52,16632696
254964,0.05,1.02,0.10,-2.29,2.17,-1.28,0.03,-0.01,1.07,-1.34,0.70,-0.37,16633935
254976,0.05,1.02,0.11,-2.23,2.17,-1.40,0.03,-0.01,1.07,-1.10,0.76,-0.58,16633639
254988,0.05,1.02,0.11,-2.11,1.89,-1.31,0.03,-0.01,1.07,-1.22,0.55,-0.40,16633352
254999,0.05,1.02,0.10,-2.17,2.44,-1.37,0.03,-0.01,1.07,-1.16,0.76,-0.34,16631695
255011,0.05,1.02,0.10,-2.50,2.20,-1.56,0.03,-0.01,1.07,-0.92,0.58,-0.40,16632320
255023,0.05,1.02,0.10,-2.17,2.11,-1.46,0.03,-0.01,1.07,-1.28,0.70,-0.24,16635026
255035,0.05,1.02,0.10,-2.20,2.20,-1.43,0.03,-0.01,1.07,-1.10,0.61,-0.03,16634761
255046,0.05,1.02,0.10,-2.44,2.17,-1.37,0.03,-0.01,1.07,-1.22,0.70,-0.43,16634108
255057,0.05,1.02,0.10,-2.41,2.29,-1.43,0.03,-0.01,1.07,-1.22,0.79,-0.24,16632931
255070,0.05,1.02,0.10,-2.38,2.23,-1.37,0.03,-0.01,1.07,-1.28,0.61,-0.31,16633271
255081,0.05,1.02,0.10,-2.35,2.20,-1.34,0.03,-0.01,1.07,-0.92,0.55,-0.52,16635600
255093,0.05,1.02,0.10,-2.14,2.23,-1.65,0.03,-0.01,1.07,-1.16,0.61,-0.24,16633888
255105,0.05,1.02,0.10,-2.50,2.14,-1.25,0.03,-0.01,1.07,-1.01,0.58,-0.15,16634265
255117,0.05,1.02,0.10,-2.23,2.17,-1.37,0.03,-0.01,1.07,-1.07,0.70,-0.52,16633891
255128,0.05,1.02,0.10,-2.23,2.14,-1.43,0.03,-0.01,1.07,-1.16,0.76,-0.46,16633879
255139,0.05,1.02,0.11,-2.17,2.29,-1.34,0.03,-0.01,1.07,-1.07,0.82,-0.34,16634891
255152,0.05,1.02,0.10,-2.35,2.17,-1.34,0.03,-0.01,1.07,-1.13,0.79,-0.70,16636439
255163,0.05,1.02,0.10,-2.01,2.23,-1.37,0.03,-0.01,1.07,-1.04,0.73,-0.12,16634242
255175,0.05,1.02,0.11,-2.23,2.20,-1.34,0.03,-0.01,1.07,-1.13,0.70,-0.27,16633854
255186,0.05,1.02,0.10,-2.11,2.23,-1.62,0.03,-0.01,1.07,-1.04,0.70,-0.43,16631731
255199,0.05,1.02,0.10,-2.11,2.04,-1.56,0.03,-0.01,1.07,-1.10,0.52,-0.37,16631451
255210,0.05,1.02,0.10,-2.11,2.32,-1.19,0.03,-0.01,1.07,-1.22,0.89,-0.21,16633703
255221,0.05,1.02,0.10,-2.17,2.35,-1.40,0.03,-0.01,1.07,-1.10,0.79,-0.34,16633113
255234,0.05,1.02,0.10,-2.23,2.20,-1.40,0.03,-0.01,1.07,-1.13,0.64,-0.43,16633593
255245,0.04,1.06,0.08,-17.58,7.23,1.83,0.03,-0.01,1.07,-0.95,0.58,-0.21,16639340
255257,0.06,1.08,0.14,-1.53,0.55,2.35,0.03,-0.01,1.07,-1.50,0.73,-0.52,16693768
255268,0.06,0.96,0.07,-13.61,3.94,-6.13,0.03,-0.01,1.07,-1.46,1.07,-0.61,16697255
255281,0.06,0.94,0.06,-17.88,1.62,-3.91,0.03,-0.01,1.07,-2.62,1.19,-0.27,16642989
255292,0.06,0.99,0.08,-8.24,1.22,-2.29,0.03,-0.01,1.07,-2.14,1.10,-0.18,16632357
255303,0.05,1.05,0.13,4.64,2.11,-1.04,0.03,-0.01,1.07,-0.18,0.40,-0.15,16628746
255315,0.04,1.08,0.15,11.32,2.44,1.62,0.03,-0.01,1.07,1.13,-0.43,-0.06,16629376
255327,0.04,1.09,0.11,5.40,4.61,-1.10,0.03,-0.01,1.07,-0.67,0.67,0.03,16639170
255339,0.05,1.04,0.09,-10.01,2.17,4.24,0.03,-0.01,1.07,-2.44,1.16,-0.49,16689564
255350,0.07,0.93,0.04,-21.61,2.78,-5.04,0.03,-0.01,1.07,-1.19,0.55,-0.55,16703769
255363,0.05,0.96,0.07,-17.64,1.86,3.48,0.03,-0.01,1.07,-1.01,0.76,-0.34,16654186
255374,0.05,1.11,0.19,26.00,1.01,-2.87,0.03,-0.01,1.07,-2.23,1.16,-0.34,16661611
255386,0.05,1.07,0.14,14.28,1.77,-0.58,0.03,-0.01,1.07,-0.82,0.49,-0.15,16696283
255397,0.06,0.95,0.05,-13.00,2.20,-2.23,0.03,-0.01,1.07,-0.43,0.49,-0.15,16710403
255409,0.05,0.98,0.07,-8.42,2.38,-2.23,0.03,-0.01,1.07,-1.65,0.85,-0.49,16751795
255421,0.05,1.05,0.12,4.12,2.81,-0.82,0.03,-0.01,1.07,-1.34,0.89,-0.24,16763803
255432,0.05,1.07,0.14,10.93,2.04,-1.37,0.03,-0.01,1.07,-0.37,0.52,-0.40,16754760
255444,0.06,0.99,0.08,-10.25,2.14,-1.46,0.03,-0.01,1.07,-0.67,0.61,-0.34,18742
255456,0.06,0.97,0.06,-15.63,2.69,-2.01,0.03,-0.01,1.07,-1.89,1.07,-0.18,44874
255467,0.05,1.07,0.13,8.54,2.17,-1.37,0.03,-0.01,1.07,-1.56,0.67,-0.40,59170
255479,0.05,1.05,0.12,3.78,2.41,-1.13,0.03,-0.01,1.07,-0.43,0.61,-0.27,81491
255491,0.05,0.98,0.07,-11.51,2.29,-0.61,0.03,-0.01,1.07,-0.06,0.24,-0.21,103479
255503,0.05,0.99,0.08,-7.05,2.87,-1.16,0.03,-0.01,1.07,-2.08,1.19,-0.58,126760
255514,0.05,1.02,0.11,-2.20,2.23,-0.89,0.03,-0.01,1.07,-2.35,1.19,-0.15,128303
255526,0.06,0.99,0.07,-14.92,2.50,-1.62,0.03,-0.01,1.07,0.31,0.12,-0.58,145444
255538,0.05,1.04,0.12,-0.79,2.11,-0.92,0.03,-0.01,1.07,-0.52,0.46,-0.37,150314
255550,0.06,1.01,0.09,-13.15,1.46,-1.68,0.03,-0.01,1.07,-2.35,1.46,-0.46,163087
255561,0.05,1.04,0.12,-1.80,2.75,-1.28,0.03,-0.01,1.07,-0.73,0.43,-0.46,163453
255572,0.06,1.03,0.11,-6.47,1.68,-1.83,0.03,-0.01,1.07,-0.67,0.46,-0.37,171373
255585,0.05,1.04,0.12,-1.28,2.75,-2.35,0.03,-0.01,1.07,-1.56,0.85,-0.15,177162
255596,0.05,1.04,0.12,-0.64,2.14,-2.04,0.03,-0.01,1.07,-1.86,0.76,-0.43,185142
255608,0.05,1.04,0.12,0.76,2.44,-2.11,0.03,-0.01,1.07,-0.21,0.37,-0.27,189500
255620,0.05,1.05,0.12,3.91,2.04,-2.14,0.03,-0.01,1.07,-1.40,0.82,-0.37,190707
255632,0.05,1.04,0.12,2.44,2.23,-1.80,0.03,-0.01,1.07,-1.59,1.13,-0.40,194404
255643,0.05,1.03,0.12,4.52,1.95,-1.16,0.03,-0.01,1.07,-0.61,0.76,-0.52,197680
255654,0.05,1.02,0.11,1.34,2.14,-1.07,0.03,-0.01,1.07,-1.28,0.76,-0.34,200851
255667,0.05,1.02,0.11,2.56,2.26,-1.13,0.03,-0.01,1.07,-1.40,0.64,-0.09,197691
255678,0.05,1.02,0.10,0.79,1.98,-1.43,0.03,-0.01,1.07,-1.28,0.55,-0.40,199856
255690,0.05,1.01,0.10,-0.27,2.32,-1.40,0.03,-0.01,1.07,-0.89,0.52,-0.21,199517
255702,0.05,1.01,0.10,-1.28,2.01,-1.43,0.03,-0.01,1.07,-1.31,1.01,-0.67,199969
255714,0.05,1.01,0.09,-3.42,1.92,-1.46,0.03,-0.01,1.07,-1.25,0.95,-0.24,202291
255725,0.05,1.01,0.10,-2.29,2.01,-1.34,0.03,-0.01,1.07,-0.95,0.76,-0.31,202906
255736,0.05,1.02,0.10,-0.49,2.41,-1.56,0.03,-0.01,1.07,-1.25,0.76,-0.24,202197
255749,0.05,1.00,0.09,-7.54,2.26,-1.13,0.03,-0.01,1.07,-1.10,0.85,-0.21,202626
255760,0.05,1.01,0.10,-3.39,2.23,-1.40,0.03,-0.01,1.07,-1.22,0.55,-0.21,203940
255772,0.05,1.01,0.09,-7.78,2.01,-0.49,0.03,-0.01,1.07,-1.40,0.79,-0.27,203815
255783,0.05,1.01,0.09,-6.99,2.17,-1.28,0.03,-0.01,1.07,-0.92,0.76,-0.46,200975
255796,0.05,1.02,0.10,-6.53,2.08,-1.16,0.03,-0.01,1.07,-1.22,1.07,-0.34,195989
255807,0.05,1.01,0.10,-6.81,2.08,-1.22,0.03,-0.01,1.07,-0.89,0.82,-0.52,197863
255819,0.05,1.03,0.11,-3.94,2.17,-1.40,0.03,-0.01,1.07,-1.01,0.85,-0.21,197738
255831,0.05,1.03,0.11,-4.39,2.32,-1.31,0.03,-0.01,1.07,-1.04,0.85,-0.43,198411
255842,0.05,1.04,0.12,-1.07,2.04,-1.37,0.03,-0.01,1.07,-1.31,1.01,-0.09,199555
255854,0.05,1.03,0.11,-1.86,2.23,-1.50,0.03,-0.01,1.07,-0.82,0.70,-0.21,203776
255865,0.05,1.04,0.12,0.76,2.14,-1.40,0.03,-0.01,1.07,-1.13,0.61,-0.70,202754
255878,0.05,1.03,0.11,0.31,2.32,-1.43,0.03,-0.01,1.07,-1.31,0.92,-0.37,201224
255889,0.05,1.03,0.11,1.65,2.14,-2.01,0.03,-0.01,1.07,-1.07,0.98,-0.40,198500
255901,0.05,1.03,0.11,1.74,2.11,-1.62,0.03,-0.01,1.07,-1.25,0.76,-0.37,196696
255912,0.05,1.03,0.11,1.46,2.20,-1.74,0.03,-0.01,1.07,-1.10,0.92,-0.34,199466
255924,0.05,1.03,0.11,2.20,2.04,-1.68,0.03,-0.01,1.07,-1.01,0.79,-0.31,199384
255936,0.05,1.02,0.10,0.06,2.32,-1.62,0.03,-0.01,1.07,-1.07,0.73,-0.27,198691
255947,0.05,1.02,0.10,-0.79,2.11,-1.31,0.03,-0.01,1.07,-1.28,0.58,-0.27,200256
255960,0.05,1.01,0.10,-1.22,2.04,-1.65,0.03,-0.01,1.07,-1.22,0.52,-0.58,201630
255971,0.05,1.01,0.10,-1.95,2.01,-1.53,0.03,-0.01,1.07,-1.34,0.55,-0.49,200874
255983,0.05,1.01,0.09,-3.60,2.20,-1.71,0.03,-0.01,1.07,-1.01,0.98,-0.31,200475
255994,0.05,1.02,0.10,-1.86,2.04,-1.65,0.03,-0.01,1.07,-1.28,0.92,-0.24,200874
256006,0.05,1.02,0.10,-2.32,2.29,-1.65,0.03,-0.01,1.07,-0.76,0.73,-0.15,200607
256018,0.05,1.01,0.09,-5.52,2.29,-1.46,0.03,-0.01,1.07,-0.76,0.92,-0.18,200613
256029,0.05,1.02,0.10,-2.81,2.14,-1.86,0.03,-0.01,1.07,-1.50,0.92,-0.37,201614
256041,0.05,1.01,0.09,-6.20,2.14,-1.53,0.03,-0.01,1.07,-1.31,0.46,-0.06,199950
256053,0.05,1.02,0.10,-4.00,2.20,-1.77,0.03,-0.01,1.07,-0.73,0.55,-0.37,199571
256065,0.05,1.02,0.10,-5.95,2.14,-1.46,0.03,-0.01,1.07,-1.19,0.58,-0.31,199773
256076,0.05,1.02,0.10,-4.76,2.20,-1.77,0.03,-0.01,1.07,-1.04,0.82,-0.46,197396
256089,0.05,1.02,0.10,-4.79,2.23,-1.16,0.03,-0.01,1.07,-0.82,0.67,-0.37,196490
256100,0.05,1.02,0.10,-5.16,2.01,-1.13,0.03,-0.01,1.07,-1.25,0.82,-0.46,199112
256111,0.05,1.02,0.11,-3.63,2.29,-0.55,0.03,-0.01,1.07,-1.16,0.73,-0.24,199727
256123,0.05,1.02,0.11,-3.97,2.29,-1.01,0.03,-0.01,1.07,-1.25,0.70,-0.24,198742
256135,0.05,1.03,0.11,-1.80,2.17,-0.98,0.03,-0.01,1.07,-1.31,0.89,-0.27,196413
256147,0.05,1.03,0.11,-2.17,2.26,-1.25,0.03,-0.01,1.07,-1.37,0.61,-0.31,200722
256158,0.05,1.03,0.11,-0.34,2.29,-1.31,0.03,-0.01,1.07,-0.85,0.82,-0.34,202103
256171,0.05,1.03,0.11,-0.15,2.32,-1.10,0.03,-0.01,1.07,-1.40,0.64,-0.46,199571
256182,0.05,1.03,0.11,0.92,2.20,-1.59,0.03,-0.01,1.07,-1.22,0.85,-0.43,196786
256193,0.05,1.03,0.11,0.98,2.17,-1.37,0.03,-0.01,1.07,-1.16,0.64,-0.43,199750
256205,0.05,1.03,0.11,1.34,2.20,-1.53,0.03,-0.01,1.07,-1.13,0.52,-0.34,200232
256217,0.05,1.03,0.11,1.10,2.11,-1.80,0.03,-0.01,1.07,-0.98,0.79,-0.27,197241
256229,0.05,1.02,0.10,0.92,2.20,-1.50,0.03,-0.01,1.07,-1.28,0.82,-0.27,198832
256240,0.05,1.02,0.10,0.58,2.17,-1.50,0.03,-0.01,1.07,-1.28,0.61,-0.46,199002
256252,0.05,1.02,0.10,-0.27,2.29,-1.65,0.03,-0.01,1.07,-0.95,0.67,-0.34,199002
256264,0.05,1.01,0.10,-1.98,2.32,-1.43,0.03,-0.01,1.07,-0.95,0.58,-0.34,200984
256275,0.05,1.01,0.09,-3.36,2.29,-1.37,0.03,-0.01,1.07,-1.07,1.01,-0.27,201093
256287,0.05,1.02,0.10,-1.80,2.26,-1.53,0.03,-0.01,1.07,-1.34,0.70,-0.15,199888
256299,0.05,1.01,0.10,-4.49,2.04,-1.53,0.03,-0.01,1.07,-1.10,0.67,-0.37,199131
256311,0.05,1.01,0.09,-4.58,2.32,-1.98,0.03,-0.01,1.07,-1.16,0.61,-0.34,202346
256322,0.05,1.01,0.10,-4.39,2.29,-1.77,0.03,-0.01,1.07,-1.28,0.89,-0.37,201837
256334,0.05,1.01,0.09,-6.01,2.20,-1.83,0.03,-0.01,1.07,-1.22,0.52,-0.31,200860
256346,0.05,1.02,0.10,-4.61,2.32,-1.62,0.03,-0.01,1.07,-0.82,0.49,-0.46,198106
256358,0.05,1.02,0.10,-6.07,2.20,-1.53,0.03,-0.01,1.07,-1.13,0.67,-0.46,198232
256369,0.05,1.02,0.10,-4.18,2.29,-1.43,0.03,-0.01,1.07,-1.07,0.73,-0.24,199526
256380,0.05,1.02,0.10,-5.34,2.11,-1.16,0.03,-0.01,1.07,-1.07,0.67,-0.40,199146
256393,0.05,1.03,0.11,-4.06,2.17,-1.04,0.03,-0.01,1.07,-1.37,0.67,-0.31,198181
256404,0.05,1.03,0.11,-3.78,2.11,-1.31,0.03,-0.01,1.07,-1.10,0.67,-0.49,199522
256416,0.05,1.03,0.11,-2.32,2.14,-1.13,0.03,-0.01,1.07,-0.89,0.73,-0.55,202400
256428,0.05,1.03,0.11,-1.71,2.20,-1.19,0.03,-0.01,1.07,-1.37,0.73,-0.34,200903
256440,0.05,1.03,0.11,-0.70,2.29,-0.98,0.03,-0.01,1.07,-1.01,0.70,-0.12,199520
256451,0.05,1.03,0.11,0.24,2.23,-0.98,0.03,-0.01,1.07,-0.95,0.82,-0.24,200811
256462,0.05,1.03,0.11,0.37,2.32,-1.28,0.03,-0.01,1.07,-1.28,0.73,-0.46,200071
256475,0.05,1.03,0.11,1.59,2.20,-1.16,0.03,-0.01,1.07,-1.19,0.92,-0.34,198617
256486,0.05,1.03,0.11,0.92,2.04,-1.22,0.03,-0.01,1.07,-1.13,0.73,-0.37,196463
256498,0.05,1.03,0.11,1.53,2.20,-1.59,0.03,-0.01,1.07,-1.16,0.49,-0.34,197770
256509,0.05,1.02,0.10,0.18,2.32,-1.37,0.03,-0.01,1.07,-1.56,0.89,-0.37,199076
256522,0.05,1.02,0.10,0.61,1.92,-1.59,0.03,-0.01,1.07,-1.13,0.49,-0.31,195610
256533,0.05,1.02,0.10,-0.58,1.95,-1.56,0.03,-0.01,1.07,-1.28,0.73,-0.18,198526
256544,0.05,1.01,0.10,-1.28,2.20,-1.19,0.03,-0.01,1.07,-1.01,0.64,-0.52,198288
256557,0.05,1.01,0.10,-2.32,2.11,-1.50,0.03,-0.01,1.07,-1.25,0.58,-0.12,199280
256568,0.05,1.01,0.09,-3.14,2.26,-1.25,0.03,-0.01,1.07,-0.95,0.89,-0.46,201460
256580,0.05,1.01,0.10,-3.23,1.98,-1.77,0.03,-0.01,1.07,-1.13,0.73,-0.27,201066
256591,0.05,1.01,0.09,-5.16,2.35,-1.65,0.03,-0.01,1.07,-1.28,0.92,-0.46,200160
256604,0.05,1.01,0.10,-4.52,2.20,-1.50,0.03,-0.01,1.07,-0.98,0.79,-0.34,200230
256615,0.05,1.01,0.09,-5.86,2.29,-1.74,0.03,-0.01,1.07,-1.31,0.55,-0.15,200537
256626,0.05,1.01,0.10,-5.55,2.23,-1.71,0.03,-0.01,1.07,-0.92,0.73,-0.18,200985
256638,0.05,1.02,0.10,-5.89,2.04,-1.71,0.03,-0.01,1.07,-1.19,0.64,-0.43,200504
256650,0.05,1.02,0.10,-5.40,2.11,-1.50,0.03,-0.01,1.07,-1.13,0.79,-0.49,200314
256662,0.05,1.02,0.10,-4.79,2.01,-1.43,0.03,-0.01,1.07,-1.13,0.73,-0.34,199830
256673,0.05,1.03,0.11,-4.18,2.17,-1.74,0.03,-0.01,1.07,-1.13,0.70,-0.46,199483
256686,0.05,1.03,0.11,-2.87,2.23,-1.37,0.03,-0.01,1.07,-1.04,0.70,-0.34,198838
256697,0.05,1.03,0.11,-2.56,2.17,-1.34,0.03,-0.01,1.07,-0.98,0.73,-0.37,197074
256709,0.05,1.03,0.11,-1.16,2.08,-1.22,0.03,-0.01,1.07,-1.25,0.64,-0.31,195567
256720,0.05,1.03,0.11,-0.55,2.23,-1.34,0.03,-0.01,1.07,-1.31,1.01,-0.49,194910
256732,0.05,1.03,0.11,0.73,2.38,-1.37,0.03,-0.01,1.07,-1.04,0.79,-0.12,196534
256744,0.05,1.03,0.11,0.82,2.20,-1.31,0.03,-0.01,1.07,-1.10,0.55,-0.12,199436
256755,0.05,1.03,0.11,1.50,2.14,-1.25,0.03,-0.01,1.07,-1.19,0.64,-0.18,200277
256768,0.05,1.03,0.11,0.98,2.11,-1.40,0.03,-0.01,1.07,-1.10,0.55,-0.43,200283
256779,0.05,1.03,0.11,1.22,2.29,-1.25,0.03,-0.01,1.07,-0.82,0.52,-0.12,199997
256791,0.05,1.02,0.10,0.15,2.38,-1.16,0.03,-0.01,1.07,-1.19,0.73,-0.34,197657
256802,0.05,1.02,0.10,0.00,2.20,-1.25,0.03,-0.01,1.07,-1.22,0.58,-0.06,199419
256814,0.05,1.02,0.10,-1.10,1.98,-1.50,0.03,-0.01,1.07,-0.92,0.64,-0.31,200693
256826,0.05,1.01,0.10,-1.77,2.23,-1.28,0.03,-0.01,1.07,-1.13,0.79,-0.52,199931
256837,0.05,1.01,0.10,-2.44,2.17,-1.28,0.03,-0.01,1.07,-1.04,0.70,-0.37,203335
256849,0.05,1.01,0.10,-3.39,2.26,-1.25,0.03,-0.01,1.07,-1.07,0.46,-0.34,202743
256861,0.05,1.01,0.10,-4.09,2.23,-1.25,0.03,-0.01,1.07,-1.13,0.55,-0.49,198735
256873,0.05,1.01,0.10,-5.16,1.98,-1.19,0.03,-0.01,1.07,-0.98,0.89,-0.37,198082
256884,0.05,1.01,0.10,-5.25,1.98,-1.43,0.03,-0.01,1.07,-1.31,0.73,-0.18,199560
256896,0.05,1.01,0.10,-5.46,2.35,-1.46,0.03,-0.01,1.07,-0.92,0.61,-0.24,200531
256908,0.05,1.02,0.10,-5.40,2.08,-1.37,0.03,-0.01,1.07,-1.13,0.67,-0.37,199082
256919,0.05,1.02,0.10,-5.07,2.04,-1.62,0.03,-0.01,1.07,-1.31,0.67,-0.37,197048
256931,0.05,1.02,0.11,-4.79,2.17,-1.46,0.03,-0.01,1.07,-1.19,0.46,-0.18,198884
256943,0.05,1.02,0.11,-4.00,2.23,-1.65,0.03,-0.01,1.07,-1.10,0.61,-0.18,197280
256955,0.05,1.03,0.11,-3.36,2.35,-1.50,0.03,-0.01,1.07,-1.34,0.73,-0.18,197196
256966,0.05,1.03,0.11,-2.69,2.14,-1.56,0.03,-0.01,1.07,-1.10,0.58,-0.37,200961
256977,0.05,1.03,0.11,-1.65,2.11,-1.62,0.03,-0.01,1.07,-1.04,0.79,-0.18,202023
256990,0.05,1.03,0.11,-0.89,2.35,-1.77,0.03,-0.01,1.07,-1.19,0.98,-0.52,200783
257001,0.05,1.03,0.11,0.00,2.20,-1.59,0.03,-0.01,1.07,-1.01,0.67,-0.24,200878
257013,0.05,1.03,0.11,0.09,2.26,-1.43,0.03,-0.01,1.07,-0.95,0.67,-0.18,201646
257025,0.05,1.03,0.11,0.46,2.23,-1.40,0.03,-0.01,1.07,-1.13,0.79,-0.31,200651
257037,0.05,1.03,0.11,0.43,2.14,-1.34,0.03,-0.01,1.07,-1.40,0.85,-0.34,198385
257048,0.05,1.03,0.11,0.58,2.17,-1.07,0.03,-0.01,1.07,-1.16,0.73,-0.43,197282
257060,0.05,1.02,0.10,0.21,2.14,-1.13,0.03,-0.01,1.07,-1.07,0.76,-0.43,196240
257072,0.05,1.02,0.10,-0.18,2.14,-1.04,0.03,-0.01,1.07,-0.95,0.49,-0.27,198510
257083,0.05,1.02,0.10,-0.58,2.11,-1.19,0.03,-0.01,1.07,-1.10,0.79,-0.40,197613
257095,0.05,1.02,0.10,-1.28,2.20,-1.07,0.03,-0.01,1.07,-1.04,0.64,-0.27,198797
257106,0.05,1.01,0.10,-2.38,2.20,-1.22,0.03,-0.01,1.07,-1.37,0.79,-0.43,198002
257119,0.05,1.01,0.10,-3.05,2.26,-1.28,0.03,-0.01,1.07,-1.04,0.79,-0.43,198563
257130,0.05,1.01,0.10,-3.81,2.08,-1.34,0.03,-0.01,1.07,-1.40,0.64,-0.34,201326
257142,0.05,1.01,0.10,-4.00,2.08,-1.34,0.03,-0.01,1.07,-0.98,0.58,-0.43,200478
257154,0.05,1.01,0.10,-4.49,2.04,-1.34,0.03,-0.01,1.07,-1.25,0.37,-0.40,197981
257165,0.05,1.02,0.10,-4.58,2.26,-1.34,0.03,-0.01,1.07,-1.07,0.58,-0.15,198007
257177,0.05,1.02,0.10,-4.73,2.23,-1.28,0.03,-0.01,1.07,-1.01,0.79,-0.40,198179
257188,0.05,1.02,0.10,-4.73,2.14,-1.22,0.03,-0.01,1.07,-1.13,0.58,-0.58,198440
257201,0.05,1.02,0.10,-4.55,2.29,-1.56,0.03,-0.01,1.07,-1.04,0.46,-0.15,198076
257212,0.05,1.02,0.11,-3.63,2.23,-1.65,0.03,-0.01,1.07,-1.04,0.85,-0.24,199656
257224,0.05,1.02,0.11,-3.36,2.20,-1.77,0.03,-0.01,1.07,-1.07,0.64,-0.27,200412
257235,0.05,1.03,0.11,-2.59,2.20,-1.83,0.03,-0.01,1.07,-1.13,0.55,-0.43,197381
257247,0.05,1.03,0.11,-1.80,2.26,-1.65,0.03,-0.01,1.07,-0.92,0.76,-0.52,199056
257259,0.05,1.03,0.11,-1.68,2.44,-1.89,0.03,-0.01,1.07,-0.82,0.58,-0.34,201251
257270,0.05,1.03,0.11,-0.73,2.26,-1.86,0.03,-0.01,1.07,-1.16,1.04,-0.24,202012
257283,0.05,1.03,0.11,-0.61,2.26,-1.59,0.03,-0.01,1.07,-1.13,0.76,-0.49,200878
257294,0.05,1.03,0.11,-0.15,2.17,-1.71,0.03,-0.01,1.07,-1.13,0.67,-0.37,201226
257306,0.05,1.02,0.11,-0.43,2.04,-1.22,0.03,-0.01,1.07,-1.16,0.79,-0.46,199738
257317,0.05,1.02,0.11,0.09,2.11,-1.28,0.03,-0.01,1.07,-1.13,0.73,-0.21,201135
257330,0.05,1.02,0.10,-0.40,2.17,-1.31,0.03,-0.01,1.07,-1.19,0.73,-0.46,200901
257341,0.05,1.02,0.10,-0.43,2.04,-1.19,0.03,-0.01,1.07,-1.01,0.64,-0.34,199332
257352,0.05,1.02,0.10,-1.16,2.44,-1.31,0.03,-0.01,1.07,-1.10,0.79,-0.40,200756
257364,0.05,1.02,0.10,-1.16,2.20,-1.04,0.03,-0.01,1.07,-1.13,0.76,-0.15,200646
257376,0.05,1.02,0.10,-2.01,2.23,-1.16,0.03,-0.01,1.07,-1.04,0.89,-0.27,199869
257388,0.05,1.02,0.10,-2.29,2.23,-1.25,0.03,-0.01,1.07,-1.19,0.64,-0.37,200503
257399,0.05,1.01,0.10,-3.05,2.17,-0.92,0.03,-0.01,1.07,-1.13,0.79,-0.31,199884
257412,0.05,1.01,0.10,-3.51,2.23,-1.13,0.03,-0.01,1.07,-1.16,0.55,-0.24,201990
257423,0.05,1.01,0.10,-4.21,1.92,-0.98,0.03,-0.01,1.07,-0.92,0.70,-0.52,201186
257434,0.05,1.02,0.10,-4.27,2.20,-1.07,0.03,-0.01,1.07,-1.01,0.52,-0.21,200325
257446,0.05,1.02,0.10,-4.24,2.01,-1.56,0.03,-0.01,1.07,-1.10,0.61,-0.03,197523
257458,0.05,1.02,0.10,-4.15,2.32,-1.31,0.03,-0.01,1.07,-0.98,0.92,-0.27,198083
257470,0.05,1.02,0.10,-3.63,2.44,-1.56,0.03,-0.01,1.07,-1.10,0.79,-0.52,198062
257481,0.05,1.02,0.10,-3.11,2.32,-1.46,0.03,-0.01,1.07,-1.16,0.61,-0.27,196931
257494,0.05,1.02,0.11,-2.69,2.04,-1.37,0.03,-0.01,1.07,-1.07,0.89,-0.31,198308
257505,0.05,1.03,0.11,-2.56,2.29,-1.68,0.03,-0.01,1.07,-1.31,0.67,-0.21,197645
257516,0.05,1.03,0.11,-1.77,2.04,-1.65,0.03,-0.01,1.07,-1.19,0.73,-0.18,198075
257528,0.05,1.03,0.11,-1.68,2.26,-1.86,0.03,-0.01,1.07,-1.25,0.52,-0.40,199379
257540,0.05,1.03,0.11,-1.34,2.38,-1.74,0.03,-0.01,1.07,-1.13,0.67,-0.37,199870
257552,0.05,1.03,0.11,-0.95,2.01,-1.68,0.03,-0.01,1.07,-1.10,0.95,-0.15,201566
257563,0.05,1.03,0.11,-0.95,2.32,-1.71,0.03,-0.01,1.07,-1.31,0.61,-0.37,198421
257575,0.05,1.02,0.10,-1.31,2.26,-1.65,0.03,-0.01,1.07,-1.31,0.46,-0.46,197496
257587,0.05,1.02,0.10,-1.28,2.14,-1.34,0.03,-0.01,1.07,-0.98,0.64,-0.12,197949
257599,0.05,1.02,0.10,-1.19,2.23,-1.37,0.03,-0.01,1.07,-1.34,0.98,-0.24,197927
257610,0.05,1.02,0.10,-1.22,2.01,-1.34,0.03,-0.01,1.07,-1.16,0.76,-0.34,198439
257622,0.05,1.02,0.10,-1.37,2.08,-1.25,0.03,-0.01,1.07,-1.19,0.82,-0.37,199932
257634,0.05,1.02,0.10,-1.83,2.04,-1.04,0.03,-0.01,1.07,-1.37,0.79,-0.37,201526
257645,0.05,1.02,0.10,-2.23,2.29,-1.01,0.03,-0.01,1.07,-1.13,0.85,-0.37,198715
257657,0.05,1.02,0.10,-2.44,2.20,-1.40,0.03,-0.01,1.07,-1.10,0.55,-0.27,197200
257669,0.05,1.02,0.10,-2.87,2.14,-1.31,0.03,-0.01,1.07,-1.19,0.64,-0.58,198141
257681,0.05,1.02,0.10,-2.69,2.04,-1.13,0.03,-0.01,1.07,-1.16,0.70,-0.31,200496
257692,0.05,1.02,0.10,-3.51,2.35,-1.25,0.03,-0.01,1.07,-1.37,0.76,-0.43,200290
257703,0.05,1.02,0.10,-3.39,2.04,-1.25,0.03,-0.01,1.07,-1.10,0.58,-0.24,198443
257716,0.05,1.02,0.10,-3.45,2.17,-1.19,0.03,-0.01,1.07,-1.22,0.43,-0.40,199546
257727,0.05,1.02,0.10,-3.20,2.01,-1.40,0.03,-0.01,1.07,-1.10,0.85,-0.49,196997
257739,0.05,1.02,0.10,-3.42,2.14,-1.34,0.03,-0.01,1.07,-1.25,0.82,-0.21,199289
257751,0.05,1.02,0.10,-2.75,2.29,-1.68,0.03,-0.01,1.07,-1.19,0.73,-0.31,200532
257763,0.05,1.02,0.11,-2.62,2.17,-1.50,0.03,-0.01,1.07,-1.28,0.98,-0.43,199993
257774,0.05,1.02,0.11,-2.29,2.23,-1.43,0.03,-0.01,1.07,-1.16,0.64,-0.40,197819
257785,0.05,1.02,0.11,-1.83,2.35,-1.86,0.03,-0.01,1.07,-1.16,0.73,-0.18,198675
257798,0.05,1.02,0.11,-1.53,2.26,-1.46,0.03,-0.01,1.07,-0.98,0.61,-0.15,201493
257809,0.05,1.03,0.11,-1.34,1.98,-1.65,0.03,-0.01,1.07,-1.34,0.61,-0.58,198960
257821,0.05,1.02,0.11,-1.34,2.01,-1.65,0.03,-0.01,1.07,-0.98,0.73,-0.12,200638
257832,0.05,1.02,0.11,-1.10,2.14,-1.68,0.03,-0.01,1.07,-0.92,0.85,-0.21,200251
257845,0.05,1.02,0.10,-1.46,2.23,-1.68,0.03,-0.01,1.07,-1.10,0.67,-0.15,200096
257856,0.05,1.02,0.10,-1.34,1.98,-1.31,0.03,-0.01,1.07,-1.28,0.67,-0.34,200511
257867,0.05,1.02,0.10,-1.31,2.04,-1.53,0.03,-0.01,1.07,-1.10,0.43,-0.31,201881
257880,0.05,1.02,0.10,-1.62,2.14,-1.10,0.03,-0.01,1.07,-1.16,0.79,-0.43,199762
257891,0.05,1.02,0.10,-1.89,2.11,-1.37,0.03,-0.01,1.07,-1.04,0.49,-0.18,201060
257903,0.05,1.02,0.10,-1.80,2.20,-1.40,0.03,-0.01,1.07,-1.04,0.73,-0.37,201923
257914,0.05,1.02,0.10,-1.95,2.32,-1.59,0.03,-0.01,1.07,-1.22,0.76,-0.24,199181
257927,0.05,1.02,0.10,-2.47,2.04,-1.13,0.03,-0.01,1.07,-0.92,0.85,-0.52,198467
257938,0.05,1.02,0.10,-2.62,2.20,-1.13,0.03,-0.01,1.07,-1.04,1.07,-0.49,198589
257950,0.05,1.02,0.10,-3.11,2.20,-1.22,0.03,-0.01,1.07,-1.31,0.64,-0.46,198457
257961,0.05,1.02,0.10,-3.02,2.01,-1.22,0.03,-0.01,1.07,-1.22,0.49,-0.31,196073
257973,0.05,1.02,0.10,-2.99,2.04,-1.16,0.03,-0.01,1.07,-1.16,0.61,-0.27,194993
257985,0.05,1.02,0.10,-3.08,2.17,-1.04,0.03,-0.01,1.07,-1.28,0.76,-0.31,198688
257996,0.05,1.02,0.10,-2.87,2.17,-1.50,0.03,-0.01,1.07,-1.31,0.55,-0.31,198261
258009,0.05,1.02,0.10,-2.84,2.11,-1.25,0.03,-0.01,1.07,-1.13,0.61,-0.40,195752
258020,0.05,1.02,0.10,-2.47,2.23,-1.16,0.03,-0.01,1.07,-1.10,0.82,-0.37,198921
258032,0.05,1.02,0.11,-2.26,2.38,-1.34,0.03,-0.01,1.07,-1.13,0.67,-0.21,200862
258043,0.05,1.02,0.11,-1.74,2.14,-1.22,0.03,-0.01,1.07,-0.98,0.73,-0.09,199002
258055,0.05,1.02,0.11,-1.86,2.32,-1.25,0.03,-0.01,1.07,-0.95,0.79,-0.15,195520
258067,0.05,1.02,0.10,-1.31,2.01,-1.40,0.03,-0.01,1.07,-1.01,0.70,-0.61,193483
258078,0.05,1.02,0.10,-1.74,2.23,-1.43,0.03,-0.01,1.07,-1.25,0.73,-0.46,196535
258091,0.05,1.02,0.11,-1.40,2.04,-1.83,0.03,-0.01,1.07,-1.31,0.73,-0.55,197960
258102,0.05,1.02,0.10,-1.59,2.32,-1.77,0.03,-0.01,1.07,-1.19,0.89,-0.27,196789
258114,0.05,1.02,0.10,-1.50,2.14,-1.46,0.03,-0.01,1.07,-1.13,0.58,-0.43,197924
258125,0.05,1.02,0.10,-1.80,2.29,-1.43,0.03,-0.01,1.07,-1.19,0.52,-0.61,199077
258137,0.05,1.02,0.10,-1.98,1.98,-1.34,0.03,-0.01,1.07,-0.92,0.67,-0.24,200824
258149,0.05,1.02,0.10,-2.08,2.11,-1.50,0.03,-0.01,1.07,-1.25,0.58,-0.43,199952
258160,0.05,1.02,0.10,-2.41,2.01,-1.50,0.03,-0.01,1.07,-1.31,0.67,-0.18,199724
258172,0.05,1.02,0.10,-2.44,2.20,-1.28,0.03,-0.01,1.07,-1.10,0.73,-0.12,200903
258184,0.05,1.02,0.10,-2.47,2.20,-1.37,0.03,-0.01,1.07,-1.04,0.70,-0.34,201633
258196,0.05,1.02,0.10,-2.50,2.26,-1.22,0.03,-0.01,1.07,-1.07,0.64,-0.37,202924
258207,0.05,1.02,0.10,-2.81,2.23,-1.31,0.03,-0.01,1.07,-1.25,0.64,-0.15,199985
258220,0.05,1.02,0.10,-2.75,2.01,-1.16,0.03,-0.01,1.07,-0.98,0.92,-0.24,197905
258231,0.05,1.02,0.10,-3.02,2.01,-1.13,0.03,-0.01,1.07,-1.10,0.70,-0.09,197359
258242,0.05,1.02,0.10,-2.66,2.26,-1.16,0.03,-0.01,1.07,-1.01,0.82,-0.24,199143
258254,0.05,1.02,0.10,-2.75,1.95,-1.19,0.03,-0.01,1.07,-0.98,0.55,-0.43,199305
258266,0.05,1.02,0.10,-2.38,2.20,-1.28,0.03,-0.01,1.07,-1.07,0.73,-0.46,197753
258278,0.05,1.02,0.10,-2.20,2.26,-1.28,0.03,-0.01,1.07,-1.19,0.73,-0.55,199279
258289,0.05,1.02,0.10,-2.29,2.11,-1.40,0.03,-0.01,1.07,-0.98,0.92,-0.15,195864
258301,0.05,1.02,0.10,-1.80,2.11,-1.31,0.03,-0.01,1.07,-1.10,0.79,-0.34,197051
258313,0.05,1.02,0.10,-1.71,2.26,-1.34,0.03,-0.01,1.07,-1.07,0.92,-0.12,200665
258324,0.05,1.02,0.10,-1.59,2.23,-1.65,0.03,-0.01,1.07,-1.04,0.73,-0.31,199937
258336,0.05,1.02,0.10,-1.37,2.26,-1.77,0.03,-0.01,1.07,-1.34,0.40,-0.21,196507
258348,0.05,1.02,0.10,-1.34,2.11,-1.43,0.03,-0.01,1.07,-1.31,0.76,-0.46,197260
258360,0.05,1.02,0.10,-1.50,2.08,-1.65,0.03,-0.01,1.07,-1.01,0.76,-0.40,198685
258371,0.05,1.02,0.10,-1.71,1.92,-1.74,0.03,-0.01,1.07,-0.98,0.67,-0.18,200659
258383,0.05,1.02,0.10,-1.77,2.14,-1.28,0.03,-0.01,1.07,-1.04,0.67,-0.18,200747
258395,0.05,1.02,0.10,-2.01,2.35,-1.68,0.03,-0.01,1.07,-1.13,0.76,-0.27,198861
258406,0.05,1.02,0.10,-2.26,2.32,-1.43,0.03,-0.01,1.07,-1.19,0.79,-0.31,196621
258418,0.05,1.02,0.10,-2.38,2.23,-1.65,0.03,-0.01,1.07,-1.10,0.85,-0.34,197767
258429,0.05,1.02,0.10,-2.59,2.17,-1.59,0.03,-0.01,1.07,-1.13,0.70,-0.21,199732
258442,0.05,1.02,0.10,-2.75,2.26,-1.59,0.03,-0.01,1.07,-1.16,0.58,-0.43,201291
258453,0.05,1.02,0.10,-2.78,2.20,-1.40,0.03,-0.01,1.07,-1.07,0.67,-0.24,199087
258465,0.05,1.02,0.10,-3.08,2.23,-1.31,0.03,-0.01,1.07,-0.89,1.01,-0.24,197638
258477,0.05,1.02,0.10,-3.11,2.20,-1.31,0.03,-0.01,1.07,-1.28,0.70,-0.15,199118
258489,0.05,1.02,0.10,-3.05,2.11,-1.31,0.03,-0.01,1.07,-1.22,0.76,-0.24,197049
258500,0.05,1.02,0.10,-2.72,2.35,-1.31,0.03,-0.01,1.07,-1.10,0.67,-0.27,197248
258511,0.05,1.02,0.10,-2.56,2.17,-1.31,0.03,-0.01,1.07,-1.10,0.73,-0.40,199885
258524,0.05,1.02,0.11,-2.26,1.98,-1.28,0.03,-0.01,1.07,-0.98,0.82,-0.37,199006
258535,0.05,1.02,0.10,-2.14,2.11,-1.01,0.03,-0.01,1.07,-1.13,0.49,-0.34,199805
258547,0.05,1.02,0.10,-1.89,2.04,-1.31,0.03,-0.01,1.07,-1.01,0.67,-0.46,199035
258558,0.05,1.02,0.10,-1.77,2.23,-1.50,0.03,-0.01,1.07,-1.22,0.67,-0.34,195597
258571,0.05,1.02,0.10,-1.40,2.23,-1.37,0.03,-0.01,1.07,-1.10,0.79,-0.34,197259
258582,0.05,1.02,0.10,-1.50,2.14,-1.74,0.03,-0.01,1.07,-1.22,0.76,-0.61,197054
258593,0.05,1.02,0.10,-1.16,2.04,-1.31,0.03,-0.01,1.07,-1.13,0.73,-0.24,196254
258606,0.05,1.02,0.10,-1.53,2.08,-1.31,0.03,-0.01,1.07,-1.07,0.98,-0.15,197684
258617,0.05,1.02,0.10,-1.71,2.20,-1.43,0.03,-0.01,1.07,-1.13,0.82,0.00,201050
258629,0.05,1.02,0.10,-1.89,2.23,-1.53,0.03,-0.01,1.07,-1.28,0.58,-0.24,202755
258640,0.05,1.02,0.10,-1.74,2.35,-1.50,0.03,-0.01,1.07,-0.92,0.79,-0.31,201001
258653,0.05,1.02,0.10,-2.17,2.20,-1.34,0.03,-0.01,1.07,-0.89,0.76,-0.43,199496
258664,0.05,1.02,0.10,-2.44,2.17,-1.50,0.03,-0.01,1.07,-0.95,0.79,-0.31,199987
258675,0.05,1.02,0.10,-2.56,2.17,-1.31,0.03,-0.01,1.07,-0.98,0.73,-0.09,201964
258688,0.05,1.02,0.10,-2.69,2.29,-1.59,0.03,-0.01,1.07,-1.01,0.95,-0.06,203865
258699,0.05,1.02,0.10,-3.02,2.29,-1.22,0.03,-0.01,1.07,-1.04,0.73,-0.24,201298
258711,0.05,1.02,0.10,-2.84,2.01,-1.16,0.03,-0.01,1.07,-1.16,0.64,-0.40,197388
258722,0.05,1.02,0.10,-3.02,2.26,-1.16,0.03,-0.01,1.07,-1.10,0.67,-0.52,196262
258735,0.05,1.02,0.10,-3.11,2.04,-1.19,0.03,-0.01,1.07,-0.98,0.73,-0.21,199041
258746,0.05,1.02,0.10,-3.02,2.08,-1.13,0.03,-0.01,1.07,-0.98,0.61,-0.40,199158
258758,0.05,1.02,0.10,-2.87,2.20,-1.40,0.03,-0.01,1.07,-0.98,0.61,-0.18,198139
258769,0.05,1.02,0.10,-2.59,2.23,-1.31,0.03,-0.01,1.07,-1.16,0.79,-0.31,200761
258781,0.05,1.02,0.10,-2.50,2.20,-1.28,0.03,-0.01,1.07,-1.04,0.64,-0.34,199777
258793,0.05,1.02,0.10,-2.29,2.14,-1.34,0.03,-0.01,1.07,-0.89,0.79,-0.43,201326
258804,0.05,1.02,0.11,-1.77,2.29,-1.37,0.03,-0.01,1.07,-1.10,0.85,-0.21,197932
258817,0.05,1.02,0.10,-1.80,2.32,-1.37,0.03,-0.01,1.07,-1.16,0.67,-0.21,197841
258828,0.05,1.02,0.11,-1.71,2.20,-1.62,0.03,-0.01,1.07,-1.13,0.52,-0.27,199631
258840,0.05,1.02,0.11,-1.80,2.20,-1.53,0.03,-0.01,1.07,-0.92,0.67,-0.58,199577
258851,0.05,1.02,0.11,-1.25,2.32,-1.31,0.03,-0.01,1.07,-1.07,0.85,-0.21,200284
258863,0.05,1.02,0.10,-1.77,2.14,-1.37,0.03,-0.01,1.07,-1.04,0.73,-0.37,199283
258875,0.05,1.02,0.10,-1.59,2.04,-1.46,0.03,-0.01,1.07,-1.07,0.73,-0.15,197570
258886,0.05,1.02,0.10,-1.74,2.17,-1.43,0.03,-0.01,1.07,-1.10,0.76,-0.37,201433
258898,0.05,1.02,0.10,-1.92,2.32,-1.65,0.03,-0.01,1.07,-1.13,0.46,-0.43,201673
258910,0.05,1.02,0.10,-2.23,2.26,-1.37,0.03,-0.01,1.07,-1.22,0.79,-0.09,198579
258922,0.05,1.02,0.10,-2.41,2.11,-1.46,0.03,-0.01,1.07,-1.04,0.73,-0.37,197393
258933,0.05,1.02,0.10,-2.35,2.35,-1.10,0.03,-0.01,1.07,-1.28,0.61,-0.27,196439
258945,0.05,1.02,0.10,-2.72,2.08,-1.37,0.03,-0.01,1.07,-1.04,0.76,-0.34,196752
258957,0.05,1.02,0.10,-2.78,2.08,-1.07,0.03,-0.01,1.07,-1.16,0.64,-0.31,197787
258968,0.05,1.02,0.10,-2.87,2.23,-1.53,0.03,-0.01,1.07,-1.10,0.79,-0.12,197668
258980,0.05,1.02,0.10,-2.56,2.29,-1.34,0.03,-0.01,1.07,-1.31,0.70,-0.21,198658
258992,0.05,1.02,0.10,-2.99,2.20,-1.46,0.03,-0.01,1.07,-1.16,0.61,-0.21,201028
259004,0.05,1.02,0.10,-2.69,2.11,-1.34,0.03,-0.01,1.07,-0.98,0.79,-0.21,201427
259015,0.05,1.02,0.10,-2.69,2.38,-1.25,0.03,-0.01,1.07,-1.22,0.49,-0.31,200899
259027,0.05,1.02,0.10,-2.26,2.41,-1.50,0.03,-0.01,1.07,-1.10,0.85,-0.40,200087
259039,0.05,1.02,0.10,-2.14,2.23,-1.50,0.03,-0.01,1.07,-1.22,1.01,-0.40,197961
259050,0.05,1.02,0.10,-2.26,2.23,-1.40,0.03,-0.01,1.07,-1.04,0.61,-0.43,197823
259062,0.05,1.02,0.10,-2.04,2.11,-1.77,0.03,-0.01,1.07,-1.19,0.49,-0.27,196934
259074,0.05,1.02,0.10,-1.77,2.32,-1.68,0.03,-0.01,1.07,-1.01,0.85,-0.31,195918
259086,0.05,1.02,0.10,-1.80,2.26,-1.56,0.03,-0.01,1.07,-1.22,0.85,-0.55,195724
259097,0.05,1.02,0.10,-1.86,2.53,-1.65,0.03,-0.01,1.07,-1.19,0.82,-0.34,200284
259109,0.05,1.02,0.10,-1.71,2.32,-1.40,0.03,-0.01,1.07,-1.28,0.82,-0.34,200273
259121,0.05,1.02,0.10,-1.86,2.01,-1.59,0.03,-0.01,1.07,-0.89,0.92,-0.27,197439
259132,0.05,1.02,0.10,-1.77,2.17,-1.37,0.03,-0.01,1.07,-0.82,0.79,-0.27,196734
259144,0.05,1.02,0.10,-1.77,2.04,-1.68,0.03,-0.01,1.07,-0.92,0.76,-0.27,200226
259155,0.05,1.02,0.10,-2.14,2.14,-1.56,0.03,-0.01,1.07,-1.25,0.82,-0.49,200175
259168,0.05,1.02,0.10,-2.41,2.35,-1.40,0.03,-0.01,1.07,-1.07,0.73,-0.31,200180
259179,0.05,1.02,0.10,-2.66,2.08,-1.37,0.03,-0.01,1.07,-1.07,0.55,-0.27,201703
259191,0.05,1.02,0.10,-2.41,2.11,-1.22,0.03,-0.01,1.07,-1.19,0.64,0.00,200620
259203,0.05,1.02,0.10,-2.87,2.20,-1.34,0.03,-0.01,1.07,-1.04,0.73,-0.34,199366
259214,0.05,1.02,0.10,-2.66,2.17,-1.56,0.03,-0.01,1.07,-0.98,0.43,-0.34,198731
259226,0.05,1.02,0.10,-2.84,2.23,-1.50,0.03,-0.01,1.07,-1.19,0.58,-0.61,196695
259237,0.05,1.02,0.10,-2.69,2.01,-1.13,0.03,-0.01,1.07,-1.16,0.76,-0.18,194932
259250,0.05,1.02,0.10,-2.75,2.14,-1.50,0.03,-0.01,1.07,-1.10,0.79,-0.31,195419
259261,0.05,1.02,0.10,-2.59,2.17,-1.74,0.03,-0.01,1.07,-1.28,0.52,-0.37,194893
259273,0.05,1.02,0.10,-2.47,2.26,-1.31,0.03,-0.01,1.07,-1.19,0.67,-0.03,199078
259284,0.05,1.02,0.10,-2.29,2.20,-1.34,0.03,-0.01,1.07,-0.76,0.95,-0.34,198877
259296,0.05,1.02,0.10,-2.29,2.29,-1.34,0.03,-0.01,1.07,-0.95,0.58,-0.43,197813
259308,0.05,1.02,0.10,-1.98,2.32,-1.37,0.03,-0.01,1.07,-1.13,0.64,-0.24,200623
259319,0.05,1.02,0.10,-1.89,2.26,-1.59,0.03,-0.01,1.07,-1.16,0.67,-0.34,200724
259332,0.05,1.02,0.10,-1.83,2.08,-1.74,0.03,-0.01,1.07,-1.01,0.43,-0.37,198963
259343,0.05,1.02,0.10,-1.68,2.26,-1.25,0.03,-0.01,1.07,-1.01,0.46,-0.27,197165
259355,0.05,1.02,0.10,-1.83,2.32,-1.62,0.03,-0.01,1.07,-1.53,0.70,-0.46,197930
259366,0.05,1.02,0.10,-1.65,1.92,-1.65,0.03,-0.01,1.07,-1.04,0.52,-0.49,200375
259378,0.05,1.02,0.10,-1.95,2.11,-1.22,0.03,-0.01,1.07,-0.98,0.82,-0.24,201831
259390,0.05,1.02,0.10,-1.92,2.26,-1.37,0.03,-0.01,1.07,-1.19,0.89,-0.27,200506
259401,0.05,1.02,0.10,-2.08,2.26,-1.19,0.03,-0.01,1.07,-0.98,0.70,-0.49,198806
259414,0.05,1.02,0.10,-1.98,2.08,-1.22,0.03,-0.01,1.07,-1.37,0.79,-0.46,199325
259425,0.05,1.02,0.10,-2.35,2.35,-1.25,0.03,-0.01,1.07,-1.01,0.79,-0.12,199588
259437,0.05,1.02,0.10,-2.41,2.11,-1.46,0.03,-0.01,1.07,-1.16,0.79,-0.34,199686
259448,0.05,1.02,0.10,-2.44,2.47,-1.31,0.03,-0.01,1.07,-1.16,0.82,-0.18,198732
259461,0.05,1.02,0.10,-2.84,2.17,-1.59,0.03,-0.01,1.07,-1.13,0.95,-0.24,198004
259472,0.05,1.02,0.10,-2.56,2.41,-1.50,0.03,-0.01,1.07,-1.04,0.67,-0.18,199202
259483,0.05,1.02,0.10,-2.66,2.26,-1.40,0.03,-0.01,1.07,-1.10,0.85,-0.52,199979
259495,0.05,1.02,0.10,-2.35,2.32,-1.68,0.03,-0.01,1.07,-1.46,0.61,-0.43,198886
259507,0.05,1.02,0.10,-2.72,2.11,-1.46,0.03,-0.01,1.07,-1.01,0.85,-0.64,198811
259519,0.05,1.02,0.11,-2.35,2.29,-1.40,0.03,-0.01,1.07,-1.07,0.79,-0.24,197535
259530,0.05,1.02,0.10,-2.38,2.08,-1.53,0.03,-0.01,1.07,-1.37,0.95,-0.27,197255
259543,0.05,1.02,0.10,-1.89,2.26,-1.31,0.03,-0.01,1.07,-1.22,0.55,-0.49,199689
259554,0.05,1.02,0.10,-2.41,2.62,-1.50,0.03,-0.01,1.07,-1.01,0.73,-0.21,201458
259565,0.05,1.02,0.10,-2.23,2.17,-1.50,0.03,-0.01,1.07,-0.89,0.76,-0.24,201016
259577,0.05,1.02,0.10,-2.23,2.08,-1.43,0.03,-0.01,1.07,-1.04,0.67,-0.31,199163
259589,0.05,1.02,0.10,-2.20,2.08,-1.46,0.03,-0.01,1.07,-1.16,0.52,-0.24,196077
259601,0.05,1.02,0.10,-2.04,2.20,-1.56,0.03,-0.01,1.07,-0.95,0.70,-0.37,199190
259612,0.05,1.02,0.10,-2.04,2.20,-1.46,0.03,-0.01,1.07,-0.98,0.76,-0.27,197711
259624,0.05,1.02,0.10,-1.71,2.29,-1.40,0.03,-0.01,1.07,-1.10,0.89,-0.15,198692
259636,0.05,1.02,0.10,-2.04,2.26,-1.19,0.03,-0.01,1.07,-0.98,0.79,-0.49,199331
259647,0.05,1.02,0.10,-2.01,2.01,-1.74,0.03,-0.01,1.07,-1.07,0.70,-0.43,199987
259659,0.05,1.02,0.10,-2.38,2.14,-1.37,0.03,-0.01,1.07,-1.04,0.76,-0.37,199492
259671,0.05,1.02,0.10,-2.17,2.08,-1.46,0.03,-0.01,1.07,-1.13,0.89,-0.37,200404
259683,0.05,1.02,0.10,-2.50,1.92,-1.25,0.03,-0.01,1.07,-1.16,0.76,-0.24,200831
259694,0.05,1.02,0.10,-2.20,2.38,-1.34,0.03,-0.01,1.07,-1.31,0.58,-0.34,203174
259706,0.05,1.02,0.10,-2.69,2.20,-1.46,0.03,-0.01,1.07,-1.16,0.82,-0.12,200644
259718,0.05,1.02,0.10,-2.47,2.23,-1.56,0.03,-0.01,1.07,-1.16,0.67,-0.34,199775
259730,0.05,1.02,0.10,-2.69,2.23,-1.53,0.03,-0.01,1.07,-1.28,0.73,-0.09,199833
259741,0.05,1.02,0.10,-2.50,2.17,-1.28,0.03,-0.01,1.07,-1.22,0.70,-0.12,200597
259752,0.05,1.02,0.10,-2.38,1.98,-1.43,0.03,-0.01,1.07,-1.16,0.79,-0.43,197916
259765,0.05,1.02,0.10,-2.29,2.20,-1.16,0.03,-0.01,1.07,-1.22,0.43,-0.37,197090
259776,0.05,1.02,0.10,-2.47,2.08,-1.25,0.03,-0.01,1.07,-1.04,0.79,-0.31,198108
259788,0.05,1.02,0.10,-2.38,2.47,-1.46,0.03,-0.01,1.07,-1.13,0.79,-0.15,199942
259800,0.05,1.02,0.10,-2.23,2.17,-1.56,0.03,-0.01,1.07,-1.28,0.64,-0.31,199175
259812,0.05,1.02,0.10,-2.04,2.23,-1.46,0.03,-0.01,1.07,-1.22,0.82,-0.27,200991
259823,0.05,1.02,0.10,-2.01,2.41,-1.59,0.03,-0.01,1.07,-1.13,0.73,-0.46,200944
259834,0.05,1.02,0.10,-2.14,2.23,-1.43,0.03,-0.01,1.07,-1.01,0.67,-0.34,196535
259847,0.05,1.02,0.10,-1.92,2.26,-1.56,0.03,-0.01,1.07,-1.19,0.89,-0.34,198616
259858,0.05,1.02,0.10,-1.98,2.17,-1.22,0.03,-0.01,1.07,-0.79,0.64,-0.27,200783
259870,0.05,1.02,0.10,-1.89,2.23,-1.53,0.03,-0.01,1.07,-1.16,0.76,-0.37,199098
259881,0.05,1.02,0.10,-2.08,2.32,-1.53,0.03,-0.01,1.07,-1.25,0.79,-0.31,197743
259894,0.05,1.02,0.10,-1.83,2.17,-1.68,0.03,-0.01,1.07,-1.16,0.58,-0.46,198384
259905,0.05,1.02,0.10,-1.92,2.11,-1.13,0.03,-0.01,1.07,-0.98,0.73,-0.34,199298
259916,0.05,1.02,0.10,-2.17,2.11,-1.13,0.03,-0.01,1.07,-0.89,0.79,-0.15,197266
259929,0.05,1.02,0.10,-2.35,2.04,-1.43,0.03,-0.01,1.07,-1.25,0.76,-0.43,198170
259940,0.05,1.02,0.10,-2.20,2.20,-1.46,0.03,-0.01,1.07,-1.01,0.55,-0.03,201516
259952,0.05,1.02,0.10,-2.47,2.14,-1.28,0.03,-0.01,1.07,-1.01,0.52,-0.15,199514
259963,0.05,1.02,0.10,-2.32,1.95,-1.40,0.03,-0.01,1.07,-1.13,0.64,-0.37,198069
259976,0.05,1.02,0.10,-2.50,2.11,-1.34,0.03,-0.01,1.07,-1.04,0.73,-0.37,198048
259987,0.05,1.02,0.10,-2.35,2.29,-1.34,0.03,-0.01,1.07,-0.92,0.73,-0.34,196128
259999,0.05,1.02,0.10,-2.44,2.01,-1.53,0.03,-0.01,1.07,-1.01,0.61,-0.46,199797
260011,0.05,1.02,0.10,-2.38,2.08,-1.28,0.03,-0.01,1.07,-1.04,0.76,-0.37,198724
260022,0.05,1.02,0.10,-2.35,2.32,-1.34,0.03,-0.01,1.07,-0.98,0.76,-0.27,200406
260034,0.05,1.02,0.10,-2.26,2.14,-1.74,0.03,-0.01,1.07,-1.01,0.79,-0.37,200002
260045,0.05,1.02,0.10,-2.17,2.14,-1.34,0.03,-0.01,1.07,-1.07,0.49,-0.34,199865
260058,0.05,1.02,0.10,-2.17,2.17,-1.37,0.03,-0.01,1.07,-1.16,0.79,-0.27,198764
260069,0.05,1.02,0.10,-2.26,2.23,-1.37,0.03,-0.01,1.07,-1.37,0.46,-0.70,197666
260081,0.05,1.02,0.10,-2.11,2.47,-1.50,0.03,-0.01,1.07,-1.31,0.58,-0.37,198000
260092,0.05,1.02,0.10,-2.14,2.23,-1.59,0.03,-0.01,1.07,-1.19,0.61,-0.12,196142
260104,0.05,1.02,0.10,-2.08,2.20,-1.56,0.03,-0.01,1.07,-1.07,0.73,-0.27,196474
260116,0.05,1.02,0.10,-1.77,2.20,-1.37,0.03,-0.01,1.07,-1.13,0.55,-0.21,197177
260127,0.05,1.02,0.10,-2.14,2.41,-1.53,0.03,-0.01,1.07,-1.01,0.82,-0.31,197367
260140,0.05,1.02,0.10,-1.92,1.98,-1.22,0.03,-0.01,1.07,-0.64,0.79,-0.24,198749
260151,0.05,1.02,0.10,-2.26,2.17,-1.34,0.03,-0.01,1.07,-1.19,0.64,-0.49,199220
260163,0.05,1.02,0.10,-2.23,2.26,-1.34,0.03,-0.01,1.07,-1.22,0.70,-0.46,199255
260174,0.05,1.02,0.10,-2.29,2.04,-1.40,0.03,-0.01,1.07,-1.10,0.73,-0.34,201095
260187,0.05,1.02,0.10,-2.38,2.23,-1.50,0.03,-0.01,1.07,-0.98,0.76,-0.31,201053
260198,0.05,1.02,0.10,-2.38,1.80,-1.28,0.03,-0.01,1.07,-1.04,0.55,-0.12,199169
260209,0.05,1.02,0.10,-2.29,2.35,-1.28,0.03,-0.01,1.07,-0.98,0.85,-0.15,198315
260221,0.05,1.02,0.10,-2.47,2.20,-1.74,0.03,-0.01,1.07,-1.16,0.76,-0.15,199539
260233,0.05,1.02,0.10,-2.47,2.08,-1.50,0.03,-0.01,1.07,-1.13,0.70,-0.37,197824
260245,0.05,1.02,0.10,-2.41,1.89,-1.40,0.03,-0.01,1.07,-1.10,0.64,-0.52,196059
260256,0.05,1.02,0.10,-2.11,2.32,-1.50,0.03,-0.01,1.07,-1.31,0.61,-0.18,198475
260269,0.05,1.02,0.10,-2.35,2.11,-1.34,0.03,-0.01,1.07,-0.82,0.52,-0.34,199795
260280,0.05,1.02,0.10,-2.01,2.01,-1.65,0.03,-0.01,1.07,-0.98,0.73,-0.24,198308
260291,0.05,1.02,0.10,-2.11,2.14,-1.50,0.03,-0.01,1.07,-1.16,0.82,-0.34,199722
260303,0.05,1.02,0.10,-2.14,2.11,-1.40,0.03,-0.01,1.07,-1.25,0.89,-0.24,202681
260315,0.05,1.02,0.10,-1.92,2.20,-1.37,0.03,-0.01,1.07,-1.19,0.55,-0.31,200807
260327,0.05,1.02,0.10,-2.23,2.20,-1.59,0.03,-0.01,1.07,-1.04,0.82,-0.34,199941
260338,0.05,1.02,0.10,-2.29,1.98,-1.46,0.03,-0.01,1.07,-1.28,0.58,-0.34,197808
260350,0.05,1.02,0.10,-1.89,2.17,-1.59,0.03,-0.01,1.07,-1.16,0.67,-0.55,198614
260362,0.05,1.02,0.10,-2.20,2.44,-1.56,0.03,-0.01,1.07,-1.34,0.89,-0.34,198816
260373,0.05,1.02,0.10,-2.08,2.29,-1.31,0.03,-0.01,1.07,-1.13,0.82,-0.18,197820
260385,0.05,1.02,0.10,-2.20,2.23,-1.34,0.03,-0.01,1.07,-1.22,0.70,-0.27,198802
260397,0.05,1.02,0.10,-2.35,2.08,-1.50,0.03,-0.01,1.07,-1.10,0.61,-0.18,198102
260409,0.05,1.02,0.10,-2.50,2.17,-1.34,0.03,-0.01,1.07,-1.16,0.73,-0.43,198606
260420,0.05,1.02,0.10,-2.35,2.11,-1.50,0.03,-0.01,1.07,-1.22,0.40,-0.37,200888
260432,0.05,1.02,0.10,-2.47,2.14,-1.40,0.03,-0.01,1.07,-1.04,0.61,-0.31,200519
260444,0.05,1.02,0.10,-2.38,2.38,-1.46,0.03,-0.01,1.07,-1.40,0.73,-0.61,198441
260455,0.05,1.02,0.10,-2.04,2.32,-1.50,0.03,-0.01,1.07,-1.25,0.76,-0.37,197844
260467,0.05,1.02,0.10,-2.41,2.35,-1.43,0.03,-0.01,1.07,-1.31,0.85,-0.40,198438
260478,0.05,1.02,0.10,-2.23,2.04,-1.40,0.03,-0.01,1.07,-0.92,0.55,-0.21,197923
260491,0.05,1.02,0.10,-2.41,2.11,-1.22,0.03,-0.01,1.07,-1.25,0.58,-0.43,196460
260502,0.05,1.02,0.10,-2.44,2.29,-1.22,0.03,-0.01,1.07,-0.98,0.70,-0.34,199026
260514,0.05,1.02,0.10,-2.66,2.11,-1.62,0.03,-0.01,1.07,-1.01,0.70,-0.24,200395
260526,0.05,1.02,0.10,-2.20,2.17,-1.40,0.03,-0.01,1.07,-0.98,0.73,-0.34,198333
260538,0.05,1.02,0.10,-2.23,2.29,-1.68,0.03,-0.01,1.07,-1.16,0.58,-0.24,197251
260549,0.05,1.02,0.10,-2.14,2.29,-1.50,0.03,-0.01,1.07,-1.37,0.76,-0.37,200185
260560,0.05,1.02,0.10,-2.41,2.08,-1.31,0.03,-0.01,1.07,-1.34,0.73,-0.24,198464
260573,0.05,1.02,0.10,-2.14,2.20,-1.40,0.03,-0.01,1.07,-1.13,0.70,-0.12,199027
260584,0.05,1.02,0.10,-2.41,2.11,-1.68,0.03,-0.01,1.07,-1.07,0.64,-0.18,200162
260596,0.05,1.02,0.10,-1.89,2.14,-1.40,0.03,-0.01,1.07,-1.04,0.61,-0.37,200351
260608,0.05,1.02,0.10,-2.38,2.32,-1.56,0.03,-0.01,1.07,-0.95,0.73,-0.34,201258
260620,0.05,1.02,0.10,-1.98,2.35,-1.50,0.03,-0.01,1.07,-1.07,0.70,-0.40,200422
260631,0.05,1.02,0.10,-2.08,2.11,-1.22,0.03,-0.01,1.07,-1.01,0.98,-0.46,198263
260642,0.05,1.02,0.10,-2.17,2.14,-1.25,0.03,-0.01,1.07,-0.95,0.55,-0.24,196902
260655,0.05,1.02,0.10,-2.26,2.47,-1.56,0.03,-0.01,1.07,-1.25,0.52,-0.55,198697
260666,0.05,1.02,0.10,-2.38,2.23,-1.40,0.03,-0.01,1.07,-1.10,0.70,-0.27,200174
260678,0.05,1.02,0.10,-2.26,2.20,-1.28,0.03,-0.01,1.07,-1.16,0.70,-0.03,200225
260689,0.05,1.02,0.10,-2.20,2.14,-1.19,0.03,-0.01,1.07,-1.53,0.64,-0.31,200065
260702,0.05,1.02,0.10,-2.26,2.01,-1.46,0.03,-0.01,1.07,-1.16,0.89,-0.24,199088
260713,0.05,1.02,0.10,-2.17,2.01,-1.13,0.03,-0.01,1.07,-1.37,0.67,-0.34,198434
260724,0.05,1.02,0.10,-2.56,2.04,-1.19,0.03,-0.01,1.07,-0.98,0.82,-0.27,199447
260737,0.05,1.02,0.10,-2.32,2.20,-1.28,0.03,-0.01,1.07,-0.92,0.89,-0.31,198973
260748,0.05,1.02,0.10,-2.20,2.04,-1.43,0.03,-0.01,1.07,-1.31,0.70,-0.34,198967
260760,0.05,1.02,0.10,-2.08,2.20,-1.40,0.03,-0.01,1.07,-1.13,0.61,-0.31,197990
260771,0.05,1.02,0.10,-2.17,2.04,-1.25,0.03,-0.01,1.07,-0.98,0.82,-0.12,199314
260784,0.05,1.02,0.10,-2.32,2.17,-1.22,0.03,-0.01,1.07,-1.25,0.70,-0.24,200196
260795,0.05,1.02,0.10,-2.08,2.23,-1.37,0.03,-0.01,1.07,-0.95,0.85,-0.18,201348
260807,0.05,1.02,0.10,-2.32,2.29,-1.59,0.03,-0.01,1.07,-1.34,0.55,-0.31,201267
260818,0.05,1.02,0.10,-1.86,2.23,-1.34,0.03,-0.01,1.07,-1.16,0.73,-0.21,200196
260830,0.05,1.02,0.10,-2.23,2.17,-1.40,0.03,-0.01,1.07,-1.07,0.67,-0.21,197961
260842,0.05,1.02,0.10,-2.04,2.11,-1.43,0.03,-0.01,1.07,-1.13,0.73,-0.27,199180
260853,0.05,1.02,0.10,-2.26,2.04,-1.40,0.03,-0.01,1.07,-1.01,0.76,-0.21,197598
260866,0.05,1.02,0.10,-2.17,2.26,-1.43,0.03,-0.01,1.07,-1.07,0.70,-0.52,197917
260877,0.05,1.02,0.10,-2.44,1.98,-1.80,0.03,-0.01,1.07,-1.22,0.70,-0.21,198790
260889,0.05,1.02,0.10,-2.14,2.11,-1.65,0.03,-0.01,1.07,-0.98,0.92,-0.06,199301
260900,0.05,1.02,0.10,-2.29,1.86,-1.40,0.03,-0.01,1.07,-1.04,0.73,-0.40,199736
260912,0.05,1.02,0.10,-2.47,2.32,-1.50,0.03,-0.01,1.07,-1.04,0.67,-0.43,200511
260924,0.05,1.02,0.10,-2.32,2.26,-1.31,0.03,-0.01,1.07,-1.04,0.76,-0.34,200128
260935,0.05,1.02,0.10,-2.44,2.35,-1.43,0.03,-0.01,1.07,-1.10,0.67,-0.18,198774
260947,0.05,1.02,0.10,-2.26,2.29,-1.28,0.03,-0.01,1.07,-1.16,0.89,-0.27,199048
260959,0.05,1.02,0.10,-2.59,2.14,-1.28,0.03,-0.01,1.07,-0.82,0.46,-0.37,198285
260971,0.05,1.02,0.10,-2.20,1.98,-1.50,0.03,-0.01,1.07,-1.16,0.82,-0.34,198892
260982,0.05,1.02,0.10,-2.23,2.17,-1.34,0.03,-0.01,1.07,-0.98,0.61,-0.52,197570
260994,0.05,1.02,0.10,-2.41,2.38,-1.28,0.03,-0.01,1.07,-0.89,0.64,-0.34,197166
261006,0.05,1.02,0.10,-2.44,2.11,-1.31,0.03,-0.01,1.07,-1.13,0.92,-0.43,199515
261017,0.05,1.02,0.10,-2.04,2.04,-1.34,0.03,-0.01,1.07,-1.07,0.85,-0.49,198162
261029,0.05,1.02,0.10,-2.35,2.29,-1.22,0.03,-0.01,1.07,-1.10,0.89,-0.31,196614
261041,0.05,1.02,0.10,-2.17,2.44,-1.71,0.03,-0.01,1.07,-1.10,0.79,-0.24,195747
261053,0.05,1.02,0.10,-2.11,2.08,-1.65,0.03,-0.01,1.07,-1.07,1.10,-0.15,195290
261064,0.05,1.02,0.10,-2.08,2.11,-1.37,0.03,-0.01,1.07,-1.19,0.61,-0.40,196246
261076,0.05,1.02,0.10,-2.32,2.20,-1.40,0.03,-0.01,1.07,-1.22,1.01,-0.43,195526
261088,0.05,1.02,0.10,-1.98,2.04,-1.37,0.03,-0.01,1.07,-0.79,0.89,-0.61,198431
261099,0.05,1.02,0.10,-2.29,2.08,-1.43,0.03,-0.01,1.07,-1.13,0.64,-0.24,200082
261111,0.05,1.02,0.10,-2.32,1.98,-1.13,0.03,-0.01,1.07,-1.01,0.67,-0.31,200423
261123,0.05,1.02,0.10,-2.04,2.20,-1.43,0.03,-0.01,1.07,-1.34,0.79,-0.31,201116
261135,0.05,1.02,0.10,-1.98,2.01,-1.62,0.03,-0.01,1.07,-1.19,0.70,-0.12,200574
261146,0.05,1.02,0.10,-2.20,2.08,-1.68,0.03,-0.01,1.07,-1.28,0.76,-0.24,199635
261158,0.05,1.02,0.10,-2.29,2.35,-1.40,0.03,-0.01,1.07,-0.98,0.82,-0.31,200375
261170,0.05,1.02,0.10,-2.26,2.01,-1.34,0.03,-0.01,1.07,-1.37,0.92,-0.46,197898
261181,0.05,1.02,0.10,-2.56,2.20,-1.56,0.03,-0.01,1.07,-1.16,0.67,-0.40,198598
261193,0.05,1.02,0.10,-2.29,2.23,-1.53,0.03,-0.01,1.07,-0.98,0.92,-0.52,198107
261204,0.05,1.02,0.10,-2.44,2.29,-1.53,0.03,-0.01,1.07,-1.31,0.61,-0.43,196329
261217,0.05,1.02,0.10,-2.20,2.23,-1.22,0.03,-0.01,1.07,-1.10,0.55,-0.21,198608
261228,0.05,1.02,0.10,-2.29,2.08,-1.40,0.03,-0.01,1.07,-1.07,0.55,-0.24,201522
261240,0.05,1.02,0.10,-2.26,2.32,-1.46,0.03,-0.01,1.07,-1.10,0.49,-0.24,200705
261252,0.05,1.02,0.10,-2.20,2.08,-1.53,0.03,-0.01,1.07,-1.19,0.79,-0.37,201150
261263,0.05,1.02,0.10,-2.14,2.20,-1.37,0.03,-0.01,1.07,-0.89,0.37,-0.40,199197
261275,0.05,1.02,0.10,-2.23,2.14,-1.07,0.03,-0.01,1.07,-0.95,0.64,-0.40,197999
261286,0.05,1.02,0.10,-2.01,2.23,-1.74,0.03,-0.01,1.07,-0.89,0.67,-0.27,195761
261299,0.05,1.02,0.10,-2.29,2.17,-1.37,0.03,-0.01,1.07,-1.04,0.85,-0.34,196450
261310,0.05,1.02,0.10,-2.11,2.35,-1.46,0.03,-0.01,1.07,-1.07,0.70,-0.49,199231
261322,0.05,1.02,0.10,-1.89,2.23,-1.50,0.03,-0.01,1.07,-1.19,0.76,-0.40,200562
261334,0.05,1.02,0.10,-2.08,2.11,-1.46,0.03,-0.01,1.07,-1.19,0.73,-0.15,200172
261346,0.05,1.02,0.10,-2.08,2.08,-1.50,0.03,-0.01,1.07,-1.01,0.73,-0.27,200534
261357,0.05,1.02,0.10,-2.44,2.04,-1.37,0.03,-0.01,1.07,-1.13,0.89,-0.09,198095
261368,0.05,1.02,0.10,-2.08,2.14,-1.40,0.03,-0.01,1.07,-1.13,0.79,-0.46,197970
261381,0.05,1.02,0.10,-2.08,2.11,-1.40,0.03,-0.01,1.07,-1.25,0.70,-0.37,199844
261392,0.05,1.02,0.10,-2.11,2.20,-1.56,0.03,-0.01,1.07,-1.04,0.76,-0.34,199505
261404,0.05,1.02,0.10,-2.47,2.20,-1.40,0.03,-0.01,1.07,-1.16,0.82,-0.46,198144
261415,0.05,1.02,0.10,-2.26,2.08,-1.50,0.03,-0.01,1.07,-1.13,0.61,-0.43,197872
261428,0.05,1.02,0.10,-2.23,2.38,-1.50,0.03,-0.01,1.07,-1.01,0.79,-0.46,198284
261439,0.05,1.02,0.10,-2.08,2.26,-1.37,0.03,-0.01,1.07,-1.01,0.70,-0.24,198633
261450,0.05,1.02,0.10,-2.62,2.17,-1.74,0.03,-0.01,1.07,-1.10,0.85,-0.58,200191
261463,0.05,1.02,0.10,-2.38,2.23,-1.16,0.03,-0.01,1.07,-0.85,0.67,-0.18,201899
261474,0.05,1.02,0.10,-2.62,2.01,-1.28,0.03,-0.01,1.07,-1.04,0.55,-0.34,199982
261486,0.05,1.02,0.10,-2.41,2.11,-1.50,0.03,-0.01,1.07,-1.16,0.61,-0.31,197679
261497,0.05,1.02,0.10,-2.26,2.01,-1.50,0.03,-0.01,1.07,-1.10,0.73,-0.37,197780
261510,0.05,1.02,0.10,-2.35,2.11,-1.46,0.03,-0.01,1.07,-1.16,0.46,-0.18,200084
261521,0.05,1.02,0.10,-2.29,1.95,-1.53,0.03,-0.01,1.07,-1.01,0.76,-0.37,198580
261532,0.05,1.02,0.10,-2.01,2.17,-1.22,0.03,-0.01,1.07,-1.07,0.89,-0.12,197502
261544,0.05,1.02,0.10,-2.04,2.11,-1.65,0.03,-0.01,1.07,-1.19,0.67,-0.58,198901
261556,0.05,1.02,0.10,-2.23,2.14,-1.31,0.03,-0.01,1.07,-1.10,0.76,-0.18,201283
261568,0.05,1.02,0.10,-1.86,2.17,-1.43,0.03,-0.01,1.07,-1.25,0.79,-0.21,200056
261579,0.05,1.02,0.10,-2.14,2.26,-1.25,0.03,-0.01,1.07,-1.22,0.70,-0.31,199632
261592,0.05,1.02,0.10,-1.95,1.98,-1.50,0.03,-0.01,1.07,-0.98,0.67,-0.15,201429
261603,0.05,1.02,0.10,-2.04,2.17,-1.43,0.03,-0.01,1.07,-1.07,0.89,-0.43,199494
261615,0.05,1.02,0.10,-1.92,2.20,-1.59,0.03,-0.01,1.07,-0.98,0.73,-0.27,196090
261626,0.05,1.02,0.10,-2.11,2.11,-1.40,0.03,-0.01,1.07,-1.28,0.70,-0.49,196202
261638,0.05,1.02,0.10,-1.98,2.17,-1.43,0.03,-0.01,1.07,-1.22,0.67,-0.58,198411
261650,0.05,1.02,0.10,-2.38,2.23,-1.50,0.03,-0.01,1.07,-1.25,0.85,-0.40,198051
261661,0.05,1.02,0.10,-2.38,2.08,-1.53,0.03,-0.01,1.07,-1.07,0.70,-0.15,199763
261673,0.05,1.02,0.10,-2.72,2.20,-1.50,0.03,-0.01,1.07,-1.22,0.67,-0.34,198425
261685,0.05,1.02,0.10,-2.38,2.14,-1.22,0.03,-0.01,1.07,-1.01,0.85,-0.43,197985
261697,0.05,1.02,0.10,-2.72,2.23,-1.40,0.03,-0.01,1.07,-1.04,0.46,-0.43,198730
261708,0.05,1.02,0.10,-2.23,2.23,-1.46,0.03,-0.01,1.07,-1.13,0.82,-0.21,198135
261720,0.05,1.02,0.10,-2.35,2.20,-1.40,0.03,-0.01,1.07,-1.34,0.70,0.09,198672
261732,0.05,1.02,0.10,-2.53,1.98,-1.16,0.03,-0.01,1.07,-1.10,0.76,-0.40,198730
261743,0.05,1.02,0.10,-2.50,2.32,-1.50,0.03,-0.01,1.07,-0.95,1.04,-0.61,199716
261755,0.05,1.02,0.10,-2.26,2.26,-1.43,0.03,-0.01,1.07,-1.07,0.70,-0.49,200456
261767,0.05,1.02,0.10,-2.44,2.29,-1.43,0.03,-0.01,1.07,-1.16,0.52,-0.52,199990
261779,0.05,1.02,0.10,-1.98,2.23,-1.16,0.03,-0.01,1.07,-1.19,0.82,-0.21,199920
261790,0.05,1.02,0.10,-2.11,2.17,-1.40,0.03,-0.01,1.07,-1.25,0.76,-0.49,200172
261801,0.05,1.02,0.10,-2.23,2.47,-1.80,0.03,-0.01,1.07,-0.92,0.79,-0.12,199412
261814,0.05,1.02,0.10,-1.98,1.98,-1.43,0.03,-0.01,1.07,-0.95,0.52,-0.12,199793
261825,0.05,1.02,0.10,-1.83,2.04,-1.68,0.03,-0.01,1.07,-0.92,0.67,-0.24,198056
261837,0.05,1.02,0.10,-2.17,2.08,-1.37,0.03,-0.01,1.07,-1.01,0.52,-0.27,196623
261849,0.05,1.02,0.10,-2.01,1.98,-1.77,0.03,-0.01,1.07,-1.07,0.82,-0.37,197300
261861,0.05,1.02,0.10,-1.92,1.92,-1.50,0.03,-0.01,1.07,-1.16,0.76,-0.21,197824
261872,0.05,1.02,0.10,-2.23,2.23,-1.10,0.03,-0.01,1.07,-1.16,0.58,-0.27,198121
261884,0.05,1.02,0.10,-2.11,2.08,-1.25,0.03,-0.01,1.07,-1.04,0.89,-0.24,197129
261896,0.05,1.02,0.10,-2.35,2.01,-1.43,0.03,-0.01,1.07,-0.79,1.10,-0.37,199902
261907,0.05,1.02,0.10,-2.11,2.23,-1.37,0.03,-0.01,1.07,-1.10,0.64,-0.46,199365
261919,0.05,1.02,0.10,-2.44,2.20,-1.53,0.03,-0.01,1.07,-1.01,0.49,-0.34,195293
261931,0.05,1.02,0.10,-1.92,2.23,-1.46,0.03,-0.01,1.07,-1.43,0.46,-0.37,197515
261943,0.05,1.02,0.10,-2.47,1.89,-1.37,0.03,-0.01,1.07,-0.95,0.76,-0.37,199560
261954,0.05,1.02,0.10,-2.32,2.04,-1.31,0.03,-0.01,1.07,-1.16,0.73,-0.18,197458
261966,0.05,1.02,0.10,-2.59,2.32,-1.53,0.03,-0.01,1.07,-1.28,0.67,0.00,200924
261978,0.05,1.02,0.10,-2.38,2.14,-1.50,0.03,-0.01,1.07,-1.19,0.89,-0.34,200432
261989,0.05,1.02,0.10,-2.53,2.29,-1.16,0.03,-0.01,1.07,-1.01,0.58,0.15,199218
262001,0.05,1.02,0.10,-2.41,2.11,-1.31,0.03,-0.01,1.07,-0.92,0.61,-0.18,198197
262012,0.05,1.02,0.10,-2.20,2.29,-1.56,0.03,-0.01,1.07,-1.04,0.61,-0.31,199948
262025,0.05,1.02,0.10,-2.14,2.04,-1.22,0.03,-0.01,1.07,-1.01,0.85,-0.37,198322
262036,0.05,1.02,0.10,-2.26,2.20,-1.53,0.03,-0.01,1.07,-1.31,0.82,-0.40,198309
262048,0.05,1.02,0.10,-2.38,2.29,-1.37,0.03,-0.01,1.07,-0.70,0.70,-0.31,198287
262060,0.05,1.02,0.10,-2.26,2.17,-1.13,0.03,-0.01,1.07,-1.28,0.70,-0.37,197259
262071,0.05,1.02,0.10,-2.17,2.14,-1.56,0.03,-0.01,1.07,-0.76,0.85,-0.21,199046
262083,0.05,1.02,0.10,-2.23,2.29,-1.34,0.03,-0.01,1.07,-1.07,0.52,-0.31,201702
262094,0.05,1.02,0.10,-2.17,2.14,-1.28,0.03,-0.01,1.07,-1.01,1.10,-0.21,199615
262107,0.05,1.02,0.10,-2.23,2.26,-1.34,0.03,-0.01,1.07,-1.22,0.58,-0.37,198062
262118,0.05,1.02,0.10,-2.32,2.32,-1.46,0.03,-0.01,1.07,-1.13,0.73,-0.58,196846
262130,0.05,1.02,0.10,-2.11,2.26,-1.46,0.03,-0.01,1.07,-1.10,0.67,-0.49,198496
262141,0.05,1.02,0.10,-2.26,2.35,-1.37,0.03,-0.01,1.07,-1.04,0.67,-0.49,197987
262153,0.05,1.02,0.10,-2.11,2.29,-1.25,0.03,-0.01,1.07,-1.25,0.73,-0.34,199096
262165,0.05,1.02,0.10,-2.56,2.04,-1.31,0.03,-0.01,1.07,-0.89,0.76,-0.18,201497
262176,0.05,1.02,0.11,-2.35,2.23,-1.40,0.03,-0.01,1.07,-1.10,0.67,-0.27,200122
262189,0.05,1.02,0.10,-2.41,2.32,-1.43,0.03,-0.01,1.07,-1.25,0.70,-0.18,198454
262200,0.05,1.02,0.11,-2.26,2.20,-1.31,0.03,-0.01,1.07,-1.10,0.82,-0.21,199712
262212,0.05,1.02,0.10,-2.50,2.14,-1.37,0.03,-0.01,1.07,-1.01,0.79,-0.34,199301
262223,0.05,1.02,0.10,-2.32,2.20,-1.19,0.03,-0.01,1.07,-1.01,0.52,-0.37,196341
262236,0.05,1.02,0.11,-2.35,2.23,-1.65,0.03,-0.01,1.07,-1.01,0.82,-0.34,198419
262247,0.05,1.02,0.10,-2.20,2.29,-1.40,0.03,-0.01,1.07,-1.07,0.67,-0.34,200031
262258,0.05,1.02,0.10,-2.35,2.11,-1.40,0.03,-0.01,1.07,-1.01,0.82,-0.31,197774
262270,0.05,1.02,0.10,-2.26,2.01,-1.50,0.03,-0.01,1.07,-0.95,0.58,-0.40,197990
262282,0.05,1.02,0.10,-2.04,2.23,-1.40,0.03,-0.01,1.07,-0.98,0.34,-0.12,200504
262294,0.05,1.02,0.10,-2.17,2.26,-1.65,0.03,-0.01,1.07,-1.34,0.70,-0.18,197582
262305,0.05,1.02,0.10,-2.08,2.17,-1.46,0.03,-0.01,1.07,-0.95,0.61,-0.12,197896
262318,0.05,1.02,0.10,-2.08,2.14,-1.50,0.03,-0.01,1.07,-0.79,0.85,-0.27,199327
262329,0.05,1.02,0.10,-2.17,2.14,-1.37,0.03,-0.01,1.07,-1.25,0.43,-0.43,199423
262340,0.05,1.02,0.10,-2.38,2.29,-1.43,0.03,-0.01,1.07,-1.01,0.64,-0.46,198310
262352,0.05,1.02,0.10,-2.11,2.14,-1.16,0.03,-0.01,1.07,-1.19,0.49,-0.46,197364
262364,0.05,1.02,0.10,-2.32,2.35,-1.25,0.03,-0.01,1.07,-1.10,0.82,-0.31,196517
262376,0.05,1.02,0.10,-2.08,2.23,-1.50,0.03,-0.01,1.07,-0.92,0.70,-0.46,198692
262387,0.05,1.02,0.10,-2.35,2.17,-1.77,0.03,-0.01,1.07,-1.13,0.82,-0.27,197931
262400,0.05,1.02,0.10,-2.08,2.32,-1.56,0.03,-0.01,1.07,-1.04,0.73,-0.24,199085
262411,0.05,1.02,0.10,-2.29,1.89,-1.31,0.03,-0.01,1.07,-0.95,0.73,-0.46,199058
262422,0.05,1.02,0.11,-2.17,2.20,-1.43,0.03,-0.01,1.07,-1.22,0.67,-0.34,199822
262434,0.05,1.02,0.10,-2.23,2.17,-1.25,0.03,-0.01,1.07,-1.31,0.43,-0.27,201057
262446,0.05,1.02,0.10,-2.17,2.17,-1.43,0.03,-0.01,1.07,-1.01,0.85,-0.21,200238
262458,0.05,1.02,0.10,-2.38,2.04,-1.31,0.03,-0.01,1.07,-1.22,0.58,-0.09,200627
262469,0.05,1.02,0.10,-2.35,2.04,-1.37,0.03,-0.01,1.07,-1.13,0.61,-0.31,199334
262481,0.05,1.02,0.10,-2.44,2.17,-1.62,0.03,-0.01,1.07,-1.16,0.79,-0.46,196347
262493,0.05,1.02,0.10,-2.23,2.14,-1.40,0.03,-0.01,1.07,-1.16,0.55,-0.55,197402
262505,0.05,1.02,0.10,-2.44,2.26,-1.43,0.03,-0.01,1.07,-1.31,0.64,-0.43,199604
262516,0.05,1.02,0.10,-2.35,2.23,-1.50,0.03,-0.01,1.07,-1.07,0.79,-0.43,201638
262528,0.05,1.02,0.10,-2.11,2.17,-1.46,0.03,-0.01,1.07,-1.07,1.01,-0.49,200626
262540,0.05,1.02,0.10,-2.32,2.23,-1.46,0.03,-0.01,1.07,-1.22,0.67,-0.15,200238
262551,0.05,1.02,0.10,-2.04,2.08,-1.13,0.03,-0.01,1.07,-1.37,0.52,-0.34,200978
262563,0.05,1.02,0.10,-2.32,1.89,-1.40,0.03,-0.01,1.07,-1.22,0.61,-0.31,202285
262575,0.05,1.02,0.10,-2.14,2.08,-1.62,0.03,-0.01,1.07,-1.19,0.61,-0.24,199897
262587,0.05,1.02,0.10,-2.29,2.17,-1.40,0.03,-0.01,1.07,-1.22,0.76,-0.34,200823
262598,0.05,1.02,0.10,-2.20,2.23,-1.65,0.03,-0.01,1.07,-0.98,0.70,-0.27,199494
262609,0.05,1.02,0.10,-2.38,1.92,-1.53,0.03,-0.01,1.07,-1.07,0.67,-0.37,198921
262622,0.05,1.02,0.10,-1.89,2.32,-1.37,0.03,-0.01,1.07,-1.07,0.61,-0.15,202689
262633,0.05,1.02,0.10,-2.17,2.20,-1.34,0.03,-0.01,1.07,-1.19,0.70,-0.31,204278
262645,0.05,1.02,0.10,-2.23,1.98,-1.34,0.03,-0.01,1.07,-1.10,0.79,-0.27,199743
262657,0.05,1.02,0.10,-2.29,2.32,-1.31,0.03,-0.01,1.07,-0.95,0.52,-0.37,198118
262669,0.05,1.02,0.10,-2.29,2.29,-1.19,0.03,-0.01,1.07,-1.07,0.49,-0.52,196816
262680,0.05,1.02,0.10,-2.59,2.23,-1.43,0.03,-0.01,1.07,-1.19,0.85,-0.40,198289
262691,0.05,1.02,0.10,-2.32,2.11,-1.25,0.03,-0.01,1.07,-1.13,0.70,-0.31,198523
262704,0.05,1.02,0.10,-2.14,2.20,-1.46,0.03,-0.01,1.07,-1.07,0.76,-0.27,200259
262715,0.05,1.02,0.10,-2.32,2.29,-1.74,0.03,-0.01,1.07,-1.16,0.55,-0.34,200839
262727,0.05,1.02,0.10,-2.35,2.29,-1.25,0.03,-0.01,1.07,-1.13,0.92,-0.37,199295
262738,0.05,1.02,0.10,-2.04,2.20,-1.37,0.03,-0.01,1.07,-1.16,0.82,-0.34,198226
262751,0.05,1.02,0.10,-2.35,2.20,-1.34,0.03,-0.01,1.07,-1.07,0.92,-0.64,196634
262762,0.05,1.02,0.10,-2.44,2.23,-1.22,0.03,-0.01,1.07,-1.28,0.70,-0.24,198054
262774,0.05,1.02,0.10,-2.26,2.20,-1.40,0.03,-0.01,1.07,-1.22,0.61,-0.37,201090
262786,0.05,1.02,0.10,-2.23,2.08,-1.37,0.03,-0.01,1.07,-1.16,0.58,-0.43,200521
262797,0.05,1.02,0.10,-2.26,1.95,-1.37,0.03,-0.01,1.07,-0.85,0.49,-0.15,197286
262809,0.05,1.02,0.10,-2.26,1.95,-1.50,0.03,-0.01,1.07,-1.31,0.61,-0.37,197885
262820,0.05,1.02,0.10,-1.95,2.35,-1.28,0.03,-0.01,1.07,-1.34,0.52,-0.24,197937
262833,0.05,1.02,0.10,-2.14,2.23,-1.50,0.03,-0.01,1.07,-0.95,0.73,-0.31,198805
262844,0.05,1.02,0.10,-2.14,2.23,-1.62,0.03,-0.01,1.07,-1.10,0.73,-0.40,199610
262856,0.05,1.02,0.10,-2.20,2.20,-1.40,0.03,-0.01,1.07,-1.28,0.76,-0.37,198720
262867,0.05,1.02,0.10,-2.32,2.08,-1.43,0.03,-0.01,1.07,-1.07,0.73,-0.03,199575
262879,0.05,1.02,0.10,-1.98,2.01,-1.28,0.03,-0.01,1.07,-1.25,0.64,-0.31,200010
262891,0.05,1.02,0.10,-2.08,2.41,-1.65,0.03,-0.01,1.07,-1.37,0.58,-0.49,197813
262902,0.05,1.02,0.10,-2.29,2.26,-1.43,0.03,-0.01,1.07,-1.22,0.92,-0.43,200871
262915,0.05,1.02,0.10,-2.32,2.35,-1.50,0.03,-0.01,1.07,-1.07,0.76,-0.06,201794
262926,0.05,1.02,0.10,-2.29,2.11,-1.25,0.03,-0.01,1.07,-1.10,0.70,-0.18,198240
262938,0.05,1.02,0.10,-2.17,2.04,-1.40,0.03,-0.01,1.07,-1.10,0.64,-0.40,195459
262949,0.05,1.02,0.10,-2.11,2.41,-1.19,0.03,-0.01,1.07,-1.13,0.55,-0.49,197050
262961,0.05,1.02,0.10,-2.14,2.32,-1.28,0.03,-0.01,1.07,-1.25,0.61,-0.27,198688
262973,0.05,1.02,0.10,-2.26,2.23,-1.56,0.03,-0.01,1.07,-1.19,0.67,-0.24,201117
262984,0.05,1.02,0.10,-2.23,2.23,-1.28,0.03,-0.01,1.07,-1.34,0.52,-0.21,198999
262996,0.05,1.02,0.10,-2.32,2.04,-1.28,0.03,-0.01,1.07,-0.98,0.67,-0.43,197438
263008,0.05,1.02,0.10,-2.41,2.11,-1.28,0.03,-0.01,1.07,-1.10,0.58,-0.24,195142
263020,0.05,1.02,0.10,-2.08,2.08,-1.46,0.03,-0.01,1.07,-1.10,0.67,-0.40,196274
263031,0.05,1.02,0.10,-2.14,2.17,-1.19,0.03,-0.01,1.07,-1.01,0.79,-0.27,196576
263044,0.05,1.02,0.10,-2.26,2.29,-1.40,0.03,-0.01,1.07,-0.85,0.76,-0.03,198629
263055,0.05,1.02,0.10,-2.26,2.14,-1.40,0.03,-0.01,1.07,-1.37,0.92,-0.34,199407
263066,0.05,1.02,0.10,-2.14,2.20,-1.31,0.03,-0.01,1.07,-1.25,0.82,-0.18,197340
263078,0.05,1.02,0.10,-2.04,2.26,-1.37,0.03,-0.01,1.07,-0.98,0.67,-0.34,198266
263090,0.05,1.02,0.10,-2.08,2.26,-1.53,0.03,-0.01,1.07,-1.01,0.85,-0.24,198706
263102,0.05,1.02,0.10,-2.44,2.32,-1.46,0.03,-0.01,1.07,-1.01,0.82,-0.27,198626
263113,0.05,1.02,0.10,-2.17,2.23,-1.31,0.03,-0.01,1.07,-1.19,0.61,-0.49,197148
263126,0.05,1.02,0.10,-2.11,2.01,-1.43,0.03,-0.01,1.07,-1.40,0.89,-0.18,197643
263137,0.05,1.02,0.10,-2.56,2.23,-1.56,0.03,-0.01,1.07,-1.10,0.76,-0.31,199559
263148,0.05,1.02,0.10,-2.23,2.11,-1.40,0.03,-0.01,1.07,-1.19,0.64,-0.31,199644
263160,0.05,1.02,0.10,-2.17,2.14,-1.68,0.03,-0.01,1.07,-1.01,0.43,-0.27,199873
263172,0.05,1.02,0.10,-2.20,2.29,-1.22,0.03,-0.01,1.07,-1.07,0.95,-0.37,199858
263184,0.05,1.02,0.10,-2.17,2.11,-1.50,0.03,-0.01,1.07,-1.10,0.73,-0.21,201988
263195,0.05,1.02,0.10,-2.56,2.20,-1.40,0.03,-0.01,1.07,-1.10,0.61,-0.31,200512
263207,0.05,1.02,0.10,-2.01,1.95,-1.34,0.03,-0.01,1.07,-1.22,0.49,-0.15,199424
263219,0.05,1.02,0.10,-1.92,2.08,-1.22,0.03,-0.01,1.07,-0.89,0.58,-0.52,198338
263230,0.05,1.02,0.10,-1.86,2.20,-1.25,0.03,-0.01,1.07,-1.07,0.92,-0.46,198955
263242,0.05,1.02,0.10,-2.26,2.26,-1.34,0.03,-0.01,1.07,-1.01,0.61,-0.31,201189
263254,0.05,1.02,0.10,-1.43,2.23,-1.40,0.03,-0.01,1.07,-1.13,0.85,-0.31,203736
263266,0.05,1.02,0.10,-1.65,2.11,-1.16,0.03,-0.01,1.07,-1.25,0.82,-0.40,201737
263277,0.05,1.02,0.11,-1.10,2.47,-1.40,0.03,-0.01,1.07,-1.28,0.64,-0.49,203529
263289,0.05,1.02,0.10,-1.80,2.32,-1.50,0.03,-0.01,1.07,-1.01,0.76,-0.55,207957
263301,0.05,1.02,0.10,-1.37,2.26,-1.40,0.03,-0.01,1.07,-0.95,0.67,-0.37,211097
263313,0.05,1.02,0.10,-2.66,2.47,-1.37,0.03,-0.01,1.07,-1.19,0.64,-0.40,216200
263324,0.05,1.02,0.10,-1.98,2.35,-1.37,0.03,-0.01,1.07,-1.13,0.58,-0.46,222501
263335,0.05,1.02,0.10,-3.30,2.17,-1.19,0.03,-0.01,1.07,-1.16,0.89,-0.21,223133
263348,0.05,1.02,0.10,-2.84,1.92,-1.53,0.03,-0.01,1.07,-1.16,0.52,-0.37,226976
263359,0.05,1.02,0.10,-3.88,2.04,-1.50,0.03,-0.01,1.07,-0.85,0.61,-0.03,229736
263371,0.05,1.02,0.10,-3.05,1.92,-1.74,0.03,-0.01,1.07,-1.22,0.61,-0.37,229521
263383,0.05,1.02,0.10,-4.03,2.41,-1.65,0.03,-0.01,1.07,-1.16,0.73,-0.21,226370
263395,0.05,1.02,0.10,-2.59,1.92,-1.71,0.03,-0.01,1.07,-1.16,0.61,-0.34,217193
263406,0.05,1.02,0.10,-3.02,2.32,-1.40,0.03,-0.01,1.07,-1.28,0.82,-0.55,207819
263417,0.05,1.03,0.11,-1.50,2.53,-1.19,0.03,-0.01,1.07,-1.13,0.55,-0.37,197235
263430,0.05,1.03,0.11,-1.01,2.53,-1.34,0.03,-0.01,1.07,-1.22,0.67,-0.34,189638
263441,0.05,1.03,0.11,0.85,2.32,-1.40,0.03,-0.01,1.07,-1.22,0.52,-0.18,191715
263453,0.05,1.03,0.11,0.55,2.11,-1.56,0.03,-0.01,1.07,-1.34,0.82,-0.15,201187
263464,0.05,1.03,0.11,0.58,1.92,-1.22,0.03,-0.01,1.07,-1.16,0.55,-0.24,184887
263477,0.05,1.01,0.10,-4.03,1.95,-1.59,0.03,-0.01,1.07,-1.22,0.82,-0.31,136621
263488,0.05,1.01,0.09,-5.46,1.98,-1.59,0.03,-0.01,1.07,-0.92,0.82,-0.40,89284
263499,0.05,1.02,0.10,-4.36,1.83,-1.40,0.03,-0.01,1.07,-1.01,0.43,-0.21,52219
263512,0.05,1.01,0.09,-6.07,2.32,-1.16,0.03,-0.01,1.07,-0.70,0.46,-0.34,8358
263523,0.05,1.00,0.09,-8.67,1.98,-1.71,0.03,-0.01,1.07,-1.01,0.73,-0.31,16735642
263535,0.06,1.01,0.09,-7.60,1.89,-2.23,0.03,-0.01,1.07,-1.34,0.73,-0.37,16703044
263546,0.06,1.04,0.12,0.12,1.10,-2.32,0.03,-0.01,1.07,-1.16,0.85,-0.37,16671241
263559,0.04,1.06,0.13,6.38,2.96,1.34,0.03,-0.01,1.07,-1.13,0.49,-0.49,16643774
263570,0.05,1.05,0.12,3.75,1.86,1.34,0.03,-0.01,1.07,-0.64,0.73,-0.40,16632526
263582,0.05,1.01,0.10,-3.36,2.32,-1.43,0.03,-0.01,1.07,-1.10,0.58,-0.15,16633339
263593,0.06,0.99,0.08,-8.70,2.26,-3.20,0.03,-0.01,1.07,-1.25,0.67,-0.37,16633251
263605,0.06,1.00,0.09,-8.88,1.89,-2.44,0.03,-0.01,1.07,-1.28,0.70,-0.46,16634363
263617,0.13,1.01,0.06,-17.61,-0.18,9.19,0.03,-0.01,1.07,-1.19,0.92,-0.03,16632930
263628,-0.01,1.04,0.14,4.27,-2.23,11.08,0.03,-0.01,1.07,0.00,0.40,-0.15,16631252
263641,0.04,1.06,0.16,15.47,2.50,-2.44,0.03,-0.01,1.07,-1.46,0.92,-0.34,16634441
263652,0.02,1.04,0.13,9.22,2.01,0.58,0.03,-0.01,1.07,-0.76,0.52,-0.43,16634082
263664,0.05,1.00,0.09,-4.52,1.37,-0.46,0.03,-0.01,1.07,-1.46,1.16,-0.18,16634275
263675,0.05,0.98,0.07,-11.96,2.90,-3.78,0.03,-0.01,1.07,-1.25,0.76,-0.31,16636395
263687,0.05,1.00,0.09,-9.70,2.08,-2.99,0.03,-0.01,1.07,0.15,0.06,-0.27,16635617
263699,0.05,1.04,0.12,-0.95,2.23,-1.01,0.03,-0.01,1.07,-0.55,0.37,-0.34,16632694
263710,0.04,1.05,0.13,4.15,2.44,0.03,0.03,-0.01,1.07,-2.41,1.22,-0.31,16631917
263723,0.05,1.03,0.12,1.28,1.92,-0.27,0.03,-0.01,1.07,-1.83,0.89,-0.61,16634644
263734,0.05,1.01,0.09,-4.06,2.26,-1.89,0.03,-0.01,1.07,-1.01,0.55,-0.27,16635373
263746,0.06,1.00,0.09,-7.32,2.32,-2.96,0.03,-0.01,1.07,-1.25,0.82,-0.43,16632235
263757,0.05,1.02,0.10,-4.39,2.29,-2.11,0.03,-0.01,1.07,-0.98,0.70,-0.37,16632329
263769,0.05,1.03,0.12,0.34,2.04,-1.22,0.03,-0.01,1.07,-0.55,0.21,-0.46,16633907
263781,0.05,1.04,0.12,1.53,2.44,-0.37,0.03,-0.01,1.07,-1.16,1.10,-0.52,16634715
263792,0.05,1.02,0.11,-1.59,2.08,-0.98,0.03,-0.01,1.07,-1.77,1.34,-0.15,16634217
263804,0.06,1.01,0.10,-4.64,2.20,-1.95,0.03,-0.01,1.07,-1.01,0.64,-0.21,16636823
263816,0.06,1.01,0.10,-5.00,1.77,-2.08,0.03,-0.01,1.07,-0.89,0.46,-0.43,16635612
263828,0.05,1.02,0.11,-2.17,2.35,-1.59,0.03,-0.01,1.07,-1.10,0.70,-0.09,16633908
263839,0.05,1.03,0.11,0.09,2.38,-0.82,0.03,-0.01,1.07,-0.92,0.82,-0.21,16634493
263852,0.05,1.03,0.11,-0.55,1.95,-0.92,0.03,-0.01,1.07,-1.04,0.82,-0.40,16635447
263863,0.05,1.02,0.10,-2.99,2.23,-1.43,0.03,-0.01,1.07,-1.28,0.85,-0.27,16635163
263874,0.05,1.01,0.10,-4.24,2.23,-1.89,0.03,-0.01,1.07,-1.28,0.61,-0.27,16631518
263886,0.05,1.02,0.10,-3.11,2.32,-1.71,0.03,-0.01,1.07,-0.95,0.64,-0.24,16631051
263898,0.05,1.03,0.11,-1.13,2.17,-1.07,0.03,-0.01,1.07,-1.22,0.73,-0.46,16632758
263910,0.05,1.03,0.11,-0.95,2.08,-0.98,0.03,-0.01,1.07,-1.28,0.67,-0.18,16630709
263921,0.05,1.02,0.10,-2.47,2.35,-0.85,0.03,-0.01,1.07,-1.40,0.82,-0.67,16631470
263933,0.05,1.02,0.10,-3.51,2.23,-1.95,0.03,-0.01,1.07,-1.22,0.95,-0.18,16634620
263945,0.05,1.02,0.10,-3.02,2.26,-1.68,0.03,-0.01,1.07,-0.79,0.76,-0.18,16636816
263956,0.05,1.02,0.11,-1.68,2.20,-1.40,0.03,-0.01,1.07,-0.85,0.79,-0.31,16635259
263968,0.05,1.03,0.11,-1.13,2.20,-1.16,0.03,-0.01,1.07,-0.92,0.82,-0.34,16631244
263980,0.05,1.02,0.10,-2.32,2.20,-1.34,0.03,-0.01,1.07,-1.07,0.61,-0.43,16632148
263992,0.05,1.02,0.10,-3.14,2.26,-1.71,0.03,-0.01,1.07,-1.19,0.70,-0.31,16632304
264003,0.05,1.02,0.10,-2.81,2.20,-1.50,0.03,-0.01,1.07,-1.01,0.52,-0.49,16632185
264015,0.05,1.02,0.11,-2.04,2.17,-1.37,0.03,-0.01,1.07,-0.95,0.67,-0.31,16634012
264027,0.05,1.02,0.11,-1.50,2.32,-1.13,0.03,-0.01,1.07,-1.25,0.73,-0.27,16634046
264038,0.05,1.02,0.11,-2.01,2.23,-1.50,0.03,-0.01,1.07,-1.19,0.79,-0.24,16634572
264050,0.05,1.02,0.10,-2.78,1.98,-1.56,0.03,-0.01,1.07,-1.28,0.85,-0.34,16635265
264061,0.05,1.02,0.10,-2.78,2.26,-1.40,0.03,-0.01,1.07,-1.13,0.67,-0.64,16635020
264074,0.05,1.02,0.10,-2.04,1.83,-1.31,0.03,-0.01,1.07,-0.92,0.64,-0.43,16632530
264085,0.05,1.02,0.11,-1.68,2.17,-1.46,0.03,-0.01,1.07,-0.98,0.73,-0.15,16632492
264097,0.05,1.02,0.10,-2.01,2.11,-1.22,0.03,-0.01,1.07,-1.40,0.70,-0.43,16633924
264109,0.05,1.02,0.10,-2.47,2.23,-1.59,0.03,-0.01,1.07,-1.25,0.89,-0.52,16635255
264121,0.05,1.02,0.10,-2.32,2.08,-1.50,0.03,-0.01,1.07,-1.19,0.61,-0.24,16635262
264132,0.05,1.02,0.10,-2.08,2.32,-1.40,0.03,-0.01,1.07,-0.95,0.61,-0.15,16632824
264143,0.05,1.02,0.10,-1.98,1.80,-1.22,0.03,-0.01,1.07,-0.89,0.58,-0.21,16631667
264156,0.05,1.02,0.10,-2.04,1.98,-1.40,0.03,-0.01,1.07,-1.25,0.58,-0.24,16631612
264167,0.05,1.02,0.10,-2.44,2.11,-1.16,0.03,-0.01,1.07,-1.22,0.73,-0.27,16632994
264179,0.05,1.02,0.10,-2.53,2.26,-1.43,0.03,-0.01,1.07,-1.34,0.82,-0.46,16633294
264190,0.05,1.02,0.10,-1.92,2.17,-1.34,0.03,-0.01,1.07,-0.92,0.82,-0.15,16631058
264203,0.05,1.02,0.10,-2.04,2.08,-1.53,0.03,-0.01,1.07,-1.04,0.61,-0.43,16632852
264214,0.05,1.02,0.10,-2.17,2.17,-1.40,0.03,-0.01,1.07,-1.07,0.95,-0.46,16636226
264225,0.05,1.02,0.10,-2.56,2.11,-1.56,0.03,-0.01,1.07,-1.19,0.89,-0.24,16634149
264238,0.05,1.02,0.10,-2.53,2.32,-1.31,0.03,-0.01,1.07,-1.37,0.85,-0.37,16634882
264249,0.05,1.02,0.10,-2.23,2.20,-1.65,0.03,-0.01,1.07,-1.07,0.64,-0.15,16636232
264261,0.05,1.02,0.11,-2.11,2.26,-1.16,0.03,-0.01,1.07,-0.89,0.67,-0.21,16632719
264272,0.05,1.02,0.10,-2.29,1.95,-1.37,0.03,-0.01,1.07,-1.07,0.64,-0.40,16632365
264285,0.05,1.02,0.10,-2.35,2.17,-1.59,0.03,-0.01,1.07,-1.04,0.76,-0.24,16634231
264296,0.05,1.02,0.10,-2.11,2.23,-1.22,0.03,-0.01,1.07,-1.04,0.73,-0.21,16633743
264307,0.05,1.02,0.10,-1.86,2.26,-1.53,0.03,-0.01,1.07,-0.95,0.67,-0.49,16633391
264320,0.05,1.02,0.10,-2.11,2.32,-1.40,0.03,-0.01,1.07,-1.13,0.58,-0.40,16633344
264331,0.05,1.02,0.11,-2.29,2.17,-1.40,0.03,-0.01,1.07,-1.19,0.70,-0.24,16633460
264343,0.05,1.02,0.10,-2.29,2.26,-1.37,0.03,-0.01,1.07,-1.16,0.67,-0.31,16633889
264354,0.05,1.02,0.10,-2.32,2.01,-1.37,0.03,-0.01,1.07,-1.28,0.73,-0.21,16635591
264367,0.05,1.02,0.10,-2.26,2.26,-1.40,0.03,-0.01,1.07,-0.98,0.58,-0.46,16634012
264378,0.05,1.02,0.10,-2.23,2.08,-1.31,0.03,-0.01,1.07,-0.89,0.79,-0.12,16632004
264390,0.05,1.02,0.10,-2.29,2.11,-1.46,0.03,-0.01,1.07,-1.25,0.76,-0.43,16631843
264401,0.05,1.02,0.10,-2.23,2.20,-1.53,0.03,-0.01,1.07,-1.07,0.85,-0.18,16633141
264413,0.05,1.02,0.10,-2.17,2.04,-1.43,0.03,-0.01,1.07,-1.13,0.73,-0.24,16632648
264425,0.05,1.02,0.11,-2.01,2.04,-1.46,0.03,-0.01,1.07,-1.10,0.67,-0.24,16631813
264436,0.05,1.02,0.10,-2.35,2.04,-1.43,0.03,-0.01,1.07,-1.31,0.89,-0.40,16633632
264449,0.05,1.02,0.10,-2.23,2.04,-1.59,0.03,-0.01,1.07,-1.16,0.55,-0.15,16633292
264460,0.05,1.02,0.10,-2.29,2.01,-1.40,0.03,-0.01,1.07,-1.22,0.64,-0.43,16633388
264472,0.05,1.02,0.10,-2.23,2.23,-1.37,0.03,-0.01,1.07,-1.16,0.79,-0.40,16631878
264483,0.05,1.02,0.10,-2.26,2.23,-1.53,0.03,-0.01,1.07,-1.22,0.49,-0.27,16631802
264495,0.05,1.02,0.10,-2.32,2.11,-1.68,0.03,-0.01,1.07,-1.07,0.95,-0.43,16632206
264507,0.05,1.02,0.10,-2.26,2.20,-1.53,0.03,-0.01,1.07,-1.07,0.70,-0.21,16633877
264518,0.05,1.02,0.10,-2.41,2.17,-1.77,0.03,-0.01,1.07,-1.31,0.73,-0.24,16633896
264530,0.05,1.02,0.10,-2.20,2.01,-1.22,0.03,-0.01,1.07,-1.22,0.61,-0.18,16634237
264542,0.05,1.02,0.10,-2.14,2.17,-1.59,0.03,-0.01,1.07,-1.04,0.85,-0.24,16631729
264554,0.05,1.02,0.10,-2.04,2.23,-1.40,0.03,-0.01,1.07,-1.01,0.55,-0.43,16631823
264565,0.05,1.02,0.10,-2.20,2.23,-1.56,0.03,-0.01,1.07,-0.76,0.67,-0.18,16631231
264577,0.05,1.02,0.10,-1.98,1.95,-1.65,0.03,-0.01,1.07,-0.98,0.98,-0.31,16631240
264589,0.05,1.02,0.10,-2.14,2.17,-1.28,0.03,-0.01,1.07,-1.07,0.52,-0.06,16632762
264600,0.05,1.02,0.10,-2.01,1.92,-1.43,0.03,-0.01,1.07,-1.34,1.13,-0.40,16635357
264612,0.05,1.02,0.10,-2.20,2.11,-1.50,0.03,-0.01,1.07,-1.13,0.61,-0.49,16635222
264624,0.05,1.02,0.10,-2.14,2.44,-1.43,0.03,-0.01,1.07,-1.13,0.46,-0.43,16634470
264636,0.05,1.02,0.10,-2.17,2.14,-1.19,0.03,-0.01,1.07,-1.07,0.67,-0.31,16634120
264647,0.05,1.02,0.11,-2.32,2.11,-1.46,0.03,-0.01,1.07,-1.25,0.89,-0.40,16634916
264659,0.05,1.02,0.11,-2.38,2.17,-1.68,0.03,-0.01,1.07,-1.07,0.67,-0.43,16631295
264671,0.05,1.02,0.10,-2.23,2.08,-1.68,0.03,-0.01,1.07,-1.01,0.52,-0.27,16631984
264682,0.05,1.02,0.10,-2.41,2.35,-1.34,0.03,-0.01,1.07,-0.98,0.52,-0.31,16633961
264694,0.05,1.02,0.10,-2.08,2.23,-1.50,0.03,-0.01,1.07,-0.92,0.27,-0.15,16634553
264706,0.05,1.02,0.10,-2.32,2.08,-1.40,0.03,-0.01,1.07,-1.16,0.82,-0.18,16633598
264718,0.05,1.02,0.10,-2.44,2.26,-1.25,0.03,-0.01,1.07,-1.10,0.61,-0.46,16631609
264729,0.05,1.02,0.10,-2.38,2.35,-1.50,0.03,-0.01,1.07,-1.28,0.64,-0.31,16633170
264741,0.05,1.02,0.10,-2.26,2.20,-1.50,0.03,-0.01,1.07,-1.34,0.73,-0.37,16634258
264753,0.05,1.02,0.10,-2.23,2.26,-1.22,0.03,-0.01,1.07,-1.13,0.52,-0.37,16632995
264764,0.05,1.02,0.10,-2.32,2.14,-1.53,0.03,-0.01,1.07,-0.98,0.70,-0.31,16636974
264776,0.05,1.02,0.11,-2.20,2.29,-1.46,0.03,-0.01,1.07,-1.22,0.79,-0.18,16636749
264787,0.05,1.02,0.11,-2.32,2.14,-1.31,0.03,-0.01,1.07,-1.10,0.82,-0.40,16635113
264800,0.05,1.02,0.10,-2.23,2.23,-1.50,0.03,-0.01,1.07,-1.19,0.67,-0.37,16632160
264811,0.05,1.02,0.10,-2.29,2.32,-1.31,0.03,-0.01,1.07,-1.07,0.67,-0.06,16632411
264823,0.05,1.02,0.11,-2.23,2.01,-1.74,0.03,-0.01,1.07,-1.16,0.79,-0.18,16634856
264835,0.05,1.02,0.11,-2.23,2.20,-1.46,0.03,-0.01,1.07,-1.01,0.52,0.00,16633601
264846,0.05,1.02,0.10,-2.41,2.17,-1.43,0.03,-0.01,1.07,-1.34,0.61,-0.34,16632115
264858,0.05,1.02,0.10,-2.32,2.17,-1.62,0.03,-0.01,1.07,-1.16,0.46,-0.31,16631640
264869,0.05,1.02,0.10,-2.17,2.23,-1.19,0.03,-0.01,1.07,-1.16,0.64,-0.31,16631759
264882,0.05,1.02,0.10,-2.32,2.20,-1.13,0.03,-0.01,1.07,-1.43,0.85,-0.31,16634001
264893,0.05,1.02,0.10,-2.44,2.20,-1.37,0.03,-0.01,1.07,-1.10,0.55,-0.46,16632060
264905,0.05,1.02,0.10,-2.26,2.04,-1.59,0.03,-0.01,1.07,-1.13,0.67,-0.12,16633538
264916,0.05,1.02,0.10,-2.17,1.92,-1.31,0.03,-0.01,1.07,-0.89,0.58,-0.55,16633608
264928,0.05,1.02,0.10,-2.29,2.20,-1.46,0.03,-0.01,1.07,-1.22,0.73,-0.37,16633782
264940,0.05,1.02,0.10,-1.95,2.26,-1.25,0.03,-0.01,1.07,-0.98,0.82,-0.06,16634604
264951,0.05,1.02,0.10,-2.41,2.14,-1.37,0.03,-0.01,1.07,-1.25,0.55,-0.52,16631956
264964,0.05,1.02,0.10,-2.41,2.29,-1.22,0.03,-0.01,1.07,-1.07,0.85,-0.24,16630800
264975,0.05,1.02,0.10,-2.14,2.08,-1.56,0.03,-0.01,1.07,-1.16,0.70,0.15,16633795
264987,0.05,1.02,0.10,-2.11,2.20,-1.31,0.03,-0.01,1.07,-1.28,0.67,-0.46,16634044
264998,0.05,1.02,0.10,-2.20,2.23,-1.71,0.03,-0.01,1.07,-1.16,0.67,-0.49,16632642
265011,0.05,1.02,0.10,-2.41,2.20,-1.65,0.03,-0.01,1.07,-1.31,0.89,-0.31,16633579
265022,0.05,1.02,0.10,-2.11,2.11,-1.50,0.03,-0.01,1.07,-1.10,0.76,-0.24,16632562
265033,0.05,1.02,0.10,-2.14,2.11,-1.46,0.03,-0.01,1.07,-1.25,0.98,-0.12,16633225
265046,0.05,1.02,0.10,-1.98,2.32,-1.56,0.03,-0.01,1.07,-0.98,0.67,-0.46,16633741
265057,0.05,1.02,0.10,-2.26,1.98,-1.37,0.03,-0.01,1.07,-1.28,0.73,-0.09,16633276
265069,0.05,1.02,0.10,-2.23,2.32,-1.40,0.03,-0.01,1.07,-1.04,0.64,-0.40,16632137
265080,0.05,1.02,0.10,-2.04,2.23,-1.43,0.03,-0.01,1.07,-1.22,1.01,-0.34,16631824
265093,0.05,1.02,0.10,-2.20,2.04,-1.34,0.03,-0.01,1.07,-1.10,0.85,-0.64,16631450
265104,0.05,1.02,0.10,-2.35,2.32,-1.34,0.03,-0.01,1.07,-1.01,0.46,-0.27,16632895
265115,0.05,1.02,0.10,-2.17,2.01,-1.56,0.03,-0.01,1.07,-1.16,0.73,-0.40,16633867
265127,0.05,1.02,0.10,-2.32,2.08,-1.56,0.03,-0.01,1.07,-1.16,0.85,-0.27,16634007
265139,0.05,1.02,0.10,-2.11,2.26,-1.71,0.03,-0.01,1.07,-1.13,0.67,-0.40,16634611
265151,0.05,1.02,0.11,-2.20,2.32,-1.22,0.03,-0.01,1.07,-1.16,0.82,-0.27,16633129
265162,0.05,1.02,0.10,-2.47,2.14,-1.56,0.03,-0.01,1.07,-0.98,0.58,-0.27,16632426
265175,0.05,1.02,0.10,-2.38,2.23,-1.43,0.03,-0.01,1.07,-1.13,0.73,-0.15,16632895
265186,0.05,1.02,0.10,-2.17,2.04,-1.43,0.03,-0.01,1.07,-0.95,0.82,-0.21,16633959
265197,0.05,1.02,0.10,-2.04,1.92,-1.40,0.03,-0.01,1.07,-1.19,0.76,-0.37,16633526
265209,0.05,1.02,0.10,-2.17,2.11,-1.53,0.03,-0.01,1.07,-1.25,0.67,-0.27,16631632
265221,0.05,1.02,0.10,-2.23,1.98,-1.50,0.03,-0.01,1.07,-0.98,0.67,-0.15,16633219
265233,0.05,1.02,0.10,-2.17,2.35,-1.34,0.03,-0.01,1.07,-0.85,0.73,-0.24,16634810
265244,0.05,1.02,0.10,-1.98,2.20,-1.22,0.03,-0.01,1.07,-1.10,0.73,-0.37,16634935
265256,0.05,1.02,0.10,-2.26,2.26,-1.50,0.03,-0.01,1.07,-1.01,0.70,-0.46,16635291
265268,0.05,1.02,0.10,-1.98,1.92,-1.62,0.03,-0.01,1.07,-0.95,0.58,-0.31,16634803
265280,0.05,1.02,0.10,-2.38,2.14,-1.53,0.03,-0.01,1.07,-1.07,0.76,-0.24,16632753
265291,0.05,1.02,0.11,-2.32,2.04,-1.25,0.03,-0.01,1.07,-1.46,0.73,-0.40,16632534
265303,0.05,1.02,0.10,-2.14,2.14,-1.31,0.03,-0.01,1.07,-1.10,0.70,-0.40,16633721
265315,0.05,1.02,0.10,-2.35,2.23,-1.28,0.03,-0.01,1.07,-0.92,0.58,-0.31,16632006
265326,0.05,1.02,0.10,-2.17,2.32,-1.46,0.03,-0.01,1.07,-1.10,0.76,-0.43,16631387
265338,0.05,1.02,0.10,-2.26,2.01,-1.50,0.03,-0.01,1.07,-1.10,0.61,-0.40,16632858
265350,0.05,1.02,0.10,-2.04,2.04,-1.37,0.03,-0.01,1.07,-1.25,0.82,-0.27,16634727
265362,0.05,1.02,0.10,-2.35,2.14,-1.43,0.03,-0.01,1.07,-1.37,0.70,-0.27,16634509
265373,0.05,1.02,0.11,-2.23,2.01,-1.43,0.03,-0.01,1.07,-1.22,0.76,-0.43,16635692
265384,0.05,1.02,0.11,-2.20,2.17,-1.53,0.03,-0.01,1.07,-1.34,1.01,-0.31,16634418
265397,0.05,1.02,0.11,-2.11,2.29,-1.65,0.03,-0.01,1.07,-1.28,0.92,-0.37,16633953
265408,0.05,1.02,0.10,-1.89,2.23,-1.31,0.03,-0.01,1.07,-1.16,0.58,-0.49,16633235
265420,0.05,1.02,0.10,-2.26,2.14,-1.28,0.03,-0.01,1.07,-1.13,0.46,-0.40,16631354
265432,0.05,1.02,0.10,-1.98,2.32,-1.34,0.03,-0.01,1.07,-1.22,0.67,-0.18,16633668
265444,0.05,1.02,0.11,-2.26,1.98,-1.28,0.03,-0.01,1.07,-1.10,0.61,-0.34,16635048
265455,0.05,1.02,0.10,-2.14,2.11,-1.34,0.03,-0.01,1.07,-1.13,0.64,-0.49,16632809
265466,0.05,1.02,0.10,-2.50,2.20,-1.50,0.03,-0.01,1.07,-0.98,0.58,-0.37,16635091
265479,0.05,1.02,0.10,-2.26,2.23,-1.53,0.03,-0.01,1.07,-1.07,0.89,-0.24,16635796
265490,0.05,1.02,0.10,-2.29,2.14,-1.37,0.03,-0.01,1.07,-1.04,0.64,-0.24,16637223
265502,0.05,1.02,0.10,-2.14,2.17,-1.25,0.03,-0.01,1.07,-0.98,0.64,-0.24,16635548
265513,0.05,1.02,0.10,-2.11,2.29,-1.46,0.03,-0.01,1.07,-1.10,0.55,-0.27,16635561
265526,0.05,1.02,0.10,-2.01,2.23,-1.43,0.03,-0.01,1.07,-1.04,0.64,-0.34,16634152
265537,0.05,1.02,0.11,-2.44,2.08,-1.50,0.03,-0.01,1.07,-1.25,0.52,-0.21,16633158
265548,0.05,1.02,0.11,-2.47,2.01,-1.50,0.03,-0.01,1.07,-1.13,0.61,-0.24,16631544
265561,0.05,1.02,0.11,-2.17,2.29,-1.56,0.03,-0.01,1.07,-1.13,0.64,-0.21,16634964
265572,0.05,1.02,0.10,-2.08,2.35,-1.56,0.03,-0.01,1.07,-1.01,0.67,-0.27,16633549
265584,0.05,1.02,0.11,-1.95,2.26,-1.50,0.03,-0.01,1.07,-1.25,0.85,-0.27,16631219
265595,0.05,1.02,0.11,-2.11,2.29,-1.31,0.03,-0.01,1.07,-1.07,0.89,-0.18,16633106
265608,0.05,1.02,0.10,-1.95,2.26,-1.53,0.03,-0.01,1.07,-1.22,0.92,-0.40,16635711
265619,0.05,1.02,0.10,-2.47,2.26,-1.31,0.03,-0.01,1.07,-1.10,0.79,-0.37,16634353
265631,0.05,1.02,0.10,-2.20,2.35,-1.43,0.03,-0.01,1.07,-1.19,0.76,-0.40,16633284
265643,0.05,1.02,0.11,-1.62,2.53,-1.31,0.03,-0.01,1.07,-1.10,0.55,-0.43,16633847
265654,0.05,1.02,0.11,-1.13,2.66,-1.22,0.03,-0.01,1.07,-0.92,0.79,-0.34,16633155
265666,0.05,1.02,0.11,-1.28,2.17,-1.19,0.03,-0.01,1.07,-1.22,0.61,-0.12,16632471
265677,0.05,1.02,0.10,-2.01,2.14,-1.37,0.03,-0.01,1.07,-1.22,0.79,-0.31,16633187
265690,0.06,1.01,0.10,-4.00,2.14,-1.80,0.03,-0.01,1.07,-1.19,0.89,-0.31,16634474
265701,0.06,1.01,0.10,-5.31,1.92,-1.77,0.03,-0.01,1.07,-1.16,0.85,-0.21,16635683
265713,0.05,1.02,0.10,-3.48,2.08,-1.80,0.03,-0.01,1.07,-1.16,0.70,-0.09,16634871
265724,0.05,1.03,0.11,-1.13,2.32,-1.16,0.03,-0.01,1.07,-0.64,0.79,-0.40,16634033
265736,0.05,1.03,0.11,-0.76,2.26,-0.70,0.03,-0.01,1.07,-1.16,0.64,-0.40,16633364
265748,0.05,1.02,0.10,-2.59,2.38,-1.50,0.03,-0.01,1.07,-1.28,0.85,-0.40,16632895
265759,0.05,1.02,0.10,-3.54,1.98,-1.80,0.03,-0.01,1.07,-1.25,0.85,-0.12,16635539
265772,0.05,1.02,0.10,-3.36,2.29,-1.10,0.03,-0.01,1.07,-1.10,0.82,-0.37,16635183
265783,0.05,1.02,0.11,-2.75,2.01,-1.83,0.03,-0.01,1.07,-1.07,0.89,-0.18,16635231
265795,0.05,1.02,0.11,-2.47,2.41,-1.43,0.03,-0.01,1.07,-1.37,0.61,-0.27,16636041
265806,0.05,1.02,0.11,-1.92,2.23,-1.53,0.03,-0.01,1.07,-1.19,0.64,-0.27,16636149
265818,0.05,1.02,0.11,-2.08,2.29,-1.59,0.03,-0.01,1.07,-1.19,0.64,-0.24,16637157
265830,0.05,1.02,0.10,-2.78,2.01,-1.43,0.03,-0.01,1.07,-1.34,0.46,-0.15,16634017
265841,0.05,1.02,0.10,-2.29,1.92,-1.98,0.03,-0.01,1.07,-1.22,0.82,-0.15,16633197
265853,0.05,1.02,0.11,-1.53,2.04,-1.40,0.03,-0.01,1.07,-1.25,0.79,-0.27,16637822
265865,0.05,1.03,0.11,-1.07,2.14,-1.25,0.03,-0.01,1.07,-1.10,0.40,-0.40,16636403
265877,0.05,1.02,0.11,-1.13,2.08,-1.65,0.03,-0.01,1.07,-1.13,0.76,-0.34,16636498
265888,0.05,1.02,0.11,-0.52,2.08,-1.65,0.03,-0.01,1.07,-1.19,0.58,-0.34,16636468
265901,0.05,1.03,0.11,0.46,2.17,-0.58,0.03,-0.01,1.07,-0.98,0.67,-0.31,16635465
265912,0.05,1.03,0.11,-0.03,2.47,-0.46,0.03,-0.01,1.07,-1.19,0.58,-0.24,16633681
265923,0.05,1.02,0.10,-3.02,2.44,-1.22,0.03,-0.01,1.07,-1.04,0.79,-0.52,16632034
265935,0.06,1.01,0.09,-5.74,2.04,-2.23,0.03,-0.01,1.07,-1.04,0.49,-0.31,16630459