time,faccx,faccy,faccz,fgyrx,fgyry,fgyrz,saccx,saccy,saccz,sgyrx,sgyry,sgyrz,load
366164,0.06,1.01,0.10,-5.62,-0.64,-2.62,0.03,-0.01,1.07,-1.34,0.76,-0.31,16643090
366174,0.06,1.02,0.12,0.00,-4.06,-1.65,0.03,-0.01,1.07,-1.13,0.61,-0.34,16642277
366184,0.06,1.04,0.14,6.59,-6.77,0.15,0.03,-0.01,1.07,-1.16,0.73,-0.52,16640315
366194,0.05,1.06,0.17,15.20,-6.10,0.98,0.03,-0.01,1.07,-0.98,0.67,-0.34,16638323
366204,0.04,1.09,0.17,20.08,-0.40,4.00,0.03,-0.01,1.07,-1.07,0.85,-0.31,16635698
366215,0.01,1.07,0.15,15.08,4.00,4.73,0.03,-0.01,1.07,-1.37,0.73,-0.37,16634258
366224,0.04,1.02,0.10,5.04,2.26,-0.73,0.03,-0.01,1.07,-0.92,0.64,-0.21,16636741
366236,0.07,0.95,0.05,-9.86,1.59,-3.11,0.03,-0.01,1.07,-1.07,0.76,-0.52,16636752
366247,0.06,0.93,0.04,-19.84,3.08,-6.29,0.03,-0.01,1.07,-0.70,0.46,-0.37,16635909
366260,0.06,0.99,0.08,-11.96,1.59,-3.63,0.03,-0.01,1.07,-0.92,0.73,-0.24,16634438
366271,0.04,1.05,0.13,3.14,2.50,-0.46,0.03,-0.01,1.07,-1.34,0.67,-0.49,16632558
366283,0.04,1.07,0.15,11.54,2.20,1.65,0.03,-0.01,1.07,-0.82,0.67,-0.34,16633687
366295,0.04,1.05,0.13,6.38,1.56,1.92,0.03,-0.01,1.07,-1.04,0.70,-0.31,16634598
366306,0.06,1.00,0.09,-4.82,2.08,-1.95,0.03,-0.01,1.07,-1.13,0.98,-0.37,16635580
366318,0.06,0.97,0.07,-12.21,2.53,-4.91,0.03,-0.01,1.07,-1.01,0.58,-0.34,16635302
366329,0.06,1.00,0.08,-9.80,1.77,-2.44,0.03,-0.01,1.07,-0.67,0.58,-0.24,16631488
366342,0.05,1.04,0.12,0.46,2.20,-1.04,0.03,-0.01,1.07,-1.07,0.79,-0.18,16632454
366353,0.04,1.06,0.14,6.90,2.66,0.37,0.03,-0.01,1.07,-1.34,0.92,-0.43,16633575
366365,0.05,1.04,0.12,2.96,1.74,0.85,0.03,-0.01,1.07,-0.89,0.61,-0.06,16635132
366376,0.06,1.01,0.09,-4.27,2.44,-1.80,0.03,-0.01,1.07,-1.22,0.70,-0.64,16635348
366389,0.06,0.99,0.08,-9.12,2.44,-3.51,0.03,-0.01,1.07,-0.98,0.89,-0.27,16632996
366400,0.05,1.01,0.09,-6.81,1.98,-2.17,0.03,-0.01,1.07,-1.07,0.58,-0.43,16636104
366411,0.05,1.04,0.12,0.46,1.92,-0.82,0.03,-0.01,1.07,-0.73,0.49,-0.31,16638669
366424,0.05,1.05,0.13,3.78,2.26,-0.52,0.03,-0.01,1.07,-1.34,0.58,-0.24,16634760
366435,0.05,1.03,0.11,0.06,2.14,-0.40,0.03,-0.01,1.07,-1.10,0.79,-0.31,16633242
366447,0.06,1.01,0.09,-4.91,2.20,-2.35,0.03,-0.01,1.07,-1.01,0.76,-0.21,16632869
366458,0.06,1.00,0.09,-6.84,2.17,-2.32,0.03,-0.01,1.07,-1.10,0.73,-0.46,16635046
366471,0.05,1.02,0.10,-2.75,2.20,-2.01,0.03,-0.01,1.07,-0.85,0.49,-0.27,16637055
366482,0.05,1.04,0.12,1.22,2.14,-0.79,0.03,-0.01,1.07,-1.16,0.73,-0.52,16634926
366493,0.05,1.03,0.11,0.55,2.20,-0.46,0.03,-0.01,1.07,-1.59,0.79,-0.24,16633457
366505,0.05,1.02,0.10,-2.99,2.20,-1.40,0.03,-0.01,1.07,-1.37,1.01,-0.21,16634981
366517,0.06,1.01,0.09,-5.16,2.17,-2.20,0.03,-0.01,1.07,-1.13,0.89,-0.12,16633138
366529,0.05,1.02,0.10,-3.63,2.29,-1.98,0.03,-0.01,1.07,-0.85,0.46,-0.52,16632677
366540,0.05,1.03,0.11,-0.70,2.44,-1.16,0.03,-0.01,1.07,-1.01,0.98,-0.24,16633532
366553,0.05,1.03,0.11,0.21,2.11,-0.67,0.03,-0.01,1.07,-1.13,0.52,-0.43,16634766
366564,0.05,1.02,0.10,-2.23,2.14,-1.37,0.03,-0.01,1.07,-1.46,0.85,-0.24,16633335
366575,0.05,1.01,0.10,-4.21,2.26,-1.98,0.03,-0.01,1.07,-1.19,0.73,-0.40,16632153
366587,0.05,1.02,0.10,-3.63,2.01,-1.86,0.03,-0.01,1.07,-0.89,0.67,-0.40,16633880
366599,0.05,1.03,0.11,-1.46,2.38,-0.95,0.03,-0.01,1.07,-0.98,0.58,-0.24,16634180
366611,0.05,1.03,0.11,-0.70,2.26,-0.92,0.03,-0.01,1.07,-1.22,0.79,-0.55,16633177
366622,0.05,1.02,0.11,-1.95,2.32,-1.34,0.03,-0.01,1.07,-1.34,0.64,-0.27,16632338
366635,0.05,1.02,0.10,-3.51,1.83,-1.80,0.03,-0.01,1.07,-1.37,0.58,-0.24,16632016
366646,0.05,1.02,0.10,-3.33,2.29,-1.46,0.03,-0.01,1.07,-0.92,0.79,-0.21,16632384
366657,0.05,1.02,0.11,-1.95,2.20,-1.28,0.03,-0.01,1.07,-0.76,0.46,-0.43,16631673
366669,0.05,1.03,0.11,-1.19,2.11,-1.10,0.03,-0.01,1.07,-1.04,0.76,-0.40,16632153
366681,0.05,1.02,0.10,-1.95,2.08,-1.37,0.03,-0.01,1.07,-1.10,0.79,-0.55,16633689
366693,0.05,1.02,0.10,-3.05,2.14,-1.46,0.03,-0.01,1.07,-1.16,0.67,-0.55,16633275
366704,0.05,1.02,0.10,-2.96,2.14,-1.65,0.03,-0.01,1.07,-1.25,0.85,-0.24,16631748
366716,0.05,1.02,0.11,-1.92,2.44,-1.56,0.03,-0.01,1.07,-1.01,0.55,-0.31,16633542
366728,0.05,1.02,0.11,-1.34,2.17,-1.19,0.03,-0.01,1.07,-1.22,0.70,-0.31,16635234
366740,0.05,1.02,0.10,-1.95,2.11,-1.22,0.03,-0.01,1.07,-1.19,0.67,-0.37,16636028
366751,0.05,1.02,0.10,-2.99,2.32,-1.53,0.03,-0.01,1.07,-1.10,0.55,-0.58,16635958
366763,0.05,1.02,0.10,-2.72,2.17,-1.65,0.03,-0.01,1.07,-1.10,0.85,-0.27,16635465
366775,0.05,1.02,0.10,-1.98,2.35,-1.01,0.03,-0.01,1.07,-0.79,0.76,-0.09,16634449
366786,0.05,1.02,0.11,-1.56,2.29,-1.46,0.03,-0.01,1.07,-1.07,0.73,-0.27,16633311
366798,0.05,1.02,0.10,-2.14,2.35,-1.34,0.03,-0.01,1.07,-1.16,0.67,-0.31,16631834
366810,0.05,1.02,0.10,-2.78,2.23,-1.31,0.03,-0.01,1.07,-1.04,0.61,-0.31,16633844
366822,0.05,1.02,0.10,-2.47,1.98,-1.71,0.03,-0.01,1.07,-0.89,0.79,-0.31,16635199
366833,0.05,1.02,0.11,-2.08,2.29,-1.28,0.03,-0.01,1.07,-1.19,0.64,-0.18,16634524
366844,0.05,1.02,0.11,-1.62,2.20,-1.10,0.03,-0.01,1.07,-0.89,0.76,-0.40,16633644
366857,0.05,1.02,0.11,-2.47,2.01,-1.34,0.03,-0.01,1.07,-1.13,0.73,-0.34,16635038
366868,0.05,1.02,0.10,-2.72,2.17,-1.50,0.03,-0.01,1.07,-1.19,0.76,-0.40,16634870
366880,0.05,1.02,0.11,-2.26,2.41,-1.56,0.03,-0.01,1.07,-1.07,0.98,-0.49,16634682
366892,0.05,1.02,0.11,-2.11,2.11,-1.68,0.03,-0.01,1.07,-0.98,0.64,-0.12,16634662
366904,0.05,1.02,0.11,-1.92,2.17,-1.40,0.03,-0.01,1.07,-1.10,0.73,-0.27,16635065
366915,0.05,1.02,0.11,-2.26,2.17,-1.53,0.03,-0.01,1.07,-1.04,0.49,-0.12,16635648
366926,0.05,1.02,0.10,-2.84,1.95,-1.31,0.03,-0.01,1.07,-1.10,0.58,-0.09,16632329
366939,0.05,1.02,0.11,-2.41,2.26,-1.53,0.03,-0.01,1.07,-0.95,1.07,-0.21,16631241
366950,0.05,1.02,0.11,-2.04,2.20,-1.40,0.03,-0.01,1.07,-1.16,0.64,-0.43,16635907
366962,0.05,1.02,0.11,-1.98,2.23,-1.56,0.03,-0.01,1.07,-1.31,0.52,-0.34,16634340
366973,0.05,1.02,0.10,-2.35,2.20,-1.25,0.03,-0.01,1.07,-0.67,0.67,-0.49,16634606
366986,0.05,1.02,0.10,-2.53,2.08,-1.50,0.03,-0.01,1.07,-1.25,0.61,-0.58,16633883
366997,0.05,1.02,0.10,-2.20,2.23,-1.50,0.03,-0.01,1.07,-0.98,0.89,-0.27,16632914
367009,0.05,1.02,0.10,-1.98,2.29,-1.31,0.03,-0.01,1.07,-1.16,0.98,-0.18,16633785
367021,0.05,1.02,0.11,-2.26,2.08,-1.56,0.03,-0.01,1.07,-1.19,0.67,-0.21,16635441
367032,0.05,1.02,0.11,-2.29,2.32,-1.16,0.03,-0.01,1.07,-1.28,0.64,-0.18,16635052
367044,0.05,1.02,0.11,-2.56,2.01,-1.31,0.03,-0.01,1.07,-1.04,0.52,-0.09,16632045
367055,0.05,1.02,0.11,-2.11,2.35,-1.37,0.03,-0.01,1.07,-1.07,0.61,-0.46,16633248
367068,0.05,1.02,0.11,-2.11,2.11,-1.43,0.03,-0.01,1.07,-0.95,0.70,-0.24,16636081
367079,0.05,1.02,0.11,-2.20,2.32,-1.40,0.03,-0.01,1.07,-0.98,0.70,-0.21,16634836
367091,0.05,1.02,0.10,-2.20,2.23,-1.65,0.03,-0.01,1.07,-0.98,0.64,-0.37,16633007
367102,0.05,1.02,0.11,-2.35,2.08,-1.28,0.03,-0.01,1.07,-1.07,0.89,-0.24,16633770
367114,0.05,1.02,0.11,-2.08,2.20,-1.16,0.03,-0.01,1.07,-1.19,0.76,-0.46,16633440
367126,0.05,1.02,0.11,-2.20,2.17,-1.37,0.03,-0.01,1.07,-1.07,0.55,-0.46,16633985
367137,0.05,1.02,0.11,-2.17,2.01,-1.56,0.03,-0.01,1.07,-0.98,0.61,-0.18,16632957
367150,0.05,1.02,0.10,-2.20,2.01,-1.59,0.03,-0.01,1.07,-1.34,0.67,-0.37,16632970
367161,0.05,1.02,0.11,-2.23,2.35,-1.43,0.03,-0.01,1.07,-1.01,0.55,-0.09,16634699
367173,0.05,1.02,0.11,-2.11,2.04,-1.50,0.03,-0.01,1.07,-1.19,0.61,-0.21,16636657
367184,0.05,1.02,0.11,-2.20,2.26,-1.56,0.03,-0.01,1.07,-1.01,0.76,-0.06,16634727
367196,0.05,1.02,0.11,-2.44,2.08,-1.43,0.03,-0.01,1.07,-1.16,0.40,-0.15,16634032
367208,0.05,1.02,0.10,-2.35,2.08,-1.53,0.03,-0.01,1.07,-1.07,0.58,-0.27,16634764
367219,0.05,1.02,0.10,-2.17,2.01,-1.59,0.03,-0.01,1.07,-1.07,0.82,-0.43,16634422
367232,0.05,1.02,0.10,-2.08,2.14,-1.50,0.03,-0.01,1.07,-0.85,0.76,-0.31,16635029
367243,0.05,1.02,0.10,-2.32,2.04,-1.34,0.03,-0.01,1.07,-1.07,0.55,-0.24,16636187
367255,0.05,1.02,0.10,-2.20,1.92,-1.37,0.03,-0.01,1.07,-1.04,0.92,-0.40,16634345
367266,0.05,1.02,0.10,-2.11,2.20,-1.40,0.03,-0.01,1.07,-1.01,0.73,-0.21,16633409
367278,0.05,1.02,0.10,-2.14,2.04,-1.19,0.03,-0.01,1.07,-1.28,0.67,-0.55,16635494
367290,0.05,1.02,0.11,-2.53,2.14,-1.34,0.03,-0.01,1.07,-1.19,0.73,-0.40,16635267
367301,0.05,1.02,0.11,-2.14,2.38,-1.40,0.03,-0.01,1.07,-1.10,0.58,-0.12,16632995
367313,0.05,1.02,0.10,-2.35,2.26,-1.40,0.03,-0.01,1.07,-1.04,0.58,-0.31,16632896
367325,0.05,1.02,0.10,-2.11,2.14,-1.65,0.03,-0.01,1.07,-1.13,0.85,-0.37,16634887
367337,0.05,1.02,0.10,-2.35,2.14,-1.53,0.03,-0.01,1.07,-1.13,0.61,-0.58,16631926
367348,0.05,1.02,0.10,-1.95,2.20,-1.40,0.03,-0.01,1.07,-1.28,0.52,-0.24,16632520
367361,0.05,1.02,0.10,-2.35,2.11,-1.37,0.03,-0.01,1.07,-0.67,1.01,-0.46,16636201
367372,0.05,1.02,0.10,-2.35,2.44,-1.46,0.03,-0.01,1.07,-1.10,0.70,-0.61,16634474
367383,0.05,1.02,0.10,-2.32,2.26,-1.50,0.03,-0.01,1.07,-0.95,0.85,-0.55,16632037
367395,0.05,1.02,0.10,-2.14,2.41,-1.50,0.03,-0.01,1.07,-0.98,0.79,-0.12,16633549
367407,0.05,1.02,0.11,-1.95,2.11,-1.59,0.03,-0.01,1.07,-1.25,0.82,-0.55,16634646
367419,0.05,1.02,0.11,-2.17,2.14,-1.50,0.03,-0.01,1.07,-1.28,0.67,-0.37,16632482
367430,0.05,1.02,0.11,-2.01,2.11,-1.46,0.03,-0.01,1.07,-1.10,0.58,-0.21,16631626
367442,0.05,1.02,0.10,-2.20,2.17,-1.50,0.03,-0.01,1.07,-1.13,0.70,-0.15,16635543
367454,0.05,1.02,0.10,-2.29,2.20,-1.31,0.03,-0.01,1.07,-0.76,0.85,-0.24,16634270
367465,0.05,1.02,0.10,-2.32,2.26,-1.19,0.03,-0.01,1.07,-1.04,0.76,-0.34,16634426
367477,0.05,1.02,0.10,-1.98,2.26,-1.22,0.03,-0.01,1.07,-1.28,0.76,-0.31,16635809
367489,0.05,1.02,0.10,-2.41,2.11,-1.31,0.03,-0.01,1.07,-1.04,0.82,-0.46,16636290
367501,0.05,1.02,0.10,-2.29,2.47,-1.28,0.03,-0.01,1.07,-1.01,0.49,-0.31,16633593
367512,0.05,1.02,0.10,-2.32,2.35,-1.53,0.03,-0.01,1.07,-1.25,0.61,-0.27,16631712
367524,0.05,1.02,0.11,-2.01,2.08,-1.46,0.03,-0.01,1.07,-1.16,0.85,-0.55,16635085
367536,0.05,1.02,0.11,-2.32,2.20,-1.40,0.03,-0.01,1.07,-1.19,0.64,-0.31,16635040
367547,0.05,1.02,0.10,-2.23,2.14,-1.43,0.03,-0.01,1.07,-0.95,1.10,0.03,16634670
367559,0.05,1.02,0.10,-2.53,2.20,-1.59,0.03,-0.01,1.07,-0.98,0.67,-0.55,16633416
367570,0.05,1.02,0.10,-2.23,2.14,-1.37,0.03,-0.01,1.07,-1.37,0.61,-0.15,16636269
367583,0.05,1.02,0.10,-2.23,2.08,-1.43,0.03,-0.01,1.07,-0.98,0.82,-0.37,16636907
367594,0.05,1.02,0.10,-2.32,2.17,-1.40,0.03,-0.01,1.07,-1.10,0.58,0.03,16633320
367606,0.05,1.02,0.11,-2.20,2.17,-1.34,0.03,-0.01,1.07,-1.28,0.73,-0.24,16634217
367618,0.05,1.02,0.11,-2.47,2.20,-1.40,0.03,-0.01,1.07,-1.01,0.52,-0.34,16634542
367630,0.05,1.02,0.11,-2.41,2.17,-1.50,0.03,-0.01,1.07,-1.07,0.61,-0.31,16634402
367641,0.05,1.02,0.11,-2.26,2.08,-1.53,0.03,-0.01,1.07,-1.16,0.52,-0.34,16634523
367652,0.05,1.02,0.11,-2.26,2.38,-1.43,0.03,-0.01,1.07,-1.10,0.73,-0.31,16633037
367665,0.05,1.02,0.11,-2.29,2.29,-1.50,0.03,-0.01,1.07,-1.10,0.76,-0.46,16633205
367676,0.05,1.02,0.11,-2.32,2.26,-1.22,0.03,-0.01,1.07,-1.01,0.73,-0.24,16635231
367688,0.05,1.02,0.11,-2.29,2.32,-1.34,0.03,-0.01,1.07,-1.13,0.89,-0.15,16634409
367699,0.05,1.02,0.11,-2.17,2.35,-1.56,0.03,-0.01,1.07,-0.98,0.61,-0.34,16631355
367712,0.05,1.02,0.11,-2.38,2.32,-1.31,0.03,-0.01,1.07,-1.01,0.79,-0.34,16631574
367723,0.05,1.02,0.10,-2.41,2.17,-1.46,0.03,-0.01,1.07,-1.16,0.76,-0.18,16633883
367734,0.05,1.02,0.11,-2.29,2.17,-1.53,0.03,-0.01,1.07,-1.28,0.73,-0.27,16635952
367747,0.05,1.02,0.11,-2.26,2.14,-1.28,0.03,-0.01,1.07,-1.22,0.70,-0.64,16634734
367758,0.05,1.02,0.11,-2.23,2.32,-1.25,0.03,-0.01,1.07,-1.07,0.67,-0.52,16635806
367770,0.05,1.02,0.11,-2.32,1.86,-1.46,0.03,-0.01,1.07,-0.85,0.73,-0.37,16636972
367781,0.05,1.02,0.11,-2.26,2.17,-1.28,0.03,-0.01,1.07,-1.16,0.85,-0.15,16634113
367794,0.05,1.02,0.11,-2.20,2.14,-1.34,0.03,-0.01,1.07,-1.16,0.76,-0.27,16634643
367805,0.05,1.02,0.11,-2.35,2.20,-1.34,0.03,-0.01,1.07,-0.95,0.67,-0.06,16634750
367816,0.05,1.02,0.10,-2.26,1.86,-1.46,0.03,-0.01,1.07,-1.07,0.76,-0.34,16633798
367828,0.05,1.02,0.11,-2.29,2.38,-1.31,0.03,-0.01,1.07,-1.40,0.89,-0.46,16635396
367840,0.05,1.02,0.10,-2.38,2.08,-1.43,0.03,-0.01,1.07,-1.07,0.49,-0.34,16636549
367852,0.05,1.02,0.11,-2.14,2.23,-1.40,0.03,-0.01,1.07,-1.25,0.73,-0.34,16635150
367863,0.05,1.02,0.11,-2.04,2.23,-1.37,0.03,-0.01,1.07,-1.10,0.76,-0.34,16635023
367876,0.05,1.02,0.11,-2.23,2.01,-1.40,0.03,-0.01,1.07,-1.10,0.85,-0.27,16635810
367887,0.05,1.02,0.11,-2.01,2.20,-1.37,0.03,-0.01,1.07,-1.07,0.95,-0.24,16637273
367899,0.05,1.02,0.11,-2.29,2.23,-1.28,0.03,-0.01,1.07,-1.01,0.67,-0.37,16635764
367910,0.05,1.02,0.11,-2.04,2.11,-1.46,0.03,-0.01,1.07,-1.22,0.76,-0.31,16635162
367922,0.05,1.02,0.11,-2.20,2.32,-1.50,0.03,-0.01,1.07,-0.98,0.52,-0.46,16634805
367934,0.05,1.02,0.11,-2.17,2.35,-1.65,0.03,-0.01,1.07,-0.76,0.64,-0.49,16633926
367945,0.05,1.02,0.11,-2.14,2.20,-1.50,0.03,-0.01,1.07,-1.10,0.79,-0.37,16635683
367958,0.05,1.02,0.10,-2.32,2.29,-1.46,0.03,-0.01,1.07,-1.16,0.55,0.03,16633681
367969,0.05,1.02,0.10,-2.29,2.08,-1.40,0.03,-0.01,1.07,-1.16,0.82,-0.52,16631892
367981,0.05,1.02,0.10,-2.44,2.04,-1.53,0.03,-0.01,1.07,-1.16,0.67,-0.34,16634762
367992,0.05,1.02,0.10,-2.29,2.17,-1.28,0.03,-0.01,1.07,-1.22,0.76,-0.21,16636123
368004,0.05,1.02,0.10,-2.20,2.17,-1.22,0.03,-0.01,1.07,-1.04,0.76,-0.58,16637363
368016,0.05,1.02,0.11,-2.11,2.01,-1.53,0.03,-0.01,1.07,-1.07,0.92,-0.43,16634746
368027,0.05,1.02,0.11,-2.23,2.17,-1.28,0.03,-0.01,1.07,-1.22,0.64,-0.37,16634358
368039,0.05,1.02,0.11,-2.14,2.29,-1.34,0.03,-0.01,1.07,-1.19,0.76,-0.27,16635038
368051,0.05,1.02,0.11,-2.08,2.32,-1.13,0.03,-0.01,1.07,-1.19,0.55,-0.40,16636642
368063,0.05,1.02,0.11,-2.29,2.35,-1.59,0.03,-0.01,1.07,-0.95,0.55,-0.34,16636160
368074,0.05,1.02,0.10,-2.26,2.11,-1.34,0.03,-0.01,1.07,-0.73,0.49,-0.24,16636314
368086,0.05,1.02,0.10,-2.23,2.32,-1.56,0.03,-0.01,1.07,-1.19,0.70,-0.24,16635788
368098,0.05,1.02,0.10,-2.32,1.98,-1.50,0.03,-0.01,1.07,-1.10,0.76,-0.37,16632593
368109,0.05,1.02,0.10,-2.17,2.23,-1.22,0.03,-0.01,1.07,-1.31,0.67,-0.24,16632352
368121,0.05,1.02,0.10,-2.14,2.29,-1.56,0.03,-0.01,1.07,-1.22,0.58,-0.37,16633841
368133,0.05,1.02,0.10,-2.17,2.11,-1.56,0.03,-0.01,1.07,-1.10,0.55,-0.40,16635399
368145,0.05,1.02,0.11,-2.26,2.17,-1.25,0.03,-0.01,1.07,-1.43,0.76,-0.40,16634802
368156,0.05,1.02,0.10,-2.29,2.17,-1.28,0.03,-0.01,1.07,-1.10,0.76,-0.46,16635922
368168,0.05,1.02,0.10,-2.44,2.20,-1.19,0.03,-0.01,1.07,-1.01,0.67,0.03,16636720
368180,0.05,1.02,0.11,-2.20,2.29,-1.40,0.03,-0.01,1.07,-1.13,0.64,-0.49,16635843
368191,0.05,1.02,0.10,-2.38,2.20,-1.31,0.03,-0.01,1.07,-1.25,0.98,0.00,16631828
368203,0.05,1.02,0.10,-2.32,2.23,-1.22,0.03,-0.01,1.07,-1.22,0.70,-0.34,16633039
368215,0.05,1.02,0.10,-2.23,2.17,-1.68,0.03,-0.01,1.07,-1.13,0.61,-0.46,16634429
368227,0.05,1.02,0.11,-2.38,2.26,-1.46,0.03,-0.01,1.07,-0.98,0.92,-0.34,16636301
368238,0.05,1.02,0.10,-2.20,2.08,-1.56,0.03,-0.01,1.07,-1.07,0.70,-0.49,16634864
368250,0.05,1.02,0.10,-2.20,2.44,-1.53,0.03,-0.01,1.07,-1.22,0.49,-0.06,16635455
368262,0.05,1.02,0.11,-2.35,2.01,-1.37,0.03,-0.01,1.07,-1.31,0.70,-0.40,16635457
368273,0.05,1.02,0.10,-2.23,2.29,-1.43,0.03,-0.01,1.07,-1.16,0.64,-0.34,16636915
368285,0.05,1.02,0.11,-2.41,2.17,-1.59,0.03,-0.01,1.07,-1.19,0.70,-0.46,16635953
368296,0.05,1.02,0.11,-2.26,2.17,-1.53,0.03,-0.01,1.07,-1.13,0.82,-0.24,16632476
368309,0.05,1.02,0.11,-2.23,2.23,-1.40,0.03,-0.01,1.07,-1.19,0.49,-0.31,16632088
368320,0.05,1.02,0.10,-2.20,2.26,-1.46,0.03,-0.01,1.07,-1.25,0.73,-0.15,16633985
368332,0.05,1.02,0.11,-2.53,2.35,-1.25,0.03,-0.01,1.07,-1.10,0.70,-0.37,16633313
368344,0.05,1.02,0.10,-2.53,2.29,-1.37,0.03,-0.01,1.07,-1.22,0.95,-0.27,16633255
368355,0.05,1.02,0.10,-2.29,2.11,-1.37,0.03,-0.01,1.07,-1.16,0.40,-0.37,16634867
368367,0.05,1.02,0.11,-2.32,2.26,-1.37,0.03,-0.01,1.07,-1.19,0.98,-0.40,16635854
368378,0.05,1.02,0.11,-2.17,2.17,-1.31,0.03,-0.01,1.07,-0.98,0.98,-0.34,16634309
368391,0.05,1.02,0.10,-2.32,2.08,-1.37,0.03,-0.01,1.07,-1.13,1.07,-0.46,16636212
368402,0.05,1.02,0.10,-2.38,2.23,-1.40,0.03,-0.01,1.07,-1.43,0.64,-0.31,16635229
368414,0.05,1.02,0.11,-2.29,2.38,-1.59,0.03,-0.01,1.07,-1.16,0.82,-0.24,16633861
368425,0.05,1.02,0.11,-1.92,2.20,-1.34,0.03,-0.01,1.07,-0.92,0.76,-0.21,16632216
368438,0.05,1.02,0.11,-2.23,2.08,-1.65,0.03,-0.01,1.07,-1.22,0.61,-0.34,16632786
368449,0.05,1.02,0.10,-2.23,2.17,-1.43,0.03,-0.01,1.07,-1.04,0.85,-0.06,16632705
368460,0.05,1.02,0.11,-2.26,2.26,-1.37,0.03,-0.01,1.07,-0.95,0.67,-0.18,16634701
368473,0.05,1.02,0.11,-2.38,2.26,-1.34,0.03,-0.01,1.07,-1.01,0.76,-0.27,16635568
368484,0.05,1.02,0.10,-2.17,2.20,-1.37,0.03,-0.01,1.07,-1.25,0.70,-0.34,16632650
368496,0.05,1.02,0.10,-2.23,2.08,-1.50,0.03,-0.01,1.07,-1.16,0.92,-0.34,16633035
368507,0.05,1.02,0.10,-2.01,2.17,-1.40,0.03,-0.01,1.07,-1.25,0.49,-0.34,16633683
368520,0.05,1.02,0.11,-2.26,2.26,-1.62,0.03,-0.01,1.07,-1.13,0.76,-0.34,16632803
368531,0.05,1.02,0.11,-2.38,2.26,-1.37,0.03,-0.01,1.07,-1.19,0.95,-0.12,16634846
368542,0.05,1.02,0.11,-2.35,2.35,-1.40,0.03,-0.01,1.07,-0.92,0.79,-0.12,16633905
368555,0.05,1.02,0.11,-2.26,2.17,-1.25,0.03,-0.01,1.07,-0.82,0.52,-0.18,16632985
368566,0.05,1.02,0.11,-2.17,2.11,-1.68,0.03,-0.01,1.07,-1.31,0.85,-0.15,16636847
368578,0.05,1.02,0.11,-2.38,1.89,-1.56,0.03,-0.01,1.07,-0.92,0.85,-0.31,16636787
368589,0.05,1.02,0.11,-2.20,2.20,-1.34,0.03,-0.01,1.07,-0.76,0.79,-0.40,16634328
368602,0.05,1.02,0.11,-2.20,2.32,-1.65,0.03,-0.01,1.07,-0.95,0.64,-0.21,16633971
368613,0.05,1.02,0.11,-2.14,2.04,-1.50,0.03,-0.01,1.07,-1.25,0.52,-0.27,16636152
368624,0.05,1.02,0.11,-2.14,2.29,-1.62,0.03,-0.01,1.07,-0.92,0.76,-0.15,16634373
368636,0.05,1.02,0.11,-2.35,2.04,-1.28,0.03,-0.01,1.07,-0.98,0.55,-0.15,16634370
368648,0.05,1.02,0.11,-2.41,2.04,-1.43,0.03,-0.01,1.07,-1.31,0.92,-0.18,16633087
368660,0.05,1.02,0.11,-2.26,2.20,-1.56,0.03,-0.01,1.07,-1.25,0.76,-0.40,16632227
368671,0.05,1.02,0.11,-2.29,2.35,-1.62,0.03,-0.01,1.07,-1.37,0.70,-0.46,16632881
368684,0.05,1.02,0.11,-2.14,2.32,-1.34,0.03,-0.01,1.07,-1.25,0.64,-0.49,16632381
368695,0.05,1.02,0.11,-2.23,2.04,-1.56,0.03,-0.01,1.07,-1.07,0.82,-0.21,16634907
368707,0.05,1.02,0.10,-2.32,2.08,-1.40,0.03,-0.01,1.07,-1.10,0.73,-0.46,16635698
368718,0.05,1.02,0.11,-2.32,2.32,-1.68,0.03,-0.01,1.07,-1.10,0.85,-0.34,16633184
368730,0.05,1.02,0.10,-2.14,2.14,-1.25,0.03,-0.01,1.07,-0.95,0.70,-0.21,16634329
368742,0.05,1.02,0.11,-2.20,2.04,-1.46,0.03,-0.01,1.07,-1.19,0.49,-0.12,16634640
368753,0.05,1.02,0.11,-2.23,2.23,-1.43,0.03,-0.01,1.07,-1.13,0.85,-0.43,16636249
368765,0.05,1.02,0.11,-2.14,1.95,-1.34,0.03,-0.01,1.07,-1.10,0.76,-0.31,16635761
368777,0.05,1.02,0.10,-1.89,2.26,-1.31,0.03,-0.01,1.07,-1.19,0.64,-0.24,16634343
368789,0.05,1.02,0.10,-2.20,2.29,-1.46,0.03,-0.01,1.07,-0.92,0.73,-0.31,16632727
368800,0.05,1.02,0.11,-2.35,2.35,-1.71,0.03,-0.01,1.07,-1.01,0.76,-0.21,16632791
368812,0.05,1.02,0.11,-2.29,2.17,-1.43,0.03,-0.01,1.07,-1.07,0.70,-0.55,16632403
368824,0.05,1.02,0.11,-2.47,2.01,-1.46,0.03,-0.01,1.07,-0.82,0.82,-0.21,16631999
368835,0.05,1.02,0.11,-2.20,2.17,-1.43,0.03,-0.01,1.07,-1.19,1.04,-0.18,16633821
368847,0.05,1.02,0.11,-2.04,2.01,-1.50,0.03,-0.01,1.07,-1.01,0.73,-0.43,16633359
368859,0.05,1.02,0.11,-2.17,2.17,-1.28,0.03,-0.01,1.07,-1.25,0.76,-0.27,16634005
368871,0.05,1.02,0.11,-2.17,2.04,-1.71,0.03,-0.01,1.07,-1.28,0.76,-0.46,16634501
368882,0.05,1.02,0.11,-2.41,2.08,-1.34,0.03,-0.01,1.07,-1.10,0.73,-0.37,16635348
368893,0.05,1.02,0.11,-2.47,2.11,-1.50,0.03,-0.01,1.07,-1.19,0.92,-0.52,16634972
368906,0.05,1.02,0.11,-2.26,2.29,-1.28,0.03,-0.01,1.07,-0.89,0.92,-0.46,16631935
368917,0.05,1.02,0.11,-2.20,2.11,-1.37,0.03,-0.01,1.07,-1.13,0.67,-0.37,16631998
368929,0.05,1.02,0.11,-2.26,2.08,-1.43,0.03,-0.01,1.07,-1.10,0.73,-0.37,16637424
368941,0.05,1.02,0.10,-2.17,2.17,-1.53,0.03,-0.01,1.07,-1.22,0.79,-0.24,16638547
368953,0.05,1.02,0.10,-2.35,1.95,-1.40,0.03,-0.01,1.07,-0.92,0.55,-0.31,16636079
368964,0.05,1.02,0.11,-2.35,2.11,-1.40,0.03,-0.01,1.07,-0.73,0.92,-0.34,16635321
368975,0.05,1.02,0.11,-1.98,2.11,-1.40,0.03,-0.01,1.07,-1.01,0.73,-0.27,16634080
368988,0.05,1.02,0.11,-2.17,2.29,-1.40,0.03,-0.01,1.07,-1.25,0.73,-0.24,16635188
368999,0.05,1.02,0.10,-2.29,2.26,-1.46,0.03,-0.01,1.07,-0.89,0.79,-0.21,16635339
369011,0.05,1.02,0.10,-2.26,2.04,-1.31,0.03,-0.01,1.07,-1.07,0.98,-0.27,16633027
369022,0.05,1.02,0.10,-2.14,2.17,-1.34,0.03,-0.01,1.07,-0.79,0.58,-0.46,16629261
369035,0.05,1.02,0.11,-2.23,2.32,-1.37,0.03,-0.01,1.07,-1.01,0.58,-0.55,16631669
369046,0.05,1.02,0.11,-2.14,2.44,-1.07,0.03,-0.01,1.07,-1.28,0.64,-0.24,16633547
369058,0.05,1.02,0.10,-2.11,2.23,-1.37,0.03,-0.01,1.07,-1.16,0.79,-0.09,16632941
369070,0.05,1.02,0.10,-2.23,2.14,-1.16,0.03,-0.01,1.07,-0.95,0.79,-0.24,16633835
369081,0.05,1.02,0.10,-2.35,2.08,-1.53,0.03,-0.01,1.07,-1.16,0.70,-0.40,16633320
369093,0.05,1.02,0.11,-2.14,2.20,-1.53,0.03,-0.01,1.07,-1.10,0.76,-0.31,16632091
369104,0.05,1.02,0.11,-1.98,2.11,-1.43,0.03,-0.01,1.07,-0.98,0.64,-0.34,16634418
369117,0.05,1.02,0.11,-2.35,1.98,-1.19,0.03,-0.01,1.07,-1.10,0.46,-0.31,16638053
369128,0.05,1.02,0.11,-2.50,2.26,-1.31,0.03,-0.01,1.07,-1.16,0.61,-0.31,16634498
369140,0.05,1.02,0.11,-2.29,1.98,-1.71,0.03,-0.01,1.07,-1.07,0.67,-0.31,16633242
369152,0.06,1.02,0.10,-2.20,2.17,-3.02,0.03,-0.01,1.07,-0.95,0.55,-0.52,16634419
369163,0.06,1.00,0.09,-8.27,1.98,-3.23,0.03,-0.01,1.07,-1.04,0.79,-0.46,16633796
369175,0.06,1.00,0.09,-9.00,2.23,-3.20,0.03,-0.01,1.07,-1.28,0.52,-0.37,16639941
369186,0.05,1.03,0.11,-3.23,2.20,-2.96,0.03,-0.01,1.07,-1.13,0.70,-0.40,16642019
369199,0.05,1.03,0.12,-1.10,2.11,-2.41,0.03,-0.01,1.07,-0.76,0.76,-0.21,16642316
369210,0.05,1.02,0.11,-4.18,2.11,-1.34,0.03,-0.01,1.07,-1.07,0.98,-0.15,16643857
369222,0.05,1.02,0.11,-3.54,2.20,-1.46,0.03,-0.01,1.07,-1.50,0.73,-0.55,16644972
369233,0.05,1.03,0.11,-1.56,2.53,-1.71,0.03,-0.01,1.07,-1.07,0.70,-0.21,16647246
369246,0.05,1.03,0.11,-1.83,2.26,-1.77,0.03,-0.01,1.07,-0.95,0.58,-0.37,16644374
369257,0.05,1.02,0.10,-4.58,2.08,-1.95,0.03,-0.01,1.07,-1.31,0.61,-0.12,16646283
369268,0.05,1.02,0.10,-3.57,2.26,-1.65,0.03,-0.01,1.07,-1.34,1.04,-0.34,16647392
369281,0.05,1.02,0.11,-3.27,2.41,-1.86,0.03,-0.01,1.07,-0.70,0.46,-0.31,16650359
369292,0.05,1.02,0.10,-4.39,2.08,-2.17,0.03,-0.01,1.07,-0.98,0.85,-0.46,16656685
369304,0.05,1.02,0.11,-3.78,2.50,-1.59,0.03,-0.01,1.07,-1.25,0.92,-0.24,16662547
369315,0.05,1.02,0.11,-3.97,2.72,-1.25,0.03,-0.01,1.07,-1.10,0.67,-0.52,16664654
369328,0.05,1.02,0.11,-3.57,2.50,-1.22,0.03,-0.01,1.07,-0.95,0.61,-0.34,16665860
369339,0.05,1.02,0.11,-2.93,2.29,-1.50,0.03,-0.01,1.07,-1.31,0.89,-0.46,16671926
369350,0.05,1.03,0.11,-3.11,2.32,-1.19,0.03,-0.01,1.07,-1.22,0.85,-0.49,16676890
369362,0.05,1.02,0.11,-3.42,2.41,-0.70,0.03,-0.01,1.07,-0.92,0.46,-0.31,16680816
369374,0.05,1.03,0.11,-2.41,2.56,-0.09,0.03,-0.01,1.07,-1.22,0.82,-0.31,16684395
369386,0.05,1.03,0.12,-0.27,2.38,-0.49,0.03,-0.01,1.07,-1.34,0.70,-0.46,16682239
369397,0.05,1.03,0.12,0.18,2.38,-0.52,0.03,-0.01,1.07,-1.19,0.76,-0.27,16677283
369410,0.05,1.02,0.11,-1.13,2.20,-0.58,0.03,-0.01,1.07,-1.40,0.76,-0.31,16675388
369421,0.05,1.01,0.11,-3.85,2.29,-0.95,0.03,-0.01,1.07,-1.28,0.58,-0.34,16680518
369432,0.05,1.00,0.10,-6.29,2.47,-1.89,0.03,-0.01,1.07,-1.10,0.49,-0.43,16686726
369444,0.05,1.00,0.10,-8.39,2.62,-2.53,0.03,-0.01,1.07,-1.19,0.89,-0.43,16698342
369456,0.05,1.01,0.10,-8.61,2.53,-3.02,0.03,-0.01,1.07,-1.25,0.79,-0.15,16714446
369468,0.06,1.01,0.11,-7.93,1.98,-2.96,0.03,-0.01,1.07,-1.01,0.70,-0.18,16728973
369479,0.05,1.02,0.11,-7.14,1.83,-3.11,0.03,-0.01,1.07,-1.34,0.76,-0.31,16742375
369491,0.05,1.02,0.11,-6.84,1.80,-3.48,0.03,-0.01,1.07,-1.43,0.67,-0.43,16758954
369503,0.05,1.02,0.11,-8.36,1.86,-2.66,0.03,-0.01,1.07,-0.95,0.43,-0.55,16772324
369514,0.05,1.02,0.11,-8.36,1.92,-1.71,0.03,-0.01,1.07,-1.10,0.58,-0.34,6017
369526,0.05,1.02,0.12,-7.57,2.20,-1.31,0.03,-0.01,1.07,-1.10,0.61,-0.37,14770
369538,0.05,1.03,0.13,-4.39,2.29,-1.16,0.03,-0.01,1.07,-1.25,0.79,-0.24,24064
369550,0.05,1.04,0.14,-0.92,2.17,-1.10,0.03,-0.01,1.07,-1.16,0.76,-0.37,34764
369561,0.05,1.04,0.14,1.68,2.23,-1.25,0.03,-0.01,1.07,-1.13,0.82,-0.40,46205
369573,0.05,1.04,0.13,0.89,2.23,-1.34,0.03,-0.01,1.07,-1.13,0.58,-0.37,58566
369585,0.05,1.02,0.12,-2.75,2.17,-1.07,0.03,-0.01,1.07,-1.19,0.89,-0.37,68316
369596,0.05,1.01,0.11,-6.29,2.56,-0.98,0.03,-0.01,1.07,-1.28,0.52,-0.34,74293
369608,0.05,1.00,0.11,-8.09,2.59,-0.70,0.03,-0.01,1.07,-1.19,0.67,-0.24,76344
369619,0.05,1.01,0.11,-7.39,2.17,-0.46,0.03,-0.01,1.07,-1.01,0.73,-0.34,85907
369632,0.05,1.02,0.12,-5.31,2.14,-0.40,0.03,-0.01,1.07,-1.04,0.58,-0.21,103694
369643,0.05,1.03,0.13,-2.50,1.95,-0.31,0.03,-0.01,1.07,-0.98,0.61,-0.24,120758
369655,0.05,1.04,0.14,-0.46,2.14,-0.21,0.03,-0.01,1.07,-1.07,0.67,-0.34,129175
369667,0.05,1.03,0.13,-1.01,2.01,-0.18,0.03,-0.01,1.07,-1.07,0.67,-0.24,138553
369679,0.05,1.02,0.12,-3.33,2.50,-0.49,0.03,-0.01,1.07,-1.19,0.67,-0.46,148534
369690,0.05,1.01,0.12,-5.52,1.89,-0.12,0.03,-0.01,1.07,-1.25,0.76,-0.31,159255
369701,0.05,1.01,0.12,-5.43,2.11,-0.55,0.03,-0.01,1.07,-0.92,0.82,-0.31,168296
369714,0.05,1.02,0.13,-3.94,2.47,-0.76,0.03,-0.01,1.07,-0.95,0.61,-0.24,178400
369725,0.05,1.03,0.13,-1.40,2.20,-1.10,0.03,-0.01,1.07,-0.92,0.70,-0.58,192171
369737,0.05,1.03,0.13,-0.52,2.11,-0.82,0.03,-0.01,1.07,-1.46,0.64,-0.21,204187
369748,0.05,1.03,0.13,-1.50,1.92,-1.16,0.03,-0.01,1.07,-1.13,0.67,-0.31,217762
369761,0.05,1.02,0.12,-3.17,1.95,-1.34,0.03,-0.01,1.07,-1.04,0.79,-0.37,226367
369772,0.05,1.02,0.12,-2.66,1.68,-1.43,0.03,-0.01,1.07,-1.31,0.52,-0.27,237908
369783,0.05,1.04,0.13,0.95,1.56,-1.50,0.03,-0.01,1.07,-0.89,0.67,-0.31,254965
369796,0.05,1.05,0.14,4.70,2.29,-1.98,0.03,-0.01,1.07,-1.01,1.07,-0.52,275556
369807,0.05,1.03,0.13,2.59,2.47,-1.95,0.03,-0.01,1.07,-1.25,0.89,-0.27,283646
369819,0.05,1.02,0.12,1.13,2.29,-1.19,0.03,-0.01,1.07,-1.16,0.55,-0.46,274941
369830,0.05,1.02,0.12,0.92,2.23,-0.89,0.03,-0.01,1.07,-0.92,0.46,-0.37,273586
369843,0.05,1.02,0.12,1.43,2.14,-1.13,0.03,-0.01,1.07,-0.95,0.73,-0.27,292499
369854,0.05,1.02,0.12,0.18,1.92,-0.70,0.03,-0.01,1.07,-1.01,0.61,-0.24,308160
369865,0.05,1.01,0.11,-1.46,2.20,-0.12,0.03,-0.01,1.07,-1.34,0.85,-0.31,308586
369878,0.05,1.01,0.11,-2.04,1.92,-0.24,0.03,-0.01,1.07,-1.10,0.85,-0.18,316300
369889,0.05,1.02,0.11,-2.35,2.29,-0.43,0.03,-0.01,1.07,-1.16,0.61,-0.24,336167
369901,0.05,1.02,0.11,-3.02,1.92,-0.24,0.03,-0.01,1.07,-1.07,0.58,-0.31,347134
369912,0.05,1.01,0.11,-3.36,2.32,0.03,0.03,-0.01,1.07,-1.13,0.70,-0.49,344438
369925,0.05,1.02,0.12,-3.23,2.23,-0.12,0.03,-0.01,1.07,-1.37,0.67,-0.03,349376
369936,0.05,1.02,0.12,-3.20,2.04,-0.03,0.03,-0.01,1.07,-1.19,0.55,-0.27,361138
369948,0.05,1.02,0.12,-3.17,2.01,-0.24,0.03,-0.01,1.07,-1.40,0.55,-0.27,367929
369959,0.05,1.02,0.12,-2.87,2.20,-0.73,0.03,-0.01,1.07,-1.07,0.89,-0.46,371850
369971,0.05,1.02,0.12,-2.47,2.17,-1.25,0.03,-0.01,1.07,-0.98,0.70,-0.40,377753
369983,0.06,1.02,0.12,-2.08,2.32,-1.43,0.03,-0.01,1.07,-0.98,0.82,-0.37,386262
369994,0.06,1.02,0.12,-1.71,2.01,-1.68,0.03,-0.01,1.07,-1.01,0.89,-0.18,389165
370007,0.06,1.02,0.12,-1.37,2.08,-1.65,0.03,-0.01,1.07,-1.04,0.79,-0.21,392747
370018,0.06,1.03,0.12,-0.89,2.04,-1.62,0.03,-0.01,1.07,-1.37,0.64,-0.09,400957
370030,0.05,1.03,0.12,-0.15,1.95,-1.80,0.03,-0.01,1.07,-0.98,0.92,-0.52,409494
370041,0.05,1.03,0.12,0.18,2.17,-2.04,0.03,-0.01,1.07,-0.98,0.46,-0.12,412498
370053,0.05,1.03,0.12,0.00,2.32,-1.83,0.03,-0.01,1.07,-1.16,0.76,-0.34,415397
370065,0.05,1.02,0.12,0.52,2.20,-1.74,0.03,-0.01,1.07,-1.19,1.01,-0.34,421540
370076,0.05,1.03,0.12,0.85,2.35,-1.43,0.03,-0.01,1.07,-1.01,0.49,-0.46,426598
370088,0.05,1.03,0.12,0.95,2.26,-1.40,0.03,-0.01,1.07,-1.25,0.73,-0.37,428470
370100,0.05,1.02,0.12,1.37,1.98,-1.07,0.03,-0.01,1.07,-1.10,0.67,-0.31,428977
370112,0.05,1.03,0.12,1.59,1.89,-0.61,0.03,-0.01,1.07,-1.10,0.82,-0.09,431874
370123,0.05,1.03,0.12,1.59,2.01,-0.21,0.03,-0.01,1.07,-1.19,0.70,-0.31,433644
370135,0.05,1.02,0.12,1.59,1.86,-0.37,0.03,-0.01,1.07,-1.13,0.61,-0.06,433288
370147,0.05,1.02,0.11,1.01,1.77,-0.40,0.03,-0.01,1.07,-1.25,0.67,-0.15,434108
370158,0.05,1.02,0.11,0.98,2.01,-1.01,0.03,-0.01,1.07,-1.07,0.76,-0.12,439200
370170,0.05,1.02,0.11,0.40,2.17,-1.16,0.03,-0.01,1.07,-1.34,0.58,-0.43,442686
370182,0.05,1.02,0.11,-0.09,2.17,-1.16,0.03,-0.01,1.07,-1.16,0.58,-0.15,440646
370194,0.06,1.02,0.11,-0.85,2.14,-1.28,0.03,-0.01,1.07,-1.07,0.76,-0.09,443231
370205,0.06,1.02,0.11,-1.40,2.01,-1.37,0.03,-0.01,1.07,-1.31,0.61,-0.34,446742
370216,0.05,1.02,0.11,-1.50,2.32,-1.22,0.03,-0.01,1.07,-1.25,0.64,-0.27,447079
370229,0.05,1.02,0.11,-1.65,2.29,-1.25,0.03,-0.01,1.07,-1.25,0.40,-0.34,444466
370240,0.05,1.02,0.11,-1.68,2.20,-1.10,0.03,-0.01,1.07,-0.95,0.61,-0.18,441186
370252,0.05,1.02,0.11,-1.89,2.08,-1.04,0.03,-0.01,1.07,-1.13,0.52,-0.52,442435
370264,0.05,1.02,0.11,-1.74,2.38,-1.13,0.03,-0.01,1.07,-1.19,0.61,-0.49,444153
370276,0.05,1.02,0.11,-2.14,2.17,-1.25,0.03,-0.01,1.07,-0.98,0.76,-0.31,445795
370287,0.06,1.02,0.11,-2.32,2.20,-1.59,0.03,-0.01,1.07,-1.25,0.67,-0.46,449437
370299,0.06,1.02,0.11,-3.02,2.20,-1.86,0.03,-0.01,1.07,-1.10,0.73,-0.37,452565
370311,0.06,1.02,0.11,-3.42,2.11,-2.08,0.03,-0.01,1.07,-1.13,0.89,-0.15,452677
370322,0.06,1.02,0.11,-3.51,2.11,-2.47,0.03,-0.01,1.07,-0.92,1.04,-0.40,448780
370334,0.06,1.02,0.11,-3.17,2.50,-2.47,0.03,-0.01,1.07,-0.98,0.82,-0.52,451218
370345,0.05,1.02,0.11,-3.36,2.35,-2.26,0.03,-0.01,1.07,-1.10,0.55,-0.37,448822
370358,0.05,1.02,0.11,-3.14,2.38,-1.37,0.03,-0.01,1.07,-1.16,0.61,-0.34,445902
370369,0.05,1.02,0.11,-2.56,2.35,-0.85,0.03,-0.01,1.07,-1.07,0.89,-0.52,446263
370381,0.05,1.02,0.11,-2.56,2.32,-0.79,0.03,-0.01,1.07,-0.98,0.73,-0.27,444372
370393,0.05,1.03,0.11,-1.71,2.17,-0.46,0.03,-0.01,1.07,-1.13,0.73,-0.40,444602
370404,0.05,1.03,0.11,-1.19,1.86,-0.27,0.03,-0.01,1.07,-1.34,0.73,-0.49,446810
370416,0.05,1.03,0.11,-0.34,2.44,-0.58,0.03,-0.01,1.07,-1.16,0.76,-0.43,447872
370427,0.05,1.03,0.11,-0.15,2.17,-0.79,0.03,-0.01,1.07,-1.40,0.70,-0.27,450274
370440,0.06,1.03,0.12,0.61,2.17,-1.07,0.03,-0.01,1.07,-1.19,0.79,-0.58,452828
370451,0.06,1.03,0.11,1.22,2.47,-1.59,0.03,-0.01,1.07,-1.13,0.64,-0.40,450714
370463,0.06,1.03,0.11,1.65,2.23,-1.68,0.03,-0.01,1.07,-1.16,0.92,-0.52,447420
370475,0.06,1.03,0.11,2.08,2.01,-1.83,0.03,-0.01,1.07,-1.34,0.67,-0.40,444856
370487,0.06,1.03,0.11,2.26,2.29,-2.08,0.03,-0.01,1.07,-1.10,0.76,-0.37,447450
370498,0.06,1.03,0.11,2.81,2.20,-2.08,0.03,-0.01,1.07,-1.01,0.55,-0.31,451260
370509,0.06,1.03,0.11,2.66,2.32,-1.89,0.03,-0.01,1.07,-1.10,0.52,-0.31,454134
370522,0.05,1.02,0.11,2.26,2.23,-1.92,0.03,-0.01,1.07,-1.13,0.70,-0.31,455073
370533,0.05,1.02,0.10,2.17,2.32,-1.56,0.03,-0.01,1.07,-1.04,0.70,-0.46,450949
370545,0.05,1.02,0.10,1.86,2.11,-1.28,0.03,-0.01,1.07,-1.10,0.85,-0.34,451984
370556,0.05,1.02,0.10,0.85,2.41,-1.01,0.03,-0.01,1.07,-1.34,0.67,-0.31,456379
370569,0.05,1.02,0.10,-0.06,2.26,-1.10,0.03,-0.01,1.07,-1.07,0.92,-0.37,459723
370580,0.05,1.01,0.09,-0.89,2.41,-1.07,0.03,-0.01,1.07,-1.28,0.61,-0.43,459911
370591,0.05,1.01,0.09,-2.01,2.26,-0.76,0.03,-0.01,1.07,-1.13,0.85,-0.12,458818
370604,0.05,1.01,0.09,-2.75,2.26,-0.67,0.03,-0.01,1.07,-1.19,0.79,-0.15,460571
370615,0.06,1.01,0.09,-3.36,2.26,-1.04,0.03,-0.01,1.07,-0.92,0.55,-0.37,458570
370627,0.06,1.01,0.09,-3.91,2.26,-1.10,0.03,-0.01,1.07,-1.22,0.64,-0.06,456527
370638,0.06,1.01,0.09,-4.33,2.23,-1.25,0.03,-0.01,1.07,-0.95,0.92,-0.55,454531
370651,0.06,1.01,0.09,-5.04,2.14,-1.50,0.03,-0.01,1.07,-1.19,0.67,-0.34,455430
370662,0.06,1.01,0.09,-5.07,2.20,-1.83,0.03,-0.01,1.07,-1.19,0.46,-0.21,453232
370673,0.06,1.02,0.10,-5.34,2.17,-1.83,0.03,-0.01,1.07,-1.19,0.85,-0.37,451681
370685,0.06,1.02,0.10,-5.43,2.01,-2.01,0.03,-0.01,1.07,-1.04,0.85,-0.37,453921
370697,0.06,1.02,0.10,-5.40,2.17,-2.23,0.03,-0.01,1.07,-1.10,0.67,-0.24,453442
370709,0.06,1.02,0.10,-5.46,2.20,-2.14,0.03,-0.01,1.07,-0.95,0.52,-0.34,451979
370720,0.05,1.02,0.10,-5.65,2.32,-1.59,0.03,-0.01,1.07,-0.98,0.49,-0.24,451685
370733,0.05,1.02,0.10,-4.73,2.14,-1.59,0.03,-0.01,1.07,-1.04,0.85,-0.31,452232
370744,0.05,1.02,0.10,-4.61,2.17,-1.37,0.03,-0.01,1.07,-1.10,0.52,-0.27,453488
370755,0.05,1.03,0.11,-4.33,2.23,-1.19,0.03,-0.01,1.07,-0.82,0.46,-0.21,451134
370767,0.05,1.03,0.11,-3.66,2.26,-1.04,0.03,-0.01,1.07,-1.19,0.64,-0.43,448857
370779,0.05,1.03,0.11,-3.23,2.17,-1.16,0.03,-0.01,1.07,-0.82,0.67,-0.09,448664
370791,0.05,1.03,0.11,-2.66,2.32,-1.01,0.03,-0.01,1.07,-1.04,0.52,-0.21,450489
370802,0.06,1.03,0.11,-2.01,2.26,-1.34,0.03,-0.01,1.07,-1.10,0.73,-0.31,453138
370814,0.06,1.03,0.11,-1.65,2.26,-1.34,0.03,-0.01,1.07,-1.07,0.61,-0.31,450437
370826,0.06,1.03,0.11,-0.85,2.20,-1.59,0.03,-0.01,1.07,-1.16,0.79,-0.27,451146
370838,0.06,1.03,0.11,-0.43,2.17,-1.65,0.03,-0.01,1.07,-1.28,0.67,-0.34,453070
370849,0.06,1.03,0.11,-0.12,1.95,-2.01,0.03,-0.01,1.07,-1.10,0.79,-0.34,453144
370861,0.06,1.03,0.11,0.15,2.23,-1.95,0.03,-0.01,1.07,-1.19,0.79,-0.34,450685
370873,0.06,1.03,0.11,0.67,2.29,-1.86,0.03,-0.01,1.07,-1.25,0.67,-0.21,451373
370884,0.05,1.03,0.11,0.67,2.23,-1.74,0.03,-0.01,1.07,-1.28,0.64,-0.40,450844
370896,0.05,1.03,0.11,0.70,2.32,-1.50,0.03,-0.01,1.07,-1.10,0.67,-0.37,451007
370908,0.05,1.02,0.11,0.58,2.26,-1.40,0.03,-0.01,1.07,-1.22,0.52,-0.49,451721
370920,0.05,1.02,0.11,0.67,2.20,-1.13,0.03,-0.01,1.07,-1.22,0.82,-0.09,453104
370931,0.05,1.02,0.10,0.18,2.11,-1.19,0.03,-0.01,1.07,-1.28,1.04,-0.15,455489
370942,0.05,1.02,0.10,0.03,2.26,-1.10,0.03,-0.01,1.07,-1.25,0.67,-0.18,453115
370955,0.05,1.02,0.10,-0.37,2.14,-1.13,0.03,-0.01,1.07,-1.22,0.92,-0.46,452887
370966,0.05,1.02,0.10,-0.73,2.29,-1.01,0.03,-0.01,1.07,-1.04,0.73,-0.34,455148
370978,0.06,1.02,0.10,-1.25,2.11,-1.34,0.03,-0.01,1.07,-1.04,0.64,-0.46,456135
370990,0.06,1.02,0.10,-1.50,2.04,-1.37,0.03,-0.01,1.07,-0.85,0.67,-0.40,455480
371002,0.06,1.02,0.10,-2.04,2.17,-1.43,0.03,-0.01,1.07,-1.25,0.85,-0.27,457326
371013,0.06,1.02,0.10,-2.59,2.44,-1.71,0.03,-0.01,1.07,-1.31,0.92,-0.09,457297
371024,0.06,1.01,0.10,-2.93,2.29,-1.74,0.03,-0.01,1.07,-0.98,0.82,-0.24,456749
371037,0.06,1.01,0.10,-3.57,2.04,-1.80,0.03,-0.01,1.07,-1.10,0.73,-0.46,457057
371048,0.06,1.02,0.10,-4.39,1.95,-1.74,0.03,-0.01,1.07,-1.31,0.52,-0.43,455290
371060,0.06,1.02,0.10,-4.39,2.11,-1.53,0.03,-0.01,1.07,-1.19,0.58,-0.18,453708
371072,0.05,1.02,0.10,-4.82,2.08,-1.80,0.03,-0.01,1.07,-1.01,0.85,-0.37,456319
371084,0.05,1.02,0.10,-4.85,2.23,-1.53,0.03,-0.01,1.07,-1.13,0.85,-0.12,457611
371095,0.05,1.02,0.10,-5.10,2.38,-1.46,0.03,-0.01,1.07,-1.07,0.73,-0.52,456638
371107,0.05,1.02,0.10,-4.73,2.20,-1.65,0.03,-0.01,1.07,-0.98,0.73,-0.18,453327
371119,0.05,1.02,0.10,-5.04,2.29,-1.07,0.03,-0.01,1.07,-1.01,0.61,-0.31,454734
371130,0.05,1.02,0.10,-4.61,2.17,-1.25,0.03,-0.01,1.07,-1.19,0.61,-0.06,456005
371142,0.05,1.02,0.10,-4.21,2.14,-1.37,0.03,-0.01,1.07,-0.95,0.70,-0.12,453966
371153,0.05,1.02,0.11,-4.03,1.98,-1.28,0.03,-0.01,1.07,-0.82,0.58,-0.09,453276
371166,0.06,1.02,0.11,-3.88,2.17,-1.01,0.03,-0.01,1.07,-1.10,0.58,-0.12,456202
371177,0.06,1.03,0.11,-3.27,2.17,-1.56,0.03,-0.01,1.07,-1.07,0.89,-0.43,457708
371189,0.06,1.03,0.11,-2.59,2.26,-1.62,0.03,-0.01,1.07,-0.82,0.70,-0.12,454418
371201,0.06,1.03,0.11,-2.04,2.17,-1.65,0.03,-0.01,1.07,-1.19,0.73,-0.43,451044
371212,0.06,1.03,0.11,-1.86,2.08,-1.86,0.03,-0.01,1.07,-1.10,0.79,-0.21,449696
371224,0.06,1.03,0.11,-1.16,2.20,-1.68,0.03,-0.01,1.07,-1.19,0.89,-0.49,450161
371235,0.05,1.03,0.11,-0.98,2.11,-1.53,0.03,-0.01,1.07,-1.19,0.95,-0.24,449399
371248,0.05,1.03,0.11,-0.55,1.98,-1.40,0.03,-0.01,1.07,-1.34,0.70,-0.37,452304
371259,0.05,1.03,0.11,-0.03,2.44,-1.34,0.03,-0.01,1.07,-1.13,0.46,-0.46,453511
371271,0.05,1.03,0.11,0.31,2.26,-1.34,0.03,-0.01,1.07,-1.16,0.64,-0.12,453224
371282,0.05,1.03,0.11,0.15,2.08,-1.34,0.03,-0.01,1.07,-1.34,0.92,-0.52,454366
371294,0.05,1.03,0.11,0.34,2.01,-0.92,0.03,-0.01,1.07,-1.13,1.01,-0.40,451974
371306,0.05,1.02,0.11,0.12,2.14,-1.04,0.03,-0.01,1.07,-1.25,0.76,-0.46,452680
371317,0.05,1.02,0.10,0.27,2.32,-1.28,0.03,-0.01,1.07,-1.07,0.67,-0.40,455466
371330,0.05,1.02,0.10,-0.15,1.95,-1.37,0.03,-0.01,1.07,-1.04,0.73,-0.37,459345
371341,0.06,1.02,0.10,-0.31,2.26,-1.34,0.03,-0.01,1.07,-1.10,0.61,-0.49,457674
371353,0.06,1.02,0.10,-0.52,2.23,-1.34,0.03,-0.01,1.07,-1.07,0.67,-0.37,457866
371364,0.06,1.02,0.10,-0.67,2.29,-1.50,0.03,-0.01,1.07,-1.22,0.76,-0.27,461225
371377,0.06,1.02,0.10,-1.31,2.29,-1.43,0.03,-0.01,1.07,-0.89,0.52,-0.34,457275
371388,0.06,1.02,0.10,-1.71,2.23,-1.71,0.03,-0.01,1.07,-1.10,0.85,-0.37,454659
371399,0.06,1.02,0.10,-2.11,2.20,-1.65,0.03,-0.01,1.07,-1.10,0.67,-0.49,455982
371411,0.06,1.02,0.10,-2.50,2.04,-1.74,0.03,-0.01,1.07,-1.13,0.61,-0.15,454120
371423,0.06,1.02,0.10,-3.17,2.14,-1.56,0.03,-0.01,1.07,-1.34,0.85,-0.21,456616
371435,0.06,1.02,0.10,-3.48,2.14,-1.95,0.03,-0.01,1.07,-1.34,0.58,-0.27,457547
371446,0.05,1.02,0.10,-3.69,2.23,-1.43,0.03,-0.01,1.07,-1.04,0.61,-0.43,456694
371459,0.05,1.02,0.10,-4.30,2.35,-1.46,0.03,-0.01,1.07,-0.82,0.70,-0.37,454674
371470,0.05,1.02,0.10,-4.52,2.04,-1.34,0.03,-0.01,1.07,-1.04,0.79,-0.34,451941
371481,0.05,1.02,0.10,-4.46,2.08,-1.10,0.03,-0.01,1.07,-1.07,0.73,-0.18,453000
371493,0.05,1.02,0.10,-4.49,2.29,-1.19,0.03,-0.01,1.07,-1.07,0.67,-0.37,453806
371505,0.05,1.02,0.10,-4.91,2.04,-1.40,0.03,-0.01,1.07,-1.19,0.73,-0.15,455487
371517,0.05,1.02,0.10,-4.55,2.35,-1.31,0.03,-0.01,1.07,-1.28,0.73,-0.12,452886
371528,0.05,1.02,0.10,-4.18,2.23,-1.53,0.03,-0.01,1.07,-1.16,0.61,-0.49,452590
371540,0.06,1.02,0.10,-4.00,2.29,-1.56,0.03,-0.01,1.07,-1.16,0.55,-0.18,454764
371552,0.06,1.02,0.11,-3.72,2.14,-1.86,0.03,-0.01,1.07,-1.31,0.98,-0.43,453394
371563,0.05,1.03,0.11,-3.33,2.29,-1.86,0.03,-0.01,1.07,-1.13,0.85,-0.49,454861
371575,0.06,1.03,0.11,-3.11,2.26,-1.86,0.03,-0.01,1.07,-1.13,0.37,-0.46,453066
371587,0.06,1.03,0.11,-2.72,2.14,-1.28,0.03,-0.01,1.07,-1.19,0.76,-0.34,452867
371599,0.06,1.03,0.11,-2.26,2.11,-1.62,0.03,-0.01,1.07,-1.07,0.89,-0.09,453261
371610,0.05,1.03,0.11,-1.46,2.08,-1.68,0.03,-0.01,1.07,-1.31,0.64,-0.40,453864
371622,0.05,1.03,0.11,-1.40,2.20,-1.31,0.03,-0.01,1.07,-1.22,0.58,-0.21,451312
371634,0.05,1.03,0.11,-1.10,2.11,-1.16,0.03,-0.01,1.07,-1.16,0.46,-0.37,453065
371645,0.05,1.03,0.11,-0.61,2.20,-1.07,0.03,-0.01,1.07,-1.10,0.70,-0.34,453679
371657,0.05,1.03,0.11,-0.43,1.89,-1.13,0.03,-0.01,1.07,-1.04,0.67,-0.34,453979
371668,0.05,1.03,0.11,-0.46,2.01,-1.19,0.03,-0.01,1.07,-1.31,0.43,-0.37,455256
371681,0.05,1.02,0.11,-0.27,2.23,-1.13,0.03,-0.01,1.07,-0.92,1.01,-0.49,453764
371692,0.06,1.02,0.11,-0.12,2.14,-1.04,0.03,-0.01,1.07,-1.10,0.76,-0.18,452922
371704,0.06,1.02,0.10,-0.06,2.17,-1.56,0.03,-0.01,1.07,-1.10,0.89,-0.27,455806
371716,0.06,1.02,0.10,-0.09,2.26,-1.37,0.03,-0.01,1.07,-1.10,0.67,-0.34,456131
371728,0.06,1.02,0.10,-0.49,2.14,-1.68,0.03,-0.01,1.07,-1.16,0.76,-0.52,454033
371739,0.06,1.02,0.10,-0.34,2.20,-1.71,0.03,-0.01,1.07,-1.22,0.52,0.03,455909
371750,0.06,1.02,0.10,-0.79,2.29,-1.65,0.03,-0.01,1.07,-1.19,0.52,-0.03,458770
371763,0.06,1.02,0.10,-1.37,2.20,-1.53,0.03,-0.01,1.07,-1.25,0.76,-0.18,456408
371774,0.06,1.02,0.10,-1.65,2.20,-1.50,0.03,-0.01,1.07,-1.01,0.58,-0.40,454790
371786,0.06,1.02,0.10,-1.71,2.29,-1.65,0.03,-0.01,1.07,-1.40,0.70,-0.37,452582
371798,0.06,1.02,0.10,-2.44,2.23,-1.22,0.03,-0.01,1.07,-1.10,0.73,-0.34,454888
371810,0.05,1.02,0.10,-2.66,2.20,-1.40,0.03,-0.01,1.07,-1.19,0.58,-0.18,456889
371821,0.05,1.02,0.10,-3.08,2.08,-1.19,0.03,-0.01,1.07,-1.19,0.73,-0.58,457648
371832,0.05,1.02,0.10,-3.69,2.23,-1.34,0.03,-0.01,1.07,-1.07,0.61,-0.15,456665
371845,0.05,1.02,0.10,-3.81,2.14,-1.10,0.03,-0.01,1.07,-1.13,0.70,-0.37,454907
371856,0.05,1.02,0.10,-3.91,2.20,-1.37,0.03,-0.01,1.07,-1.25,0.40,-0.43,454370
371868,0.06,1.02,0.10,-4.18,2.11,-1.40,0.03,-0.01,1.07,-0.85,0.61,-0.34,454970
371879,0.06,1.02,0.10,-4.33,2.08,-0.89,0.03,-0.01,1.07,-1.19,0.79,-0.15,456981
371892,0.06,1.02,0.10,-4.49,2.23,-1.59,0.03,-0.01,1.07,-1.10,0.76,-0.40,457535
371903,0.06,1.02,0.10,-4.15,2.23,-1.68,0.03,-0.01,1.07,-1.16,0.85,-0.24,452751
371915,0.06,1.02,0.10,-3.97,2.26,-1.46,0.03,-0.01,1.07,-1.04,0.70,-0.34,451778
371927,0.06,1.02,0.10,-4.09,2.08,-1.46,0.03,-0.01,1.07,-0.85,0.61,-0.21,454733
371938,0.06,1.02,0.10,-3.60,2.14,-1.80,0.03,-0.01,1.07,-0.92,0.64,-0.34,456746
371950,0.05,1.02,0.10,-3.33,2.04,-1.59,0.03,-0.01,1.07,-1.04,0.58,-0.43,455143
371961,0.05,1.02,0.11,-3.39,2.26,-1.56,0.03,-0.01,1.07,-1.04,0.64,-0.34,454783
371974,0.05,1.02,0.11,-2.72,1.98,-1.50,0.03,-0.01,1.07,-1.04,0.58,-0.27,455747
371985,0.05,1.02,0.11,-2.47,2.04,-1.37,0.03,-0.01,1.07,-0.98,0.61,-0.18,451321
371997,0.05,1.03,0.11,-2.01,2.17,-1.22,0.03,-0.01,1.07,-0.98,0.52,-0.49,447559
372008,0.05,1.03,0.11,-1.86,2.17,-1.43,0.03,-0.01,1.07,-1.01,0.58,-0.24,451901
372020,0.05,1.03,0.11,-1.31,2.26,-1.22,0.03,-0.01,1.07,-1.01,0.95,-0.55,451698
372032,0.05,1.03,0.11,-0.76,2.17,-0.95,0.03,-0.01,1.07,-1.04,0.52,-0.27,450288
372043,0.05,1.03,0.11,-0.73,2.35,-1.34,0.03,-0.01,1.07,-0.82,0.49,-0.34,451599
372056,0.05,1.03,0.11,-0.58,1.95,-1.31,0.03,-0.01,1.07,-1.16,0.70,-0.27,453527
372067,0.05,1.02,0.11,-0.52,2.14,-1.43,0.03,-0.01,1.07,-1.31,0.58,-0.31,452754
372079,0.05,1.02,0.11,-0.55,2.11,-1.71,0.03,-0.01,1.07,-1.22,0.46,-0.37,452055
372090,0.06,1.02,0.11,-0.46,2.26,-1.19,0.03,-0.01,1.07,-1.16,0.73,-0.34,449963
372102,0.06,1.02,0.10,-0.31,2.20,-1.68,0.03,-0.01,1.07,-0.92,0.89,-0.34,451767
372114,0.06,1.02,0.10,-0.49,2.14,-1.37,0.03,-0.01,1.07,-1.16,0.76,-0.31,452066
372125,0.06,1.02,0.10,-0.61,2.29,-1.59,0.03,-0.01,1.07,-1.25,0.70,-0.37,452928
372137,0.06,1.02,0.10,-0.82,2.23,-1.46,0.03,-0.01,1.07,-1.25,0.85,-0.70,455201
372149,0.06,1.02,0.10,-1.13,1.95,-1.50,0.03,-0.01,1.07,-1.10,0.76,-0.27,453096
372161,0.05,1.02,0.10,-1.34,2.23,-1.25,0.03,-0.01,1.07,-1.22,0.40,-0.27,453879
372172,0.05,1.02,0.10,-1.68,2.17,-1.31,0.03,-0.01,1.07,-1.04,0.73,-0.03,455203
372184,0.06,1.02,0.10,-1.83,2.04,-1.34,0.03,-0.01,1.07,-1.07,0.85,-0.18,455230
372196,0.06,1.02,0.10,-2.32,2.04,-1.25,0.03,-0.01,1.07,-1.10,0.73,-0.34,453205
372207,0.06,1.02,0.10,-2.90,2.01,-1.34,0.03,-0.01,1.07,-1.13,0.55,-0.40,453838
372219,0.06,1.02,0.10,-2.96,2.17,-1.74,0.03,-0.01,1.07,-1.13,0.49,-0.27,454493
372231,0.06,1.02,0.10,-3.30,1.95,-1.43,0.03,-0.01,1.07,-1.28,0.85,-0.40,456255
372243,0.06,1.02,0.10,-3.72,2.08,-1.31,0.03,-0.01,1.07,-1.07,0.49,-0.58,459698
372254,0.06,1.02,0.10,-3.81,2.23,-1.68,0.03,-0.01,1.07,-1.37,0.58,-0.37,456510
372267,0.06,1.02,0.10,-4.03,2.26,-1.37,0.03,-0.01,1.07,-0.98,0.70,-0.34,454471
372278,0.06,1.02,0.10,-4.18,2.23,-1.65,0.03,-0.01,1.07,-1.22,0.82,-0.58,455129
372289,0.06,1.02,0.10,-3.85,2.20,-1.56,0.03,-0.01,1.07,-1.13,0.64,-0.52,456052
372301,0.06,1.02,0.10,-4.06,2.11,-1.34,0.03,-0.01,1.07,-1.28,0.76,-0.37,456877
372313,0.06,1.02,0.10,-3.94,2.01,-1.25,0.03,-0.01,1.07,-1.22,0.95,-0.31,455743
372325,0.05,1.02,0.10,-3.39,2.44,-1.43,0.03,-0.01,1.07,-1.22,0.76,-0.40,455494
372336,0.05,1.02,0.10,-3.63,2.14,-1.40,0.03,-0.01,1.07,-1.22,0.67,-0.46,456636
372348,0.05,1.02,0.10,-3.33,2.14,-1.34,0.03,-0.01,1.07,-1.22,0.82,-0.18,455775
372360,0.05,1.02,0.10,-2.72,2.14,-1.37,0.03,-0.01,1.07,-0.98,0.98,-0.21,452831
372371,0.06,1.02,0.11,-2.90,2.14,-1.40,0.03,-0.01,1.07,-1.04,0.58,-0.55,450785
372383,0.06,1.03,0.11,-2.29,2.01,-1.68,0.03,-0.01,1.07,-0.95,0.73,-0.12,451320
372395,0.06,1.03,0.11,-2.01,2.23,-1.31,0.03,-0.01,1.07,-1.37,0.98,-0.46,452465
372407,0.06,1.03,0.11,-1.46,2.32,-1.50,0.03,-0.01,1.07,-1.16,0.85,-0.06,453489
372418,0.05,1.03,0.11,-1.53,2.17,-1.62,0.03,-0.01,1.07,-1.16,0.73,-0.27,451225
372430,0.05,1.03,0.11,-1.13,2.29,-1.37,0.03,-0.01,1.07,-0.98,0.79,-0.67,453818
372442,0.05,1.03,0.11,-1.07,2.26,-1.65,0.03,-0.01,1.07,-1.07,0.73,-0.34,453544
372453,0.05,1.02,0.11,-0.85,2.23,-1.59,0.03,-0.01,1.07,-1.10,0.73,-0.43,453520
372465,0.05,1.02,0.11,-0.76,2.41,-1.80,0.03,-0.01,1.07,-1.07,0.79,-0.55,454950
372476,0.06,1.02,0.11,-0.55,2.29,-1.34,0.03,-0.01,1.07,-1.04,0.73,-0.31,455598
372489,0.05,1.02,0.10,-0.61,2.23,-1.53,0.03,-0.01,1.07,-1.13,0.73,-0.06,454253
372500,0.05,1.02,0.10,-0.79,2.14,-1.28,0.03,-0.01,1.07,-1.28,0.73,-0.34,454992
372512,0.05,1.02,0.10,-0.89,2.32,-1.19,0.03,-0.01,1.07,-1.16,0.64,-0.21,455792
372524,0.05,1.02,0.10,-0.79,2.20,-1.25,0.03,-0.01,1.07,-1.19,0.52,-0.18,456438
372535,0.06,1.02,0.10,-1.31,1.95,-1.40,0.03,-0.01,1.07,-0.76,0.82,-0.21,456980
372547,0.06,1.02,0.10,-1.71,2.14,-1.40,0.03,-0.01,1.07,-1.19,0.49,-0.27,455122
372558,0.06,1.02,0.10,-1.53,2.11,-1.50,0.03,-0.01,1.07,-1.07,0.70,-0.21,454005
372571,0.05,1.02,0.10,-1.89,2.35,-1.40,0.03,-0.01,1.07,-1.22,0.58,-0.31,453124
372582,0.05,1.02,0.10,-2.32,2.17,-1.46,0.03,-0.01,1.07,-1.07,0.70,-0.09,455201
372594,0.06,1.02,0.10,-2.59,2.20,-1.56,0.03,-0.01,1.07,-1.04,0.79,-0.46,455701
372605,0.06,1.02,0.10,-3.05,2.01,-1.37,0.03,-0.01,1.07,-1.25,0.76,-0.34,456948
372618,0.06,1.02,0.10,-3.20,2.20,-1.46,0.03,-0.01,1.07,-1.31,0.64,-0.21,455177
372629,0.06,1.02,0.10,-2.96,2.29,-1.62,0.03,-0.01,1.07,-1.22,0.64,-0.09,454814
372640,0.06,1.02,0.10,-3.69,2.17,-1.28,0.03,-0.01,1.07,-1.31,0.61,-0.52,454358
372653,0.06,1.02,0.10,-3.36,2.08,-1.53,0.03,-0.01,1.07,-1.19,0.58,-0.46,454190
372664,0.05,1.02,0.10,-3.42,2.38,-1.50,0.03,-0.01,1.07,-1.07,0.61,-0.06,454363
372676,0.05,1.02,0.10,-3.60,2.29,-1.62,0.03,-0.01,1.07,-1.31,0.61,-0.34,454380
372687,0.05,1.02,0.10,-3.81,2.17,-1.40,0.03,-0.01,1.07,-1.04,0.82,-0.40,454675
372700,0.05,1.02,0.10,-3.66,2.20,-1.28,0.03,-0.01,1.07,-1.22,0.73,-0.24,455039
372711,0.05,1.02,0.10,-3.39,2.20,-1.43,0.03,-0.01,1.07,-1.10,0.79,-0.27,454605
372722,0.05,1.02,0.10,-3.20,2.20,-1.16,0.03,-0.01,1.07,-1.22,0.67,-0.40,453222
372734,0.05,1.02,0.11,-3.23,2.08,-1.53,0.03,-0.01,1.07,-1.16,0.73,-0.46,453427
372746,0.05,1.02,0.11,-3.02,2.32,-1.34,0.03,-0.01,1.07,-1.22,0.67,-0.34,454634
372758,0.05,1.02,0.11,-2.75,2.23,-1.56,0.03,-0.01,1.07,-1.19,0.79,-0.52,450821
372769,0.05,1.02,0.11,-2.53,2.17,-1.62,0.03,-0.01,1.07,-1.07,0.55,-0.37,451982
372782,0.05,1.02,0.11,-2.04,2.20,-1.46,0.03,-0.01,1.07,-1.19,0.52,-0.15,452077
372793,0.05,1.02,0.11,-2.01,2.14,-1.56,0.03,-0.01,1.07,-1.07,0.64,-0.27,453018
372804,0.06,1.03,0.11,-1.77,2.17,-1.53,0.03,-0.01,1.07,-1.25,0.70,-0.34,453603
372816,0.05,1.03,0.11,-1.28,2.62,-1.50,0.03,-0.01,1.07,-1.22,0.67,-0.24,452386
372828,0.06,1.02,0.11,-1.04,2.20,-1.40,0.03,-0.01,1.07,-1.07,0.70,-0.24,453688
372840,0.05,1.02,0.11,-1.10,2.23,-1.31,0.03,-0.01,1.07,-1.07,0.55,-0.34,454516
372851,0.05,1.02,0.11,-1.04,2.29,-1.37,0.03,-0.01,1.07,-0.73,0.70,-0.49,453247
372864,0.05,1.02,0.10,-1.01,2.35,-1.53,0.03,-0.01,1.07,-1.01,1.01,-0.37,455143
372875,0.05,1.02,0.10,-0.98,2.08,-1.59,0.03,-0.01,1.07,-0.98,0.76,-0.34,455287
372887,0.05,1.02,0.10,-1.01,2.11,-1.34,0.03,-0.01,1.07,-1.19,0.67,-0.55,451983
372898,0.05,1.02,0.10,-0.89,2.04,-1.37,0.03,-0.01,1.07,-1.01,0.85,-0.24,452984
372910,0.05,1.02,0.10,-0.98,2.14,-1.43,0.03,-0.01,1.07,-1.07,0.85,-0.24,455091
372922,0.05,1.02,0.10,-1.43,2.04,-1.10,0.03,-0.01,1.07,-1.13,0.82,-0.37,455093
372933,0.05,1.02,0.10,-1.62,2.14,-1.31,0.03,-0.01,1.07,-1.01,0.70,-0.37,455719
372945,0.06,1.02,0.10,-1.74,2.01,-1.59,0.03,-0.01,1.07,-1.13,0.61,-0.40,454198
372957,0.06,1.02,0.10,-1.98,2.26,-1.40,0.03,-0.01,1.07,-0.98,0.64,-0.43,453333
372969,0.06,1.02,0.10,-2.26,2.11,-1.46,0.03,-0.01,1.08,-1.19,0.61,-0.21,452952
372980,0.05,1.02,0.10,-2.17,2.23,-1.40,0.03,-0.01,1.08,-1.07,0.79,-0.40,452300
372992,0.06,1.02,0.10,-2.62,2.11,-1.50,0.03,-0.01,1.07,-1.31,0.61,-0.52,455437
373004,0.06,1.02,0.10,-2.81,2.14,-1.46,0.03,-0.01,1.07,-0.95,0.55,-0.31,456428
373015,0.06,1.02,0.10,-3.05,2.11,-1.59,0.03,-0.01,1.07,-1.10,0.55,-0.15,456272
373027,0.06,1.02,0.10,-3.20,2.35,-1.56,0.03,-0.01,1.07,-1.28,0.73,-0.18,454705
373039,0.05,1.02,0.10,-3.23,2.17,-1.43,0.03,-0.01,1.07,-1.13,0.76,-0.27,452129
373051,0.05,1.02,0.10,-3.63,2.01,-1.37,0.03,-0.01,1.07,-1.19,0.79,-0.27,452028
373062,0.05,1.02,0.10,-3.20,1.89,-1.59,0.03,-0.01,1.07,-1.19,0.55,-0.27,453150
373074,0.05,1.02,0.10,-3.39,2.32,-1.16,0.03,-0.01,1.07,-1.13,0.92,-0.43,452751
373086,0.05,1.02,0.10,-3.39,2.08,-1.40,0.03,-0.01,1.07,-1.13,0.49,-0.43,452087
373097,0.06,1.02,0.10,-3.45,1.98,-1.71,0.03,-0.01,1.07,-1.25,0.67,-0.21,453088
373109,0.05,1.02,0.10,-3.45,2.38,-1.34,0.03,-0.01,1.07,-1.04,0.76,-0.37,453750
373121,0.05,1.02,0.10,-3.02,2.17,-1.40,0.03,-0.01,1.07,-1.04,0.64,-0.52,452945
373133,0.05,1.02,0.10,-2.78,2.14,-1.59,0.03,-0.01,1.07,-1.13,0.52,-0.34,453457
373144,0.05,1.02,0.10,-2.56,2.08,-1.56,0.03,-0.01,1.07,-1.22,0.70,-0.31,452828
373156,0.05,1.02,0.10,-2.23,2.20,-1.59,0.03,-0.01,1.07,-1.31,0.98,-0.18,453301
373168,0.05,1.03,0.11,-2.17,2.26,-1.65,0.03,-0.01,1.07,-1.25,0.76,-0.09,453301
373179,0.05,1.03,0.11,-2.01,2.20,-1.37,0.03,-0.01,1.07,-1.16,0.82,-0.43,453368
373191,0.06,1.02,0.11,-1.83,2.08,-1.31,0.03,-0.01,1.07,-0.92,0.73,-0.43,456265
373202,0.05,1.02,0.11,-1.53,2.14,-1.37,0.03,-0.01,1.07,-1.28,0.89,-0.49,455782
373215,0.05,1.02,0.11,-1.46,1.98,-1.31,0.03,-0.01,1.07,-1.01,0.92,-0.37,453891
373226,0.05,1.02,0.11,-1.19,2.01,-1.22,0.03,-0.01,1.07,-0.98,0.79,-0.34,453433
373238,0.05,1.02,0.11,-0.95,2.23,-1.56,0.03,-0.01,1.07,-1.16,0.52,-0.34,455107
373250,0.05,1.02,0.11,-1.04,2.04,-1.50,0.03,-0.01,1.07,-1.19,0.61,-0.24,455461
373261,0.05,1.02,0.10,-0.89,2.08,-1.43,0.03,-0.01,1.07,-1.04,0.61,-0.21,456771
373273,0.05,1.02,0.10,-0.95,2.26,-1.28,0.03,-0.01,1.07,-1.19,0.55,-0.31,454513
373284,0.05,1.02,0.10,-1.10,2.26,-1.19,0.03,-0.01,1.07,-1.19,0.70,-0.18,453180
373297,0.05,1.02,0.10,-1.25,2.26,-1.43,0.03,-0.01,1.07,-0.95,0.55,-0.31,451218
373308,0.06,1.02,0.10,-1.59,2.14,-1.37,0.03,-0.01,1.07,-1.01,0.89,-0.37,454985
373320,0.06,1.02,0.10,-1.50,2.08,-1.43,0.03,-0.01,1.07,-1.04,0.70,-0.27,455422
373331,0.06,1.02,0.10,-1.80,1.95,-1.80,0.03,-0.01,1.07,-0.89,0.64,-0.09,453834
373343,0.06,1.02,0.10,-2.11,2.26,-1.31,0.03,-0.01,1.07,-1.04,0.73,-0.27,454917
373355,0.06,1.02,0.10,-2.08,2.29,-1.50,0.03,-0.01,1.07,-1.07,0.76,-0.21,456290
373366,0.06,1.02,0.10,-2.32,2.17,-1.56,0.03,-0.01,1.07,-1.10,0.92,-0.55,457339
373379,0.05,1.02,0.10,-2.69,2.14,-1.40,0.03,-0.01,1.07,-1.13,0.76,-0.31,453222
373390,0.05,1.02,0.10,-2.75,2.11,-1.22,0.03,-0.01,1.07,-1.28,0.67,-0.46,453804
373402,0.05,1.02,0.10,-2.62,2.11,-1.46,0.03,-0.01,1.07,-0.95,0.61,-0.46,454404
373413,0.05,1.02,0.10,-3.17,2.01,-1.34,0.03,-0.01,1.07,-1.10,0.82,0.03,455505
373426,0.05,1.02,0.10,-3.27,2.04,-1.53,0.03,-0.01,1.07,-1.16,0.89,-0.31,454785
373437,0.05,1.02,0.10,-3.33,2.17,-1.62,0.03,-0.01,1.07,-1.01,0.61,-0.27,456017
373448,0.05,1.02,0.10,-3.39,2.23,-1.53,0.03,-0.01,1.07,-1.10,0.95,-0.27,455204
373460,0.05,1.02,0.10,-3.51,2.23,-1.86,0.03,-0.01,1.07,-0.98,0.52,-0.18,453969
373472,0.05,1.02,0.10,-3.54,2.29,-1.53,0.03,-0.01,1.07,-1.10,0.67,-0.15,452123
373484,0.05,1.02,0.10,-3.14,2.14,-1.43,0.03,-0.01,1.07,-1.25,0.61,-0.49,454247
373495,0.05,1.02,0.10,-3.08,2.11,-1.56,0.03,-0.01,1.07,-1.22,0.64,-0.46,455971
373508,0.05,1.02,0.10,-2.87,2.11,-1.56,0.03,-0.01,1.07,-1.10,0.76,-0.24,455827
373519,0.05,1.02,0.10,-2.87,2.17,-1.43,0.03,-0.01,1.07,-1.04,0.64,-0.21,455622
373530,0.05,1.02,0.10,-2.69,2.01,-1.43,0.03,-0.01,1.07,-1.19,0.70,-0.18,454854
373542,0.06,1.02,0.11,-2.26,1.95,-1.56,0.03,-0.01,1.07,-1.19,0.67,-0.15,452187
373554,0.06,1.02,0.11,-2.32,2.17,-1.59,0.03,-0.01,1.07,-1.16,0.82,0.00,451671
373566,0.06,1.02,0.11,-2.14,2.50,-1.46,0.03,-0.01,1.07,-1.01,0.76,-0.34,452559
373577,0.06,1.03,0.11,-1.65,2.11,-1.34,0.03,-0.01,1.07,-1.19,0.82,-0.34,451967
373590,0.06,1.02,0.11,-1.92,2.20,-1.25,0.03,-0.01,1.07,-1.25,0.95,-0.40,452253
373601,0.06,1.02,0.11,-1.59,2.11,-1.53,0.03,-0.01,1.07,-0.92,0.73,-0.18,451827
373612,0.06,1.02,0.10,-1.46,2.08,-1.59,0.03,-0.01,1.07,-1.28,0.64,-0.64,452442
373624,0.06,1.02,0.11,-1.40,2.08,-1.34,0.03,-0.01,1.07,-1.22,0.46,-0.24,454688
373636,0.05,1.02,0.10,-1.34,2.20,-1.43,0.03,-0.01,1.07,-1.25,0.61,-0.40,453408
373648,0.06,1.02,0.10,-1.13,2.17,-1.40,0.03,-0.01,1.07,-1.07,0.58,-0.31,456753
373659,0.06,1.02,0.10,-1.16,2.08,-1.28,0.03,-0.01,1.07,-0.95,0.61,-0.18,456488
373671,0.06,1.02,0.10,-1.10,2.23,-1.46,0.03,-0.01,1.07,-1.16,0.58,-0.31,453704
373683,0.06,1.02,0.10,-1.50,2.29,-1.59,0.03,-0.01,1.07,-1.13,0.76,-0.21,454594
373695,0.06,1.02,0.10,-1.34,2.20,-1.37,0.03,-0.01,1.07,-1.31,0.85,-0.52,453237
373706,0.06,1.02,0.10,-1.65,2.08,-1.50,0.03,-0.01,1.07,-1.10,0.64,-0.43,453601
373718,0.06,1.02,0.10,-1.77,2.04,-1.46,0.03,-0.01,1.07,-0.89,0.58,-0.52,455454
373730,0.06,1.02,0.10,-1.95,2.08,-1.68,0.03,-0.01,1.07,-1.28,0.64,-0.24,453154
373741,0.06,1.02,0.10,-2.11,2.14,-1.34,0.03,-0.01,1.07,-1.25,0.85,-0.34,453407
373753,0.05,1.02,0.10,-2.44,2.32,-1.37,0.03,-0.01,1.07,-0.95,0.82,-0.49,454514
373765,0.05,1.02,0.10,-2.38,2.08,-1.50,0.03,-0.01,1.07,-1.07,0.85,-0.43,454642
373777,0.05,1.02,0.10,-2.66,2.11,-1.59,0.03,-0.01,1.07,-0.89,0.70,-0.34,454764
373788,0.05,1.02,0.10,-2.96,2.23,-1.46,0.03,-0.01,1.07,-1.10,0.64,-0.31,454964
373799,0.05,1.02,0.10,-2.81,2.50,-1.43,0.03,-0.01,1.07,-1.19,0.55,-0.12,455820
373812,0.05,1.02,0.10,-2.84,2.20,-1.40,0.03,-0.01,1.07,-1.25,0.52,-0.24,455901
373823,0.05,1.02,0.10,-2.87,2.20,-1.40,0.03,-0.01,1.07,-1.01,0.64,0.03,453711
373835,0.06,1.02,0.10,-3.11,2.17,-1.74,0.03,-0.01,1.07,-1.28,0.70,-0.15,455620
373847,0.06,1.02,0.10,-3.08,2.23,-1.43,0.03,-0.01,1.07,-0.92,0.55,-0.34,454955
373859,0.05,1.02,0.10,-3.14,2.20,-1.56,0.03,-0.01,1.07,-1.01,0.76,-0.43,453153
373870,0.05,1.02,0.10,-3.14,2.01,-1.28,0.03,-0.01,1.07,-1.19,0.61,-0.31,453286
373881,0.06,1.02,0.10,-3.08,2.14,-1.46,0.03,-0.01,1.07,-0.95,0.89,-0.03,455912
373894,0.05,1.02,0.10,-2.87,2.23,-1.46,0.03,-0.01,1.07,-0.89,0.58,-0.03,454892
373905,0.05,1.02,0.10,-2.78,2.20,-1.77,0.03,-0.01,1.07,-1.07,0.55,-0.15,455218
373917,0.05,1.02,0.10,-2.47,2.26,-1.77,0.03,-0.01,1.07,-1.19,0.70,-0.37,453190
373928,0.05,1.02,0.11,-2.47,2.08,-1.19,0.03,-0.01,1.07,-0.92,0.67,-0.24,453060
373941,0.05,1.02,0.11,-2.29,2.23,-1.62,0.03,-0.01,1.07,-1.04,0.61,-0.43,452780
373952,0.05,1.02,0.11,-2.17,2.17,-1.10,0.03,-0.01,1.07,-1.04,0.82,-0.37,457804
373963,0.05,1.02,0.11,-1.80,2.23,-1.19,0.03,-0.01,1.07,-1.04,0.73,-0.24,457653
373976,0.05,1.02,0.11,-1.65,2.11,-1.62,0.03,-0.01,1.07,-1.19,0.70,-0.43,451782
373987,0.05,1.02,0.10,-1.80,1.92,-1.50,0.03,-0.01,1.07,-1.19,0.67,-0.12,450378
373999,0.05,1.02,0.10,-1.37,1.95,-1.31,0.03,-0.01,1.07,-0.95,0.73,-0.24,453703
374010,0.05,1.02,0.10,-1.40,2.11,-1.59,0.03,-0.01,1.07,-0.98,0.79,-0.18,453812
374023,0.05,1.02,0.10,-1.31,1.98,-1.37,0.03,-0.01,1.07,-1.28,0.58,-0.31,453065
374034,0.05,1.02,0.10,-1.31,2.11,-1.53,0.03,-0.01,1.07,-1.10,0.67,-0.31,454161
374046,0.05,1.02,0.10,-1.43,2.11,-1.56,0.03,-0.01,1.07,-1.25,0.92,-0.27,454350
374057,0.06,1.02,0.10,-1.28,2.17,-1.31,0.03,-0.01,1.07,-0.98,0.64,-0.21,454233
374069,0.06,1.02,0.10,-1.25,2.08,-1.25,0.03,-0.01,1.07,-1.25,0.85,-0.40,456382
374081,0.06,1.02,0.10,-1.43,2.17,-1.46,0.03,-0.01,1.07,-1.07,0.73,-0.27,455348
374092,0.06,1.02,0.10,-1.92,2.01,-1.59,0.03,-0.01,1.07,-1.16,0.79,-0.40,453849
374105,0.06,1.02,0.10,-1.68,2.23,-1.46,0.03,-0.01,1.07,-1.10,0.67,-0.40,453386
374116,0.05,1.02,0.10,-1.74,2.29,-1.28,0.03,-0.01,1.07,-1.31,0.76,-0.18,452088
374128,0.05,1.02,0.10,-2.26,2.26,-1.50,0.03,-0.01,1.07,-1.22,0.73,-0.52,451998
374139,0.06,1.02,0.10,-2.01,2.04,-1.62,0.03,-0.01,1.07,-1.07,0.82,-0.06,453561
374151,0.06,1.02,0.10,-2.72,2.14,-1.43,0.03,-0.01,1.07,-1.22,0.76,-0.27,454558
374163,0.06,1.02,0.10,-2.59,2.11,-1.68,0.03,-0.01,1.07,-1.04,0.61,-0.46,455011
374174,0.06,1.02,0.10,-2.59,2.47,-1.37,0.03,-0.01,1.07,-0.95,0.58,-0.40,457460
374187,0.06,1.02,0.10,-2.96,1.95,-1.28,0.03,-0.01,1.07,-1.01,0.76,-0.37,455859
374198,0.05,1.02,0.10,-2.96,2.23,-1.50,0.03,-0.01,1.07,-1.13,0.43,-0.03,455764
374210,0.05,1.02,0.10,-2.93,2.08,-1.28,0.03,-0.01,1.07,-1.22,0.82,-0.52,455559
374221,0.05,1.02,0.10,-2.96,2.38,-1.53,0.03,-0.01,1.07,-1.07,0.82,-0.31,453542
374233,0.05,1.02,0.10,-3.27,2.20,-1.74,0.03,-0.01,1.07,-0.92,0.52,-0.09,451283
374245,0.05,1.02,0.10,-3.02,2.23,-1.43,0.03,-0.01,1.07,-1.10,0.73,-0.24,453406
374256,0.05,1.02,0.10,-2.93,2.29,-1.53,0.03,-0.01,1.07,-1.16,0.70,-0.18,451800
374268,0.06,1.02,0.10,-2.84,2.29,-1.34,0.03,-0.01,1.07,-1.16,0.70,-0.43,452796
374280,0.05,1.02,0.10,-2.84,2.26,-1.43,0.03,-0.01,1.07,-1.16,0.55,-0.06,455382
374292,0.05,1.02,0.10,-2.84,2.17,-1.43,0.03,-0.01,1.07,-1.16,0.43,-0.43,455032
374303,0.05,1.02,0.10,-2.66,2.17,-1.50,0.03,-0.01,1.07,-0.95,0.58,-0.27,453889
374316,0.05,1.02,0.10,-2.20,1.95,-1.25,0.03,-0.01,1.07,-1.04,0.58,-0.12,452706
374327,0.05,1.02,0.10,-2.11,2.01,-1.53,0.03,-0.01,1.07,-1.13,0.46,-0.21,449717
374338,0.05,1.02,0.10,-2.23,1.92,-1.37,0.03,-0.01,1.07,-1.16,0.64,0.03,451641
374350,0.05,1.02,0.11,-1.95,2.11,-1.53,0.03,-0.01,1.07,-1.34,0.82,-0.21,453128
374362,0.05,1.02,0.11,-1.62,2.20,-1.56,0.03,-0.01,1.07,-1.25,0.82,-0.34,452687
374374,0.05,1.02,0.10,-1.65,2.35,-1.50,0.03,-0.01,1.07,-1.07,0.70,-0.46,452882
374385,0.05,1.02,0.10,-1.62,2.11,-1.22,0.03,-0.01,1.07,-0.95,0.92,-0.40,450801
374397,0.05,1.02,0.10,-1.74,2.23,-1.34,0.03,-0.01,1.07,-1.28,0.73,-0.24,453058
374409,0.05,1.02,0.10,-1.46,1.95,-1.40,0.03,-0.01,1.07,-0.89,0.70,-0.34,454392
374420,0.05,1.02,0.10,-1.34,2.26,-1.25,0.03,-0.01,1.07,-1.07,0.58,-0.31,453532
374432,0.05,1.02,0.10,-1.34,2.26,-1.19,0.03,-0.01,1.07,-1.07,0.64,-0.34,453198
374444,0.06,1.02,0.10,-1.43,1.92,-1.62,0.03,-0.01,1.07,-0.95,0.73,-0.31,455610
374456,0.06,1.02,0.10,-1.62,2.23,-1.56,0.03,-0.01,1.07,-1.25,0.52,-0.24,456811
374467,0.06,1.02,0.10,-1.56,2.26,-1.46,0.03,-0.01,1.07,-1.31,0.67,-0.12,457075
374479,0.06,1.02,0.10,-1.56,2.17,-1.50,0.03,-0.01,1.07,-1.31,0.82,-0.34,456105
374491,0.05,1.02,0.10,-1.68,2.01,-1.71,0.03,-0.01,1.07,-1.19,0.98,-0.70,455306
374502,0.05,1.02,0.10,-2.04,2.32,-1.56,0.03,-0.01,1.07,-1.19,0.67,-0.58,456347
374514,0.05,1.02,0.10,-2.44,2.26,-1.16,0.03,-0.01,1.07,-0.95,0.73,-0.34,457261
374525,0.05,1.02,0.10,-2.44,2.26,-1.43,0.03,-0.01,1.07,-1.31,0.70,-0.31,456437
374538,0.05,1.02,0.10,-2.29,2.26,-1.28,0.03,-0.01,1.07,-1.10,0.64,-0.46,456458
374549,0.05,1.02,0.10,-2.56,2.41,-1.53,0.03,-0.01,1.07,-0.92,0.64,-0.12,456774
374561,0.05,1.02,0.10,-2.69,2.14,-1.65,0.03,-0.01,1.07,-1.31,0.85,-0.34,454991
374573,0.05,1.02,0.10,-2.84,2.08,-1.16,0.03,-0.01,1.07,-1.19,0.95,-0.58,453339
374585,0.05,1.02,0.10,-2.90,2.01,-1.40,0.03,-0.01,1.07,-0.92,0.73,-0.24,454301
374596,0.06,1.02,0.10,-2.93,2.23,-1.34,0.03,-0.01,1.07,-1.16,0.67,-0.24,454926
374607,0.05,1.02,0.10,-2.90,2.17,-1.46,0.03,-0.01,1.07,-1.19,0.67,-0.37,456038
374620,0.05,1.02,0.10,-3.11,2.32,-1.40,0.03,-0.01,1.07,-1.04,0.67,-0.21,456636
374631,0.05,1.02,0.10,-2.99,2.26,-1.65,0.03,-0.01,1.07,-0.92,0.67,-0.52,457169
374643,0.05,1.02,0.10,-2.93,2.01,-1.28,0.03,-0.01,1.07,-0.92,0.67,-0.09,454789
374654,0.05,1.02,0.10,-2.93,2.20,-1.46,0.03,-0.01,1.07,-1.16,0.64,-0.46,452236
374667,0.06,1.02,0.10,-2.59,2.08,-1.25,0.03,-0.01,1.07,-1.13,0.82,-0.18,451112
374678,0.06,1.02,0.10,-2.53,2.14,-1.56,0.03,-0.01,1.07,-1.01,0.70,-0.15,452494
374689,0.06,1.02,0.10,-2.59,2.14,-1.50,0.03,-0.01,1.07,-1.10,0.64,-0.52,455084
374702,0.05,1.02,0.10,-2.08,2.29,-1.40,0.03,-0.01,1.07,-1.04,0.61,-0.52,454514
374713,0.05,1.02,0.10,-2.23,2.11,-1.56,0.03,-0.01,1.07,-0.76,0.76,-0.21,454742
374725,0.05,1.02,0.10,-1.95,2.23,-1.31,0.03,-0.01,1.07,-1.25,0.61,-0.15,456686
374736,0.05,1.02,0.10,-2.01,2.23,-1.46,0.03,-0.01,1.07,-1.10,0.58,-0.21,454096
374749,0.05,1.02,0.10,-2.08,2.26,-1.68,0.03,-0.01,1.07,-1.25,0.82,-0.67,451373
374760,0.05,1.02,0.10,-1.74,2.29,-1.80,0.03,-0.01,1.07,-1.10,0.67,-0.52,450531
374771,0.05,1.02,0.10,-1.62,2.04,-1.31,0.03,-0.01,1.07,-1.25,0.92,-0.15,453521
374784,0.05,1.02,0.10,-1.59,2.20,-1.50,0.03,-0.01,1.07,-1.16,0.73,-0.31,451062
374795,0.05,1.02,0.10,-1.53,2.32,-1.53,0.03,-0.01,1.07,-1.25,0.95,-0.12,453057
374807,0.05,1.02,0.10,-1.71,2.17,-1.43,0.03,-0.01,1.07,-1.10,0.67,-0.46,453063
374818,0.05,1.02,0.10,-1.53,2.26,-1.40,0.03,-0.01,1.07,-0.92,0.58,-0.46,451738
374831,0.06,1.02,0.10,-1.53,2.11,-1.53,0.03,-0.01,1.07,-1.16,0.64,-0.34,450431
374842,0.05,1.02,0.10,-1.53,2.20,-1.43,0.03,-0.01,1.07,-1.13,0.76,-0.43,451993
374853,0.05,1.02,0.10,-1.59,2.23,-1.31,0.03,-0.01,1.07,-1.07,0.82,-0.18,454181
374865,0.05,1.02,0.10,-2.01,2.17,-1.25,0.03,-0.01,1.07,-1.07,0.76,-0.31,454218
374877,0.05,1.02,0.10,-2.17,2.11,-1.28,0.03,-0.01,1.07,-1.13,0.67,-0.27,452044
374889,0.06,1.02,0.10,-1.92,2.20,-1.40,0.03,-0.01,1.07,-1.13,0.61,-0.40,451319
374900,0.05,1.02,0.10,-2.08,2.04,-1.31,0.03,-0.01,1.07,-1.07,0.89,-0.12,453383
374913,0.06,1.02,0.10,-2.38,2.20,-1.46,0.03,-0.01,1.07,-0.98,0.52,-0.03,453610
374924,0.06,1.02,0.10,-2.32,2.35,-1.68,0.03,-0.01,1.07,-1.22,0.52,-0.52,453835
374936,0.06,1.02,0.10,-2.53,2.29,-1.37,0.03,-0.01,1.07,-1.10,0.73,-0.12,451641
374947,0.05,1.02,0.10,-2.53,2.04,-1.50,0.03,-0.01,1.07,-1.04,0.73,-0.09,452404
374959,0.05,1.02,0.10,-2.50,2.01,-1.34,0.03,-0.01,1.07,-0.98,0.64,-0.46,453551
374971,0.05,1.02,0.10,-2.87,2.23,-1.53,0.03,-0.01,1.07,-1.19,0.49,-0.40,452281
374982,0.05,1.02,0.10,-2.90,2.14,-1.28,0.03,-0.01,1.07,-1.31,0.79,-0.43,452293
374994,0.05,1.02,0.10,-2.93,2.23,-1.31,0.03,-0.01,1.07,-1.01,0.89,-0.15,454756
375006,0.06,1.02,0.10,-2.72,2.01,-1.37,0.03,-0.01,1.07,-1.25,0.79,-0.34,454894
375018,0.06,1.02,0.10,-2.72,2.17,-1.56,0.03,-0.01,1.07,-1.19,0.76,-0.40,456546
375029,0.05,1.02,0.10,-2.72,2.20,-1.43,0.03,-0.01,1.07,-1.37,0.92,-0.34,454592
375041,0.05,1.02,0.10,-2.78,2.17,-1.37,0.03,-0.01,1.07,-1.34,0.64,-0.37,453515
375053,0.05,1.02,0.10,-2.62,2.01,-1.50,0.03,-0.01,1.07,-1.28,0.73,-0.46,453203
375064,0.05,1.02,0.10,-2.41,2.17,-1.56,0.03,-0.01,1.07,-1.16,0.89,-0.46,453424
375076,0.06,1.02,0.10,-2.50,2.20,-1.50,0.03,-0.01,1.07,-1.19,0.64,-0.37,455470
375088,0.06,1.02,0.10,-2.41,2.17,-1.53,0.03,-0.01,1.07,-1.19,0.79,-0.31,456867
375100,0.06,1.02,0.10,-2.14,2.04,-1.56,0.03,-0.01,1.07,-1.04,0.95,-0.49,458329
375111,0.06,1.02,0.10,-2.04,2.01,-1.53,0.03,-0.01,1.07,-1.34,0.76,-0.49,454911
375122,0.06,1.02,0.10,-2.11,2.04,-1.86,0.03,-0.01,1.07,-1.25,0.64,-0.31,449412
375135,0.06,1.02,0.10,-2.11,2.26,-1.68,0.03,-0.01,1.07,-1.28,0.85,-0.58,452532
375146,0.05,1.02,0.10,-1.95,2.38,-1.71,0.03,-0.01,1.07,-1.13,0.95,-0.37,452821
375158,0.05,1.02,0.10,-1.83,2.35,-1.53,0.03,-0.01,1.07,-1.10,0.70,-0.43,450415
375170,0.05,1.02,0.10,-2.08,2.23,-1.53,0.03,-0.01,1.07,-0.98,0.70,-0.27,447798
375182,0.05,1.02,0.10,-1.74,2.32,-1.31,0.03,-0.01,1.07,-1.01,0.79,-0.21,447948
375193,0.05,1.02,0.10,-1.89,2.20,-1.13,0.03,-0.01,1.07,-0.98,0.89,-0.40,444824
375205,0.05,1.02,0.10,-1.77,2.08,-1.43,0.03,-0.01,1.07,-1.04,0.52,-0.27,444841
375217,0.05,1.02,0.10,-2.14,2.14,-1.25,0.03,-0.01,1.07,-0.95,0.73,-0.12,444970
375228,0.06,1.02,0.10,-2.29,2.23,-1.10,0.03,-0.01,1.07,-1.10,0.67,-0.24,440713
375240,0.06,1.02,0.10,-1.77,2.04,-1.22,0.03,-0.01,1.07,-1.13,0.55,-0.31,437007
375251,0.05,1.02,0.10,-2.35,1.92,-1.07,0.03,-0.01,1.07,-1.37,0.58,-0.31,431803
375264,0.06,1.02,0.10,-2.75,2.20,-1.50,0.03,-0.01,1.07,-0.95,0.85,-0.31,431211
375275,0.05,1.02,0.10,-3.02,2.32,-1.40,0.03,-0.01,1.07,-0.98,1.04,0.00,429208
375287,0.05,1.02,0.10,-2.87,2.32,-0.92,0.03,-0.01,1.07,-1.22,0.73,-0.15,412805
375299,0.05,1.02,0.10,-3.20,2.11,-1.10,0.03,-0.01,1.07,-1.25,0.64,-0.21,398523
375310,0.06,1.02,0.10,-3.48,2.01,-0.76,0.03,-0.01,1.07,-1.19,0.82,-0.37,390861
375322,0.06,1.02,0.10,-3.33,2.14,-1.19,0.03,-0.01,1.07,-0.98,0.58,-0.40,374861
375333,0.06,1.02,0.10,-4.00,2.17,-1.34,0.03,-0.01,1.07,-1.22,0.70,-0.46,357276
375346,0.06,1.02,0.10,-4.70,2.01,-1.65,0.03,-0.01,1.07,-1.13,0.64,-0.43,340653
375357,0.06,1.02,0.10,-5.10,2.17,-2.14,0.03,-0.01,1.07,-0.82,0.61,-0.15,305118
375369,0.06,1.02,0.10,-5.22,2.35,-1.56,0.03,-0.01,1.07,-1.16,0.82,-0.58,271247
375380,0.05,1.02,0.10,-4.46,2.38,-1.53,0.03,-0.01,1.07,-1.10,0.67,-0.06,247071
375392,0.05,1.02,0.10,-4.67,2.20,-1.19,0.03,-0.01,1.07,-1.22,0.89,-0.31,224389
375404,0.06,1.02,0.10,-4.97,1.65,-0.70,0.03,-0.01,1.07,-1.07,0.52,-0.37,199477
375415,0.06,1.02,0.11,-4.24,1.53,-1.16,0.03,-0.01,1.07,-1.25,0.82,-0.18,162728
375428,0.06,1.02,0.11,-4.55,1.74,-1.65,0.03,-0.01,1.07,-1.37,0.73,-0.18,123357
375439,0.06,1.02,0.11,-5.25,2.90,-2.35,0.03,-0.01,1.07,-1.25,0.64,-0.27,79600
375451,0.05,1.02,0.11,-5.40,3.39,-2.69,0.03,-0.01,1.07,-1.01,0.64,-0.12,40451
375462,0.06,1.02,0.11,-5.43,2.32,-1.65,0.03,-0.01,1.07,-1.04,0.58,-0.18,8522
375475,0.05,1.03,0.11,-3.69,1.19,-0.37,0.03,-0.01,1.07,-1.13,0.70,-0.37,16755232
375486,0.06,1.04,0.12,-1.13,-0.15,-0.98,0.03,-0.01,1.07,-1.07,0.61,-0.49,16732158
375497,0.06,1.04,0.12,0.15,-0.46,-1.50,0.03,-0.01,1.07,-0.95,0.76,-0.21,16714711
375510,0.07,1.03,0.13,1.07,-1.53,-4.15,0.03,-0.01,1.07,-1.31,0.73,-0.52,16696666
375521,0.07,1.04,0.14,6.65,-1.22,-6.99,0.03,-0.01,1.07,-0.98,0.85,-0.43,16680599
375533,0.04,1.05,0.13,9.86,4.64,-3.91,0.03,-0.01,1.07,-0.95,0.61,-0.46,16667881
375544,0.05,1.02,0.10,2.17,0.37,0.49,0.03,-0.01,1.07,-1.04,0.70,-0.18,16657658
375557,0.04,0.99,0.08,-4.94,3.14,-2.38,0.03,-0.01,1.07,-1.22,0.85,-0.27,16645135
375568,0.06,0.99,0.08,-7.05,2.26,-3.11,0.03,-0.01,1.07,-1.01,0.70,-0.18,16638642
375579,0.05,1.01,0.10,-4.43,2.20,-1.98,0.03,-0.01,1.07,-0.73,0.52,-0.40,16636849
375591,0.05,1.03,0.11,0.52,2.11,-0.55,0.03,-0.01,1.07,-0.70,0.31,-0.24,16636730
375603,0.05,1.03,0.12,1.46,2.04,-0.79,0.03,-0.01,1.07,-1.07,0.58,-0.37,16636703
375615,0.05,1.02,0.10,-1.80,2.38,-1.31,0.03,-0.01,1.07,-1.53,0.85,-0.37,16635111
375626,0.06,1.00,0.09,-7.35,1.95,-2.90,0.03,-0.01,1.07,-1.19,0.79,-0.46,16631966
375639,0.06,0.99,0.07,-16.72,3.02,-4.67,0.03,-0.01,1.07,-1.13,0.67,-0.43,16628579
375650,0.05,1.01,0.09,-11.87,1.98,-2.17,0.03,-0.01,1.07,-0.27,0.18,-0.06,16630379
375661,0.06,1.02,0.10,-7.35,-0.58,-2.50,0.03,-0.01,1.07,-0.76,0.49,-0.37,16629655
375673,0.06,1.02,0.10,-6.10,-2.01,-1.77,0.03,-0.01,1.07,-1.25,0.70,-0.31,16628085
375685,0.08,1.03,0.10,-8.73,-4.12,-5.40,0.03,-0.01,1.07,-1.46,0.89,-0.24,16628332
375697,0.07,1.01,0.07,-4.30,-5.52,-0.46,0.03,-0.01,1.07,-1.19,0.61,-0.43,16628061
375708,0.07,1.04,0.08,-0.03,-8.64,-2.47,0.03,-0.01,1.07,-1.13,0.55,-0.15,16628315
375720,0.06,1.04,0.12,-5.65,-8.15,-2.29,0.03,-0.01,1.07,-1.13,0.64,-0.46,16628570
375732,0.05,1.05,0.16,0.55,-9.43,-1.19,0.03,-0.01,1.07,-0.85,0.43,-0.24,16628209
375744,0.04,1.04,0.15,9.95,-8.58,1.13,0.03,-0.01,1.07,-1.10,0.61,-0.34,16629982
375755,0.06,1.04,0.14,7.90,-8.00,0.21,0.03,-0.01,1.07,-1.62,1.13,-0.40,16629869
375767,0.05,1.02,0.14,5.58,-7.87,-0.12,0.03,-0.01,1.07,-1.19,0.70,-0.34,16631074
375779,0.03,1.00,0.12,-2.23,0.95,-2.75,0.03,-0.01,1.07,-0.73,0.49,-0.27,16629845
375790,0.01,1.01,0.13,-3.51,3.17,-2.62,0.03,-0.01,1.07,-1.31,0.95,-0.21,16629724
375802,0.03,1.03,0.13,3.63,1.77,-1.77,0.03,-0.01,1.07,-1.28,0.73,-0.34,16631414
375814,0.03,1.04,0.12,1.50,2.11,1.37,0.03,-0.01,1.07,-0.95,0.76,0.03,16631982
375826,0.05,1.02,0.11,1.43,2.08,-0.61,0.03,-0.01,1.07,-1.16,1.07,-0.27,16632763
375837,0.05,1.01,0.10,-2.44,2.50,-1.80,0.03,-0.01,1.07,-1.80,0.89,-0.37,16635578
375848,0.06,1.00,0.09,-5.58,1.86,-2.50,0.03,-0.01,1.07,-0.89,0.67,-0.15,16633589
375861,0.05,1.01,0.09,-5.37,2.44,-2.53,0.03,-0.01,1.07,-0.61,0.40,-0.34,16633524
375872,0.05,1.02,0.11,-1.95,2.04,-1.40,0.03,-0.01,1.07,-1.22,0.64,-0.37,16635066
375884,0.05,1.03,0.11,0.49,2.11,-0.79,0.03,-0.01,1.07,-1.13,0.58,-0.37,16635953
375896,0.05,1.03,0.11,-0.06,2.59,-0.89,0.03,-0.01,1.07,-1.10,0.73,-0.24,16631015
375908,0.05,1.02,0.10,-2.04,2.23,-1.40,0.03,-0.01,1.07,-1.25,0.70,-0.46,16630054
375919,0.05,1.01,0.10,-4.21,2.20,-2.20,0.03,-0.01,1.07,-1.28,0.82,-0.24,16633380
375930,0.05,1.01,0.10,-3.97,2.17,-2.17,0.03,-0.01,1.07,-0.79,0.82,-0.40,16631997
375943,0.05,1.02,0.11,-2.41,2.29,-1.92,0.03,-0.01,1.07,-1.25,0.85,-0.46,16632998
375954,0.05,1.03,0.11,-0.70,2.14,-1.01,0.03,-0.01,1.07,-1.10,0.67,-0.27,16636238
375966,0.05,1.03,0.11,-0.76,2.14,-0.79,0.03,-0.01,1.07,-1.28,0.55,-0.03,16633546
375977,0.05,1.02,0.10,-2.11,2.41,-1.43,0.03,-0.01,1.07,-1.01,0.73,-0.27,16632181
375990,0.05,1.02,0.10,-3.20,2.32,-1.77,0.03,-0.01,1.07,-1.13,0.76,-0.40,16633922
376001,0.05,1.02,0.10,-3.33,2.14,-1.46,0.03,-0.01,1.07,-1.04,0.64,-0.15,16633812
376012,0.05,1.02,0.11,-2.38,2.23,-1.16,0.03,-0.01,1.07,-1.13,0.82,-0.03,16633966
376025,0.05,1.03,0.11,-1.37,2.04,-1.22,0.03,-0.01,1.07,-1.04,0.67,-0.27,16633215
376036,0.05,1.02,0.11,-1.53,2.26,-1.07,0.03,-0.01,1.07,-0.98,0.61,-0.34,16634729
376048,0.05,1.02,0.10,-2.35,2.04,-1.46,0.03,-0.01,1.07,-1.01,0.64,-0.27,16634933
376059,0.05,1.02,0.10,-3.17,2.11,-1.68,0.03,-0.01,1.07,-1.07,0.79,0.00,16634584
376072,0.05,1.02,0.10,-2.90,2.11,-1.74,0.03,-0.01,1.07,-0.98,0.82,-0.46,16637513
376083,0.05,1.02,0.11,-1.86,2.17,-1.53,0.03,-0.01,1.07,-1.16,0.73,-0.46,16634679
376095,0.05,1.02,0.11,-1.77,2.23,-1.13,0.03,-0.01,1.07,-1.46,0.95,-0.31,16633583
376107,0.05,1.02,0.10,-1.92,2.11,-1.46,0.03,-0.01,1.07,-1.22,0.70,-0.43,16634528
376118,0.05,1.02,0.10,-2.56,2.11,-1.53,0.03,-0.01,1.07,-1.19,0.82,-0.27,16635208
376130,0.05,1.02,0.10,-2.84,2.35,-1.19,0.03,-0.01,1.07,-1.19,0.61,0.00,16632583
376141,0.05,1.02,0.10,-2.35,2.01,-1.34,0.03,-0.01,1.07,-1.13,0.82,-0.40,16632882
376154,0.05,1.02,0.11,-1.86,2.29,-1.25,0.03,-0.01,1.07,-1.01,0.52,-0.40,16634820
376165,0.05,1.02,0.11,-1.95,1.89,-1.34,0.03,-0.01,1.07,-0.98,0.70,-0.31,16635207
376177,0.05,1.02,0.11,-2.14,2.26,-1.34,0.03,-0.01,1.07,-0.64,1.04,-0.37,16635984
376188,0.05,1.02,0.10,-2.47,1.98,-1.28,0.03,-0.01,1.07,-0.95,0.61,-0.18,16635322
376200,0.05,1.02,0.11,-2.41,2.17,-1.40,0.03,-0.01,1.07,-1.01,0.58,-0.18,16636230
376212,0.05,1.02,0.11,-1.89,2.32,-1.34,0.03,-0.01,1.07,-1.01,0.76,-0.31,16634719
376223,0.05,1.02,0.11,-2.29,2.20,-1.34,0.03,-0.01,1.07,-1.25,0.92,-0.40,16634197
376236,0.05,1.02,0.11,-2.23,2.14,-1.19,0.03,-0.01,1.07,-1.28,0.58,-0.37,16635360
376247,0.05,1.02,0.10,-2.29,2.14,-1.40,0.03,-0.01,1.07,-1.04,0.85,-0.43,16634598
376259,0.05,1.02,0.11,-2.41,2.11,-1.37,0.03,-0.01,1.07,-1.13,0.82,-0.24,16635309
376270,0.05,1.02,0.11,-2.11,2.38,-1.56,0.03,-0.01,1.07,-0.98,0.31,-0.06,16635450
376282,0.05,1.02,0.11,-2.14,2.23,-1.50,0.03,-0.01,1.07,-1.13,0.85,-0.18,16636793
376294,0.05,1.02,0.11,-2.29,2.17,-1.28,0.03,-0.01,1.07,-1.22,0.76,-0.21,16637560
376305,0.05,1.02,0.11,-2.44,2.14,-1.37,0.03,-0.01,1.07,-1.01,0.92,-0.18,16633675
376317,0.05,1.02,0.11,-2.53,2.14,-1.74,0.03,-0.01,1.07,-1.10,0.58,-0.24,16634830
376329,0.05,1.02,0.11,-2.26,2.11,-1.37,0.03,-0.01,1.07,-1.10,0.61,-0.46,16638193
376341,0.05,1.02,0.11,-1.89,2.23,-1.50,0.03,-0.01,1.07,-1.22,0.70,-0.49,16637582
376352,0.05,1.02,0.11,-2.23,2.29,-1.40,0.03,-0.01,1.07,-1.07,0.85,-0.31,16634268
376365,0.05,1.02,0.11,-2.20,2.01,-1.28,0.03,-0.01,1.07,-1.16,0.67,-0.46,16633372
376376,0.05,1.02,0.10,-2.35,2.20,-1.46,0.03,-0.01,1.07,-1.28,0.70,-0.55,16632722
376387,0.05,1.02,0.11,-2.41,2.14,-1.34,0.03,-0.01,1.07,-1.31,0.64,-0.21,16636868
376399,0.05,1.02,0.11,-2.17,2.01,-1.25,0.03,-0.01,1.07,-1.07,0.76,-0.18,16636561
376411,0.05,1.02,0.11,-1.98,2.04,-1.22,0.03,-0.01,1.07,-1.13,0.85,-0.27,16635695
376423,0.05,1.02,0.11,-2.56,2.23,-1.50,0.03,-0.01,1.07,-1.01,0.70,-0.34,16633686
376434,0.05,1.02,0.11,-2.41,2.17,-1.31,0.03,-0.01,1.07,-1.25,0.61,-0.24,16632669
376446,0.05,1.02,0.11,-2.47,2.35,-1.40,0.03,-0.01,1.07,-1.13,0.67,-0.49,16636892
376458,0.05,1.02,0.11,-2.08,2.14,-1.28,0.03,-0.01,1.07,-1.13,0.70,-0.21,16636671
376469,0.05,1.02,0.11,-2.20,2.14,-1.46,0.03,-0.01,1.07,-1.16,0.58,-0.06,16631061
376481,0.05,1.02,0.11,-2.23,2.20,-1.50,0.03,-0.01,1.07,-1.07,0.82,-0.37,16631869
376493,0.05,1.02,0.11,-2.17,2.17,-1.43,0.03,-0.01,1.07,-1.10,1.10,-0.43,16630778
376505,0.05,1.02,0.10,-2.14,2.14,-1.68,0.03,-0.01,1.07,-1.04,0.98,-0.21,16633172
376516,0.05,1.02,0.10,-2.01,2.11,-1.56,0.03,-0.01,1.07,-1.16,0.79,-0.24,16634122
376528,0.05,1.02,0.10,-2.26,2.17,-1.22,0.03,-0.01,1.07,-0.98,0.58,-0.55,16633751
376540,0.05,1.02,0.11,-2.20,2.20,-1.71,0.03,-0.01,1.07,-0.85,0.70,-0.24,16634300
376552,0.05,1.02,0.10,-2.14,2.17,-1.59,0.03,-0.01,1.07,-1.16,0.67,-0.49,16635374
376563,0.05,1.02,0.11,-2.20,2.04,-1.34,0.03,-0.01,1.07,-1.19,0.79,-0.43,16634849
376574,0.05,1.02,0.11,-2.08,2.01,-1.46,0.03,-0.01,1.07,-0.79,0.82,-0.21,16635794
376587,0.05,1.02,0.11,-2.35,2.11,-1.28,0.03,-0.01,1.07,-1.10,0.70,-0.27,16636763
376598,0.05,1.02,0.10,-2.20,2.26,-1.46,0.03,-0.01,1.07,-1.19,0.46,-0.24,16632611
376610,0.05,1.02,0.10,-2.47,2.17,-1.31,0.03,-0.01,1.07,-1.16,0.58,-0.43,16634579
376622,0.05,1.02,0.11,-2.26,2.14,-1.50,0.03,-0.01,1.07,-1.04,0.85,-0.43,16635860
376634,0.05,1.02,0.11,-2.50,2.14,-1.31,0.03,-0.01,1.07,-1.25,0.61,-0.46,16636016
376645,0.05,1.02,0.11,-2.04,2.14,-1.65,0.03,-0.01,1.07,-1.22,0.89,-0.34,16633663
376656,0.05,1.02,0.11,-2.23,2.20,-1.46,0.03,-0.01,1.07,-1.13,0.67,-0.15,16631370
376669,0.05,1.02,0.11,-2.32,2.20,-1.40,0.03,-0.01,1.07,-0.85,0.49,-0.31,16631793
376680,0.05,1.02,0.11,-2.17,2.29,-1.16,0.03,-0.01,1.07,-0.98,0.85,-0.40,16632292
376692,0.05,1.02,0.11,-2.14,2.38,-1.40,0.03,-0.01,1.07,-0.79,0.67,-0.18,16631464
376704,0.05,1.02,0.10,-2.08,2.14,-1.37,0.03,-0.01,1.07,-1.10,0.46,-0.15,16634160
376716,0.05,1.02,0.10,-2.01,2.26,-1.50,0.03,-0.01,1.07,-1.13,0.49,-0.09,16634786
376727,0.05,1.02,0.11,-2.20,2.11,-1.46,0.03,-0.01,1.07,-0.61,0.46,-0.18,16633722
376739,0.05,1.02,0.11,-2.38,2.17,-1.74,0.03,-0.01,1.07,-1.01,0.31,-0.40,16635869
376751,0.05,1.02,0.11,-2.23,2.29,-1.13,0.03,-0.01,1.07,-1.10,0.73,-0.31,16636258
376762,0.05,1.02,0.11,-2.04,2.04,-1.34,0.03,-0.01,1.07,-0.95,0.73,-0.37,16635550
376774,0.05,1.02,0.11,-2.01,2.04,-1.74,0.03,-0.01,1.07,-1.10,0.52,-0.67,16636523
376785,0.05,1.02,0.10,-2.29,2.11,-1.28,0.03,-0.01,1.07,-1.01,0.40,-0.31,16635988
376798,0.05,1.02,0.10,-2.35,2.29,-1.40,0.03,-0.01,1.07,-1.01,0.52,-0.18,16631911
376809,0.05,1.02,0.10,-2.26,2.35,-1.68,0.03,-0.01,1.07,-1.07,0.70,-0.52,16632593
376821,0.05,1.02,0.10,-2.29,2.23,-1.43,0.03,-0.01,1.07,-1.13,0.58,-0.27,16632336
376833,0.05,1.02,0.10,-2.26,2.41,-1.43,0.03,-0.01,1.07,-1.22,0.76,-0.27,16631057
376845,0.05,1.02,0.10,-2.44,2.08,-1.22,0.03,-0.01,1.07,-0.98,0.79,-0.24,16632956
376856,0.05,1.02,0.10,-2.17,2.01,-1.31,0.03,-0.01,1.07,-1.25,0.58,-0.43,16632828
376867,0.05,1.02,0.10,-2.14,2.01,-1.46,0.03,-0.01,1.07,-0.95,0.70,-0.37,16634358
376880,0.05,1.02,0.10,-2.32,2.29,-1.40,0.03,-0.01,1.07,-1.13,0.82,-0.15,16634344
376891,0.05,1.02,0.10,-1.95,2.20,-1.46,0.03,-0.01,1.07,-1.07,0.76,-0.15,16634024
376903,0.05,1.02,0.10,-2.20,2.38,-1.31,0.03,-0.01,1.07,-1.25,0.82,-0.40,16635903
376914,0.05,1.02,0.10,-1.98,2.20,-1.53,0.03,-0.01,1.07,-0.82,1.01,-0.21,16639044
376927,0.05,1.02,0.11,-2.01,2.11,-1.43,0.03,-0.01,1.07,-1.13,0.64,-0.40,16636832
376938,0.05,1.02,0.11,-2.32,2.20,-1.43,0.03,-0.01,1.07,-1.22,0.95,-0.37,16636573
376949,0.05,1.02,0.10,-2.11,2.04,-1.37,0.03,-0.01,1.07,-1.10,1.07,-0.31,16636543
376962,0.05,1.02,0.11,-2.38,2.04,-1.28,0.03,-0.01,1.07,-1.46,0.58,-0.18,16634433
376973,0.05,1.02,0.11,-2.29,2.20,-1.28,0.03,-0.01,1.07,-1.07,0.61,-0.27,16634563
376985,0.05,1.02,0.11,-2.20,2.14,-1.31,0.03,-0.01,1.07,-1.28,0.61,-0.37,16636571
376996,0.05,1.02,0.11,-2.35,2.26,-1.37,0.03,-0.01,1.07,-1.13,0.49,-0.58,16636493
377009,0.05,1.02,0.11,-2.26,2.04,-1.59,0.03,-0.01,1.07,-1.04,0.70,-0.24,16633099
377020,0.05,1.02,0.11,-2.35,2.04,-1.28,0.03,-0.01,1.07,-1.13,0.76,-0.46,16632815
377031,0.05,1.02,0.11,-2.26,2.20,-1.34,0.03,-0.01,1.07,-1.07,0.61,-0.06,16635068
377043,0.05,1.02,0.11,-1.98,2.17,-1.62,0.03,-0.01,1.07,-0.98,0.70,-0.40,16637814
377055,0.05,1.02,0.11,-2.38,2.26,-1.34,0.03,-0.01,1.07,-1.22,0.52,-0.27,16635118
377067,0.05,1.02,0.10,-2.38,2.32,-1.46,0.03,-0.01,1.07,-1.01,0.58,-0.40,16634002
377078,0.05,1.02,0.10,-2.41,2.20,-1.28,0.03,-0.01,1.07,-1.07,0.64,-0.27,16634829
377091,0.05,1.02,0.11,-2.35,2.32,-1.50,0.03,-0.01,1.07,-1.13,0.58,-0.61,16636585
377102,0.05,1.02,0.11,-2.29,2.17,-1.19,0.03,-0.01,1.07,-1.07,0.89,-0.31,16633457
377114,0.05,1.02,0.11,-2.17,2.29,-1.62,0.03,-0.01,1.07,-1.01,0.67,-0.34,16632530
377125,0.05,1.02,0.11,-2.32,2.04,-1.62,0.03,-0.01,1.07,-0.92,0.70,-0.43,16631279
377137,0.05,1.02,0.11,-2.26,2.04,-1.71,0.03,-0.01,1.07,-1.25,0.49,-0.03,16631539
377149,0.05,1.02,0.10,-2.26,2.04,-1.56,0.03,-0.01,1.07,-1.07,0.46,-0.21,16635297
377160,0.05,1.02,0.10,-2.41,2.23,-1.53,0.03,-0.01,1.07,-1.22,0.67,-0.46,16636477
377172,0.05,1.02,0.11,-2.23,2.20,-1.46,0.03,-0.01,1.07,-1.19,0.85,-0.49,16635647
377184,0.05,1.02,0.11,-2.23,2.38,-1.43,0.03,-0.01,1.07,-1.22,0.58,-0.34,16634726
377196,0.05,1.02,0.11,-2.44,2.29,-1.50,0.03,-0.01,1.07,-1.10,0.79,-0.24,16633714
377207,0.05,1.02,0.11,-2.23,2.23,-1.25,0.03,-0.01,1.07,-1.13,0.92,-0.40,16635425
377219,0.05,1.02,0.11,-2.41,1.95,-1.37,0.03,-0.01,1.07,-1.25,0.55,-0.12,16635750
377231,0.05,1.02,0.11,-2.29,2.29,-1.40,0.03,-0.01,1.07,-1.16,0.58,-0.40,16634874
377242,0.05,1.02,0.10,-1.95,2.17,-1.59,0.03,-0.01,1.07,-1.28,0.37,-0.15,16632941
377254,0.05,1.02,0.11,-1.92,2.08,-1.28,0.03,-0.01,1.07,-1.22,0.67,-0.58,16633929
377266,0.05,1.02,0.11,-2.35,2.17,-1.40,0.03,-0.01,1.07,-1.04,0.70,-0.37,16635010
377278,0.05,1.02,0.11,-2.08,2.11,-1.80,0.03,-0.01,1.07,-1.31,0.61,-0.55,16633590
377289,0.05,1.02,0.11,-2.23,2.17,-1.31,0.03,-0.01,1.07,-1.25,0.79,-0.24,16634774
377302,0.05,1.02,0.11,-2.20,2.23,-1.46,0.03,-0.01,1.07,-0.95,0.61,-0.40,16635348
377313,0.05,1.02,0.11,-2.17,2.41,-1.56,0.03,-0.01,1.07,-1.28,0.70,-0.27,16635607
377324,0.05,1.02,0.11,-2.32,2.01,-1.37,0.03,-0.01,1.07,-1.16,0.58,-0.37,16636683
377336,0.05,1.02,0.10,-2.29,2.29,-1.37,0.03,-0.01,1.07,-1.10,0.76,-0.27,16634993
377348,0.05,1.02,0.10,-2.23,2.14,-1.16,0.03,-0.01,1.07,-1.19,0.61,-0.43,16634144
377360,0.05,1.02,0.11,-2.14,2.32,-1.56,0.03,-0.01,1.07,-1.25,0.82,-0.27,16633482
377371,0.05,1.02,0.10,-2.14,2.26,-1.31,0.03,-0.01,1.07,-1.16,1.01,-0.34,16633035
377383,0.05,1.02,0.10,-2.38,2.17,-1.34,0.03,-0.01,1.07,-1.19,0.58,-0.37,16633117
377395,0.05,1.02,0.10,-2.17,2.29,-1.31,0.03,-0.01,1.07,-0.89,0.49,-0.34,16631978
377406,0.05,1.02,0.10,-2.29,2.08,-1.50,0.03,-0.01,1.07,-1.07,0.92,-0.31,16632705
377418,0.05,1.02,0.10,-2.32,2.23,-1.65,0.03,-0.01,1.07,-1.25,0.64,-0.21,16634675
377430,0.05,1.02,0.10,-2.26,2.08,-1.62,0.03,-0.01,1.07,-1.19,0.61,-0.31,16635660
377442,0.05,1.02,0.10,-2.41,2.11,-1.40,0.03,-0.01,1.07,-1.10,0.55,-0.43,16636894
377453,0.05,1.02,0.11,-2.23,2.23,-1.37,0.03,-0.01,1.07,-1.13,0.52,-0.09,16636322
377465,0.05,1.02,0.10,-2.01,2.01,-1.34,0.03,-0.01,1.07,-1.10,0.58,-0.27,16636041
377477,0.05,1.02,0.10,-2.11,2.01,-1.40,0.03,-0.01,1.07,-1.04,0.55,-0.43,16635249
377489,0.05,1.02,0.10,-2.14,2.23,-1.34,0.03,-0.01,1.07,-1.25,0.64,-0.24,16634642
377500,0.05,1.02,0.10,-2.44,2.23,-1.65,0.03,-0.01,1.07,-1.31,0.55,-0.43,16634616
377511,0.05,1.02,0.10,-2.32,2.08,-1.59,0.03,-0.01,1.07,-1.25,0.55,-0.18,16633720
377524,0.05,1.02,0.10,-2.20,2.01,-1.50,0.03,-0.01,1.07,-1.16,0.64,-0.31,16633862
377535,0.05,1.02,0.10,-2.32,2.23,-1.50,0.03,-0.01,1.07,-0.95,0.58,-0.52,16635502
377547,0.05,1.02,0.10,-2.17,2.29,-1.31,0.03,-0.01,1.07,-1.04,0.46,-0.31,16636129
377559,0.05,1.02,0.11,-2.08,2.04,-1.25,0.03,-0.01,1.07,-1.25,0.82,-0.34,16636170
377571,0.05,1.02,0.11,-2.23,2.26,-1.40,0.03,-0.01,1.07,-0.89,0.73,-0.40,16635781
377582,0.05,1.02,0.11,-1.98,2.17,-1.50,0.03,-0.01,1.07,-1.34,0.67,-0.12,16634927
377593,0.05,1.02,0.11,-2.26,2.29,-1.16,0.03,-0.01,1.07,-1.07,0.79,-0.18,16633345
377606,0.05,1.02,0.11,-2.23,2.08,-1.59,0.03,-0.01,1.07,-1.01,0.67,-0.49,16634143
377617,0.05,1.02,0.11,-2.23,2.20,-1.62,0.03,-0.01,1.07,-1.19,0.79,-0.43,16634724
377629,0.05,1.02,0.11,-2.20,2.20,-1.34,0.03,-0.01,1.07,-1.10,0.76,-0.43,16635334
377640,0.05,1.02,0.11,-2.32,2.29,-1.46,0.03,-0.01,1.07,-0.79,0.70,-0.31,16635371
377653,0.05,1.02,0.11,-2.20,2.44,-1.31,0.03,-0.01,1.07,-1.04,0.58,-0.27,16634427
377664,0.05,1.02,0.11,-2.14,2.32,-1.25,0.03,-0.01,1.07,-1.10,0.76,-0.40,16636899
377676,0.05,1.02,0.11,-2.35,2.35,-1.40,0.03,-0.01,1.07,-1.28,0.76,-0.34,16637770
377688,0.05,1.02,0.11,-2.26,2.59,-1.37,0.03,-0.01,1.07,-1.01,0.64,-0.31,16635545
377699,0.05,1.02,0.11,-1.46,2.35,-1.37,0.03,-0.01,1.07,-1.25,0.64,-0.43,16636023
377711,0.05,1.02,0.11,-1.28,2.47,-1.07,0.03,-0.01,1.07,-1.01,0.64,-0.24,16634380
377722,0.05,1.02,0.10,-2.29,2.20,-1.34,0.03,-0.01,1.07,-1.19,0.82,-0.27,16633149
377735,0.05,1.01,0.10,-3.81,2.14,-1.53,0.03,-0.01,1.07,-1.07,0.55,-0.58,16634289
377746,0.06,1.02,0.10,-3.39,1.98,-1.89,0.03,-0.01,1.07,-1.16,0.55,-0.49,16638200
377758,0.05,1.03,0.11,-1.10,2.29,-1.43,0.03,-0.01,1.07,-1.04,0.79,-0.46,16634333
377769,0.05,1.03,0.11,0.58,2.32,-1.04,0.03,-0.01,1.07,-0.85,0.76,-0.18,16632185
377781,0.05,1.03,0.11,-0.46,2.26,-0.70,0.03,-0.01,1.07,-1.01,0.58,-0.43,16632987
377793,0.05,1.02,0.10,-2.17,2.38,-1.07,0.03,-0.01,1.07,-1.40,0.67,-0.18,16634764
377804,0.05,1.01,0.10,-3.60,2.41,-1.89,0.03,-0.01,1.07,-1.28,0.67,-0.18,16635492
377817,0.06,1.01,0.10,-3.30,2.38,-2.04,0.03,-0.01,1.07,-1.10,0.70,-0.27,16634061
377828,0.05,1.03,0.11,-1.37,2.20,-1.40,0.03,-0.01,1.07,-0.95,0.79,-0.61,16633571
377840,0.05,1.03,0.11,-0.03,2.44,-0.95,0.03,-0.01,1.07,-0.85,0.52,-0.27,16636359
377851,0.05,1.02,0.11,-1.04,3.14,-1.19,0.03,-0.01,1.07,-1.16,0.52,-0.58,16636105
377864,0.05,1.01,0.10,-3.23,2.44,-2.04,0.03,-0.01,1.07,-1.10,0.89,-0.55,16635297
377875,0.06,1.01,0.10,-4.21,2.35,-2.59,0.03,-0.01,1.07,-1.13,0.67,-0.46,16633950
377886,0.05,1.02,0.10,-3.30,2.20,-1.65,0.03,-0.01,1.07,-1.13,0.85,-0.09,16635406
377899,0.05,1.03,0.11,-1.53,1.98,-1.56,0.03,-0.01,1.07,-0.89,0.61,-0.31,16634454
377910,0.05,1.03,0.11,-0.58,2.32,-1.01,0.03,-0.01,1.07,-1.50,0.55,-0.55,16634125
377922,0.05,1.03,0.11,0.03,2.99,-0.82,0.03,-0.01,1.07,-1.25,0.73,-0.52,16632699
377933,0.05,1.03,0.11,-0.76,3.48,-1.01,0.03,-0.01,1.07,-1.01,0.49,-0.31,16634803
377946,0.04,1.02,0.10,-2.99,5.13,-1.13,0.03,-0.01,1.07,-1.22,0.76,-0.27,16636151
377957,0.04,1.01,0.10,-4.67,5.65,-1.62,0.03,-0.01,1.07,-1.01,0.64,-0.31,16635854
377968,0.05,1.02,0.10,-4.18,4.79,-1.62,0.03,-0.01,1.07,-0.98,0.64,-0.34,16635970
377980,0.06,1.03,0.11,-2.35,3.60,-1.56,0.03,-0.01,1.07,-1.31,0.67,-0.37,16635626
377992,0.05,1.03,0.11,-0.12,4.33,-1.10,0.03,-0.01,1.07,-1.22,0.76,-0.52,16635955
378004,0.04,1.03,0.11,0.24,6.53,-0.61,0.03,-0.01,1.07,-1.19,0.92,-0.27,16637921
378015,0.03,1.02,0.11,-1.92,10.07,-1.04,0.03,-0.01,1.07,-1.10,0.73,-0.15,16637630
378028,0.02,1.01,0.10,-4.55,13.37,-1.74,0.03,-0.01,1.07,-1.28,0.64,-0.27,16636135
378039,0.02,1.01,0.11,-5.22,15.44,-1.95,0.03,-0.01,1.07,-1.28,0.82,-0.27,16635453
378050,0.03,1.02,0.11,-3.69,16.27,-1.71,0.03,-0.01,1.07,-1.25,0.89,-0.31,16637267
378062,0.04,1.03,0.12,-2.35,15.23,-1.31,0.03,-0.01,1.07,-1.28,0.85,-0.24,16637633
378074,0.04,1.02,0.12,-2.96,15.35,-1.37,0.03,-0.01,1.07,-1.10,0.67,-0.15,16638867
378086,0.05,1.01,0.11,-4.85,16.08,-1.62,0.03,-0.01,1.07,-1.01,0.58,-0.27,16639716
378097,0.05,1.02,0.11,-5.34,16.30,-1.98,0.03,-0.01,1.07,-1.13,0.82,-0.21,16638578
378109,0.05,1.03,0.11,-2.38,15.96,-1.34,0.03,-0.01,1.07,-1.19,0.76,-0.40,16639573
378121,0.05,1.03,0.11,-0.03,15.01,-0.34,0.03,-0.01,1.07,-1.25,0.70,-0.49,16642429
378133,0.06,1.03,0.11,-0.31,13.06,-0.95,0.03,-0.01,1.07,-1.16,0.79,-0.37,16641404
378144,0.06,1.02,0.10,-1.01,12.54,-1.10,0.03,-0.01,1.07,-1.13,0.85,-0.27,16640717
378156,0.05,1.02,0.10,-1.71,15.08,-1.25,0.03,-0.01,1.07,-1.07,0.82,-0.34,16638660
378168,0.03,1.02,0.10,-1.68,18.86,-1.37,0.03,-0.01,1.07,-1.04,0.82,-0.24,16639117
378179,0.02,1.02,0.11,-0.64,21.91,-1.16,0.03,-0.01,1.07,-1.16,0.61,0.00,16638224
378191,0.02,1.02,0.11,-0.85,23.16,-1.07,0.03,-0.01,1.07,-1.25,0.82,-0.03,16636069
378203,0.03,1.02,0.11,-2.59,22.61,-1.37,0.03,-0.01,1.07,-1.13,0.76,-0.09,16636094
378215,0.05,1.01,0.10,-5.40,20.05,-1.62,0.03,-0.01,1.07,-1.04,0.34,-0.31,16636342
378226,0.08,1.01,0.10,-7.14,16.20,-2.26,0.03,-0.01,1.07,-0.98,0.64,-0.12,16639440
378237,0.09,1.01,0.09,-6.53,13.67,-1.92,0.03,-0.01,1.07,-1.19,0.58,-0.34,16641546
378250,0.08,1.03,0.11,-2.59,12.76,-1.31,0.03,-0.01,1.07,-1.40,0.55,-0.21,16639014
378261,0.06,1.04,0.12,0.27,14.86,-0.89,0.03,-0.01,1.07,1.92,-0.70,-0.34,16641322
378273,0.04,1.03,0.11,-2.04,18.25,-0.95,0.03,-0.01,1.07,-1.71,0.85,-0.24,16640938
378285,0.04,1.01,0.11,-4.85,19.50,-1.59,0.03,-0.01,1.07,-2.59,1.16,-0.40,16640634
378297,0.06,1.02,0.11,-2.47,17.06,-2.01,0.03,-0.01,1.07,-3.33,1.83,-0.40,16643259
378308,0.07,1.03,0.11,0.15,12.15,-1.07,0.03,-0.01,1.07,1.31,-0.21,-0.34,16642525