time,faccx,faccy,faccz,fgyrx,fgyry,fgyrz,saccx,saccy,saccz,sgyrx,sgyry,sgyrz,load
162933,0.06,1.02,0.10,-3.78,2.23,-2.26,0.03,-0.01,1.07,-1.13,0.70,-0.24,16634601
162944,0.05,1.02,0.10,-1.04,0.49,-1.80,0.03,-0.01,1.07,-1.19,0.76,-0.37,16635581
162953,0.05,1.02,0.10,-6.01,2.47,-1.50,0.03,-0.01,1.07,-1.13,1.07,-0.43,16633927
162963,0.06,1.02,0.10,-3.94,1.89,-2.38,0.03,-0.01,1.07,-1.28,0.49,-0.34,16633750
162974,0.05,1.03,0.11,-1.59,1.62,-1.71,0.03,-0.01,1.07,-1.31,1.10,-0.40,16633105
162985,0.04,1.03,0.11,-1.04,3.02,0.61,0.03,-0.01,1.07,-0.95,0.64,-0.43,16635911
162998,0.06,1.03,0.11,-0.85,1.53,-1.56,0.03,-0.01,1.07,-1.19,0.70,-0.31,16635648
163009,0.05,1.02,0.10,-2.53,2.50,-1.16,0.03,-0.01,1.07,-1.01,0.61,-0.15,16632927
163021,0.06,1.02,0.10,-3.23,2.04,-2.14,0.03,-0.01,1.07,-1.13,0.67,-0.37,16632655
163033,0.05,1.02,0.10,-2.62,2.20,-1.37,0.03,-0.01,1.07,-1.19,0.61,-0.37,16630089
163045,0.05,1.02,0.11,-1.46,2.47,-1.25,0.03,-0.01,1.07,-0.79,0.89,-0.24,16629153
163056,0.05,1.03,0.11,-1.28,2.11,-1.56,0.03,-0.01,1.07,-1.22,0.73,-0.27,16630720
163068,0.05,1.02,0.10,-1.92,2.47,-1.16,0.03,-0.01,1.07,-1.28,0.82,-0.34,16634544
163080,0.05,1.02,0.10,-3.17,1.98,-1.77,0.03,-0.01,1.07,-1.19,0.89,-0.40,16636626
163091,0.05,1.02,0.10,-2.72,2.26,-1.71,0.03,-0.01,1.07,-0.79,0.58,-0.06,16634469
163103,0.05,1.02,0.11,-1.89,2.17,-1.19,0.03,-0.01,1.07,-1.25,0.67,-0.40,16634823
163115,0.05,1.02,0.11,-1.62,2.14,-1.31,0.03,-0.01,1.07,-1.16,0.92,-0.24,16636616
163127,0.05,1.02,0.10,-2.29,2.41,-1.43,0.03,-0.01,1.07,-1.31,0.49,-0.21,16637825
163138,0.05,1.02,0.10,-2.59,1.98,-1.65,0.03,-0.01,1.07,-1.10,0.64,-0.52,16635521
163150,0.05,1.02,0.10,-2.59,2.14,-1.40,0.03,-0.01,1.07,-1.10,0.73,-0.37,16633808
163162,0.05,1.02,0.11,-2.08,2.11,-1.62,0.03,-0.01,1.07,-1.01,0.82,-0.49,16633639
163173,0.05,1.02,0.11,-1.83,2.11,-1.50,0.03,-0.01,1.07,-1.04,0.46,0.00,16634077
163185,0.05,1.02,0.11,-2.35,2.01,-1.43,0.03,-0.01,1.07,-1.10,0.70,-0.15,16634024
163196,0.05,1.02,0.10,-2.53,2.14,-1.46,0.03,-0.01,1.07,-1.10,0.70,-0.46,16634776
163209,0.05,1.02,0.10,-2.38,2.20,-1.65,0.03,-0.01,1.07,-1.19,0.82,-0.43,16632263
163220,0.05,1.02,0.11,-2.14,2.23,-1.56,0.03,-0.01,1.07,-1.07,0.76,-0.27,16632004
163232,0.05,1.02,0.10,-2.01,1.95,-1.53,0.03,-0.01,1.07,-1.01,0.52,-0.43,16635034
163244,0.05,1.02,0.10,-2.04,2.04,-1.43,0.03,-0.01,1.07,-0.92,0.73,-0.43,16634459
163255,0.05,1.02,0.10,-2.44,2.08,-1.83,0.03,-0.01,1.07,-1.10,0.70,-0.52,16631827
163267,0.05,1.02,0.10,-2.56,2.01,-1.53,0.03,-0.01,1.07,-1.01,0.79,-0.31,16632388
163278,0.05,1.02,0.11,-2.01,2.11,-1.50,0.03,-0.01,1.07,-1.22,0.55,-0.27,16630965
163291,0.05,1.02,0.11,-2.08,2.11,-1.62,0.03,-0.01,1.07,-1.07,0.85,-0.27,16631841
163302,0.05,1.02,0.11,-2.26,2.01,-1.59,0.03,-0.01,1.07,-1.13,0.89,-0.24,16633406
163314,0.05,1.02,0.10,-2.59,2.14,-1.37,0.03,-0.01,1.07,-1.10,0.73,-0.18,16634327
163325,0.05,1.02,0.10,-2.50,2.29,-1.19,0.03,-0.01,1.07,-1.19,0.73,-0.58,16633405
163337,0.05,1.02,0.11,-1.92,2.04,-1.46,0.03,-0.01,1.07,-1.04,0.67,-0.24,16633484
163349,0.05,1.02,0.11,-2.04,2.38,-1.25,0.03,-0.01,1.07,-0.98,0.61,-0.40,16636637
163360,0.05,1.02,0.10,-2.14,2.14,-1.37,0.03,-0.01,1.07,-0.95,0.55,-0.24,16635864
163373,0.05,1.02,0.10,-2.32,2.26,-1.46,0.03,-0.01,1.07,-0.98,0.92,-0.31,16632166
163384,0.05,1.02,0.10,-2.38,2.29,-1.59,0.03,-0.01,1.07,-0.98,0.70,-0.43,16634184
163396,0.05,1.02,0.10,-2.38,2.14,-1.68,0.03,-0.01,1.07,-1.22,0.95,-0.40,16635860
163407,0.05,1.02,0.11,-2.11,2.32,-1.10,0.03,-0.01,1.07,-1.01,1.04,-0.40,16634357
163419,0.05,1.02,0.10,-2.20,2.41,-1.34,0.03,-0.01,1.07,-1.16,0.70,-0.43,16633610
163431,0.05,1.02,0.10,-2.35,2.14,-1.28,0.03,-0.01,1.07,-1.31,0.58,-0.09,16631769
163442,0.05,1.02,0.10,-2.17,2.20,-1.50,0.03,-0.01,1.07,-1.43,0.61,-0.37,16632864
163454,0.05,1.02,0.11,-1.92,2.32,-1.50,0.03,-0.01,1.07,-1.01,0.82,-0.21,16631972
163466,0.05,1.02,0.10,-2.29,2.29,-1.43,0.03,-0.01,1.07,-1.22,0.73,-0.31,16633509
163478,0.05,1.02,0.11,-2.11,2.26,-1.59,0.03,-0.01,1.07,-0.98,0.73,-0.18,16634445
163489,0.05,1.02,0.11,-2.44,2.23,-1.43,0.03,-0.01,1.07,-1.04,0.70,-0.21,16632928
163502,0.05,1.02,0.11,-2.17,2.35,-1.34,0.03,-0.01,1.07,-0.98,0.98,-0.34,16633078
163513,0.05,1.02,0.10,-2.17,2.41,-1.95,0.03,-0.01,1.07,-1.19,0.70,-0.40,16632997
163524,0.05,1.02,0.10,-2.26,2.35,-1.31,0.03,-0.01,1.07,-1.04,0.76,-0.31,16634300
163536,0.05,1.02,0.11,-2.14,2.17,-1.50,0.03,-0.01,1.07,-1.04,0.82,-0.40,16634028
163548,0.05,1.02,0.10,-2.29,2.38,-1.43,0.03,-0.01,1.07,-1.28,0.49,-0.37,16632707
163560,0.05,1.02,0.10,-2.35,2.20,-1.34,0.03,-0.01,1.07,-0.92,0.82,-0.52,16634078
163571,0.05,1.02,0.10,-2.17,2.32,-1.46,0.03,-0.01,1.07,-1.07,0.73,-0.31,16632601
163584,0.05,1.02,0.10,-2.01,2.29,-1.77,0.03,-0.01,1.07,-1.13,0.79,-0.67,16630982
163595,0.05,1.02,0.10,-2.47,2.04,-1.50,0.03,-0.01,1.07,-1.16,0.64,0.06,16631712
163606,0.05,1.02,0.10,-2.53,2.23,-1.59,0.03,-0.01,1.07,-0.95,0.55,-0.15,16630919
163618,0.05,1.02,0.10,-2.62,2.11,-1.40,0.03,-0.01,1.07,-1.25,0.61,-0.40,16629859
163630,0.05,1.02,0.11,-2.14,2.38,-1.56,0.03,-0.01,1.07,-1.19,0.49,-0.46,16632274
163642,0.05,1.02,0.10,-1.95,2.14,-1.40,0.03,-0.01,1.07,-1.07,0.79,-0.55,16634436
163653,0.05,1.02,0.10,-2.44,2.11,-1.13,0.03,-0.01,1.07,-0.92,0.76,-0.27,16634639
163665,0.05,1.02,0.10,-2.23,2.11,-1.46,0.03,-0.01,1.07,-0.76,0.89,-0.31,16634595
163677,0.05,1.02,0.10,-2.26,1.89,-1.50,0.03,-0.01,1.07,-0.92,0.73,-0.37,16632880
163688,0.05,1.02,0.10,-2.44,2.23,-1.34,0.03,-0.01,1.07,-1.28,0.52,-0.12,16633755
163700,0.05,1.02,0.10,-2.29,1.92,-1.40,0.03,-0.01,1.07,-0.98,0.52,-0.40,16634137
163712,0.05,1.02,0.10,-2.29,2.29,-1.43,0.03,-0.01,1.07,-1.13,0.58,-0.34,16632769
163724,0.05,1.02,0.10,-2.47,2.20,-1.92,0.03,-0.01,1.07,-1.04,0.52,-0.34,16632672
163735,0.05,1.02,0.10,-2.38,2.26,-1.65,0.03,-0.01,1.07,-1.04,0.89,-0.12,16632229
163747,0.05,1.02,0.10,-2.23,2.23,-1.40,0.03,-0.01,1.07,-1.07,0.58,-0.31,16631001
163759,0.05,1.02,0.10,-2.11,2.08,-1.22,0.03,-0.01,1.07,-1.19,0.73,-0.15,16631120
163770,0.05,1.02,0.10,-2.11,2.23,-1.25,0.03,-0.01,1.07,-1.19,0.95,-0.24,16633115
163782,0.05,1.02,0.10,-2.04,1.98,-1.89,0.03,-0.01,1.07,-1.22,0.61,-0.15,16633331
163793,0.05,1.02,0.10,-2.35,2.29,-1.56,0.03,-0.01,1.07,-1.01,0.73,-0.49,16633178
163806,0.05,1.02,0.10,-2.14,2.26,-1.71,0.03,-0.01,1.07,-1.25,0.61,-0.52,16632275
163817,0.05,1.02,0.11,-1.62,1.95,-1.25,0.03,-0.01,1.07,-1.04,0.82,-0.15,16632607
163829,0.05,1.02,0.10,-2.44,2.23,-1.22,0.03,-0.01,1.07,-1.04,0.67,-0.09,16634901
163841,0.05,1.02,0.11,-2.50,2.23,-1.46,0.03,-0.01,1.07,-1.10,0.89,-0.21,16632543
163852,0.05,1.02,0.11,-1.95,1.92,-1.37,0.03,-0.01,1.07,-0.98,0.79,-0.31,16633675
163864,0.05,1.02,0.11,-2.20,2.23,-1.62,0.03,-0.01,1.07,-1.07,0.61,-0.15,16632351
163875,0.05,1.02,0.11,-2.23,2.17,-1.37,0.03,-0.01,1.07,-1.04,0.73,-0.24,16631112
163888,0.05,1.02,0.10,-2.56,2.23,-1.25,0.03,-0.01,1.07,-1.04,0.58,-0.21,16632571
163899,0.05,1.02,0.10,-2.26,2.14,-1.31,0.03,-0.01,1.07,-1.01,0.67,-0.15,16634473
163911,0.05,1.02,0.10,-2.26,2.01,-1.56,0.03,-0.01,1.07,-0.98,0.64,-0.67,16631951
163922,0.05,1.02,0.10,-2.72,2.01,-1.10,0.03,-0.01,1.07,-1.13,0.85,-0.58,16632193
163935,0.05,1.02,0.10,-2.66,2.32,-1.16,0.03,-0.01,1.07,-1.10,0.61,-0.24,16633142
163946,0.05,1.02,0.10,-2.29,2.29,-1.50,0.03,-0.01,1.07,-1.16,0.73,-0.15,16634288
163957,0.05,1.02,0.10,-2.47,2.44,-1.34,0.03,-0.01,1.07,-1.28,0.67,-0.31,16633306
163970,0.05,1.02,0.10,-2.14,1.98,-1.59,0.03,-0.01,1.07,-1.04,0.70,-0.34,16632831
163981,0.05,1.02,0.10,-2.14,2.53,-1.37,0.03,-0.01,1.07,-1.19,0.58,-0.24,16633337
163993,0.05,1.02,0.10,-2.17,2.14,-1.50,0.03,-0.01,1.07,-0.98,0.76,-0.58,16632369
164004,0.05,1.02,0.10,-2.29,2.08,-1.34,0.03,-0.01,1.07,-1.13,0.70,-0.40,16633293
164017,0.05,1.02,0.10,-2.08,2.35,-1.34,0.03,-0.01,1.07,-0.98,0.73,-0.34,16633825
164028,0.05,1.02,0.10,-2.17,2.26,-1.43,0.03,-0.01,1.07,-1.31,0.52,-0.52,16635883
164039,0.05,1.02,0.10,-2.08,2.32,-1.46,0.03,-0.01,1.07,-1.01,0.79,-0.31,16633991
164051,0.05,1.02,0.10,-2.35,2.11,-1.46,0.03,-0.01,1.07,-1.10,0.73,-0.21,16632769
164063,0.05,1.02,0.10,-2.23,2.17,-1.62,0.03,-0.01,1.07,-1.01,0.73,-0.40,16632896
164075,0.05,1.02,0.10,-2.26,2.20,-1.56,0.03,-0.01,1.07,-1.28,0.67,-0.27,16632675
164086,0.05,1.02,0.10,-2.23,2.44,-1.59,0.03,-0.01,1.07,-1.13,0.58,-0.09,16634180
164099,0.05,1.02,0.10,-2.17,2.23,-1.53,0.03,-0.01,1.07,-1.10,0.67,-0.43,16634242
164110,0.05,1.02,0.10,-2.32,2.14,-1.62,0.03,-0.01,1.07,-1.37,0.73,-0.12,16631885
164121,0.05,1.02,0.10,-2.17,2.26,-1.40,0.03,-0.01,1.07,-1.04,0.58,-0.31,16632962
164133,0.05,1.02,0.11,-2.26,2.14,-1.46,0.03,-0.01,1.07,-1.19,0.37,-0.34,16634228
164145,0.05,1.02,0.10,-2.04,2.11,-1.34,0.03,-0.01,1.07,-1.13,0.79,-0.31,16635581
164157,0.05,1.02,0.10,-2.32,2.23,-1.65,0.03,-0.01,1.07,-0.89,0.70,-0.43,16634772
164168,0.05,1.02,0.10,-2.29,2.41,-1.34,0.03,-0.01,1.07,-1.04,0.70,-0.49,16633033
164180,0.05,1.02,0.10,-2.41,2.53,-1.37,0.03,-0.01,1.07,-1.04,0.85,-0.27,16632039
164192,0.05,1.02,0.11,-2.26,2.17,-1.56,0.03,-0.01,1.07,-1.10,0.70,-0.49,16633622
164203,0.05,1.02,0.11,-2.32,2.23,-1.59,0.03,-0.01,1.07,-1.10,0.82,-0.34,16635276
164215,0.05,1.02,0.11,-2.29,2.26,-1.56,0.03,-0.01,1.07,-1.25,0.79,-0.43,16636130
164227,0.05,1.02,0.10,-2.32,2.26,-1.50,0.03,-0.01,1.07,-1.19,0.49,-0.27,16632487
164239,0.05,1.02,0.10,-2.32,2.41,-1.22,0.03,-0.01,1.07,-1.07,0.82,-0.46,16630733
164250,0.05,1.02,0.11,-2.32,2.35,-1.62,0.03,-0.01,1.07,-1.25,0.76,-0.52,16631529
164262,0.05,1.02,0.10,-2.35,2.20,-1.59,0.03,-0.01,1.07,-1.25,0.82,-0.46,16631165
164274,0.05,1.02,0.10,-2.38,2.14,-1.53,0.03,-0.01,1.07,-1.19,0.70,-0.40,16634054
164285,0.05,1.02,0.10,-2.20,2.23,-1.46,0.03,-0.01,1.07,-1.34,0.61,-0.34,16634350
164297,0.05,1.02,0.10,-2.17,2.20,-1.77,0.03,-0.01,1.07,-1.25,0.76,-0.55,16634297
164308,0.05,1.02,0.10,-2.11,2.50,-1.46,0.03,-0.01,1.07,-1.13,0.58,-0.21,16636410
164321,0.05,1.02,0.10,-2.44,2.26,-1.65,0.03,-0.01,1.07,-1.01,0.89,-0.40,16635140
164332,0.05,1.02,0.10,-2.44,2.26,-1.31,0.03,-0.01,1.07,-1.01,0.67,-0.49,16633537
164344,0.05,1.02,0.10,-2.23,2.35,-1.31,0.03,-0.01,1.07,-1.19,0.70,-0.18,16632673
164356,0.05,1.02,0.10,-2.11,2.17,-1.43,0.03,-0.01,1.07,-1.04,0.82,-0.43,16634762
164368,0.05,1.02,0.10,-2.11,2.11,-1.25,0.03,-0.01,1.07,-1.04,0.67,-0.21,16635776
164379,0.05,1.02,0.10,-2.01,2.14,-1.34,0.03,-0.01,1.07,-1.04,0.61,-0.27,16632904
164390,0.05,1.02,0.10,-2.23,2.11,-1.65,0.03,-0.01,1.07,-0.82,0.92,-0.24,16632656
164403,0.05,1.02,0.10,-2.32,2.20,-1.40,0.03,-0.01,1.07,-1.04,0.70,-0.31,16635595
164414,0.05,1.02,0.10,-2.38,2.38,-1.65,0.03,-0.01,1.07,-1.19,0.89,-0.18,16634766
164426,0.05,1.02,0.10,-2.23,2.20,-1.37,0.03,-0.01,1.07,-0.95,0.73,-0.34,16633569
164438,0.05,1.02,0.10,-2.32,2.32,-1.46,0.03,-0.01,1.07,-1.07,0.55,-0.43,16632818
164450,0.05,1.02,0.10,-2.17,2.20,-1.56,0.03,-0.01,1.07,-1.10,0.67,-0.34,16634670
164461,0.05,1.02,0.10,-2.17,2.20,-1.34,0.03,-0.01,1.07,-1.13,0.82,-0.70,16635383
164472,0.05,1.02,0.11,-2.23,2.32,-1.56,0.03,-0.01,1.07,-1.07,0.70,-0.31,16632613
164485,0.05,1.02,0.11,-2.23,2.01,-1.53,0.03,-0.01,1.07,-0.89,0.49,-0.27,16630922
164496,0.05,1.02,0.10,-2.44,2.20,-1.40,0.03,-0.01,1.07,-0.85,0.67,-0.46,16629443
164508,0.05,1.02,0.11,-2.17,1.92,-1.46,0.03,-0.01,1.07,-1.07,0.85,-0.18,16632481
164519,0.05,1.02,0.10,-2.01,2.32,-1.50,0.03,-0.01,1.07,-1.10,0.49,-0.21,16633954
164532,0.05,1.02,0.10,-2.23,2.26,-1.62,0.03,-0.01,1.07,-0.92,0.85,-0.27,16635307
164543,0.05,1.02,0.10,-2.38,2.11,-1.28,0.03,-0.01,1.07,-0.98,0.67,-0.34,16635693
164554,0.05,1.02,0.10,-2.23,2.32,-1.40,0.03,-0.01,1.07,-1.34,0.95,-0.27,16634428
164567,0.05,1.02,0.10,-2.23,2.23,-1.37,0.03,-0.01,1.07,-1.01,0.49,-0.40,16633570
164578,0.05,1.02,0.10,-2.35,2.04,-1.37,0.03,-0.01,1.07,-1.40,0.73,-0.15,16634222
164590,0.05,1.02,0.10,-2.20,2.23,-1.68,0.03,-0.01,1.07,-1.16,0.79,-0.43,16634569
164601,0.05,1.02,0.10,-2.20,2.47,-1.40,0.03,-0.01,1.07,-1.07,0.67,-0.21,16633633
164614,0.05,1.02,0.10,-2.41,2.17,-1.43,0.03,-0.01,1.07,-1.31,0.79,-0.27,16635355
164625,0.05,1.02,0.10,-2.29,2.26,-1.40,0.03,-0.01,1.07,-1.25,0.64,-0.18,16635361
164636,0.05,1.02,0.10,-2.20,2.11,-1.46,0.03,-0.01,1.07,-1.40,0.73,-0.15,16633643
164648,0.05,1.02,0.10,-2.26,2.29,-1.28,0.03,-0.01,1.07,-1.13,0.64,-0.37,16633678
164660,0.05,1.02,0.10,-2.23,2.08,-1.65,0.03,-0.01,1.07,-1.07,0.67,-0.34,16634336
164672,0.05,1.02,0.11,-2.04,1.98,-1.77,0.03,-0.01,1.07,-1.19,0.98,-0.21,16632874
164683,0.05,1.02,0.11,-2.23,2.11,-1.56,0.03,-0.01,1.07,-1.04,0.73,-0.03,16634681
164696,0.05,1.02,0.11,-1.98,2.17,-1.34,0.03,-0.01,1.07,-0.98,0.98,-0.40,16636696
164707,0.05,1.02,0.11,-2.32,2.23,-1.31,0.03,-0.01,1.07,-1.01,0.76,-0.21,16636872
164719,0.05,1.02,0.11,-2.17,2.17,-1.50,0.03,-0.01,1.07,-0.95,0.61,-0.18,16632772
164730,0.05,1.02,0.10,-2.04,2.20,-1.34,0.03,-0.01,1.07,-1.10,0.58,-0.31,16633551
164742,0.05,1.02,0.10,-2.32,2.20,-1.50,0.03,-0.01,1.07,-1.16,0.89,-0.15,16635250
164754,0.05,1.02,0.10,-2.32,2.14,-1.65,0.03,-0.01,1.07,-1.28,0.95,-0.46,16632912
164765,0.05,1.02,0.10,-2.20,2.20,-1.50,0.03,-0.01,1.07,-1.19,0.82,-0.27,16634305
164777,0.05,1.02,0.10,-2.29,2.17,-1.40,0.03,-0.01,1.07,-1.28,0.73,-0.43,16636072
164789,0.05,1.02,0.10,-2.26,2.32,-1.56,0.03,-0.01,1.07,-0.82,0.92,-0.09,16632692
164801,0.05,1.02,0.10,-2.20,2.38,-1.22,0.03,-0.01,1.07,-1.28,0.70,-0.55,16632740
164812,0.05,1.02,0.10,-2.29,2.08,-1.31,0.03,-0.01,1.07,-1.13,0.70,-0.15,16635142
164824,0.05,1.02,0.10,-2.26,2.08,-1.46,0.03,-0.01,1.07,-1.10,0.89,-0.64,16635199
164836,0.05,1.02,0.10,-2.38,2.20,-1.46,0.03,-0.01,1.07,-1.13,0.85,-0.18,16630899
164847,0.05,1.02,0.10,-2.35,2.14,-1.31,0.03,-0.01,1.07,-1.16,0.64,-0.37,16631759
164859,0.05,1.02,0.10,-2.17,2.29,-1.37,0.03,-0.01,1.07,-1.28,0.73,-0.18,16634064
164871,0.05,1.02,0.10,-2.11,2.38,-1.46,0.03,-0.01,1.07,-1.07,0.73,-0.27,16634553
164883,0.05,1.02,0.10,-2.11,2.26,-1.34,0.03,-0.01,1.07,-1.07,0.55,-0.40,16635658
164894,0.05,1.02,0.10,-2.23,2.17,-1.40,0.03,-0.01,1.07,-0.98,0.67,-0.27,16633051
164905,0.05,1.02,0.10,-2.20,2.23,-1.34,0.03,-0.01,1.07,-1.19,0.76,-0.46,16631530
164918,0.05,1.02,0.10,-2.23,2.17,-1.34,0.03,-0.01,1.07,-0.89,0.82,-0.12,16634352
164929,0.05,1.02,0.10,-2.29,2.29,-1.25,0.03,-0.01,1.07,-1.13,0.52,-0.58,16634605
164941,0.05,1.02,0.10,-2.20,2.20,-1.22,0.03,-0.01,1.07,-1.37,0.64,-0.61,16635571
164953,0.05,1.02,0.11,-2.44,2.08,-0.98,0.03,-0.01,1.07,-1.04,0.76,-0.24,16636445
164965,0.05,1.02,0.10,-2.47,2.08,-1.50,0.03,-0.01,1.07,-1.25,0.64,-0.34,16635021
164976,0.05,1.02,0.10,-2.41,2.20,-1.71,0.03,-0.01,1.07,-1.19,0.55,-0.34,16635023
164987,0.05,1.02,0.10,-2.32,2.20,-1.43,0.03,-0.01,1.07,-1.19,0.85,-0.18,16633964
165000,0.05,1.02,0.10,-2.11,2.17,-1.50,0.03,-0.01,1.07,-1.04,0.67,-0.37,16633758
165011,0.05,1.02,0.10,-2.32,2.35,-1.40,0.03,-0.01,1.07,-1.13,0.95,-0.21,16634759
165023,0.05,1.02,0.10,-2.35,2.08,-1.37,0.03,-0.01,1.07,-1.16,0.55,-0.43,16632350
165035,0.05,1.02,0.10,-2.26,2.26,-1.56,0.03,-0.01,1.07,-0.85,0.89,-0.43,16634867
165047,0.05,1.02,0.10,-2.26,1.95,-1.68,0.03,-0.01,1.07,-1.01,0.58,-0.15,16635689
165058,0.05,1.02,0.10,-2.17,1.98,-1.43,0.03,-0.01,1.07,-1.01,0.76,-0.27,16633363
165069,0.05,1.02,0.10,-2.35,2.38,-1.40,0.03,-0.01,1.07,-1.01,0.55,-0.27,16631324
165082,0.05,1.02,0.10,-2.32,2.14,-1.13,0.03,-0.01,1.07,-1.01,0.89,-0.40,16633935
165093,0.05,1.02,0.10,-2.29,2.14,-1.43,0.03,-0.01,1.07,-1.25,0.98,-0.21,16633818
165105,0.05,1.02,0.10,-2.08,2.23,-1.71,0.03,-0.01,1.07,-1.04,0.67,-0.37,16633664
165116,0.05,1.02,0.10,-2.23,2.32,-1.40,0.03,-0.01,1.07,-1.13,0.79,-0.18,16633392
165129,0.05,1.02,0.10,-2.32,2.29,-1.74,0.03,-0.01,1.07,-1.01,0.70,-0.55,16632721
165140,0.05,1.02,0.10,-2.01,2.32,-1.74,0.03,-0.01,1.07,-1.07,0.82,-0.34,16633545
165152,0.05,1.02,0.10,-2.11,2.26,-1.56,0.03,-0.01,1.07,-1.04,0.92,-0.24,16633140
165164,0.05,1.02,0.10,-2.01,2.17,-1.46,0.03,-0.01,1.07,-0.89,0.82,-0.15,16632905
165175,0.05,1.02,0.10,-2.38,2.14,-1.62,0.03,-0.01,1.07,-1.13,0.67,-0.18,16633313
165187,0.05,1.02,0.10,-2.35,2.17,-1.34,0.03,-0.01,1.07,-1.13,0.61,-0.12,16634155
165198,0.05,1.02,0.10,-2.38,2.26,-1.43,0.03,-0.01,1.07,-1.10,0.67,-0.31,16635022
165211,0.05,1.02,0.10,-2.44,2.35,-1.74,0.03,-0.01,1.07,-1.07,0.67,-0.52,16635103
165222,0.05,1.02,0.10,-2.20,2.20,-1.62,0.03,-0.01,1.07,-1.16,0.85,-0.09,16632387
165234,0.05,1.02,0.10,-2.23,2.08,-1.53,0.03,-0.01,1.07,-1.04,0.64,-0.21,16632076
165245,0.05,1.02,0.10,-2.11,2.14,-1.56,0.03,-0.01,1.07,-0.92,0.70,-0.52,16635116
165257,0.05,1.02,0.10,-2.17,2.26,-1.34,0.03,-0.01,1.07,-1.07,0.37,-0.34,16633474
165269,0.05,1.02,0.10,-2.26,2.23,-1.10,0.03,-0.01,1.07,-1.04,0.73,-0.12,16630990
165280,0.05,1.02,0.10,-1.98,1.95,-1.62,0.03,-0.01,1.07,-1.22,0.82,-0.43,16633641
165293,0.05,1.02,0.11,-2.01,2.11,-1.40,0.03,-0.01,1.07,-0.98,0.76,-0.27,16635141
165304,0.05,1.02,0.10,-2.11,2.11,-1.46,0.03,-0.01,1.07,-1.19,0.64,-0.12,16633726
165316,0.05,1.02,0.10,-2.08,2.32,-1.53,0.03,-0.01,1.07,-0.95,0.85,-0.21,16633250
165327,0.05,1.02,0.10,-2.35,2.20,-1.43,0.03,-0.01,1.07,-1.22,0.85,-0.31,16636403
165339,0.05,1.02,0.10,-2.14,2.20,-1.56,0.03,-0.01,1.07,-1.10,0.73,-0.31,16636045
165351,0.05,1.02,0.11,-2.20,2.20,-1.31,0.03,-0.01,1.07,-1.40,0.55,-0.37,16634508
165362,0.05,1.02,0.11,-2.29,2.35,-1.19,0.03,-0.01,1.07,-1.07,0.55,-0.46,16634665
165374,0.05,1.02,0.11,-2.11,1.98,-1.53,0.03,-0.01,1.07,-0.82,0.89,-0.40,16636305
165386,0.05,1.02,0.11,-2.08,2.23,-1.46,0.03,-0.01,1.07,-1.34,0.73,-0.09,16636832
165398,0.05,1.02,0.11,-2.20,2.17,-1.68,0.03,-0.01,1.07,-0.85,0.61,-0.37,16635590
165409,0.05,1.02,0.11,-2.41,2.08,-1.56,0.03,-0.01,1.07,-0.85,0.67,-0.24,16635706
165422,0.05,1.02,0.11,-2.23,2.23,-1.31,0.03,-0.01,1.07,-1.10,0.67,-0.31,16635189
165433,0.05,1.02,0.10,-2.38,2.23,-1.25,0.03,-0.01,1.07,-1.16,0.70,-0.18,16637456
165444,0.05,1.02,0.10,-2.29,2.38,-1.34,0.03,-0.01,1.07,-1.16,0.67,-0.43,16635530
165456,0.05,1.02,0.10,-2.23,2.17,-1.40,0.03,-0.01,1.07,-1.22,0.43,-0.03,16633971
165468,0.05,1.02,0.10,-2.11,2.29,-1.43,0.03,-0.01,1.07,-1.01,0.58,-0.49,16632374
165480,0.05,1.02,0.11,-2.38,2.17,-1.28,0.03,-0.01,1.07,-0.92,0.92,-0.55,16634789
165491,0.05,1.02,0.11,-2.23,2.23,-1.59,0.03,-0.01,1.07,-1.22,0.73,-0.27,16633381
165504,0.05,1.02,0.11,-2.11,2.17,-1.68,0.03,-0.01,1.07,-1.10,0.79,-0.43,16633050
165515,0.05,1.02,0.11,-2.14,2.32,-1.71,0.03,-0.01,1.07,-1.13,0.82,-0.40,16634925
165526,0.05,1.02,0.10,-2.41,2.35,-1.28,0.03,-0.01,1.07,-1.34,0.76,-0.37,16635924
165538,0.05,1.02,0.10,-2.38,2.11,-1.28,0.03,-0.01,1.07,-1.16,0.55,-0.67,16633855
165550,0.05,1.02,0.10,-2.14,2.26,-1.50,0.03,-0.01,1.07,-1.22,0.79,-0.37,16633427
165562,0.05,1.02,0.10,-2.29,2.35,-1.34,0.03,-0.01,1.07,-1.10,0.76,-0.40,16633113
165573,0.05,1.02,0.10,-2.32,2.20,-1.25,0.03,-0.01,1.07,-1.25,0.58,-0.27,16634182
165585,0.05,1.02,0.11,-2.32,2.29,-1.43,0.03,-0.01,1.07,-1.07,0.73,-0.12,16633915
165597,0.05,1.02,0.11,-2.32,2.44,-1.34,0.03,-0.01,1.07,-1.04,0.46,-0.18,16635090
165608,0.05,1.02,0.10,-2.20,2.23,-1.50,0.03,-0.01,1.07,-1.13,0.85,-0.24,16636870
165620,0.05,1.02,0.10,-2.38,2.26,-1.31,0.03,-0.01,1.07,-1.13,0.67,-0.24,16634881
165632,0.05,1.01,0.11,8.15,3.81,-7.54,0.03,-0.01,1.07,-1.16,0.73,-0.43,16632095
165644,0.08,1.04,0.11,2.53,-0.18,-5.04,0.03,-0.01,1.07,-0.95,0.79,-0.70,16660208
165655,0.04,1.03,0.11,-3.63,4.67,0.00,0.03,-0.01,1.07,-1.13,0.52,-0.21,16697872
165667,0.06,1.04,0.11,-2.50,0.85,-1.34,0.03,-0.01,1.07,0.12,0.06,-0.34,16648611
165679,0.05,1.02,0.10,-3.72,2.90,-1.43,0.03,-0.01,1.07,-1.07,0.73,-0.61,16635114
165690,0.06,1.00,0.09,-4.85,1.65,-2.69,0.03,-0.00,1.07,-1.89,1.04,-0.24,16634775
165702,0.05,1.01,0.10,-4.27,1.95,-1.07,0.03,-0.01,1.07,-2.35,1.53,-0.18,16633129
165713,0.05,1.03,0.11,-0.46,2.04,-1.50,0.03,-0.01,1.07,-0.09,0.49,-0.40,16635521
165726,0.05,1.04,0.12,2.56,2.56,-2.23,0.03,-0.01,1.07,-0.37,0.15,0.06,16634850
165737,0.06,0.99,0.07,-11.81,4.12,-6.23,0.03,-0.01,1.07,-1.10,0.82,-0.27,16647775
165749,0.06,1.04,0.11,-0.06,1.89,-1.71,0.03,-0.01,1.07,-0.92,0.61,-0.24,16697375
165761,0.05,1.03,0.12,2.23,2.81,-1.71,0.03,-0.01,1.07,-1.34,0.85,-0.46,16682385
165772,0.06,1.02,0.09,-10.01,1.56,-1.16,0.03,-0.01,1.07,-0.85,0.52,0.00,16682357
165784,0.05,1.02,0.11,-3.91,3.11,-1.62,0.03,-0.01,1.07,-1.46,1.04,-0.43,16705112
165795,0.05,1.04,0.11,-1.62,2.11,-1.53,0.03,-0.01,1.07,-2.08,1.34,-0.21,16705164
165808,0.05,1.02,0.11,-2.96,2.53,-1.40,0.03,-0.01,1.07,-1.07,0.61,-0.37,16732639
165819,0.05,1.02,0.11,-1.86,2.47,-0.82,0.03,-0.01,1.07,-0.89,0.58,-0.24,16739897
165831,0.05,1.03,0.11,1.37,2.29,-0.95,0.03,-0.01,1.07,-1.92,1.22,-0.31,16764988
165842,0.05,1.02,0.11,-1.04,2.20,-1.40,0.03,-0.01,1.07,-1.04,0.55,-0.34,5753
165854,0.05,1.01,0.10,-2.87,2.26,-1.01,0.03,-0.01,1.07,-0.09,0.06,-0.18,24962
165866,0.05,1.02,0.10,-1.89,2.35,-0.64,0.03,-0.01,1.07,-1.59,0.98,-0.15,40143
165877,0.05,1.03,0.11,-0.43,2.26,-0.61,0.03,-0.01,1.07,-1.46,0.73,-0.58,52552
165890,0.05,1.02,0.10,-1.98,2.38,-0.70,0.03,-0.01,1.07,-0.12,0.37,-0.24,61499
165901,0.05,1.02,0.10,-2.93,2.08,-1.28,0.03,-0.01,1.07,-1.28,0.79,-0.34,70191
165913,0.05,1.02,0.10,-1.50,2.11,-1.28,0.03,-0.01,1.07,-1.86,0.95,-0.43,71962
165924,0.05,1.02,0.10,-1.89,2.14,-1.16,0.03,-0.01,1.07,-0.43,0.46,-0.15,74807
165936,0.05,1.02,0.10,-2.56,2.17,-1.31,0.03,-0.01,1.07,-0.58,0.55,-0.03,75405
165948,0.05,1.02,0.10,-2.44,2.32,-1.46,0.03,-0.01,1.07,-1.92,0.98,-0.43,75162
165959,0.05,1.02,0.11,-1.83,1.92,-1.34,0.03,-0.01,1.07,-1.01,0.64,-0.40,82688
165971,0.05,1.02,0.10,-2.35,2.20,-1.34,0.03,-0.01,1.07,-0.73,0.37,-0.34,86019
165983,0.05,1.02,0.10,-2.47,2.08,-1.16,0.03,-0.01,1.07,-1.50,0.98,-0.18,88267
165995,0.05,1.02,0.11,-1.86,2.26,-1.25,0.03,-0.01,1.07,-1.37,0.73,-0.34,89314
166006,0.05,1.02,0.11,-1.71,2.17,-1.50,0.03,-0.01,1.07,-0.43,0.64,-0.40,90953
166019,0.05,1.02,0.10,-2.08,2.50,-1.46,0.03,-0.01,1.07,-1.28,0.67,-0.18,90669
166030,0.05,1.02,0.11,-1.43,2.04,-1.53,0.03,-0.01,1.07,-1.62,0.95,-0.24,93028
166041,0.05,1.02,0.11,-1.34,2.04,-1.37,0.03,-0.01,1.07,-0.61,0.52,0.03,93738
166053,0.05,1.02,0.10,-1.71,2.23,-1.59,0.03,-0.01,1.07,-0.92,0.76,-0.40,89068
166065,0.05,1.02,0.10,-1.95,2.26,-1.46,0.03,-0.01,1.07,-1.40,0.58,-0.46,93872
166077,0.05,1.02,0.11,-0.95,2.11,-1.59,0.03,-0.01,1.07,-1.19,0.64,-0.37,95050
166088,0.05,1.02,0.10,-1.37,2.26,-1.68,0.03,-0.01,1.07,-1.16,0.58,-0.21,96355
166100,0.05,1.02,0.10,-2.32,2.26,-1.59,0.03,-0.01,1.07,-1.28,0.73,-0.40,102124
166112,0.05,1.02,0.10,-1.98,2.08,-1.40,0.03,-0.01,1.07,-1.13,0.70,-0.52,102180
166123,0.05,1.02,0.10,-1.77,2.11,-1.71,0.03,-0.01,1.07,-0.98,0.70,-0.46,103841
166135,0.05,1.02,0.10,-2.69,2.14,-1.46,0.03,-0.01,1.07,-1.07,0.98,-0.40,102124
166147,0.05,1.02,0.10,-3.20,2.14,-1.37,0.03,-0.01,1.07,-1.28,0.95,-0.49,101021
166159,0.05,1.02,0.10,-2.93,2.17,-1.28,0.03,-0.01,1.07,-1.25,0.89,-0.46,102544
166170,0.05,1.02,0.10,-3.66,2.32,-1.19,0.03,-0.01,1.07,-0.89,0.37,-0.15,100285
166182,0.05,1.02,0.10,-3.33,2.41,-1.34,0.03,-0.01,1.07,-1.37,0.82,-0.18,99902
166194,0.05,1.02,0.10,-3.11,2.23,-1.25,0.03,-0.01,1.07,-1.01,0.67,-0.46,99683
166205,0.05,1.02,0.10,-3.08,2.26,-1.50,0.03,-0.01,1.07,-1.04,0.46,-0.40,98244
166217,0.05,1.02,0.10,-3.08,2.29,-1.25,0.03,-0.01,1.07,-1.16,0.61,-0.43,100370
166228,0.05,1.02,0.10,-2.78,2.23,-1.50,0.03,-0.01,1.07,-1.34,0.55,-0.27,98920
166241,0.05,1.02,0.11,-2.87,2.35,-1.68,0.03,-0.01,1.07,-1.10,0.61,-0.31,99649
166252,0.05,1.02,0.11,-2.38,2.17,-1.37,0.03,-0.01,1.07,-1.01,0.89,-0.49,103069
166264,0.05,1.02,0.10,-2.53,2.44,-1.77,0.03,-0.01,1.07,-1.25,0.82,-0.43,103448
166276,0.05,1.02,0.10,-2.72,2.29,-1.80,0.03,-0.01,1.07,-1.04,0.70,-0.31,102847
166287,0.05,1.02,0.10,-3.57,1.95,-1.74,0.03,-0.01,1.07,-1.07,0.55,-0.24,100474
166299,0.05,1.02,0.10,-3.33,2.23,-1.71,0.03,-0.01,1.07,-1.28,0.95,-0.18,98862
166310,0.05,1.03,0.11,-2.01,1.95,-1.71,0.03,-0.01,1.07,-0.92,0.58,-0.52,99538
166323,0.05,1.02,0.11,-2.41,2.41,-1.71,0.03,-0.01,1.07,-1.16,0.73,-0.31,98121
166334,0.05,1.02,0.10,-3.30,2.20,-1.62,0.03,-0.01,1.07,-1.01,0.89,-0.31,98531
166346,0.05,1.03,0.11,-1.68,2.41,-1.50,0.03,-0.01,1.07,-1.19,0.70,-0.18,99338
166358,0.05,1.02,0.11,-2.14,2.29,-1.46,0.03,-0.01,1.07,-0.73,0.70,-0.15,101356
166370,0.05,1.02,0.11,-2.14,2.20,-1.59,0.03,-0.01,1.07,-1.01,0.76,-0.27,99461
166381,0.05,1.03,0.11,-1.19,2.29,-1.59,0.03,-0.01,1.07,-1.25,0.95,-0.31,101127
166392,0.05,1.02,0.11,-1.80,1.80,-1.43,0.03,-0.01,1.07,-0.85,0.55,-0.34,104818
166405,0.05,1.02,0.10,-1.77,2.14,-1.31,0.03,-0.01,1.07,-1.07,0.49,-0.37,102422
166416,0.05,1.02,0.11,-1.77,2.44,-1.50,0.03,-0.01,1.07,-1.37,0.73,-0.34,102023
166428,0.05,1.02,0.10,-2.20,2.14,-1.43,0.03,-0.01,1.07,-1.22,0.73,-0.21,100977
166439,0.05,1.02,0.10,-2.11,2.32,-1.22,0.03,-0.01,1.07,-0.89,0.67,-0.37,100485
166452,0.05,1.02,0.10,-2.32,2.26,-1.25,0.03,-0.01,1.07,-1.31,0.95,-0.31,100165
166463,0.05,1.02,0.10,-2.41,2.20,-1.25,0.03,-0.01,1.07,-1.13,0.52,-0.31,100659
166474,0.05,1.02,0.10,-2.66,2.20,-1.01,0.03,-0.01,1.07,-0.82,0.73,-0.18,100499
166487,0.05,1.02,0.10,-2.11,2.14,-1.28,0.03,-0.01,1.07,-1.16,0.73,-0.31,101178
166498,0.05,1.02,0.11,-1.74,2.26,-1.10,0.03,-0.01,1.07,-1.19,0.79,-0.43,98896
166510,0.05,1.02,0.10,-2.29,2.29,-1.31,0.03,-0.01,1.07,-1.01,0.67,-0.52,99980
166521,0.05,1.02,0.10,-1.92,1.95,-1.37,0.03,-0.01,1.07,-1.40,0.82,-0.27,100981
166534,0.05,1.02,0.11,-1.74,2.20,-1.31,0.03,-0.01,1.07,-1.10,0.73,-0.03,101840
166545,0.05,1.02,0.11,-2.08,2.26,-1.34,0.03,-0.01,1.07,-1.07,0.76,-0.24,98242
166556,0.05,1.02,0.11,-1.86,2.32,-1.37,0.03,-0.01,1.07,-1.10,0.89,-0.34,100411
166568,0.05,1.02,0.11,-1.56,2.11,-1.59,0.03,-0.01,1.07,-1.34,0.37,-0.46,100147
166580,0.05,1.02,0.11,-1.34,2.29,-1.56,0.03,-0.01,1.07,-1.25,0.46,-0.40,99665
166592,0.05,1.02,0.11,-1.50,2.23,-1.56,0.03,-0.01,1.07,-0.95,0.37,-0.21,101007
166603,0.05,1.02,0.11,-1.43,2.35,-1.65,0.03,-0.01,1.07,-1.25,0.79,-0.46,103237
166616,0.05,1.02,0.10,-1.37,2.04,-1.86,0.03,-0.01,1.07,-0.95,0.89,-0.34,100697
166627,0.05,1.02,0.10,-1.37,2.17,-1.68,0.03,-0.01,1.07,-1.10,0.55,-0.34,99729
166638,0.05,1.02,0.10,-1.62,2.29,-1.53,0.03,-0.01,1.07,-1.22,0.76,-0.18,102660
166650,0.05,1.02,0.10,-1.89,2.08,-1.62,0.03,-0.01,1.07,-1.16,0.55,0.06,102651
166662,0.05,1.02,0.10,-1.86,2.11,-1.40,0.03,-0.01,1.07,-1.28,0.73,-0.24,105103
166674,0.05,1.02,0.10,-2.26,2.23,-1.59,0.03,-0.01,1.07,-1.31,0.76,-0.37,102542
166685,0.05,1.02,0.10,-2.11,2.50,-1.43,0.03,-0.01,1.07,-0.92,0.76,-0.18,100017
166697,0.05,1.02,0.10,-2.35,2.32,-1.25,0.03,-0.01,1.07,-1.01,0.58,-0.49,98910
166709,0.05,1.02,0.10,-2.56,2.26,-1.37,0.03,-0.01,1.07,-1.04,0.55,-0.49,99832
166720,0.05,1.02,0.10,-2.96,2.26,-1.16,0.03,-0.01,1.07,-1.19,0.85,-0.43,98952
166732,0.05,1.02,0.10,-2.56,2.23,-1.19,0.03,-0.01,1.07,-1.22,0.58,-0.37,100377
166744,0.05,1.02,0.10,-2.78,2.32,-1.19,0.03,-0.01,1.07,-1.10,0.67,-0.06,102061
166756,0.05,1.02,0.10,-2.84,2.23,-1.07,0.03,-0.01,1.07,-1.37,0.70,-0.49,99740
166767,0.05,1.02,0.10,-2.44,2.14,-1.43,0.03,-0.01,1.07,-1.04,0.76,-0.49,100151
166779,0.05,1.02,0.10,-2.62,2.26,-1.31,0.03,-0.01,1.07,-1.28,0.55,-0.31,99367
166791,0.05,1.02,0.10,-2.66,2.11,-1.34,0.03,-0.01,1.07,-0.89,0.67,-0.24,99833
166803,0.05,1.02,0.10,-2.44,2.17,-1.53,0.03,-0.01,1.07,-1.43,0.70,-0.21,98290
166814,0.05,1.02,0.10,-2.35,2.29,-1.40,0.03,-0.01,1.07,-0.85,0.95,-0.21,100317
166825,0.05,1.02,0.10,-2.29,2.14,-1.86,0.03,-0.01,1.07,-1.04,0.89,-0.49,104404
166838,0.05,1.02,0.10,-2.20,2.41,-1.68,0.03,-0.01,1.07,-0.98,0.61,-0.31,102281
166849,0.05,1.02,0.10,-2.26,2.17,-1.43,0.03,-0.01,1.07,-1.07,0.64,-0.52,99068
166861,0.05,1.02,0.10,-2.11,2.41,-1.68,0.03,-0.01,1.07,-0.92,0.73,-0.18,98875
166873,0.05,1.02,0.10,-2.38,2.17,-1.34,0.03,-0.01,1.07,-0.92,0.61,-0.24,102015
166885,0.05,1.02,0.10,-2.32,2.17,-1.80,0.03,-0.01,1.07,-1.07,0.98,-0.24,99904
166896,0.05,1.02,0.10,-2.23,2.20,-1.37,0.03,-0.01,1.07,-1.13,0.64,-0.24,97902
166907,0.05,1.02,0.10,-2.41,2.17,-1.56,0.03,-0.01,1.07,-1.25,0.64,-0.21,97816
166920,0.05,1.02,0.10,-2.50,2.38,-1.46,0.03,-0.01,1.07,-1.19,0.67,-0.12,99662
166931,0.05,1.02,0.10,-2.35,2.35,-1.65,0.03,-0.01,1.07,-1.28,0.89,-0.34,99118
166943,0.05,1.02,0.10,-2.69,2.35,-1.53,0.03,-0.01,1.07,-1.19,0.76,-0.43,100531
166955,0.05,1.02,0.10,-2.62,2.20,-1.62,0.03,-0.01,1.07,-1.01,0.79,-0.34,104445
166967,0.05,1.02,0.10,-2.66,2.32,-1.46,0.03,-0.01,1.07,-1.16,0.67,-0.27,100740
166978,0.05,1.02,0.10,-2.72,2.11,-1.34,0.03,-0.01,1.07,-1.01,0.82,-0.40,100441
166989,0.05,1.02,0.10,-2.72,2.47,-1.53,0.03,-0.01,1.07,-1.16,0.70,-0.03,102653
167002,0.05,1.02,0.10,-2.81,2.08,-1.16,0.03,-0.01,1.07,-0.98,0.76,-0.27,104697
167013,0.05,1.02,0.11,-2.32,2.04,-1.34,0.03,-0.01,1.07,-1.22,0.70,-0.09,105132
167025,0.05,1.02,0.11,-2.20,2.11,-1.46,0.03,-0.01,1.07,-1.07,0.85,-0.27,102425
167036,0.05,1.02,0.10,-2.47,2.04,-1.34,0.03,-0.01,1.07,-1.01,0.58,-0.58,101348
167049,0.05,1.02,0.10,-2.59,2.17,-1.59,0.03,-0.01,1.07,-1.19,0.55,0.00,101400
167060,0.05,1.02,0.11,-2.17,1.92,-1.31,0.03,-0.01,1.07,-1.07,0.55,-0.27,105269
167071,0.05,1.02,0.11,-2.29,2.23,-1.25,0.03,-0.01,1.07,-1.22,0.49,-0.34,102056
167084,0.05,1.02,0.11,-2.29,2.20,-1.13,0.03,-0.01,1.07,-1.01,0.85,-0.18,97055
167095,0.05,1.02,0.11,-2.26,2.20,-1.62,0.03,-0.01,1.07,-1.01,0.85,-0.64,96288
167107,0.05,1.02,0.11,-1.98,2.32,-1.53,0.03,-0.01,1.07,-1.13,0.70,-0.27,101069
167118,0.05,1.02,0.10,-2.23,2.29,-1.40,0.03,-0.01,1.07,-1.16,0.64,-0.31,104321
167131,0.05,1.02,0.11,-2.11,1.95,-1.25,0.03,-0.01,1.07,-1.04,0.58,-0.24,101940
167142,0.05,1.02,0.11,-2.17,2.32,-1.56,0.03,-0.01,1.07,-1.04,0.64,-0.27,101806
167154,0.05,1.02,0.10,-2.04,2.35,-1.62,0.03,-0.01,1.07,-1.25,1.04,-0.40,103193
167165,0.05,1.02,0.11,-1.77,2.23,-1.43,0.03,-0.01,1.07,-1.16,0.76,-0.55,103895
167177,0.05,1.02,0.11,-1.71,2.32,-1.68,0.03,-0.01,1.07,-1.19,0.61,-0.15,103435
167189,0.05,1.02,0.10,-2.11,2.32,-1.37,0.03,-0.01,1.07,-1.01,0.73,-0.09,102585
167200,0.05,1.02,0.10,-1.92,2.11,-1.68,0.03,-0.01,1.07,-1.25,0.70,-0.12,102310
167213,0.05,1.02,0.10,-1.89,2.17,-1.22,0.03,-0.01,1.07,-1.19,0.43,-0.03,101401
167224,0.05,1.02,0.10,-1.95,2.32,-1.34,0.03,-0.01,1.07,-1.01,0.89,-0.34,99009
167236,0.05,1.02,0.10,-2.20,2.32,-1.19,0.03,-0.01,1.07,-1.22,0.49,-0.40,99372
167247,0.05,1.02,0.10,-2.20,2.08,-1.34,0.03,-0.01,1.07,-1.31,0.76,-0.37,98669
167259,0.05,1.02,0.10,-2.32,1.95,-1.13,0.03,-0.01,1.07,-1.01,0.92,-0.27,101769
167271,0.05,1.02,0.10,-2.26,2.41,-1.16,0.03,-0.01,1.07,-1.01,0.67,-0.27,105398
167282,0.05,1.02,0.10,-2.35,2.17,-1.19,0.03,-0.01,1.07,-1.16,0.92,-0.46,101446
167294,0.05,1.02,0.10,-2.32,2.26,-1.04,0.03,-0.01,1.07,-1.07,0.55,-0.31,99520
167306,0.05,1.02,0.10,-2.04,2.20,-1.22,0.03,-0.01,1.07,-1.10,0.70,-0.40,100941
167318,0.05,1.02,0.10,-2.38,2.26,-1.56,0.03,-0.01,1.07,-1.16,0.61,-0.31,101908
167329,0.05,1.02,0.11,-1.89,1.86,-1.22,0.03,-0.01,1.07,-1.13,0.82,-0.31,100329
167341,0.05,1.02,0.10,-2.08,2.17,-1.25,0.03,-0.01,1.07,-1.07,0.70,-0.24,98278
167353,0.05,1.02,0.11,-1.98,2.29,-1.28,0.03,-0.01,1.07,-1.37,0.89,-0.06,98116
167364,0.05,1.02,0.11,-1.83,2.17,-1.77,0.03,-0.01,1.07,-1.31,0.58,-0.34,102071
167376,0.05,1.02,0.10,-1.74,2.17,-1.31,0.03,-0.01,1.07,-1.31,0.73,-0.52,101451
167388,0.05,1.02,0.10,-1.92,2.04,-1.86,0.03,-0.01,1.07,-1.28,0.73,-0.31,99076
167400,0.05,1.02,0.10,-1.80,2.41,-1.34,0.03,-0.01,1.07,-1.31,0.76,-0.52,99845
167411,0.05,1.02,0.10,-1.77,2.17,-1.71,0.03,-0.01,1.07,-0.92,0.76,-0.43,103636
167422,0.05,1.02,0.10,-2.01,2.20,-1.71,0.03,-0.01,1.07,-1.16,0.82,-0.34,102861
167435,0.05,1.02,0.10,-1.83,2.23,-1.59,0.03,-0.01,1.07,-1.13,1.04,-0.58,99169
167446,0.05,1.02,0.10,-1.83,2.04,-1.56,0.03,-0.01,1.07,-1.04,0.82,-0.06,98316
167458,0.05,1.02,0.10,-2.23,2.44,-1.71,0.03,-0.01,1.07,-1.13,0.85,-0.27,101143
167470,0.05,1.02,0.10,-2.35,2.26,-1.22,0.03,-0.01,1.07,-1.10,0.76,-0.15,100425
167482,0.05,1.02,0.10,-2.38,2.35,-1.31,0.03,-0.01,1.07,-1.25,0.89,-0.46,101329
167493,0.05,1.02,0.10,-2.20,2.04,-1.07,0.03,-0.01,1.07,-1.13,0.70,-0.43,103470
167505,0.05,1.02,0.10,-2.66,2.23,-1.46,0.03,-0.01,1.07,-1.13,0.79,-0.21,102821
167517,0.05,1.02,0.10,-2.59,1.92,-1.16,0.03,-0.01,1.07,-1.01,0.76,-0.31,100298
167528,0.05,1.02,0.10,-2.78,2.08,-1.31,0.03,-0.01,1.07,-0.76,0.55,-0.31,99895
167540,0.05,1.02,0.10,-3.02,2.11,-1.25,0.03,-0.01,1.07,-0.95,0.64,-0.43,101422
167552,0.05,1.02,0.10,-2.93,2.20,-1.40,0.03,-0.01,1.07,-1.01,0.79,-0.21,101309
167564,0.05,1.02,0.10,-2.75,2.29,-1.16,0.03,-0.01,1.07,-1.25,0.73,-0.27,97873
167575,0.05,1.02,0.10,-2.96,2.26,-1.40,0.03,-0.01,1.07,-1.16,0.70,-0.12,97345
167587,0.05,1.02,0.10,-2.93,2.14,-1.50,0.03,-0.01,1.07,-1.07,0.64,-0.21,99560
167599,0.05,1.02,0.10,-2.62,2.14,-1.31,0.03,-0.01,1.07,-0.92,0.79,-0.21,99273
167610,0.05,1.02,0.10,-2.81,2.11,-1.40,0.03,-0.01,1.07,-1.22,0.76,-0.24,101837
167622,0.05,1.02,0.10,-2.62,2.08,-1.46,0.03,-0.01,1.07,-1.01,0.82,-0.40,102813
167633,0.05,1.02,0.10,-2.47,2.11,-1.40,0.03,-0.01,1.07,-1.16,0.76,-0.34,102202
167646,0.05,1.02,0.10,-2.26,1.92,-1.68,0.03,-0.01,1.07,-1.13,0.76,-0.40,102620
167657,0.05,1.02,0.10,-2.17,2.44,-1.56,0.03,-0.01,1.07,-0.92,0.89,-0.37,98631
167669,0.05,1.02,0.10,-2.41,2.26,-1.62,0.03,-0.01,1.07,-0.95,0.58,-0.27,98427
167681,0.05,1.02,0.10,-1.98,2.11,-1.50,0.03,-0.01,1.07,-1.22,0.55,-0.06,100857
167692,0.05,1.02,0.10,-2.17,2.20,-1.65,0.03,-0.01,1.07,-1.19,0.76,-0.37,100326
167704,0.05,1.02,0.10,-2.35,2.14,-1.53,0.03,-0.01,1.07,-1.04,0.67,-0.15,96897
167715,0.05,1.02,0.10,-2.11,2.11,-1.53,0.03,-0.01,1.07,-0.95,0.85,-0.34,100171
167728,0.05,1.02,0.10,-2.38,2.44,-1.19,0.03,-0.01,1.07,-1.07,1.10,-0.34,102206
167739,0.05,1.02,0.10,-2.29,2.32,-1.62,0.03,-0.01,1.07,-1.07,0.58,-0.15,103566
167751,0.05,1.02,0.10,-2.23,2.08,-1.56,0.03,-0.01,1.07,-1.07,0.95,-0.46,104176
167762,0.05,1.02,0.10,-2.56,2.29,-1.46,0.03,-0.01,1.07,-1.07,0.79,-0.06,101857
167774,0.05,1.02,0.10,-2.44,2.14,-1.31,0.03,-0.01,1.07,-1.07,0.49,-0.18,103154
167786,0.05,1.02,0.10,-2.66,2.23,-1.50,0.03,-0.01,1.07,-1.19,0.79,-0.31,101036
167797,0.05,1.02,0.10,-2.41,2.04,-1.43,0.03,-0.01,1.07,-1.07,0.46,-0.12,96373
167810,0.05,1.02,0.10,-2.47,2.20,-1.22,0.03,-0.01,1.07,-1.04,0.89,-0.27,98603
167821,0.05,1.02,0.10,-2.47,2.44,-1.28,0.03,-0.01,1.07,-1.13,0.67,-0.12,101362
167833,0.05,1.02,0.10,-2.26,2.11,-1.10,0.03,-0.01,1.07,-1.13,0.49,-0.12,104372
167844,0.05,1.02,0.10,-2.11,2.17,-1.43,0.03,-0.01,1.07,-1.01,0.76,-0.43,98619
167856,0.05,1.02,0.10,-2.29,2.20,-1.50,0.03,-0.01,1.07,-1.04,0.58,-0.40,96111
167868,0.05,1.02,0.10,-1.89,2.26,-1.43,0.03,-0.01,1.07,-1.13,0.55,-0.43,99251
167879,0.05,1.02,0.10,-2.23,2.01,-1.43,0.03,-0.01,1.07,-0.92,0.79,-0.18,101557
167891,0.05,1.02,0.10,-2.17,2.29,-1.37,0.03,-0.01,1.07,-1.07,0.52,-0.31,102270
167903,0.05,1.02,0.10,-2.29,2.17,-1.50,0.03,-0.01,1.07,-0.82,0.82,-0.31,103625
167915,0.05,1.02,0.11,-2.04,2.26,-1.46,0.03,-0.01,1.07,-1.07,0.82,-0.37,101582
167926,0.05,1.02,0.11,-1.56,2.14,-1.56,0.03,-0.01,1.07,-1.04,0.76,-0.31,100382
167939,0.05,1.02,0.10,-1.74,2.23,-1.65,0.03,-0.01,1.07,-1.28,0.43,-0.24,100863
167950,0.05,1.02,0.10,-1.74,2.26,-1.68,0.03,-0.01,1.07,-1.22,0.89,-0.46,99459
167961,0.05,1.02,0.10,-1.53,2.11,-1.83,0.03,-0.01,1.07,-1.13,0.67,-0.40,100993
167973,0.05,1.02,0.10,-1.56,2.11,-1.62,0.03,-0.01,1.07,-1.16,0.55,-0.31,101690
167985,0.05,1.02,0.10,-1.86,2.38,-1.59,0.03,-0.01,1.07,-1.22,0.73,-0.21,102015
167997,0.05,1.02,0.10,-1.98,2.17,-1.53,0.03,-0.01,1.07,-1.10,0.89,-0.43,99908
168008,0.05,1.02,0.10,-1.68,2.26,-1.22,0.03,-0.01,1.07,-1.01,0.76,-0.06,101285
168020,0.05,1.02,0.10,-1.98,2.32,-1.19,0.03,-0.01,1.07,-0.73,0.92,-0.21,101891
168032,0.05,1.02,0.10,-2.17,2.11,-1.50,0.03,-0.01,1.07,-1.16,0.82,-0.27,102888
168043,0.05,1.02,0.10,-2.17,1.98,-1.31,0.03,-0.01,1.07,-1.13,0.76,-0.15,103511
168055,0.05,1.02,0.10,-2.01,2.32,-1.40,0.03,-0.01,1.07,-0.95,0.61,-0.27,102521
168067,0.05,1.02,0.10,-2.14,2.04,-1.19,0.03,-0.01,1.07,-0.98,0.64,0.06,102356
168079,0.05,1.02,0.10,-2.23,2.29,-1.22,0.03,-0.01,1.07,-1.04,1.01,-0.12,100679
168090,0.05,1.02,0.10,-2.32,2.35,-1.59,0.03,-0.01,1.07,-1.10,0.70,-0.21,104123
168102,0.05,1.02,0.10,-2.32,2.23,-1.10,0.03,-0.01,1.07,-1.01,0.58,-0.37,104770
168114,0.05,1.02,0.10,-2.23,2.17,-1.31,0.03,-0.01,1.07,-1.07,0.70,-0.12,103365
168125,0.05,1.02,0.10,-2.11,2.32,-1.40,0.03,-0.01,1.07,-0.95,0.49,-0.21,101908
168137,0.05,1.02,0.10,-2.32,2.23,-1.46,0.03,-0.01,1.07,-0.98,0.76,-0.24,99955
168148,0.05,1.02,0.10,-2.08,2.47,-1.40,0.03,-0.01,1.07,-1.01,0.64,-0.58,100619
168161,0.05,1.02,0.10,-2.04,2.23,-1.56,0.03,-0.01,1.07,-1.22,0.64,-0.46,104036
168172,0.05,1.02,0.10,-2.08,2.08,-1.56,0.03,-0.01,1.07,-1.13,0.70,-0.43,105923
168184,0.05,1.02,0.10,-2.04,2.41,-1.80,0.03,-0.01,1.07,-1.31,0.67,-0.34,104600
168196,0.05,1.02,0.10,-1.92,2.50,-1.59,0.03,-0.01,1.07,-1.31,0.46,-0.27,102146
168207,0.05,1.02,0.10,-1.98,2.11,-1.71,0.03,-0.01,1.07,-1.13,0.61,-0.24,98169
168219,0.05,1.02,0.10,-2.29,2.01,-1.56,0.03,-0.01,1.07,-1.31,0.76,-0.37,99953
168230,0.05,1.02,0.10,-2.17,2.32,-1.40,0.03,-0.01,1.07,-1.16,0.55,0.00,100056
168243,0.05,1.02,0.10,-2.35,2.23,-1.56,0.03,-0.01,1.07,-0.92,0.70,-0.46,97296
168254,0.05,1.02,0.10,-2.53,2.44,-1.37,0.03,-0.01,1.07,-1.01,1.16,-0.43,99342
168266,0.05,1.02,0.10,-2.69,2.08,-1.50,0.03,-0.01,1.07,-1.10,0.64,-0.21,100510
168278,0.05,1.02,0.10,-2.66,2.04,-1.50,0.03,-0.01,1.07,-1.10,0.79,-0.55,102879
168290,0.05,1.02,0.10,-2.47,2.17,-1.56,0.03,-0.01,1.07,-1.31,0.61,-0.52,101347
168301,0.05,1.02,0.10,-2.78,2.38,-1.40,0.03,-0.01,1.07,-1.16,0.70,-0.31,101920
168312,0.05,1.02,0.10,-2.99,2.04,-1.22,0.03,-0.01,1.07,-0.73,0.64,-0.12,101990
168325,0.05,1.02,0.10,-2.56,2.08,-1.34,0.03,-0.01,1.07,-1.07,0.82,-0.21,102124
168336,0.05,1.02,0.10,-2.75,2.20,-1.28,0.03,-0.01,1.07,-1.22,0.61,-0.40,100558
168348,0.05,1.02,0.10,-2.81,2.17,-1.28,0.03,-0.01,1.07,-1.16,0.61,-0.43,97778
168359,0.05,1.02,0.10,-2.84,2.20,-1.37,0.03,-0.01,1.07,-1.04,0.98,-0.24,98854
168372,0.05,1.02,0.10,-2.84,2.11,-1.28,0.03,-0.01,1.07,-0.82,0.70,-0.43,102729
168383,0.05,1.02,0.10,-2.56,2.14,-1.40,0.03,-0.01,1.07,-1.10,0.79,-0.27,102557
168394,0.05,1.02,0.10,-2.44,2.11,-1.40,0.03,-0.01,1.07,-1.01,0.67,-0.21,104020
168407,0.05,1.02,0.11,-2.23,2.26,-1.74,0.03,-0.01,1.07,-1.04,0.73,-0.21,103374
168418,0.05,1.02,0.11,-2.32,2.23,-1.53,0.03,-0.01,1.07,-1.10,0.64,-0.21,101535
168430,0.05,1.02,0.10,-2.59,2.23,-1.40,0.03,-0.01,1.07,-1.16,0.79,-0.43,99111
168441,0.05,1.02,0.10,-2.35,2.29,-1.22,0.03,-0.01,1.07,-1.25,0.70,-0.46,101775
168454,0.05,1.02,0.10,-2.32,2.38,-1.59,0.03,-0.01,1.07,-1.16,0.61,-0.12,102568
168465,0.05,1.02,0.10,-2.17,2.11,-1.62,0.03,-0.01,1.07,-1.13,0.55,-0.06,102995
168476,0.05,1.02,0.10,-2.04,2.17,-1.56,0.03,-0.01,1.07,-1.13,0.67,-0.34,101154
168488,0.05,1.02,0.10,-1.86,2.11,-1.71,0.03,-0.01,1.07,-1.04,0.79,-0.31,96478
168500,0.05,1.02,0.10,-2.35,2.20,-1.50,0.03,-0.01,1.07,-1.31,0.89,-0.46,97452
168512,0.05,1.02,0.11,-2.29,2.23,-1.53,0.03,-0.01,1.07,-0.92,0.79,-0.12,99117
168523,0.05,1.02,0.11,-2.14,2.26,-1.22,0.03,-0.01,1.07,-1.07,0.89,-0.18,100347
168536,0.05,1.02,0.10,-2.41,1.98,-1.37,0.03,-0.01,1.07,-1.25,0.73,-0.18,102732
168547,0.05,1.02,0.10,-2.29,2.29,-1.53,0.03,-0.01,1.07,-1.01,0.58,-0.18,101713
168558,0.05,1.02,0.10,-2.29,2.04,-1.40,0.03,-0.01,1.07,-1.07,0.92,-0.15,101674
168570,0.05,1.02,0.10,-2.14,2.14,-1.43,0.03,-0.01,1.07,-1.28,0.58,-0.18,99274
168582,0.05,1.02,0.10,-2.29,2.23,-1.13,0.03,-0.01,1.07,-1.04,0.79,-0.46,99513
168594,0.05,1.02,0.10,-2.08,2.08,-1.40,0.03,-0.01,1.07,-0.82,0.76,-0.49,98604
168605,0.05,1.02,0.10,-2.41,1.95,-1.34,0.03,-0.01,1.07,-1.34,0.64,-0.37,99788
168617,0.05,1.02,0.10,-2.08,2.11,-1.19,0.03,-0.01,1.07,-1.31,0.76,-0.46,101489
168629,0.05,1.02,0.10,-2.08,2.29,-1.50,0.03,-0.01,1.07,-1.07,0.52,-0.27,98899
168640,0.05,1.02,0.10,-2.01,2.17,-1.34,0.03,-0.01,1.07,-1.07,0.73,-0.58,99418
168652,0.05,1.02,0.10,-1.95,2.14,-1.43,0.03,-0.01,1.07,-0.98,0.70,-0.15,99000
168664,0.05,1.02,0.10,-2.01,2.11,-1.50,0.03,-0.01,1.07,-1.16,0.76,-0.24,98761
168676,0.05,1.02,0.10,-1.62,2.08,-1.46,0.03,-0.01,1.07,-1.13,0.76,-0.55,98371
168687,0.05,1.02,0.10,-1.92,2.29,-1.10,0.03,-0.01,1.07,-1.07,0.67,-0.37,100080
168699,0.05,1.02,0.10,-1.89,2.29,-1.71,0.03,-0.01,1.07,-1.22,0.40,-0.52,103282
168711,0.05,1.02,0.10,-1.71,2.23,-1.25,0.03,-0.01,1.07,-1.43,0.73,-0.21,104699
168723,0.05,1.02,0.10,-1.98,2.08,-1.53,0.03,-0.01,1.07,-1.10,0.82,-0.18,98838
168734,0.05,1.02,0.10,-1.77,2.20,-1.68,0.03,-0.01,1.07,-1.19,0.67,-0.34,96215
168745,0.05,1.02,0.10,-1.92,2.23,-1.40,0.03,-0.01,1.07,-1.07,0.52,-0.31,100987
168758,0.05,1.02,0.10,-2.08,2.35,-1.46,0.03,-0.01,1.07,-0.95,0.67,-0.46,101305
168769,0.05,1.02,0.10,-2.08,2.38,-1.62,0.03,-0.01,1.07,-1.01,0.73,-0.46,99884
168781,0.05,1.02,0.10,-2.20,2.17,-1.22,0.03,-0.01,1.07,-1.19,0.61,-0.03,96249
168793,0.05,1.02,0.10,-2.01,2.17,-1.31,0.03,-0.01,1.07,-0.85,0.79,-0.34,98195
168805,0.05,1.02,0.10,-2.11,2.17,-1.40,0.03,-0.01,1.07,-0.89,0.52,-0.49,101762
168816,0.05,1.02,0.10,-1.95,2.08,-1.22,0.03,-0.01,1.07,-1.13,0.76,0.09,101032
168827,0.05,1.02,0.10,-2.56,2.14,-1.34,0.03,-0.01,1.07,-0.92,0.55,-0.43,102264
168840,0.05,1.02,0.10,-2.26,2.29,-1.28,0.03,-0.01,1.07,-1.28,0.76,-0.40,103161
168851,0.05,1.02,0.10,-2.14,2.11,-1.40,0.03,-0.01,1.07,-1.13,0.89,-0.31,102892
168863,0.05,1.02,0.10,-2.47,2.29,-1.43,0.03,-0.01,1.07,-0.98,0.49,-0.18,101455
168875,0.05,1.02,0.10,-2.35,2.11,-1.37,0.03,-0.01,1.07,-0.98,0.73,-0.40,100415
168887,0.05,1.02,0.10,-2.23,2.35,-1.43,0.03,-0.01,1.07,-1.07,0.85,-0.12,102029
168898,0.05,1.02,0.10,-2.35,2.29,-1.28,0.03,-0.01,1.07,-1.16,0.76,-0.52,101427
168909,0.05,1.02,0.10,-2.35,2.11,-1.43,0.03,-0.01,1.07,-1.13,0.73,-0.37,101188
168922,0.05,1.02,0.10,-2.38,2.26,-1.65,0.03,-0.01,1.07,-0.85,0.67,-0.12,100428
168933,0.05,1.02,0.10,-2.38,2.11,-1.68,0.03,-0.01,1.07,-1.53,0.67,-0.09,99634
168945,0.05,1.02,0.10,-2.50,2.08,-1.40,0.03,-0.01,1.07,-1.07,0.79,-0.24,101871
168956,0.05,1.02,0.10,-2.23,2.53,-1.43,0.03,-0.01,1.07,-0.85,0.52,-0.27,102136
168969,0.05,1.02,0.10,-2.23,2.04,-1.31,0.03,-0.01,1.07,-1.37,0.76,-0.27,97890
168980,0.05,1.02,0.10,-2.23,2.11,-1.37,0.03,-0.01,1.07,-1.19,0.85,-0.12,99706
168991,0.05,1.02,0.10,-2.41,2.11,-1.40,0.03,-0.01,1.07,-1.13,0.67,-0.40,103813
169004,0.05,1.02,0.10,-2.23,2.17,-1.37,0.03,-0.01,1.07,-1.25,0.58,-0.40,102892
169015,0.05,1.02,0.10,-2.38,2.26,-1.71,0.03,-0.01,1.07,-1.07,0.67,-0.34,101916
169027,0.05,1.02,0.10,-2.41,2.14,-1.28,0.03,-0.01,1.07,-1.04,0.89,-0.34,101392
169038,0.05,1.02,0.10,-2.59,2.11,-1.40,0.03,-0.01,1.07,-1.19,0.52,-0.18,101293
169051,0.05,1.02,0.10,-2.47,2.11,-1.43,0.03,-0.01,1.07,-1.04,0.73,-0.31,99696
169062,0.05,1.02,0.10,-2.62,2.32,-1.16,0.03,-0.01,1.07,-1.34,0.64,-0.27,100221
169074,0.05,1.02,0.10,-2.47,2.29,-1.37,0.03,-0.01,1.07,-1.13,0.82,-0.15,100348
169085,0.05,1.02,0.10,-2.72,2.26,-1.59,0.03,-0.01,1.07,-1.13,0.76,-0.31,103376
169097,0.05,1.02,0.10,-2.59,2.01,-1.40,0.03,-0.01,1.07,-1.16,0.82,-0.40,104218
169109,0.05,1.02,0.10,-2.53,2.35,-1.46,0.03,-0.01,1.07,-0.92,0.82,-0.12,101267
169120,0.05,1.02,0.10,-2.53,2.11,-1.16,0.03,-0.01,1.07,-1.04,0.79,-0.37,99543
169133,0.05,1.02,0.10,-2.47,2.35,-1.50,0.03,-0.01,1.07,-1.13,0.79,-0.21,101579
169144,0.05,1.02,0.10,-2.50,2.20,-1.37,0.03,-0.01,1.07,-1.04,0.67,-0.43,100603
169156,0.05,1.02,0.10,-2.29,2.11,-1.59,0.03,-0.01,1.07,-0.98,0.70,-0.18,96238
169167,0.05,1.02,0.11,-2.35,2.23,-1.28,0.03,-0.01,1.07,-1.01,0.64,-0.34,99706
169179,0.05,1.02,0.10,-2.29,2.35,-1.56,0.03,-0.01,1.07,-1.25,0.82,-0.27,102713
169191,0.05,1.02,0.11,-2.11,2.23,-1.31,0.03,-0.01,1.07,-0.82,0.89,-0.09,105326
169202,0.05,1.02,0.11,-2.44,2.17,-1.34,0.03,-0.01,1.07,-1.07,0.61,-0.34,102839
169214,0.05,1.02,0.11,-1.98,2.20,-1.89,0.03,-0.01,1.07,-1.22,0.98,-0.61,98867
169226,0.05,1.02,0.11,-2.23,2.50,-1.71,0.03,-0.01,1.07,-1.07,0.95,-0.21,98237
169238,0.05,1.02,0.11,-2.04,2.01,-1.53,0.03,-0.01,1.07,-1.10,0.73,-0.24,99528
169249,0.05,1.02,0.10,-1.92,2.32,-1.53,0.03,-0.01,1.07,-1.13,0.92,-0.34,100372
169261,0.05,1.02,0.10,-2.08,2.23,-1.31,0.03,-0.01,1.07,-1.22,1.07,-0.18,103037
169273,0.05,1.02,0.10,-1.89,2.23,-1.37,0.03,-0.01,1.07,-1.10,0.76,-0.21,101400
169284,0.05,1.02,0.10,-2.35,2.01,-1.37,0.03,-0.01,1.07,-1.34,0.61,-0.15,99567
169296,0.05,1.02,0.10,-2.14,2.26,-1.43,0.03,-0.01,1.07,-1.04,0.76,-0.24,100199
169308,0.05,1.02,0.10,-2.01,2.20,-1.31,0.03,-0.01,1.07,-1.13,0.73,-0.06,100288
169320,0.05,1.02,0.10,-2.41,2.20,-1.25,0.03,-0.01,1.07,-1.10,0.61,-0.21,102377
169331,0.05,1.02,0.10,-2.17,2.29,-1.46,0.03,-0.01,1.07,-1.16,0.79,-0.40,101498
169342,0.05,1.02,0.10,-2.29,2.29,-1.43,0.03,-0.01,1.07,-0.89,1.04,-0.31,97424
169355,0.05,1.02,0.10,-2.23,2.17,-1.31,0.03,-0.01,1.07,-1.13,0.98,-0.21,97646
169366,0.05,1.02,0.11,-2.14,2.11,-1.22,0.03,-0.01,1.07,-1.16,0.58,-0.31,98199
169378,0.05,1.02,0.10,-2.11,2.20,-1.31,0.03,-0.01,1.07,-1.13,0.70,-0.27,99253
169390,0.05,1.02,0.10,-2.23,2.23,-1.25,0.03,-0.01,1.07,-1.25,0.98,-0.37,99743
169402,0.05,1.02,0.11,-2.11,2.23,-1.43,0.03,-0.01,1.07,-1.19,0.67,-0.37,100469
169413,0.05,1.02,0.11,-2.01,2.29,-1.31,0.03,-0.01,1.07,-1.04,0.70,-0.12,97858
169424,0.05,1.02,0.10,-1.80,2.26,-1.53,0.03,-0.01,1.07,-1.16,0.95,-0.27,97571
169437,0.05,1.02,0.10,-2.17,2.29,-1.62,0.03,-0.01,1.07,-1.07,0.89,-0.46,99533
169448,0.05,1.02,0.11,-2.01,2.14,-1.56,0.03,-0.01,1.07,-1.22,0.64,0.00,103570
169460,0.05,1.02,0.10,-1.95,2.23,-1.46,0.03,-0.01,1.07,-1.07,0.76,-0.31,104208
169472,0.05,1.02,0.10,-1.95,2.32,-1.37,0.03,-0.01,1.07,-1.16,0.73,-0.49,103320
169484,0.05,1.02,0.10,-1.98,2.23,-1.22,0.03,-0.01,1.07,-1.19,0.82,-0.34,102847
169495,0.05,1.02,0.10,-1.98,2.20,-1.34,0.03,-0.01,1.07,-0.89,0.58,-0.40,103685
169507,0.05,1.02,0.10,-1.89,2.32,-1.53,0.03,-0.01,1.07,-1.04,0.61,-0.31,103230
169519,0.05,1.02,0.10,-2.08,2.38,-1.53,0.03,-0.01,1.07,-0.82,0.79,-0.06,103929
169530,0.05,1.02,0.10,-1.92,2.29,-1.28,0.03,-0.01,1.07,-1.01,0.52,-0.40,104752
169542,0.05,1.02,0.10,-2.38,2.08,-1.46,0.03,-0.01,1.07,-1.13,0.70,-0.43,103073
169553,0.05,1.02,0.10,-2.44,1.98,-1.16,0.03,-0.01,1.07,-1.28,0.82,-0.18,104075
169566,0.05,1.02,0.10,-2.17,2.35,-1.34,0.03,-0.01,1.07,-1.16,0.70,-0.18,103726
169577,0.05,1.02,0.10,-2.32,2.23,-1.53,0.03,-0.01,1.07,-1.01,1.01,-0.15,100554
169589,0.05,1.02,0.10,-2.47,2.08,-1.37,0.03,-0.01,1.07,-1.07,0.52,-0.34,99743
169601,0.05,1.02,0.10,-2.50,2.20,-1.31,0.03,-0.01,1.07,-1.04,0.67,-0.34,99680
169612,0.05,1.02,0.10,-2.35,2.35,-1.31,0.03,-0.01,1.07,-1.07,0.73,-0.06,103345
169624,0.05,1.02,0.10,-2.53,2.23,-1.37,0.03,-0.01,1.07,-0.95,0.70,-0.31,103860
169635,0.05,1.02,0.10,-2.47,2.35,-1.28,0.03,-0.01,1.07,-1.07,0.64,-0.24,102878
169648,0.05,1.02,0.10,-2.23,2.26,-1.46,0.03,-0.01,1.07,-1.01,0.92,-0.49,103449
169659,0.05,1.02,0.10,-2.44,2.23,-1.53,0.03,-0.01,1.07,-1.22,0.64,-0.21,104572
169671,0.05,1.02,0.10,-2.50,2.23,-1.40,0.03,-0.01,1.07,-0.92,0.55,-0.43,101550
169682,0.05,1.02,0.10,-2.47,2.23,-1.59,0.03,-0.01,1.07,-0.92,0.73,-0.40,96696
169694,0.05,1.02,0.10,-2.17,2.08,-1.31,0.03,-0.01,1.07,-0.92,0.79,-0.58,96854
169706,0.05,1.02,0.10,-2.29,2.26,-1.56,0.03,-0.01,1.07,-1.16,0.76,-0.43,98836
169717,0.05,1.02,0.10,-2.35,2.26,-1.50,0.03,-0.01,1.07,-1.22,0.82,-0.37,102020
169730,0.05,1.02,0.10,-2.29,2.20,-1.71,0.03,-0.01,1.07,-0.98,0.79,-0.18,104494
169741,0.05,1.02,0.10,-2.32,2.14,-1.50,0.03,-0.01,1.07,-1.22,0.31,-0.34,97911
169753,0.05,1.02,0.10,-2.29,2.14,-1.53,0.03,-0.01,1.07,-1.19,0.61,-0.49,100422
169764,0.05,1.02,0.10,-2.50,2.23,-1.46,0.03,-0.01,1.07,-0.95,0.58,-0.37,104591
169777,0.05,1.02,0.10,-2.50,2.26,-1.56,0.03,-0.01,1.07,-1.19,0.64,-0.52,101857
169788,0.05,1.02,0.10,-2.44,2.41,-1.62,0.03,-0.01,1.07,-1.37,0.67,-0.27,98686
169799,0.05,1.02,0.10,-2.38,2.23,-1.62,0.03,-0.01,1.07,-1.10,0.73,0.00,98933
169811,0.05,1.02,0.10,-2.32,2.14,-1.53,0.03,-0.01,1.07,-0.98,0.61,-0.34,97919
169823,0.05,1.02,0.10,-2.47,2.26,-1.25,0.03,-0.01,1.07,-1.07,0.61,-0.49,100944
169835,0.05,1.02,0.10,-2.59,2.01,-1.71,0.03,-0.01,1.07,-1.16,0.79,-0.34,100846
169846,0.05,1.02,0.10,-2.32,2.14,-1.56,0.03,-0.01,1.07,-1.10,0.70,-0.31,101098
169859,0.05,1.02,0.10,-2.59,2.08,-1.25,0.03,-0.01,1.07,-1.19,0.64,-0.15,100516
169870,0.05,1.02,0.10,-2.38,2.32,-1.22,0.03,-0.01,1.07,-1.07,0.55,-0.64,100956
169881,0.05,1.02,0.10,-2.23,2.04,-1.50,0.03,-0.01,1.07,-0.98,0.67,-0.27,104536
169893,0.05,1.02,0.10,-2.29,2.20,-1.37,0.03,-0.01,1.07,-1.10,0.79,-0.49,105011
169905,0.05,1.02,0.11,-2.20,2.17,-1.25,0.03,-0.01,1.07,-1.07,0.70,-0.34,101090
169917,0.05,1.02,0.11,-2.32,2.01,-1.46,0.03,-0.01,1.07,-0.95,0.70,-0.09,102151
169928,0.05,1.02,0.11,-2.17,2.35,-1.53,0.03,-0.01,1.07,-1.16,0.82,-0.34,103684
169940,0.05,1.02,0.11,-2.14,2.04,-1.53,0.03,-0.01,1.07,-1.10,0.89,-0.21,102224
169952,0.05,1.02,0.11,-2.11,2.26,-1.68,0.03,-0.01,1.07,-1.22,0.64,-0.06,99199
169963,0.05,1.02,0.10,-1.89,2.26,-1.40,0.03,-0.01,1.07,-1.13,0.70,-0.49,99087
169975,0.05,1.02,0.11,-2.11,2.35,-1.89,0.03,-0.01,1.07,-1.16,0.67,-0.37,101769
169987,0.05,1.02,0.10,-1.92,2.08,-1.46,0.03,-0.01,1.07,-0.92,0.73,-0.18,103542
169999,0.05,1.02,0.10,-2.04,2.11,-1.40,0.03,-0.01,1.07,-1.19,0.70,-0.21,103392
170010,0.05,1.02,0.10,-1.92,1.92,-1.31,0.03,-0.01,1.07,-1.22,0.79,-0.18,101179
170022,0.05,1.02,0.10,-1.98,2.26,-1.31,0.03,-0.01,1.07,-0.95,0.58,-0.27,98759
170034,0.05,1.02,0.10,-1.98,2.29,-1.71,0.03,-0.01,1.07,-0.92,0.79,-0.49,101611
170045,0.05,1.02,0.10,-2.01,2.20,-1.53,0.03,-0.01,1.07,-1.04,0.55,-0.49,101806
170057,0.05,1.02,0.10,-2.08,2.20,-1.34,0.03,-0.01,1.07,-1.04,0.61,0.00,99698
170068,0.05,1.02,0.10,-2.26,2.32,-1.40,0.03,-0.01,1.07,-0.85,0.61,-0.31,101701
170081,0.05,1.02,0.10,-2.08,2.08,-1.50,0.03,-0.01,1.07,-1.25,0.70,-0.18,101167
170092,0.05,1.02,0.10,-2.32,2.35,-1.43,0.03,-0.01,1.07,-1.28,0.61,-0.46,99422
170104,0.05,1.02,0.10,-2.23,2.26,-1.10,0.03,-0.01,1.07,-1.46,0.70,-0.31,101840
170116,0.05,1.02,0.10,-2.23,2.23,-1.31,0.03,-0.01,1.07,-1.10,0.89,-0.34,103046
170128,0.05,1.02,0.10,-2.11,2.20,-1.22,0.03,-0.01,1.07,-1.01,0.70,-0.34,102131
170139,0.05,1.02,0.10,-2.08,2.32,-1.07,0.03,-0.01,1.07,-1.19,0.98,-0.12,100361
170150,0.05,1.02,0.10,-2.17,2.14,-1.31,0.03,-0.01,1.07,-1.07,0.55,-0.46,101004
170163,0.05,1.02,0.10,-1.98,2.38,-1.25,0.03,-0.01,1.07,-1.16,0.55,-0.15,102131
170174,0.05,1.02,0.10,-2.20,2.29,-1.31,0.03,-0.01,1.07,-1.04,0.52,-0.18,101513
170186,0.05,1.02,0.10,-2.08,2.35,-1.19,0.03,-0.01,1.07,-1.10,0.64,-0.15,101060
170198,0.05,1.02,0.10,-1.95,2.14,-1.59,0.03,-0.01,1.07,-1.37,1.10,-0.15,99336
170210,0.05,1.02,0.10,-2.04,2.11,-1.31,0.03,-0.01,1.07,-1.07,0.52,-0.37,99960
170221,0.05,1.02,0.10,-2.14,2.04,-1.34,0.03,-0.01,1.07,-1.28,0.67,-0.21,100250
170232,0.05,1.02,0.10,-1.98,2.20,-1.50,0.03,-0.01,1.07,-0.98,0.79,-0.43,100267
170245,0.05,1.02,0.10,-2.20,2.04,-1.46,0.03,-0.01,1.07,-1.40,0.67,-0.24,100895
170256,0.05,1.02,0.10,-2.11,2.26,-1.65,0.03,-0.01,1.07,-1.22,0.79,-0.37,103485
170268,0.05,1.02,0.10,-2.35,2.23,-1.56,0.03,-0.01,1.07,-0.95,0.70,-0.40,100291
170279,0.05,1.02,0.10,-2.20,2.14,-1.46,0.03,-0.01,1.07,-1.22,0.73,-0.40,102169
170292,0.05,1.02,0.10,-2.23,2.38,-1.56,0.03,-0.01,1.07,-1.31,0.76,-0.12,103627
170303,0.05,1.02,0.10,-2.44,2.20,-1.34,0.03,-0.01,1.07,-1.16,0.52,0.00,103654
170314,0.05,1.02,0.10,-2.44,2.04,-1.37,0.03,-0.01,1.07,-1.13,0.67,-0.37,102637
170327,0.05,1.02,0.10,-2.17,2.08,-1.40,0.03,-0.01,1.07,-1.37,0.82,-0.37,99797
170338,0.05,1.02,0.10,-2.35,2.23,-1.50,0.03,-0.01,1.07,-1.16,0.73,-0.21,100304
170350,0.05,1.02,0.10,-2.72,2.14,-1.37,0.03,-0.01,1.07,-1.22,0.76,-0.18,99006
170361,0.05,1.02,0.10,-2.44,2.32,-1.31,0.03,-0.01,1.07,-1.01,0.67,-0.21,101029
170374,0.05,1.02,0.10,-2.62,2.17,-1.46,0.03,-0.01,1.07,-1.13,0.58,-0.24,100301
170385,0.05,1.02,0.10,-2.62,2.14,-1.74,0.03,-0.01,1.07,-1.16,0.70,-0.18,99123
170396,0.05,1.02,0.10,-2.41,2.26,-1.65,0.03,-0.01,1.07,-1.01,0.64,-0.21,99233
170408,0.05,1.02,0.10,-2.41,2.26,-1.50,0.03,-0.01,1.07,-1.37,0.61,-0.21,102187
170420,0.05,1.02,0.10,-2.32,2.23,-1.40,0.03,-0.01,1.07,-1.25,0.67,-0.03,103246
170432,0.05,1.02,0.10,-2.32,2.04,-1.37,0.03,-0.01,1.07,-0.98,0.67,-0.34,100198
170443,0.05,1.02,0.10,-2.41,2.23,-1.53,0.03,-0.01,1.07,-0.95,0.79,-0.34,99520
170456,0.05,1.02,0.10,-2.35,2.20,-1.50,0.03,-0.01,1.07,-0.92,0.73,-0.18,99030
170467,0.05,1.02,0.10,-2.29,2.20,-1.59,0.03,-0.01,1.07,-1.01,0.76,-0.34,99288
170478,0.05,1.02,0.10,-2.20,2.17,-1.46,0.03,-0.01,1.07,-1.10,0.46,-0.27,97397
170490,0.05,1.02,0.10,-2.17,2.11,-1.53,0.03,-0.01,1.07,-1.19,0.55,-0.31,98166
170502,0.05,1.02,0.10,-2.17,2.35,-1.40,0.03,-0.01,1.07,-1.16,0.95,-0.40,101265
170514,0.05,1.02,0.10,-2.35,2.08,-1.43,0.03,-0.01,1.07,-1.13,0.70,-0.27,99849
170525,0.05,1.02,0.10,-2.20,2.23,-1.40,0.03,-0.01,1.07,-1.10,0.61,-0.31,100641
170537,0.05,1.02,0.10,-2.38,2.20,-1.46,0.03,-0.01,1.07,-1.40,0.58,-0.18,98762
170549,0.05,1.02,0.10,-2.38,2.23,-1.46,0.03,-0.01,1.07,-0.89,0.76,-0.18,97793
170561,0.05,1.02,0.10,-2.47,2.01,-1.28,0.03,-0.01,1.07,-1.16,0.55,-0.24,101318
170572,0.05,1.02,0.10,-2.29,2.17,-1.40,0.03,-0.01,1.07,-1.16,0.49,-0.21,102259
170584,0.05,1.02,0.10,-2.44,2.32,-1.53,0.03,-0.01,1.07,-0.82,0.76,-0.40,101328
170596,0.05,1.02,0.10,-2.41,2.29,-1.43,0.03,-0.01,1.07,-1.10,0.67,-0.37,100505
170607,0.05,1.02,0.10,-2.44,2.14,-1.50,0.03,-0.01,1.07,-1.07,0.76,-0.34,99266
170619,0.05,1.02,0.11,-2.11,2.23,-1.22,0.03,-0.01,1.07,-1.16,0.73,-0.40,98992
170631,0.05,1.02,0.10,-2.17,2.32,-1.65,0.03,-0.01,1.07,-1.34,0.73,-0.34,100217
170643,0.05,1.02,0.10,-2.23,2.35,-1.50,0.03,-0.01,1.07,-1.13,0.92,-0.34,102094
170654,0.05,1.02,0.10,-2.23,2.32,-1.46,0.03,-0.01,1.07,-1.04,0.98,-0.43,100249
170665,0.05,1.02,0.10,-2.32,2.20,-1.40,0.03,-0.01,1.07,-1.07,0.61,-0.31,100967
170678,0.05,1.02,0.10,-2.14,2.23,-1.25,0.03,-0.01,1.07,-1.13,0.55,-0.58,102978
170689,0.05,1.02,0.10,-2.08,2.23,-1.16,0.03,-0.01,1.07,-1.04,0.43,-0.24,101939
170701,0.05,1.02,0.10,-1.95,2.17,-1.22,0.03,-0.01,1.07,-1.19,0.55,-0.40,101198
170713,0.05,1.02,0.10,-1.89,2.04,-1.43,0.03,-0.01,1.07,-1.25,0.76,-0.37,100083
170725,0.05,1.02,0.10,-2.20,2.26,-1.53,0.03,-0.01,1.07,-1.16,0.92,-0.31,101579
170736,0.05,1.02,0.10,-1.92,2.29,-1.37,0.03,-0.01,1.07,-1.25,0.76,-0.34,102289
170747,0.05,1.02,0.10,-2.17,2.32,-1.25,0.03,-0.01,1.07,-1.07,0.55,-0.18,98458
170760,0.05,1.02,0.10,-2.01,1.98,-1.37,0.03,-0.01,1.07,-1.25,0.67,-0.24,96311
170771,0.05,1.02,0.10,-2.11,2.11,-1.46,0.03,-0.01,1.07,-1.19,0.76,-0.09,99303
170783,0.05,1.02,0.10,-2.14,2.38,-1.53,0.03,-0.01,1.07,-1.16,0.46,-0.34,98113
170795,0.05,1.02,0.10,-1.98,2.26,-1.65,0.03,-0.01,1.07,-0.92,0.79,-0.21,99375
170807,0.05,1.02,0.10,-1.89,2.26,-1.37,0.03,-0.01,1.07,-1.01,0.64,-0.21,100690
170818,0.05,1.02,0.10,-2.14,2.14,-1.28,0.03,-0.01,1.07,-0.95,0.49,-0.43,101618
170829,0.05,1.02,0.10,-2.17,2.17,-1.56,0.03,-0.01,1.07,-1.13,0.82,-0.40,102110
170842,0.05,1.02,0.10,-2.47,2.29,-1.50,0.03,-0.01,1.07,-1.04,0.70,-0.31,103004
170853,0.05,1.02,0.10,-2.38,2.08,-1.01,0.03,-0.01,1.07,-1.07,0.70,-0.46,103923
170865,0.05,1.02,0.10,-2.32,2.23,-1.37,0.03,-0.01,1.07,-1.13,0.49,0.03,103262
170876,0.05,1.02,0.10,-2.17,2.23,-1.37,0.03,-0.01,1.07,-1.13,0.76,-0.21,104278
170889,0.05,1.02,0.10,-2.44,1.95,-1.28,0.03,-0.01,1.07,-1.04,0.79,-0.46,100792
170900,0.05,1.02,0.10,-2.44,2.29,-1.37,0.03,-0.01,1.07,-1.04,0.55,-0.43,99108
170912,0.05,1.02,0.10,-2.32,2.17,-1.50,0.03,-0.01,1.07,-0.79,0.73,-0.37,102927
170924,0.05,1.02,0.10,-2.32,2.26,-1.53,0.03,-0.01,1.07,-0.95,0.67,-0.15,103648
170935,0.05,1.02,0.10,-2.38,2.20,-1.46,0.03,-0.01,1.07,-1.22,0.79,-0.43,100500
170947,0.05,1.02,0.10,-2.44,2.17,-1.53,0.03,-0.01,1.07,-1.34,0.55,-0.37,98809
170958,0.05,1.02,0.10,-2.08,2.14,-1.53,0.03,-0.01,1.07,-1.19,0.79,-0.18,99745
170971,0.05,1.02,0.10,-2.17,2.17,-1.56,0.03,-0.01,1.07,-1.10,0.67,-0.37,101253
170982,0.05,1.02,0.10,-2.26,2.26,-1.34,0.03,-0.01,1.07,-1.37,0.64,-0.27,104758
170994,0.05,1.02,0.10,-2.14,2.20,-1.46,0.03,-0.01,1.07,-1.07,0.64,-0.43,104307
171005,0.05,1.02,0.10,-2.38,2.14,-1.34,0.03,-0.01,1.07,-1.13,0.85,-0.24,101623
171017,0.05,1.02,0.10,-2.32,2.17,-1.68,0.03,-0.01,1.07,-1.16,0.70,-0.09,100425
171029,0.05,1.02,0.10,-2.44,2.23,-1.65,0.03,-0.01,1.07,-1.31,0.58,-0.46,98051
171040,0.05,1.02,0.10,-2.41,2.29,-1.59,0.03,-0.01,1.07,-1.16,0.70,-0.31,98388
171053,0.05,1.02,0.10,-2.53,2.17,-1.65,0.03,-0.01,1.07,-0.98,0.89,-0.52,101500
171064,0.05,1.02,0.10,-2.53,1.95,-1.22,0.03,-0.01,1.07,-1.19,0.76,-0.18,101551
171076,0.05,1.02,0.10,-2.23,2.23,-1.56,0.03,-0.01,1.07,-1.19,0.67,-0.31,101782
171087,0.05,1.02,0.10,-2.29,2.32,-1.34,0.03,-0.01,1.07,-1.31,0.79,-0.12,101348
171099,0.05,1.02,0.10,-2.44,2.20,-1.37,0.03,-0.01,1.07,-0.95,0.58,-0.24,97480
171111,0.05,1.02,0.10,-2.41,2.32,-1.68,0.03,-0.01,1.07,-1.25,0.79,-0.27,99849
171122,0.05,1.02,0.10,-2.53,2.35,-1.31,0.03,-0.01,1.07,-0.95,0.79,-0.40,102588
171134,0.05,1.02,0.10,-2.53,2.32,-1.37,0.03,-0.01,1.07,-1.04,0.70,-0.40,104551
171146,0.05,1.02,0.10,-2.66,2.29,-1.07,0.03,-0.01,1.07,-1.13,0.79,-0.18,104582
171158,0.05,1.02,0.10,-2.56,2.26,-1.43,0.03,-0.01,1.07,-1.16,0.85,-0.27,102132
171169,0.05,1.02,0.10,-2.20,2.01,-1.62,0.03,-0.01,1.07,-0.89,0.67,-0.27,101551
171181,0.05,1.02,0.10,-2.23,2.29,-1.34,0.03,-0.01,1.07,-0.98,0.92,-0.18,101315
171193,0.05,1.02,0.10,-2.29,2.44,-1.22,0.03,-0.01,1.07,-1.13,0.64,-0.55,100848
171204,0.05,1.02,0.10,-2.11,2.23,-1.56,0.03,-0.01,1.07,-1.13,0.73,-0.31,100565
171216,0.05,1.02,0.10,-1.89,2.20,-1.59,0.03,-0.01,1.07,-1.19,0.58,-0.27,99333
171228,0.05,1.02,0.10,-2.01,2.29,-1.31,0.03,-0.01,1.07,-1.16,0.67,-0.31,101188
171240,0.05,1.02,0.10,-2.35,2.01,-1.25,0.03,-0.01,1.07,-1.13,0.67,-0.43,101072
171251,0.05,1.02,0.10,-1.92,2.17,-1.68,0.03,-0.01,1.07,-1.16,0.92,-0.34,101080
171262,0.05,1.02,0.10,-2.32,2.32,-1.68,0.03,-0.01,1.07,-1.10,0.43,-0.55,103260
171275,0.05,1.02,0.10,-2.01,2.32,-1.43,0.03,-0.01,1.07,-0.92,0.70,-0.46,103724
171286,0.05,1.02,0.11,-2.08,2.29,-1.50,0.03,-0.01,1.07,-1.04,0.67,-0.21,102560
171298,0.05,1.02,0.11,-2.53,2.14,-1.43,0.03,-0.01,1.07,-1.13,0.79,-0.37,101949
171310,0.05,1.02,0.10,-1.89,2.23,-1.56,0.03,-0.01,1.07,-1.04,0.92,-0.27,100693
171322,0.05,1.02,0.10,-1.98,2.38,-1.46,0.03,-0.01,1.07,-1.16,0.98,-0.27,99895
171333,0.05,1.02,0.10,-2.29,2.32,-1.31,0.03,-0.01,1.07,-1.07,0.67,-0.43,98648
171344,0.05,1.02,0.10,-2.01,2.23,-1.46,0.03,-0.01,1.07,-1.22,0.61,-0.43,95581
171357,0.05,1.02,0.10,-2.20,2.11,-1.62,0.03,-0.01,1.07,-0.95,0.73,-0.31,95353
171368,0.05,1.02,0.10,-2.17,2.26,-1.10,0.03,-0.01,1.07,-0.89,0.85,-0.21,98565
171380,0.05,1.02,0.10,-2.35,2.17,-1.16,0.03,-0.01,1.07,-1.16,0.98,-0.37,101428
171392,0.05,1.02,0.10,-2.11,2.20,-1.59,0.03,-0.01,1.07,-1.16,0.85,-0.49,101136
171404,0.05,1.02,0.10,-2.20,2.17,-1.34,0.03,-0.01,1.07,-0.98,0.55,-0.37,101283
171415,0.05,1.02,0.10,-2.20,2.26,-1.31,0.03,-0.01,1.07,-1.13,0.64,-0.49,99846
171427,0.05,1.02,0.10,-1.77,2.11,-1.50,0.03,-0.01,1.07,-1.34,0.52,-0.52,101385
171439,0.05,1.02,0.10,-2.29,2.32,-1.19,0.03,-0.01,1.07,-1.10,0.79,-0.27,100766
171450,0.05,1.02,0.10,-1.89,2.32,-1.34,0.03,-0.01,1.07,-1.37,0.89,-0.37,101745
171462,0.05,1.02,0.10,-2.29,2.38,-1.53,0.03,-0.01,1.07,-1.04,0.79,-0.24,103711
171473,0.05,1.02,0.10,-1.95,2.23,-1.53,0.03,-0.01,1.07,-1.01,0.73,-0.24,101356
171486,0.05,1.02,0.10,-1.83,2.14,-1.43,0.03,-0.01,1.07,-0.98,0.85,-0.21,102344
171497,0.05,1.02,0.10,-1.98,2.20,-1.37,0.03,-0.01,1.07,-1.22,0.76,-0.46,105935
171509,0.05,1.02,0.10,-2.04,2.23,-1.46,0.03,-0.01,1.07,-1.10,0.67,-0.27,105268
171521,0.05,1.02,0.10,-2.04,2.17,-1.46,0.03,-0.01,1.07,-1.25,0.73,-0.46,101107
171532,0.05,1.02,0.10,-1.89,2.17,-1.56,0.03,-0.01,1.07,-1.40,0.61,-0.21,100517
171544,0.05,1.02,0.10,-1.98,1.98,-1.53,0.03,-0.01,1.07,-1.01,0.58,-0.58,101910
171555,0.05,1.02,0.10,-2.23,2.20,-1.59,0.03,-0.01,1.07,-1.04,0.70,-0.31,99609
171568,0.05,1.02,0.10,-2.44,2.17,-1.34,0.03,-0.01,1.07,-1.10,0.61,-0.34,99911
171579,0.05,1.02,0.10,-2.26,2.11,-1.59,0.03,-0.01,1.07,-1.40,0.82,-0.27,102609
171591,0.05,1.02,0.10,-2.35,2.01,-1.50,0.03,-0.01,1.07,-1.13,0.73,-0.18,101254
171602,0.05,1.02,0.10,-2.20,2.08,-1.25,0.03,-0.01,1.07,-1.22,0.76,-0.43,99170
171614,0.05,1.02,0.10,-2.35,2.08,-1.46,0.03,-0.01,1.07,-1.10,0.49,-0.24,98249
171626,0.05,1.02,0.10,-2.35,2.23,-1.59,0.03,-0.01,1.07,-1.22,0.89,-0.37,102503
171637,0.05,1.02,0.10,-2.35,2.29,-1.40,0.03,-0.01,1.07,-1.19,0.52,-0.46,100960
171650,0.05,1.02,0.10,-2.38,2.38,-1.31,0.03,-0.01,1.07,-0.98,0.61,-0.15,99548
171661,0.05,1.02,0.10,-2.32,2.29,-1.19,0.03,-0.01,1.07,-1.07,0.79,-0.15,96644
171673,0.05,1.02,0.10,-2.17,2.11,-1.59,0.03,-0.01,1.07,-1.04,0.52,-0.31,97273
171684,0.05,1.02,0.10,-2.53,2.14,-1.68,0.03,-0.01,1.07,-1.40,0.61,-0.12,101316
171697,0.05,1.02,0.10,-2.23,2.20,-1.25,0.03,-0.01,1.07,-1.16,0.79,-0.12,101059
171708,0.05,1.02,0.10,-2.50,2.17,-1.37,0.03,-0.01,1.07,-1.04,0.64,-0.24,100760
171719,0.05,1.02,0.10,-2.38,2.32,-1.53,0.03,-0.01,1.07,-1.13,0.89,-0.46,100977
171731,0.05,1.02,0.10,-2.41,2.20,-1.50,0.03,-0.01,1.07,-1.19,0.92,-0.43,99604
171743,0.05,1.02,0.10,-2.35,2.38,-1.50,0.03,-0.01,1.07,-1.19,0.76,-0.34,101314
171755,0.05,1.02,0.10,-2.35,2.26,-1.53,0.03,-0.01,1.07,-1.22,0.76,-0.24,102786
171766,0.05,1.02,0.10,-2.44,1.98,-1.19,0.03,-0.01,1.07,-1.34,0.73,-0.61,100349
171779,0.05,1.02,0.10,-2.38,1.98,-1.37,0.03,-0.01,1.07,-0.95,0.95,-0.21,102420
171790,0.05,1.02,0.10,-2.41,2.35,-1.74,0.03,-0.01,1.07,-1.10,0.76,-0.21,104759
171801,0.05,1.02,0.10,-2.35,2.47,-1.50,0.03,-0.01,1.07,-1.04,0.73,-0.12,105021
171813,0.05,1.02,0.10,-2.23,2.17,-1.68,0.03,-0.01,1.07,-1.04,0.73,-0.18,102635
171825,0.05,1.02,0.10,-2.29,2.11,-1.25,0.03,-0.01,1.07,-1.07,0.70,-0.27,104624
171837,0.05,1.02,0.10,-2.56,2.20,-1.59,0.03,-0.01,1.07,-1.13,0.89,-0.49,105664
171848,0.05,1.02,0.10,-2.32,2.17,-1.34,0.03,-0.01,1.07,-1.25,0.76,-0.34,101525
171860,0.05,1.02,0.10,-2.41,2.17,-1.34,0.03,-0.01,1.07,-1.13,0.92,-0.24,101249
171872,0.05,1.02,0.10,-2.26,2.29,-1.46,0.03,-0.01,1.07,-0.95,0.61,-0.27,100886
171883,0.05,1.02,0.10,-2.47,2.26,-1.28,0.03,-0.01,1.07,-1.07,0.70,-0.37,95713
171895,0.05,1.02,0.10,-2.41,2.23,-1.46,0.03,-0.01,1.07,-1.01,0.92,-0.31,99735
171907,0.05,1.02,0.10,-2.23,2.17,-1.46,0.03,-0.01,1.07,-0.98,0.79,-0.24,111657
171919,0.05,1.02,0.11,-1.62,2.50,-2.29,0.03,-0.01,1.07,-1.25,0.67,-0.24,111924
171930,0.05,1.02,0.11,-1.65,1.98,-1.86,0.03,-0.01,1.07,-1.10,0.70,0.06,104659
171942,0.05,1.02,0.10,-1.34,1.77,-0.89,0.03,-0.01,1.07,-1.04,0.70,-0.46,96254
171954,0.05,1.02,0.10,-2.56,1.86,-1.34,0.03,-0.01,1.07,-0.89,0.85,-0.34,74135
171965,0.05,1.03,0.10,-2.11,1.53,-0.98,0.03,-0.01,1.07,-1.01,0.82,-0.46,23228
171977,0.05,1.02,0.10,-3.78,1.71,-1.56,0.03,-0.01,1.07,-1.10,0.98,-0.34,16741531
171988,0.06,1.00,0.10,-4.91,1.86,-2.66,0.03,-0.01,1.07,-1.07,0.79,-0.27,16682422
172001,0.05,1.01,0.11,-2.56,1.89,-2.04,0.03,-0.01,1.07,-1.34,0.85,-0.34,16643200
172012,0.05,1.03,0.11,0.27,2.04,-0.67,0.03,-0.01,1.07,-1.40,0.98,-0.24,16633069
172024,0.05,1.03,0.12,1.56,1.89,-1.16,0.03,-0.01,1.07,-0.70,0.82,-0.06,16633630
172036,0.05,1.03,0.11,-1.10,2.32,-1.19,0.03,-0.01,1.07,-0.82,0.67,-0.46,16633992
172048,0.05,1.02,0.10,-3.27,2.23,-1.77,0.03,-0.01,1.07,-0.95,0.64,-0.58,16633759
172059,0.05,1.01,0.10,-3.97,2.14,-1.92,0.03,-0.01,1.07,-0.92,0.64,-0.24,16633148
172070,0.05,1.02,0.10,-3.14,2.23,-1.43,0.03,-0.01,1.07,-0.76,0.58,-0.46,16634790
172083,0.05,1.03,0.11,-1.13,2.26,-1.25,0.03,-0.01,1.07,-1.07,0.76,-0.40,16635254
172094,0.05,1.03,0.11,-1.01,2.47,-0.98,0.03,-0.01,1.07,-1.37,0.85,-0.34,16635208
172106,0.05,1.02,0.10,-2.20,2.11,-1.37,0.03,-0.01,1.07,-1.13,0.43,-0.15,16634656
172118,0.05,1.02,0.10,-3.36,2.32,-1.80,0.03,-0.01,1.07,-1.40,0.79,-0.09,16632610
172130,0.05,1.02,0.10,-2.99,2.08,-1.34,0.03,-0.01,1.07,-0.95,0.92,-0.37,16632098
172141,0.05,1.02,0.11,-1.98,1.95,-1.59,0.03,-0.01,1.07,-1.07,0.82,-0.40,16633355
172152,0.05,1.03,0.11,-1.46,2.01,-1.37,0.03,-0.01,1.07,-1.40,0.79,-0.37,16634048
172165,0.05,1.02,0.10,-2.01,2.41,-1.19,0.03,-0.01,1.07,-1.19,0.52,-0.40,16630488
172176,0.05,1.02,0.10,-2.78,2.08,-1.34,0.03,-0.01,1.07,-1.04,0.76,-0.34,16632573
172188,0.05,1.02,0.10,-2.90,2.35,-1.59,0.03,-0.01,1.07,-1.13,0.61,-0.52,16632243
172199,0.05,1.02,0.11,-2.35,2.14,-1.53,0.03,-0.01,1.07,-0.85,0.52,-0.40,16632038
172212,0.05,1.02,0.11,-1.68,2.14,-1.07,0.03,-0.01,1.07,-0.92,0.70,-0.31,16631505
172223,0.05,1.02,0.11,-2.04,2.59,-1.56,0.03,-0.01,1.07,-1.07,0.82,-0.40,16631555
172235,0.05,1.02,0.10,-2.59,2.14,-1.40,0.03,-0.01,1.07,-1.22,0.67,-0.27,16632861
172247,0.05,1.02,0.10,-2.69,2.23,-1.53,0.03,-0.01,1.07,-1.22,0.70,-0.27,16632184
172258,0.05,1.02,0.10,-2.44,2.04,-1.22,0.03,-0.01,1.07,-1.07,0.61,-0.31,16633848
172270,0.05,1.02,0.11,-1.83,2.11,-1.34,0.03,-0.01,1.07,-1.04,0.67,-0.37,16634792
172281,0.05,1.02,0.11,-2.08,2.38,-1.53,0.03,-0.01,1.07,-1.16,0.82,-0.06,16634332
172294,0.05,1.02,0.10,-2.53,2.01,-1.46,0.03,-0.01,1.07,-1.01,0.85,-0.37,16636059
172305,0.05,1.02,0.10,-2.50,2.08,-1.34,0.03,-0.01,1.07,-1.16,0.67,-0.15,16637188
172317,0.05,1.02,0.11,-2.26,2.32,-1.53,0.03,-0.01,1.07,-1.31,0.64,-0.34,16634563
172328,0.05,1.02,0.11,-2.20,2.29,-1.19,0.03,-0.01,1.07,-0.95,0.79,-0.09,16631998
172340,0.05,1.02,0.11,-2.01,2.04,-1.19,0.03,-0.01,1.07,-0.89,0.73,-0.58,16632554
172352,0.05,1.02,0.10,-2.44,2.20,-1.37,0.03,-0.01,1.07,-1.19,1.01,-0.21,16633254
172363,0.05,1.02,0.10,-2.44,2.20,-1.46,0.03,-0.01,1.07,-1.25,0.64,-0.12,16634837
172376,0.05,1.02,0.10,-2.32,1.98,-1.43,0.03,-0.01,1.07,-1.10,0.67,-0.34,16633461
172387,0.05,1.02,0.10,-2.17,2.14,-1.40,0.03,-0.01,1.07,-0.98,0.70,-0.21,16633036
172399,0.05,1.02,0.10,-2.01,2.26,-1.43,0.03,-0.01,1.07,-1.22,0.61,-0.61,16631087
172410,0.05,1.02,0.10,-2.32,2.44,-1.65,0.03,-0.01,1.07,-1.01,0.79,-0.31,16634546
172422,0.05,1.02,0.11,-2.53,2.20,-1.40,0.03,-0.01,1.07,-1.22,0.79,-0.09,16633429
172434,0.05,1.02,0.11,-2.14,2.29,-1.34,0.03,-0.01,1.07,-1.07,0.58,-0.46,16633711
172445,0.05,1.02,0.11,-2.14,2.26,-1.34,0.03,-0.01,1.07,-1.01,0.79,-0.46,16635378
172457,0.05,1.02,0.10,-2.04,2.14,-1.65,0.03,-0.01,1.07,-1.13,0.58,-0.43,16635679
172469,0.05,1.02,0.10,-2.17,2.01,-1.46,0.03,-0.01,1.07,-1.07,0.67,-0.27,16635097
172481,0.05,1.02,0.10,-2.35,2.20,-1.25,0.03,-0.01,1.07,-1.16,0.89,-0.49,16636657
172492,0.05,1.02,0.11,-2.20,2.01,-1.31,0.03,-0.01,1.07,-1.31,0.85,-0.24,16633768
172505,0.05,1.02,0.11,-2.44,2.11,-1.50,0.03,-0.01,1.07,-1.07,0.64,-0.43,16632868
172516,0.05,1.02,0.11,-2.26,2.35,-1.83,0.03,-0.01,1.07,-1.22,0.85,-0.27,16633905
172527,0.05,1.02,0.10,-2.29,2.38,-1.28,0.03,-0.01,1.07,-1.04,0.67,-0.37,16634253
172539,0.05,1.02,0.11,-2.17,2.29,-1.43,0.03,-0.01,1.07,-0.95,0.67,-0.24,16635225
172551,0.05,1.02,0.11,-2.08,2.26,-1.37,0.03,-0.01,1.07,-0.85,0.64,-0.34,16633932
172563,0.05,1.02,0.11,-1.92,2.44,-1.53,0.03,-0.01,1.07,-1.28,0.49,-0.27,16633066
172574,0.05,1.02,0.10,-2.29,2.17,-1.34,0.03,-0.01,1.07,-1.13,0.61,-0.31,16632388
172587,0.05,1.02,0.10,-2.35,2.14,-1.43,0.03,-0.01,1.07,-1.10,0.70,-0.24,16632064
172598,0.05,1.02,0.10,-2.41,2.11,-1.16,0.03,-0.01,1.07,-1.13,0.79,-0.40,16631234
172609,0.05,1.02,0.10,-2.32,2.35,-1.50,0.03,-0.01,1.07,-1.25,0.79,-0.09,16633655
172621,0.05,1.02,0.10,-2.14,2.08,-1.34,0.03,-0.01,1.07,-1.10,0.76,-0.24,16635748
172633,0.05,1.02,0.11,-2.01,2.23,-1.46,0.03,-0.01,1.07,-1.22,0.73,-0.03,16634389
172645,0.05,1.02,0.10,-2.26,2.23,-1.40,0.03,-0.01,1.07,-1.04,0.73,-0.24,16633269
172656,0.05,1.02,0.10,-2.44,2.26,-1.59,0.03,-0.01,1.07,-0.98,0.67,-0.46,16633853
172668,0.05,1.02,0.10,-2.14,2.11,-1.37,0.03,-0.01,1.07,-1.25,0.73,-0.55,16634445
172680,0.05,1.02,0.11,-2.08,2.29,-1.28,0.03,-0.01,1.07,-1.16,0.89,-0.09,16634170
172692,0.05,1.02,0.10,-2.32,2.29,-1.68,0.03,-0.01,1.07,-1.13,0.37,-0.31,16635431
172703,0.05,1.02,0.10,-2.35,2.38,-1.43,0.03,-0.01,1.07,-1.07,0.76,-0.15,16633821
172715,0.05,1.02,0.10,-2.29,2.20,-1.50,0.03,-0.01,1.07,-1.16,0.67,-0.43,16633558
172727,0.05,1.02,0.10,-2.35,2.08,-1.31,0.03,-0.01,1.07,-1.25,0.92,-0.43,16631709
172738,0.05,1.02,0.10,-1.92,2.01,-1.62,0.03,-0.01,1.07,-1.13,0.58,-0.40,16631332
172750,0.05,1.02,0.10,-1.98,2.01,-1.53,0.03,-0.01,1.07,-0.92,0.61,-0.40,16631661
172762,0.05,1.02,0.10,-2.26,2.14,-1.46,0.03,-0.01,1.07,-1.13,0.70,-0.40,16636225
172774,0.05,1.02,0.10,-2.29,2.41,-1.34,0.03,-0.01,1.07,-1.19,0.64,-0.37,16637261
172785,0.05,1.02,0.10,-2.17,2.26,-1.53,0.03,-0.01,1.07,-1.19,0.52,-0.43,16633686
172796,0.05,1.02,0.10,-2.26,2.23,-1.40,0.03,-0.01,1.07,-1.19,0.61,-0.21,16631323
172809,0.05,1.02,0.11,-2.20,2.26,-1.77,0.03,-0.01,1.07,-1.01,0.52,-0.49,16633713
172820,0.05,1.02,0.10,-2.41,2.20,-1.37,0.03,-0.01,1.07,-0.95,0.79,-0.43,16636154
172832,0.05,1.02,0.10,-2.41,2.01,-1.25,0.03,-0.01,1.07,-1.28,0.61,-0.34,16632936
172844,0.05,1.02,0.10,-2.23,2.14,-1.50,0.03,-0.01,1.07,-1.01,0.89,-0.37,16633535
172856,0.05,1.02,0.10,-2.26,2.17,-1.40,0.03,-0.01,1.07,-1.19,0.73,-0.24,16634328
172867,0.05,1.02,0.10,-2.23,2.23,-1.37,0.03,-0.01,1.07,-1.07,0.64,-0.24,16634857
172879,0.05,1.02,0.10,-2.47,2.14,-1.22,0.03,-0.01,1.07,-1.13,0.64,-0.58,16632870
172891,0.05,1.02,0.10,-2.29,2.29,-1.68,0.03,-0.01,1.07,-1.10,0.79,-0.64,16632037
172902,0.05,1.02,0.10,-2.29,2.32,-1.65,0.03,-0.01,1.07,-1.19,0.46,-0.43,16631165
172914,0.05,1.02,0.10,-2.29,2.20,-1.53,0.03,-0.01,1.07,-1.04,0.82,-0.49,16632178
172925,0.05,1.02,0.10,-2.08,1.89,-1.53,0.03,-0.01,1.07,-1.10,0.85,-0.06,16634102
172938,0.05,1.02,0.10,-1.98,2.32,-1.62,0.03,-0.01,1.07,-1.16,0.52,-0.58,16634906
172949,0.05,1.02,0.10,-2.47,2.26,-1.62,0.03,-0.01,1.07,-1.01,0.79,-0.34,16635090
172961,0.05,1.02,0.10,-2.17,2.32,-1.53,0.03,-0.01,1.07,-1.10,0.89,-0.49,16634227
172973,0.05,1.02,0.10,-2.29,2.41,-1.28,0.03,-0.01,1.07,-0.95,0.95,-0.37,16631633
172984,0.05,1.02,0.10,-2.20,2.20,-1.25,0.03,-0.01,1.07,-1.01,0.64,-0.34,16632639
172996,0.05,1.02,0.10,-2.20,2.11,-1.50,0.03,-0.01,1.07,-1.07,0.67,-0.31,16634769
173007,0.05,1.02,0.11,-2.23,2.08,-1.68,0.03,-0.01,1.07,-1.16,0.70,-0.31,16634720
173020,0.05,1.02,0.11,-2.35,2.44,-1.25,0.03,-0.01,1.07,-1.13,0.79,-0.43,16633830
173031,0.05,1.02,0.11,-2.44,2.17,-1.31,0.03,-0.01,1.07,-1.22,0.85,-0.12,16635643
173043,0.05,1.02,0.11,-2.29,2.26,-1.56,0.03,-0.01,1.07,-1.01,0.92,-0.09,16635057
173054,0.05,1.02,0.10,-2.38,2.08,-1.43,0.03,-0.01,1.07,-1.10,0.64,-0.37,16630699
173067,0.05,1.02,0.10,-2.08,2.44,-1.53,0.03,-0.01,1.07,-0.98,0.67,-0.31,16631278
173078,0.05,1.02,0.10,-2.44,2.11,-1.56,0.03,-0.01,1.07,-0.92,0.58,-0.24,16633482
173089,0.05,1.02,0.10,-2.26,2.29,-1.37,0.03,-0.01,1.07,-1.25,0.67,-0.40,16634478
173102,0.05,1.02,0.10,-2.23,2.14,-1.31,0.03,-0.01,1.07,-1.07,0.73,-0.24,16636284
173113,0.05,1.02,0.10,-2.04,2.14,-1.43,0.03,-0.01,1.07,-0.98,0.70,-0.18,16634366
173125,0.05,1.02,0.10,-2.20,2.17,-1.43,0.03,-0.01,1.07,-0.85,0.70,-0.34,16636677
173136,0.05,1.02,0.10,-2.35,2.50,-1.53,0.03,-0.01,1.07,-1.07,0.85,-0.40,16635305
173149,0.05,1.02,0.11,-2.20,2.29,-1.53,0.03,-0.01,1.07,-0.89,0.43,-0.31,16633700
173160,0.05,1.02,0.10,-2.29,2.20,-1.25,0.03,-0.01,1.07,-0.95,0.64,-0.34,16635750
173171,0.05,1.02,0.10,-2.11,2.23,-1.16,0.03,-0.01,1.07,-1.01,0.98,-0.40,16637275
173184,0.05,1.02,0.10,-2.04,2.17,-1.50,0.03,-0.01,1.07,-1.07,0.85,-0.34,16635938
173195,0.05,1.02,0.10,-2.44,2.20,-1.19,0.03,-0.01,1.07,-1.01,0.79,-0.21,16633487
173207,0.05,1.02,0.10,-2.23,2.20,-1.31,0.03,-0.01,1.07,-1.04,0.61,-0.43,16633535
173218,0.05,1.02,0.10,-2.32,2.14,-1.62,0.03,-0.01,1.07,-1.31,0.89,-0.34,16632684
173231,0.05,1.02,0.10,-2.41,2.29,-1.28,0.03,-0.01,1.07,-1.13,0.64,-0.21,16632344
173242,0.05,1.02,0.10,-2.53,2.23,-1.37,0.03,-0.01,1.07,-1.04,0.82,-0.58,16631908
173254,0.05,1.02,0.10,-2.14,2.08,-1.62,0.03,-0.01,1.07,-1.22,0.64,-0.37,16633953
173265,0.05,1.02,0.10,-2.11,2.23,-1.68,0.03,-0.01,1.07,-1.25,0.64,-0.24,16633225
173277,0.05,1.02,0.11,-2.35,2.29,-1.53,0.03,-0.01,1.07,-1.04,0.92,-0.40,16633222
173289,0.05,1.02,0.11,-1.95,2.32,-1.25,0.03,-0.01,1.07,-1.13,0.85,-0.24,16633264
173300,0.05,1.02,0.11,-1.71,2.20,-1.31,0.03,-0.01,1.07,-1.13,0.58,-0.27,16632873
173313,0.05,1.02,0.10,-1.92,2.26,-1.53,0.03,-0.01,1.07,-1.28,0.61,-0.34,16633540
173324,0.05,1.02,0.10,-2.35,2.08,-1.13,0.03,-0.01,1.07,-1.04,0.70,-0.27,16631910
173336,0.05,1.02,0.10,-2.56,2.20,-1.37,0.03,-0.01,1.07,-1.19,0.67,-0.43,16631602
173347,0.05,1.02,0.10,-1.92,2.17,-1.59,0.03,-0.01,1.07,-1.25,0.46,-0.55,16633222
173359,0.05,1.02,0.11,-1.53,2.35,-1.46,0.03,-0.01,1.07,-1.07,0.67,-0.18,16631917
173371,0.05,1.02,0.11,-1.16,2.08,-0.95,0.03,-0.01,1.07,-1.01,0.92,-0.31,16630126
173382,0.05,1.02,0.11,-1.56,2.38,-1.10,0.03,-0.01,1.07,-1.10,0.37,-0.31,16633136
173394,0.05,1.02,0.10,-2.11,2.32,-1.43,0.03,-0.01,1.07,-0.95,0.82,-0.24,16632900
173406,0.05,1.02,0.10,-2.56,2.23,-1.40,0.03,-0.01,1.07,-0.85,0.52,-0.18,16630963
173418,0.05,1.02,0.10,-3.02,2.32,-1.68,0.03,-0.01,1.07,-1.13,0.79,-0.37,16631430
173429,0.05,1.02,0.10,-2.32,2.17,-1.40,0.03,-0.01,1.07,-1.07,0.61,-0.21,16633086
173442,0.05,1.02,0.10,-2.11,2.26,-1.37,0.03,-0.01,1.07,-1.07,0.52,-0.27,16634625
173453,0.05,1.02,0.10,-2.75,2.44,-1.80,0.03,-0.01,1.07,-0.85,0.95,-0.34,16633368
173464,0.05,1.02,0.10,-3.27,2.29,-1.31,0.03,-0.01,1.07,-1.31,0.70,-0.58,16633512
173476,0.05,1.02,0.10,-2.50,2.29,-1.28,0.03,-0.01,1.07,-0.92,0.61,-0.34,16634318
173488,0.05,1.03,0.11,-1.28,2.29,-1.25,0.03,-0.01,1.07,-0.89,0.89,-0.34,16634389
173500,0.05,1.03,0.11,-1.04,2.32,-0.85,0.03,-0.01,1.07,-1.40,0.92,-0.46,16632460
173511,0.05,1.02,0.10,-1.89,2.23,-1.31,0.03,-0.01,1.07,-0.95,0.46,-0.09,16630407
173523,0.05,1.02,0.10,-3.08,2.35,-1.65,0.03,-0.01,1.07,-1.10,0.76,-0.31,16631888
173535,0.05,1.02,0.10,-3.42,2.14,-1.77,0.03,-0.01,1.07,-0.98,0.64,-0.15,16632940
173546,0.05,1.02,0.10,-2.41,2.38,-1.53,0.03,-0.01,1.07,-1.10,1.04,-0.43,16632894
173558,0.05,1.02,0.11,-1.83,2.29,-1.46,0.03,-0.01,1.07,-1.19,0.92,-0.40,16635025
173570,0.05,1.03,0.11,-0.82,1.89,-1.50,0.03,-0.01,1.07,-1.04,0.52,-0.27,16634550
173582,0.05,1.02,0.11,-1.19,1.71,-1.16,0.03,-0.01,1.07,-1.25,0.89,-0.15,16634688
173593,0.05,1.02,0.10,-2.26,2.08,-1.46,0.03,-0.01,1.07,-0.95,1.01,-0.03,16633025
173605,0.05,1.02,0.10,-2.20,2.44,-1.19,0.03,-0.01,1.07,-0.95,0.73,-0.31,16633182
173617,0.05,1.03,0.11,-1.22,2.17,-1.01,0.03,-0.01,1.07,-0.98,0.73,-0.21,16633929
173629,0.05,1.03,0.11,-0.61,2.04,-0.98,0.03,-0.01,1.07,-0.76,0.49,-0.58,16633160
173640,0.05,1.02,0.11,-0.85,2.23,-0.89,0.03,-0.01,1.07,-1.01,0.70,-0.15,16634391
173651,0.05,1.02,0.10,-2.23,2.44,-1.16,0.03,-0.01,1.07,-1.34,0.89,-0.21,16634329
173664,0.05,1.02,0.10,-2.50,2.32,-1.53,0.03,-0.01,1.07,-1.04,0.73,-0.43,16635973
173675,0.06,1.02,0.10,-2.84,2.26,-1.16,0.03,-0.01,1.07,-1.07,0.70,-0.34,16635084
173687,0.05,1.02,0.10,-2.38,2.32,-1.46,0.03,-0.01,1.07,-1.19,0.61,-0.40,16632016
173699,0.05,1.02,0.10,-1.56,2.20,-1.62,0.03,-0.01,1.07,-1.40,0.37,0.06,16633949
173711,0.05,1.02,0.11,-1.01,2.93,-0.82,0.03,-0.01,1.07,-1.43,0.89,-0.21,16633953
173722,0.05,1.03,0.11,-0.37,2.90,-1.07,0.03,-0.01,1.07,-1.16,0.85,-0.09,16630959
173733,0.05,1.03,0.10,-0.67,2.23,-1.01,0.03,-0.01,1.07,-0.89,0.67,-0.37,16633808
173746,0.05,1.02,0.10,-2.26,2.29,-1.37,0.03,-0.01,1.07,-1.37,0.64,-0.43,16634473
173757,0.06,1.01,0.09,-4.39,2.11,-2.17,0.03,-0.01,1.07,-1.07,0.89,-0.18,16634087
173769,0.06,1.01,0.10,-4.00,2.20,-1.80,0.03,-0.01,1.07,-1.16,0.64,-0.37,16635307
173780,0.06,1.02,0.11,-1.83,1.80,-1.80,0.03,-0.01,1.07,-1.01,0.82,-0.34,16635716
173793,0.05,1.03,0.11,-0.55,1.95,-1.28,0.03,-0.01,1.07,-0.95,0.52,-0.21,16630877
173804,0.05,1.03,0.11,-0.95,1.92,-1.13,0.03,-0.01,1.07,-1.19,0.76,-0.15,16632013
173815,0.05,1.02,0.10,-1.80,2.56,-1.19,0.03,-0.01,1.07,-1.28,0.82,-0.34,16633389
173828,0.05,1.02,0.10,-2.62,3.05,-1.40,0.03,-0.01,1.07,-1.13,0.27,-0.18,16634953
173839,0.04,1.02,0.11,-2.38,6.16,-1.28,0.03,-0.01,1.07,-1.19,0.95,-0.27,16634277
173851,0.02,1.03,0.11,-0.67,9.95,-0.76,0.03,-0.01,1.07,-1.19,0.76,-0.15,16634611