time,faccx,faccy,faccz,fgyrx,fgyry,fgyrz,saccx,saccy,saccz,sgyrx,sgyry,sgyrz,load
503564,0.05,1.03,0.12,1.74,1.80,-1.50,0.03,-0.01,1.07,-1.16,0.61,-0.40,16638243
503574,0.05,1.03,0.12,2.69,0.76,-0.70,0.03,-0.01,1.07,-1.25,0.89,-0.46,16637576
503584,0.05,1.03,0.11,1.07,1.83,-0.64,0.03,-0.01,1.07,-1.16,0.61,-0.21,16637382
503595,0.05,1.02,0.11,1.40,1.68,-1.34,0.03,-0.01,1.07,-1.25,0.70,-0.46,16636991
503604,0.06,1.02,0.10,-0.67,0.58,-0.95,0.03,-0.01,1.07,-1.13,0.82,-0.58,16635073
503614,0.05,1.01,0.10,-2.72,2.20,-1.46,0.03,-0.01,1.07,-1.01,0.73,-0.21,16634329
503624,0.05,1.00,0.09,-7.35,2.44,-1.53,0.03,-0.01,1.07,-1.31,0.76,-0.55,16633704
503635,0.05,1.00,0.09,-7.90,3.17,-2.04,0.03,-0.01,1.07,-1.19,0.89,-0.61,16635262
503648,0.05,1.02,0.10,-3.30,1.98,-2.17,0.03,-0.01,1.07,-0.95,0.98,-0.34,16635691
503659,0.05,1.04,0.12,1.10,2.32,-0.85,0.03,-0.01,1.07,-0.89,0.52,-0.37,16636073
503670,0.05,1.04,0.12,0.98,2.04,-0.89,0.03,-0.01,1.07,-1.07,0.73,-0.27,16637142
503683,0.05,1.02,0.10,-3.20,2.20,-1.31,0.03,-0.01,1.07,-1.22,0.64,-0.15,16636471
503694,0.05,1.01,0.09,-5.40,2.26,-1.80,0.03,-0.01,1.07,-0.92,0.92,-0.24,16633774
503706,0.05,1.02,0.10,-3.78,2.17,-1.65,0.03,-0.01,1.07,-1.07,0.64,-0.37,16636137
503717,0.05,1.03,0.11,-0.31,2.23,-1.16,0.03,-0.01,1.07,-1.07,0.64,-0.34,16637447
503730,0.05,1.03,0.11,-0.15,2.01,-1.04,0.03,-0.01,1.07,-1.10,0.58,-0.34,16635822
503741,0.05,1.02,0.10,-2.90,2.29,-1.56,0.03,-0.01,1.07,-1.19,0.79,-0.12,16633807
503752,0.05,1.01,0.10,-4.33,2.20,-1.71,0.03,-0.01,1.07,-1.04,0.70,-0.37,16633295
503764,0.05,1.02,0.10,-2.99,2.04,-1.53,0.03,-0.01,1.07,-0.95,0.64,-0.43,16632813
503776,0.05,1.03,0.11,-0.89,2.04,-1.07,0.03,-0.01,1.07,-1.13,0.43,-0.43,16635074
503788,0.05,1.03,0.11,-0.85,2.20,-1.01,0.03,-0.01,1.07,-1.22,0.70,-0.37,16632082
503799,0.05,1.02,0.10,-2.23,2.29,-1.31,0.03,-0.01,1.07,-1.37,0.76,-0.18,16632734
503812,0.05,1.02,0.10,-3.75,2.14,-1.83,0.03,-0.01,1.07,-1.10,0.58,-0.21,16635424
503823,0.05,1.02,0.10,-3.14,2.11,-1.68,0.03,-0.01,1.07,-1.01,0.92,-0.34,16634895
503834,0.05,1.03,0.11,-1.40,1.92,-1.50,0.03,-0.01,1.07,-0.79,0.67,-0.49,16633644
503846,0.05,1.03,0.11,-1.22,2.23,-1.28,0.03,-0.01,1.07,-0.89,0.89,-0.24,16633359
503858,0.05,1.02,0.10,-2.44,2.04,-1.71,0.03,-0.01,1.07,-1.07,0.82,-0.40,16633171
503870,0.05,1.02,0.10,-3.11,2.20,-1.71,0.03,-0.01,1.07,-0.89,0.85,-0.24,16634195
503881,0.05,1.02,0.10,-2.72,2.14,-1.46,0.03,-0.01,1.07,-1.10,0.52,-0.46,16634833
503894,0.05,1.02,0.11,-1.80,2.14,-1.50,0.03,-0.01,1.07,-1.07,0.52,-0.34,16634077
503905,0.05,1.02,0.11,-1.59,2.41,-1.22,0.03,-0.01,1.07,-1.10,0.61,-0.31,16634286
503917,0.05,1.02,0.10,-2.41,2.17,-1.40,0.03,-0.01,1.07,-1.25,0.73,-0.37,16636779
503928,0.05,1.02,0.10,-2.96,2.14,-1.68,0.03,-0.01,1.07,-1.16,0.76,-0.55,16635065
503940,0.05,1.02,0.10,-2.47,2.17,-1.46,0.03,-0.01,1.07,-1.13,0.76,-0.21,16633089
503952,0.05,1.02,0.11,-1.89,2.17,-1.43,0.03,-0.01,1.07,-0.85,0.49,-0.12,16636020
503963,0.05,1.02,0.11,-1.71,2.20,-1.40,0.03,-0.01,1.07,-1.16,0.58,-0.21,16638338
503975,0.05,1.02,0.10,-2.26,1.92,-1.34,0.03,-0.01,1.07,-1.40,0.85,-0.27,16637764
503987,0.05,1.02,0.10,-2.66,1.95,-1.56,0.03,-0.01,1.07,-1.04,0.73,-0.31,16635598
503999,0.05,1.02,0.10,-2.50,2.32,-1.31,0.03,-0.01,1.07,-0.85,0.67,-0.27,16634118
504010,0.05,1.02,0.11,-1.89,2.20,-1.16,0.03,-0.01,1.07,-1.07,0.55,-0.18,16635330
504022,0.05,1.02,0.11,-1.89,2.11,-1.59,0.03,-0.01,1.07,-1.10,0.58,-0.18,16637360
504034,0.05,1.02,0.10,-2.59,2.38,-1.19,0.03,-0.01,1.07,-1.25,0.70,-0.43,16636371
504045,0.05,1.02,0.10,-2.69,2.04,-1.62,0.03,-0.01,1.07,-1.07,0.73,-0.24,16633379
504057,0.05,1.02,0.10,-2.23,2.08,-1.80,0.03,-0.01,1.07,-1.16,0.67,-0.40,16632271
504069,0.05,1.02,0.11,-1.95,2.01,-1.50,0.03,-0.01,1.07,-0.95,0.70,-0.34,16631885
504081,0.05,1.02,0.11,-1.92,2.01,-1.13,0.03,-0.01,1.07,-1.04,0.76,-0.34,16632712
504092,0.05,1.02,0.10,-2.50,1.98,-1.28,0.03,-0.01,1.07,-1.22,0.58,-0.12,16634453
504104,0.05,1.02,0.10,-2.38,2.20,-1.31,0.03,-0.01,1.07,-1.31,1.01,-0.24,16634628
504116,0.05,1.02,0.10,-2.20,2.17,-1.59,0.03,-0.01,1.07,-1.01,0.89,-0.03,16636082
504127,0.05,1.02,0.10,-1.89,2.01,-1.19,0.03,-0.01,1.07,-1.01,0.82,-0.09,16635261
504139,0.05,1.02,0.11,-1.95,2.04,-1.40,0.03,-0.01,1.07,-0.92,0.79,-0.24,16634051
504151,0.05,1.02,0.10,-2.38,2.04,-1.13,0.03,-0.01,1.07,-0.95,0.73,-0.15,16632948
504163,0.05,1.02,0.10,-2.32,2.14,-1.56,0.03,-0.01,1.07,-1.07,0.55,-0.34,16631631
504174,0.05,1.02,0.10,-2.17,2.17,-1.56,0.03,-0.01,1.07,-0.92,0.85,-0.31,16634106
504186,0.05,1.02,0.10,-2.26,2.41,-1.34,0.03,-0.01,1.07,-1.34,0.58,-0.21,16632891
504198,0.05,1.02,0.10,-2.14,2.14,-1.40,0.03,-0.01,1.07,-1.10,0.49,-0.31,16631335
504209,0.05,1.02,0.10,-2.17,2.26,-1.46,0.03,-0.01,1.07,-0.98,0.67,-0.31,16634699
504221,0.05,1.02,0.11,-2.35,2.14,-1.43,0.03,-0.01,1.07,-1.10,0.70,-0.34,16635525
504232,0.05,1.02,0.10,-2.32,2.20,-1.53,0.03,-0.01,1.07,-1.10,0.49,-0.34,16633280
504245,0.05,1.02,0.10,-2.32,2.17,-1.19,0.03,-0.01,1.07,-0.82,0.67,-0.06,16633077
504256,0.05,1.02,0.10,-2.11,2.08,-1.50,0.03,-0.01,1.07,-1.01,0.89,-0.34,16634374
504268,0.05,1.02,0.10,-1.98,2.01,-1.34,0.03,-0.01,1.07,-1.04,1.01,-0.43,16633130
504280,0.05,1.02,0.10,-2.23,2.23,-1.53,0.03,-0.01,1.07,-1.46,0.85,-0.12,16631924
504291,0.05,1.02,0.10,-2.29,2.04,-1.50,0.03,-0.01,1.07,-0.95,0.61,-0.49,16631111
504303,0.05,1.02,0.10,-2.23,2.11,-1.16,0.03,-0.01,1.07,-1.25,0.70,-0.37,16632871
504314,0.05,1.02,0.10,-2.32,2.32,-1.46,0.03,-0.01,1.07,-1.10,0.85,-0.49,16632355
504327,0.05,1.02,0.10,-2.38,2.29,-1.53,0.03,-0.01,1.07,-1.28,0.61,-0.27,16634027
504338,0.05,1.02,0.11,-2.17,2.17,-1.31,0.03,-0.01,1.07,-1.10,0.58,-0.06,16635276
504350,0.05,1.02,0.10,-2.14,2.26,-1.31,0.03,-0.01,1.07,-1.19,0.55,-0.09,16633027
504361,0.05,1.02,0.11,-2.17,2.17,-1.59,0.03,-0.01,1.07,-0.95,0.89,-0.37,16632330
504374,0.05,1.02,0.11,-2.17,2.23,-1.65,0.03,-0.01,1.07,-0.98,0.82,-0.12,16633301
504385,0.05,1.02,0.11,-2.26,2.26,-1.50,0.03,-0.01,1.07,-0.98,0.55,-0.34,16634053
504396,0.05,1.02,0.11,-2.41,2.23,-1.53,0.03,-0.01,1.07,-1.19,0.67,-0.37,16634645
504409,0.05,1.02,0.10,-2.14,2.41,-1.16,0.03,-0.01,1.07,-0.98,0.64,-0.24,16634370
504420,0.05,1.02,0.11,-2.38,2.20,-1.53,0.03,-0.01,1.07,-1.22,0.58,-0.21,16630548
504432,0.05,1.02,0.10,-2.26,2.14,-1.50,0.03,-0.01,1.07,-1.10,0.76,-0.52,16630516
504443,0.05,1.02,0.11,-2.20,2.29,-1.16,0.03,-0.01,1.07,-1.16,0.67,-0.31,16633472
504456,0.05,1.02,0.11,-2.20,2.35,-1.25,0.03,-0.01,1.07,-0.82,0.61,-0.37,16634532
504467,0.05,1.02,0.11,-2.20,2.29,-1.10,0.03,-0.01,1.07,-1.10,0.52,-0.40,16635614
504478,0.05,1.02,0.11,-2.41,2.29,-1.46,0.03,-0.01,1.07,-0.95,0.73,-0.18,16635201
504491,0.05,1.02,0.11,-2.32,2.11,-1.31,0.03,-0.01,1.07,-0.76,0.73,-0.24,16638385
504502,0.05,1.02,0.11,-2.11,2.20,-1.40,0.03,-0.01,1.07,-1.07,0.64,-0.52,16637362
504514,0.05,1.02,0.11,-2.14,2.14,-1.28,0.03,-0.01,1.07,-1.22,0.64,-0.43,16636440
504525,0.05,1.02,0.10,-2.04,2.04,-1.53,0.03,-0.01,1.07,-1.13,0.85,-0.31,16634784
504538,0.05,1.02,0.10,-2.35,2.20,-1.04,0.03,-0.01,1.07,-0.98,0.46,-0.31,16634625
504549,0.05,1.02,0.10,-2.38,2.32,-1.37,0.03,-0.01,1.07,-1.22,0.92,-0.34,16635502
504560,0.05,1.02,0.10,-2.08,2.20,-1.46,0.03,-0.01,1.07,-0.92,0.70,-0.15,16633898
504572,0.05,1.02,0.10,-2.29,2.08,-1.50,0.03,-0.01,1.07,-0.92,0.85,-0.24,16633911
504584,0.05,1.02,0.10,-2.17,2.23,-1.50,0.03,-0.01,1.07,-1.10,0.73,-0.40,16636200
504596,0.05,1.02,0.10,-2.41,2.32,-1.34,0.03,-0.01,1.07,-0.95,0.73,-0.27,16632606
504607,0.05,1.02,0.10,-2.14,2.29,-1.46,0.03,-0.01,1.07,-1.25,0.61,-0.12,16634222
504620,0.05,1.02,0.10,-2.35,2.23,-1.19,0.03,-0.01,1.07,-1.22,0.89,-0.24,16637145
504631,0.05,1.02,0.10,-2.29,2.38,-1.25,0.03,-0.01,1.07,-0.67,0.76,-0.09,16637961
504643,0.05,1.02,0.10,-2.26,2.38,-1.34,0.03,-0.01,1.07,-1.16,0.70,-0.21,16635140
504654,0.05,1.02,0.10,-2.35,1.95,-1.37,0.03,-0.01,1.07,-1.04,0.79,-0.46,16632235
504666,0.05,1.02,0.10,-2.20,2.41,-1.43,0.03,-0.01,1.07,-1.13,0.67,-0.37,16633202
504678,0.05,1.02,0.10,-1.98,2.14,-1.65,0.03,-0.01,1.07,-1.07,0.67,-0.37,16637488
504689,0.05,1.02,0.10,-2.20,1.92,-1.28,0.03,-0.01,1.07,-1.28,0.82,-0.34,16635356
504701,0.05,1.02,0.10,-2.26,2.04,-1.40,0.03,-0.01,1.07,-0.82,0.67,0.00,16632593
504713,0.05,1.02,0.10,-2.14,2.14,-1.31,0.03,-0.01,1.07,-1.16,0.64,-0.46,16632718
504725,0.05,1.02,0.10,-2.29,2.20,-1.50,0.03,-0.01,1.07,-1.07,0.55,-0.21,16633504
504736,0.05,1.02,0.10,-2.01,2.23,-1.16,0.03,-0.01,1.07,-1.04,0.61,-0.37,16634658
504748,0.05,1.02,0.11,-2.11,2.04,-1.50,0.03,-0.01,1.07,-1.19,0.61,-0.52,16634408
504760,0.05,1.02,0.11,-2.41,2.17,-1.62,0.03,-0.01,1.07,-0.79,0.85,-0.49,16635271
504771,0.05,1.02,0.11,-2.20,1.95,-1.37,0.03,-0.01,1.07,-0.95,0.85,-0.37,16633616
504783,0.05,1.02,0.11,-2.17,2.23,-1.56,0.03,-0.01,1.07,-0.98,0.73,-0.43,16632901
504795,0.05,1.02,0.10,-2.04,2.20,-1.31,0.03,-0.01,1.07,-1.10,0.73,-0.24,16632418
504807,0.05,1.02,0.10,-2.23,2.32,-1.22,0.03,-0.01,1.07,-0.89,0.64,-0.49,16632628
504818,0.05,1.02,0.11,-2.47,2.20,-1.40,0.03,-0.01,1.07,-1.07,0.76,-0.27,16633873
504829,0.05,1.02,0.11,-2.20,2.14,-1.31,0.03,-0.01,1.07,-1.31,0.61,-0.37,16631969
504842,0.05,1.02,0.10,-2.01,2.11,-1.62,0.03,-0.01,1.07,-1.01,0.85,-0.21,16632031
504853,0.05,1.02,0.10,-2.26,2.20,-1.19,0.03,-0.01,1.07,-0.95,0.85,-0.31,16633824
504865,0.05,1.02,0.10,-2.17,2.01,-1.43,0.03,-0.01,1.07,-1.22,0.61,-0.24,16633539
504877,0.05,1.02,0.10,-2.23,2.01,-1.53,0.03,-0.01,1.07,-1.16,0.73,-0.40,16634193
504889,0.05,1.02,0.10,-2.20,1.98,-1.62,0.03,-0.01,1.07,-0.98,0.55,-0.18,16635616
504900,0.05,1.02,0.10,-1.98,2.04,-1.31,0.03,-0.01,1.07,-1.25,0.76,-0.46,16633716
504912,0.05,1.02,0.10,-2.23,1.95,-1.31,0.03,-0.01,1.07,-1.25,0.79,-0.52,16634019
504924,0.05,1.02,0.10,-2.38,2.08,-1.46,0.03,-0.01,1.07,-1.13,0.52,-0.27,16634351
504935,0.05,1.02,0.10,-2.11,2.35,-1.13,0.03,-0.01,1.07,-1.34,0.79,-0.58,16634873
504947,0.05,1.02,0.10,-2.04,2.26,-1.40,0.03,-0.01,1.07,-1.01,0.70,-0.43,16634627
504958,0.05,1.02,0.10,-2.11,1.95,-1.28,0.03,-0.01,1.07,-1.01,0.64,-0.34,16635712
504971,0.05,1.02,0.11,-2.23,2.01,-1.34,0.03,-0.01,1.07,-1.25,0.82,-0.12,16635066
504982,0.05,1.02,0.10,-2.14,2.23,-1.40,0.03,-0.01,1.07,-1.07,0.89,-0.31,16635709
504994,0.05,1.02,0.10,-2.20,2.04,-1.37,0.03,-0.01,1.07,-1.16,0.58,-0.37,16635262
505006,0.05,1.02,0.10,-2.41,2.14,-1.22,0.03,-0.01,1.07,-0.95,0.79,-0.37,16634614
505017,0.05,1.02,0.10,-2.35,2.20,-1.28,0.03,-0.01,1.07,-1.07,0.61,-0.34,16634528
505029,0.05,1.02,0.10,-2.32,2.23,-1.89,0.03,-0.01,1.07,-1.19,0.64,-0.34,16634947
505040,0.05,1.02,0.10,-2.23,2.26,-1.25,0.03,-0.01,1.07,-1.16,0.82,-0.21,16635679
505053,0.05,1.02,0.10,-2.29,2.08,-1.34,0.03,-0.01,1.07,-1.31,0.70,-0.18,16635600
505064,0.05,1.02,0.10,-2.20,2.20,-1.53,0.03,-0.01,1.07,-1.04,0.58,-0.37,16635615
505076,0.05,1.02,0.11,-2.38,2.26,-1.25,0.03,-0.01,1.07,-0.89,0.61,-0.27,16634382
505088,0.05,1.02,0.11,-2.29,2.41,-1.40,0.03,-0.01,1.07,-0.79,0.61,-0.18,16633868
505099,0.05,1.02,0.11,-2.17,2.04,-1.40,0.03,-0.01,1.07,-1.19,0.67,-0.31,16634435
505111,0.05,1.02,0.10,-2.32,2.29,-1.25,0.03,-0.01,1.07,-1.16,0.82,-0.34,16635977
505122,0.05,1.02,0.10,-2.20,2.29,-1.46,0.03,-0.01,1.07,-1.13,0.82,-0.21,16634722
505135,0.05,1.02,0.11,-2.44,2.17,-1.53,0.03,-0.01,1.07,-1.01,0.58,-0.12,16633693
505146,0.05,1.02,0.11,-2.38,2.01,-1.53,0.03,-0.01,1.07,-1.13,0.67,-0.40,16634671
505158,0.05,1.02,0.11,-2.41,2.08,-1.46,0.03,-0.01,1.07,-0.95,0.61,-0.40,16633572
505169,0.05,1.02,0.10,-2.41,2.29,-1.34,0.03,-0.01,1.07,-1.07,0.61,-0.27,16632028
505182,0.05,1.02,0.10,-2.20,2.17,-1.80,0.03,-0.01,1.07,-0.98,0.82,-0.34,16634818
505193,0.05,1.02,0.10,-2.35,2.26,-1.34,0.03,-0.01,1.07,-1.01,0.73,-0.27,16636949
505204,0.05,1.02,0.10,-2.08,2.17,-1.50,0.03,-0.01,1.07,-1.13,0.82,-0.21,16634177
505217,0.05,1.02,0.10,-2.14,2.17,-1.40,0.03,-0.01,1.07,-1.22,0.49,-0.43,16633794
505228,0.05,1.02,0.10,-2.20,2.20,-0.95,0.03,-0.01,1.07,-1.10,0.70,-0.43,16635493
505240,0.05,1.02,0.10,-2.20,2.14,-1.37,0.03,-0.01,1.07,-1.19,0.52,-0.21,16636067
505251,0.05,1.02,0.10,-2.17,2.26,-1.50,0.03,-0.01,1.07,-1.10,0.79,-0.31,16635193
505264,0.05,1.02,0.10,-2.35,2.26,-1.34,0.03,-0.01,1.07,-1.22,0.58,-0.31,16637292
505275,0.05,1.02,0.10,-2.14,2.14,-1.46,0.03,-0.01,1.07,-1.16,0.73,-0.34,16634032
505286,0.05,1.02,0.10,-2.47,2.20,-1.37,0.03,-0.01,1.07,-1.10,0.61,-0.24,16635643
505298,0.05,1.02,0.10,-2.17,2.20,-1.50,0.03,-0.01,1.07,-1.19,0.73,-0.21,16634062
505310,0.05,1.02,0.10,-2.23,2.08,-1.37,0.03,-0.01,1.07,-1.04,0.76,-0.34,16632093
505322,0.05,1.02,0.10,-2.26,1.95,-1.65,0.03,-0.01,1.07,-1.34,0.76,-0.37,16632341
505333,0.05,1.02,0.10,-2.20,2.11,-1.34,0.03,-0.01,1.07,-1.13,0.58,-0.24,16630466
505346,0.05,1.02,0.10,-2.26,2.23,-1.46,0.03,-0.01,1.07,-1.04,0.82,-0.34,16632492
505357,0.05,1.02,0.10,-2.35,2.41,-1.65,0.03,-0.01,1.07,-1.04,0.55,-0.18,16634785
505369,0.05,1.02,0.10,-2.14,2.23,-1.50,0.03,-0.01,1.07,-1.04,0.67,-0.37,16635330
505380,0.05,1.02,0.10,-2.50,2.23,-1.46,0.03,-0.01,1.07,-1.28,0.73,-0.09,16638278
505392,0.05,1.02,0.10,-2.14,2.04,-1.31,0.03,-0.01,1.07,-0.98,0.58,-0.31,16636624
505404,0.05,1.02,0.10,-2.32,2.23,-1.43,0.03,-0.01,1.07,-1.07,0.46,-0.31,16634257
505415,0.05,1.02,0.10,-2.23,2.23,-1.68,0.03,-0.01,1.07,-1.25,0.70,-0.43,16636421
505427,0.05,1.02,0.10,-2.14,2.11,-1.40,0.03,-0.01,1.07,-1.16,0.46,-0.09,16635877
505439,0.05,1.02,0.10,-2.35,2.23,-1.50,0.03,-0.01,1.07,-1.10,0.67,-0.43,16633332
505451,0.05,1.02,0.10,-2.14,2.29,-1.34,0.03,-0.01,1.07,-1.19,0.52,-0.46,16633789
505462,0.05,1.02,0.11,-2.04,2.14,-1.34,0.03,-0.01,1.07,-1.07,0.64,-0.37,16633442
505474,0.05,1.02,0.10,-2.26,2.14,-1.34,0.03,-0.01,1.07,-1.19,0.73,-0.06,16632969
505486,0.05,1.02,0.10,-2.29,2.41,-1.40,0.03,-0.01,1.07,-1.07,0.79,-0.31,16632639
505497,0.05,1.02,0.10,-2.23,2.14,-1.65,0.03,-0.01,1.07,-1.13,0.49,0.00,16633965
505509,0.05,1.02,0.10,-2.38,1.98,-1.40,0.03,-0.01,1.07,-1.19,0.64,-0.31,16636028
505521,0.05,1.02,0.10,-2.17,2.32,-1.25,0.03,-0.01,1.07,-1.07,0.61,-0.31,16636384
505533,0.05,1.02,0.10,-2.23,2.20,-1.43,0.03,-0.01,1.07,-1.16,0.73,-0.15,16634909
505544,0.05,1.02,0.10,-2.23,2.11,-1.40,0.03,-0.01,1.07,-1.07,0.73,-0.24,16632412
505555,0.05,1.02,0.11,-2.29,2.20,-1.10,0.03,-0.01,1.07,-0.89,1.01,-0.27,16632862
505568,0.05,1.02,0.10,-2.29,2.04,-1.46,0.03,-0.01,1.07,-1.04,0.46,-0.27,16632977
505579,0.05,1.02,0.10,-2.26,2.20,-1.19,0.03,-0.01,1.07,-0.92,0.82,-0.21,16634026
505591,0.05,1.02,0.10,-2.26,2.08,-1.34,0.03,-0.01,1.07,-1.22,0.58,-0.06,16635630
505603,0.05,1.02,0.10,-2.38,2.08,-1.22,0.03,-0.01,1.07,-1.16,0.70,-0.46,16633148
505615,0.05,1.02,0.10,-2.44,2.26,-1.43,0.03,-0.01,1.07,-1.04,0.58,-0.21,16635147
505626,0.05,1.02,0.10,-2.26,2.23,-1.46,0.03,-0.01,1.07,-1.10,0.64,-0.27,16635288
505638,0.05,1.02,0.10,-1.98,2.11,-1.65,0.03,-0.01,1.07,-1.22,0.70,-0.37,16635000
505650,0.05,1.02,0.10,-2.08,2.20,-1.40,0.03,-0.01,1.07,-0.92,0.73,-0.24,16634365
505661,0.05,1.02,0.11,-2.35,2.29,-1.53,0.03,-0.01,1.07,-0.95,0.67,-0.12,16633358
505673,0.05,1.02,0.11,-6.93,2.87,-1.13,0.03,-0.01,1.07,-1.31,0.85,-0.06,16634891
505684,0.05,0.98,0.08,-15.38,2.11,-1.43,0.03,-0.01,1.07,-1.25,0.89,-0.37,16636262
505697,0.06,0.98,0.07,-18.04,2.29,-3.81,0.03,-0.01,1.07,-1.22,0.76,-0.21,16638746
505708,0.04,0.99,0.07,-18.43,3.05,1.16,0.03,-0.01,1.07,-1.13,0.73,-0.27,16640857
505720,0.06,1.00,0.09,-18.19,1.77,-1.83,0.03,-0.01,1.07,-0.73,0.27,-0.31,16641797
505732,0.05,1.02,0.11,-16.08,1.50,-0.06,0.03,-0.01,1.07,-0.67,0.55,-0.40,16640372
505743,0.06,1.03,0.13,-12.24,1.98,-2.20,0.03,-0.01,1.07,-0.98,0.82,-0.31,16637515
505755,0.05,1.04,0.15,2.93,1.68,-2.78,0.03,-0.01,1.07,-1.16,0.73,-0.40,16635143
505766,0.05,1.02,0.14,-11.14,0.34,-0.43,0.03,-0.01,1.07,-1.10,0.95,-0.18,16635993
505779,0.05,1.02,0.13,-8.85,1.34,-0.89,0.03,-0.01,1.07,-0.92,0.73,-0.37,16639950
505790,0.05,1.02,0.13,-6.10,1.56,-1.77,0.03,-0.01,1.07,-1.01,0.58,-0.31,16641519
505802,0.05,1.03,0.14,-6.84,1.80,-0.98,0.03,-0.01,1.07,-0.98,0.61,-0.27,16637360
505814,0.05,1.05,0.15,-2.84,2.20,-1.10,0.03,-0.01,1.07,-1.22,0.70,-0.24,16635677
505825,0.05,1.04,0.15,0.70,2.17,-1.25,0.03,-0.01,1.07,-1.07,0.73,-0.40,16634951
505837,0.05,1.02,0.14,-0.34,2.44,-1.40,0.03,-0.01,1.07,-1.25,0.73,-0.37,16637163
505848,0.06,1.03,0.14,0.64,1.71,-1.71,0.03,-0.01,1.07,-0.98,0.76,-0.40,16637174
505861,0.06,1.04,0.15,4.88,1.71,-2.69,0.03,-0.01,1.07,-1.04,0.64,-0.21,16637060
505872,0.05,1.05,0.16,7.14,2.23,-1.56,0.03,-0.01,1.07,-1.13,0.82,-0.43,16633655
505884,0.05,1.04,0.15,7.97,2.72,-1.25,0.03,-0.01,1.07,-1.31,0.82,-0.40,16635721
505895,0.05,1.03,0.13,7.14,2.11,-1.77,0.03,-0.01,1.07,-1.07,0.92,-0.24,16638792
505908,0.05,1.03,0.13,7.32,2.08,-1.77,0.03,-0.01,1.07,-0.98,0.64,-0.49,16636596
505919,0.05,1.03,0.14,9.52,2.17,-2.29,0.03,-0.01,1.07,-1.01,0.67,-0.46,16638591
505930,0.05,1.04,0.14,11.84,2.20,-1.40,0.03,-0.01,1.07,-0.98,0.58,-0.27,16639654
505943,0.05,1.04,0.14,14.83,2.08,-1.83,0.03,-0.01,1.07,-1.13,0.67,-0.27,16635514
505954,0.04,1.04,0.13,15.11,2.14,2.14,0.03,-0.01,1.07,-1.34,0.79,-0.31,16636035
505966,0.05,1.00,0.09,6.38,2.35,-0.46,0.03,-0.01,1.07,-1.31,0.85,-0.18,16639555
505977,0.05,0.99,0.07,-6.26,2.78,-1.68,0.03,-0.01,1.07,-1.19,0.58,-0.37,16636439
505990,0.06,0.99,0.07,-5.95,2.32,-2.14,0.03,-0.01,1.07,-1.28,0.67,-0.27,16636268
506001,0.05,1.00,0.09,-3.08,1.77,-1.62,0.03,-0.01,1.07,-1.13,0.52,-0.18,16635666
506012,0.05,1.02,0.10,0.61,2.01,-1.28,0.03,-0.01,1.07,-1.34,0.76,-0.15,16635373
506024,0.05,1.02,0.11,0.58,2.04,-0.89,0.03,-0.01,1.07,-1.25,0.82,-0.18,16636860
506036,0.05,1.02,0.10,-2.17,2.26,-1.37,0.03,-0.01,1.07,-1.10,0.46,-0.46,16635800
506048,0.05,1.01,0.09,-4.27,1.92,-1.65,0.03,-0.01,1.07,-0.85,0.34,-0.43,16632497
506059,0.05,1.01,0.10,-3.72,1.83,-1.40,0.03,-0.01,1.07,-1.01,0.52,-0.15,16633684
506072,0.05,1.02,0.11,-1.34,2.26,-1.22,0.03,-0.01,1.07,-1.07,0.61,-0.37,16633917
506083,0.05,1.03,0.11,-0.67,2.11,-1.31,0.03,-0.01,1.07,-1.07,1.04,-0.46,16632058
506094,0.05,1.02,0.11,-1.77,2.38,-1.53,0.03,-0.01,1.07,-1.19,0.89,-0.12,16632853
506106,0.05,1.02,0.10,-3.33,1.77,-1.28,0.03,-0.01,1.07,-1.16,0.70,-0.21,16634355
506118,0.05,1.02,0.10,-3.11,2.32,-1.71,0.03,-0.01,1.07,-0.70,0.73,-0.21,16636012
506130,0.05,1.02,0.11,-1.98,2.08,-1.22,0.03,-0.01,1.07,-0.70,0.46,-0.31,16634626
506141,0.05,1.03,0.11,-1.10,2.20,-1.50,0.03,-0.01,1.07,-1.07,0.89,-0.27,16632469
506153,0.05,1.02,0.11,-1.92,2.29,-1.53,0.03,-0.01,1.07,-1.31,0.76,-0.21,16631789
506165,0.05,1.02,0.10,-3.11,2.08,-1.34,0.03,-0.01,1.07,-1.28,0.76,-0.15,16632034
506177,0.05,1.02,0.10,-2.84,2.26,-1.28,0.03,-0.01,1.07,-1.19,0.55,-0.06,16632498
506188,0.05,1.02,0.11,-1.74,1.95,-1.50,0.03,-0.01,1.07,-1.10,0.52,-0.27,16633388
506200,0.05,1.01,0.09,-12.63,2.44,-1.53,0.03,-0.01,1.07,-1.01,0.85,-0.37,16635319
506212,0.06,0.98,0.06,-21.21,1.89,-2.78,0.03,-0.01,1.07,-0.92,0.49,-0.49,16633371
506223,0.06,1.00,0.06,-18.59,0.00,-1.22,0.03,-0.01,1.07,-1.25,0.73,-0.31,16632399
506235,0.06,1.01,0.07,-12.48,-1.59,-1.53,0.03,-0.01,1.07,-0.82,0.58,-0.27,16630849
506247,0.05,1.03,0.08,-4.46,-2.20,-0.31,0.03,-0.01,1.07,-0.85,0.55,-0.31,16630270
506259,0.05,1.04,0.09,-1.13,-2.66,-2.08,0.03,-0.01,1.07,-1.13,0.67,-0.24,16629359
506270,0.06,1.04,0.12,-3.60,-4.12,-1.28,0.03,-0.01,1.07,-0.85,0.61,-0.12,16631351
506281,0.06,1.02,0.13,-6.84,-4.70,-1.43,0.03,-0.01,1.07,-0.98,0.89,-0.27,16633070
506294,0.06,1.01,0.13,-9.89,-5.65,-1.31,0.03,-0.01,1.07,-1.07,0.79,-0.27,16631809
506305,0.06,1.01,0.13,-10.77,-6.44,-1.16,0.03,-0.01,1.07,-1.46,0.82,-0.37,16632876
506317,0.06,1.01,0.13,-12.02,-6.44,-1.25,0.03,-0.01,1.07,-1.22,0.55,-0.27,16636388
506329,0.05,1.01,0.13,-11.11,-6.04,-1.50,0.03,-0.01,1.07,-1.13,0.76,-0.24,16633404
506341,0.05,1.02,0.14,-9.19,-4.79,-1.37,0.03,-0.01,1.07,-1.34,1.04,-0.37,16628661
506352,0.05,1.03,0.14,-7.23,-3.42,-1.56,0.03,-0.01,1.07,-1.40,0.85,-0.15,16630770
506364,0.05,1.04,0.15,-5.25,-2.90,-2.17,0.03,-0.01,1.07,-1.07,0.40,-0.18,16633046
506376,0.05,1.04,0.15,-3.88,-2.99,-1.25,0.03,-0.01,1.07,-1.37,0.64,-0.21,16632266
506387,0.05,1.03,0.14,-2.96,-3.51,-1.62,0.03,-0.01,1.07,-1.16,0.58,-0.31,16630948
506399,0.05,1.03,0.14,-2.26,-4.30,-1.98,0.03,-0.01,1.07,-1.07,0.79,-0.34,16630784
506411,0.06,1.03,0.14,-2.08,-5.28,-1.62,0.03,-0.01,1.07,-1.22,0.82,-0.27,16632062
506423,0.05,1.03,0.14,-0.27,-5.31,-1.71,0.03,-0.01,1.07,-1.01,0.79,-0.21,16632957
506434,0.05,1.01,0.11,-9.31,-6.04,-1.19,0.03,-0.01,1.07,-0.95,0.46,-0.58,16630721
506446,0.05,1.00,0.10,-10.59,-5.43,-1.68,0.03,-0.01,1.07,-1.34,0.58,-0.37,16635119
506458,0.06,1.00,0.12,-9.40,-5.22,-3.27,0.03,-0.01,1.07,-0.95,0.55,-0.31,16637038
506469,0.05,1.02,0.13,-7.75,-4.18,-2.81,0.03,-0.01,1.07,-0.82,0.24,-0.34,16632656
506481,0.05,1.04,0.14,-5.07,-3.63,-1.19,0.03,-0.01,1.07,-1.01,0.82,-0.34,16632392
506492,0.04,1.08,0.15,-15.17,0.76,-2.53,0.03,-0.01,1.07,-1.13,0.73,-0.18,16633931
506505,0.05,1.06,0.17,1.19,-4.46,-0.92,0.03,-0.01,1.07,-1.62,0.64,-0.46,16633099
506516,0.06,0.98,0.09,-11.41,-5.83,-3.88,0.03,-0.01,1.07,-1.62,1.04,-0.52,16638475
506528,0.05,0.97,0.09,-21.91,-7.93,0.24,0.03,-0.01,1.07,-1.28,0.98,-0.37,16643678
506540,0.06,1.01,0.12,-13.82,-5.28,-2.66,0.03,-0.01,1.07,-0.46,0.46,-0.31,16641990
506551,0.04,1.02,0.14,-7.32,-3.66,0.43,0.03,-0.01,1.07,-0.95,0.52,-0.67,16637644
506563,0.04,1.02,0.14,-9.40,-2.20,0.73,0.03,-0.01,1.07,-0.79,0.73,-0.27,16640250
506574,0.00,0.99,0.14,-21.36,-0.82,14.68,0.03,-0.01,1.07,-1.22,0.67,-0.15,16649587
506587,0.00,1.03,0.15,-18.98,-1.65,18.86,0.03,-0.01,1.07,-1.13,0.55,-0.21,16657063
506598,0.02,1.03,0.13,-20.23,0.64,17.33,0.03,-0.01,1.07,-1.25,0.55,-0.18,16677627
506610,0.02,1.04,0.13,-20.97,1.53,20.08,0.03,-0.01,1.07,-1.07,0.92,-0.06,16694805
506621,0.18,0.99,0.16,5.34,-4.27,-12.05,0.03,-0.01,1.07,-1.10,0.58,-0.21,16701595
506634,0.08,1.03,0.16,-1.28,4.82,-5.95,0.03,-0.01,1.07,-1.04,0.79,-0.24,16714058
506645,0.10,1.03,0.20,2.84,-1.16,-6.26,0.03,-0.01,1.07,-0.21,0.03,-0.37,16736597
506656,0.09,1.04,0.20,4.18,1.16,-7.57,0.03,-0.01,1.07,-1.10,0.46,-0.27,16746995
506669,0.07,1.05,0.18,2.26,2.35,-5.40,0.03,-0.01,1.07,-0.31,0.18,-0.03,16741864
506680,0.06,1.03,0.17,-2.08,1.62,-4.67,0.03,-0.01,1.07,-0.85,0.52,-0.21,16727357
506692,0.06,1.02,0.16,-3.91,0.92,-4.79,0.03,-0.01,1.07,-1.59,1.16,-0.58,16711939
506703,0.06,1.00,0.16,-3.51,0.46,-4.88,0.03,-0.01,1.07,-1.13,0.73,-0.34,16703858
506716,0.06,1.00,0.16,-3.05,0.76,-4.49,0.03,-0.01,1.07,-1.04,0.82,-0.09,16711575
506727,0.06,1.00,0.16,-2.87,1.34,-4.52,0.03,-0.01,1.07,-1.62,1.01,-0.52,16732201
506738,0.05,1.01,0.16,-2.17,2.26,-3.85,0.03,-0.01,1.07,-1.40,0.79,-0.34,16770781
506750,0.05,1.03,0.16,-0.49,2.99,-3.23,0.03,-0.01,1.07,-0.61,0.64,-0.49,38717
506762,0.05,1.04,0.17,1.50,3.14,-3.27,0.03,-0.01,1.07,-1.25,0.82,-0.43,77625
506774,0.05,1.04,0.17,2.84,2.87,-3.11,0.03,-0.01,1.07,-1.43,0.89,-0.24,100003
506785,0.06,1.04,0.17,3.14,1.65,-2.96,0.03,-0.01,1.07,-1.04,0.95,-0.34,112223
506798,0.06,1.03,0.17,3.81,0.76,-3.05,0.03,-0.01,1.07,-0.98,0.82,-0.24,118567
506809,0.06,1.02,0.17,4.76,0.34,-2.99,0.03,-0.01,1.07,-1.40,0.89,-0.12,124740
506820,0.06,1.02,0.17,5.22,0.43,-2.78,0.03,-0.01,1.07,-0.82,0.49,-0.27,144321
506832,0.05,1.02,0.17,6.29,1.28,-2.32,0.03,-0.01,1.07,-1.19,0.73,-0.12,175127
506844,0.05,1.03,0.17,7.60,2.23,-2.50,0.03,-0.01,1.07,-0.98,0.79,-0.31,208568
506856,0.05,1.03,0.16,8.61,2.32,-2.78,0.03,-0.01,1.07,-1.01,0.46,-0.21,247727
506867,0.06,1.04,0.16,9.19,1.71,-3.11,0.03,-0.01,1.07,-1.04,0.58,-0.34,281961
506880,0.06,1.03,0.16,10.35,1.62,-3.91,0.03,-0.01,1.07,-1.31,0.70,-0.24,310876
506891,0.06,1.03,0.15,10.77,1.53,-4.61,0.03,-0.01,1.07,-0.92,0.46,-0.24,334588
506902,0.06,1.04,0.15,12.15,1.68,-4.55,0.03,-0.01,1.07,-1.16,0.67,-0.15,366069
506914,0.05,1.05,0.15,13.34,2.47,-3.85,0.03,-0.01,1.07,-1.19,0.82,-0.43,406994
506926,0.05,1.05,0.14,14.19,2.66,-3.30,0.03,-0.01,1.07,-1.04,0.67,-0.37,438691
506938,0.04,1.03,0.14,13.85,2.99,-2.32,0.03,-0.01,1.07,-0.98,0.73,-0.52,444030
506949,0.04,1.03,0.14,13.70,3.14,-1.04,0.03,-0.01,1.07,-1.10,1.07,-0.31,446887
506961,0.04,1.03,0.13,13.21,2.87,-0.21,0.03,-0.01,1.07,-1.01,0.61,-0.40,467299
506973,0.05,1.03,0.13,12.24,2.11,0.18,0.03,-0.01,1.07,-0.85,0.82,-0.40,491468
506985,0.05,1.02,0.12,10.83,1.89,0.55,0.03,-0.01,1.07,-1.04,0.82,-0.27,499942
506996,0.05,1.01,0.11,9.37,1.53,0.73,0.03,-0.01,1.07,-1.07,0.61,-0.24,509380
507008,0.05,1.01,0.11,7.81,1.10,0.82,0.03,-0.01,1.07,-1.10,0.61,-0.24,531159
507020,0.05,1.01,0.10,6.23,1.40,1.01,0.03,-0.01,1.07,-1.01,0.55,-0.34,545514
507031,0.05,1.00,0.10,4.61,2.26,1.01,0.03,-0.01,1.07,-1.07,0.67,-0.15,549203
507043,0.05,1.00,0.10,2.75,2.53,0.92,0.03,-0.01,1.07,-1.16,0.67,-0.27,559065
507055,0.06,1.00,0.10,1.25,1.98,0.31,0.03,-0.01,1.07,-1.31,0.98,-0.34,572901
507067,0.06,1.00,0.09,-1.01,1.77,-0.12,0.03,-0.01,1.07,-1.22,0.67,-0.27,580859
507078,0.06,1.00,0.09,-2.99,2.26,-1.25,0.03,-0.01,1.07,-0.92,0.64,-0.34,590959
507089,0.06,1.00,0.09,-4.21,2.44,-1.74,0.03,-0.01,1.07,-0.89,0.55,-0.21,601314
507102,0.06,1.00,0.09,-5.46,2.01,-2.38,0.03,-0.01,1.07,-1.13,0.64,-0.37,608583
507113,0.06,1.00,0.09,-5.95,2.01,-2.93,0.03,-0.01,1.07,-1.07,0.95,-0.24,609614
507125,0.06,1.01,0.10,-5.89,2.11,-3.08,0.03,-0.01,1.07,-1.16,0.49,-0.55,609049
507137,0.06,1.02,0.10,-5.55,2.47,-2.99,0.03,-0.01,1.07,-1.19,0.79,-0.21,610639
507149,0.06,1.02,0.11,-5.04,2.14,-3.08,0.03,-0.01,1.07,-1.07,0.70,-0.15,616259
507160,0.06,1.02,0.11,-3.94,2.26,-2.66,0.03,-0.01,1.07,-1.01,0.70,-0.24,626955
507172,0.05,1.03,0.11,-2.81,2.38,-2.17,0.03,-0.01,1.07,-1.07,0.76,-0.31,636189
507184,0.05,1.03,0.11,-1.83,2.38,-1.71,0.03,-0.01,1.07,-1.01,0.64,-0.40,640490
507195,0.05,1.03,0.11,-0.79,2.20,-1.22,0.03,-0.01,1.07,-1.16,0.58,-0.27,646540
507207,0.05,1.04,0.12,0.34,2.04,-0.24,0.03,-0.01,1.07,-1.13,0.73,-0.43,650875
507218,0.05,1.04,0.12,1.68,2.26,0.06,0.03,-0.01,1.07,-1.10,0.85,-0.27,650785
507231,0.05,1.04,0.12,2.84,2.29,0.24,0.03,-0.01,1.07,-1.34,0.85,-0.27,651601
507242,0.05,1.04,0.12,4.12,2.08,0.52,0.03,-0.01,1.07,-0.92,0.64,-0.55,659560
507254,0.05,1.04,0.12,5.19,2.04,-0.15,0.03,-0.01,1.07,-1.01,0.46,-0.37,665307
507266,0.06,1.04,0.11,6.20,2.11,-0.58,0.03,-0.01,1.07,-1.04,0.58,-0.27,668237
507277,0.06,1.04,0.11,7.17,2.26,-1.53,0.03,-0.01,1.07,-1.13,0.64,-0.31,679438
507289,0.06,1.03,0.11,7.57,2.26,-1.98,0.03,-0.01,1.07,-1.07,0.82,0.09,691440
507300,0.06,1.03,0.11,7.51,2.29,-2.23,0.03,-0.01,1.07,-1.22,1.10,-0.58,695338
507313,0.06,1.03,0.10,7.57,2.20,-2.62,0.03,-0.01,1.07,-0.95,0.70,-0.27,699137
507324,0.06,1.03,0.10,7.26,2.23,-2.75,0.03,-0.01,1.07,-0.70,0.49,-0.27,702245
507336,0.06,1.02,0.10,6.99,2.32,-2.29,0.03,-0.01,1.07,-1.28,0.82,-0.21,705522
507347,0.06,1.02,0.09,6.62,2.38,-2.14,0.03,-0.01,1.07,-1.25,0.82,-0.46,707094
507359,0.06,1.02,0.09,6.32,1.83,-1.43,0.03,-0.01,1.07,-1.13,0.43,-0.37,709766
507371,0.05,1.02,0.09,5.46,1.83,-1.74,0.03,-0.01,1.07,-1.04,0.49,-0.37,714979
507382,0.05,1.01,0.08,4.58,2.17,-1.13,0.03,-0.01,1.07,-1.04,0.79,-0.31,720626
507395,0.05,1.01,0.08,3.51,2.26,-0.89,0.03,-0.01,1.07,-1.10,0.61,-0.15,727803
507406,0.05,1.01,0.08,2.14,2.32,-0.95,0.03,-0.01,1.07,-1.07,0.58,-0.31,738560
507418,0.05,1.01,0.08,0.89,1.95,-1.07,0.03,-0.01,1.07,-1.10,0.79,-0.24,746385
507429,0.05,1.01,0.07,-0.61,2.01,-0.61,0.03,-0.01,1.07,-1.04,0.67,-0.15,748226
507441,0.05,1.01,0.07,-1.71,2.14,-0.46,0.03,-0.01,1.07,-0.95,0.82,-0.21,743294
507453,0.06,1.01,0.07,-2.84,2.04,-0.49,0.03,-0.01,1.07,-1.19,0.73,-0.31,738111
507464,0.06,1.01,0.07,-3.57,2.38,-0.89,0.03,-0.01,1.07,-1.07,0.73,-0.12,739378
507476,0.06,1.01,0.07,-4.36,2.32,-0.98,0.03,-0.01,1.07,-1.19,0.73,-0.18,736773
507488,0.06,1.01,0.07,-5.28,2.23,-1.56,0.03,-0.01,1.07,-0.95,0.89,-0.34,735821
507500,0.06,1.01,0.07,-6.07,2.41,-1.50,0.03,-0.01,1.07,-1.01,0.70,-0.31,738744
507511,0.06,1.01,0.07,-6.87,2.20,-1.83,0.03,-0.01,1.07,-1.04,0.70,-0.34,743864
507524,0.06,1.01,0.07,-7.57,2.23,-2.41,0.03,-0.01,1.07,-1.07,0.55,-0.24,745458
507535,0.06,1.01,0.08,-8.33,2.44,-2.47,0.03,-0.01,1.07,-0.79,0.76,-0.21,743409
507546,0.06,1.01,0.08,-8.58,2.62,-2.62,0.03,-0.01,1.07,-1.13,0.89,-0.21,737584
507558,0.06,1.02,0.08,-8.61,2.47,-2.56,0.03,-0.01,1.07,-0.95,0.61,-0.43,728646
507570,0.06,1.02,0.08,-8.39,2.17,-2.20,0.03,-0.01,1.07,-1.07,0.64,-0.40,725330
507582,0.05,1.02,0.09,-7.93,2.14,-2.11,0.03,-0.01,1.07,-1.10,0.70,-0.15,719585
507593,0.05,1.02,0.09,-7.42,2.44,-1.46,0.03,-0.01,1.07,-1.19,0.49,-0.09,716478
507606,0.05,1.03,0.09,-6.77,2.04,-1.22,0.03,-0.01,1.07,-0.92,0.79,-0.31,715351
507617,0.05,1.03,0.09,-5.71,2.26,-1.07,0.03,-0.01,1.07,-1.25,0.55,-0.37,715876
507628,0.05,1.03,0.10,-4.67,1.98,-0.95,0.03,-0.01,1.07,-1.07,0.95,-0.67,712234
507640,0.05,1.03,0.10,-3.51,2.32,-0.98,0.03,-0.01,1.07,-1.31,0.82,-0.21,712785
507652,0.05,1.03,0.10,-2.17,2.32,-1.13,0.03,-0.01,1.07,-0.92,0.49,-0.34,712902
507664,0.05,1.04,0.10,-1.22,2.17,-1.28,0.03,-0.01,1.07,-1.28,0.58,-0.31,711027
507675,0.06,1.04,0.10,-0.49,2.23,-1.46,0.03,-0.01,1.07,-1.22,0.61,-0.34,712597
507687,0.06,1.04,0.10,0.58,2.17,-1.25,0.03,-0.01,1.07,-1.10,0.64,-0.18,714218
507699,0.06,1.03,0.10,1.65,1.98,-1.56,0.03,-0.01,1.07,-1.10,0.61,-0.40,711355
507711,0.06,1.03,0.10,2.26,1.80,-1.71,0.03,-0.01,1.07,-1.22,0.37,-0.37,710972
507722,0.06,1.03,0.10,3.02,2.20,-1.86,0.03,-0.01,1.07,-1.19,0.73,-0.15,714082
507734,0.05,1.03,0.10,3.05,2.17,-1.83,0.03,-0.01,1.07,-0.92,0.67,-0.37,716954
507746,0.06,1.03,0.09,3.75,2.29,-1.59,0.03,-0.01,1.07,-0.98,0.58,-0.40,717856
507757,0.06,1.03,0.09,3.78,1.95,-1.68,0.03,-0.01,1.07,-1.04,0.92,-0.21,717797
507769,0.05,1.03,0.09,3.63,2.01,-1.71,0.03,-0.01,1.07,-1.28,0.67,-0.24,721456
507781,0.05,1.02,0.09,3.48,2.04,-1.68,0.03,-0.01,1.07,-1.01,0.76,-0.12,725615
507793,0.05,1.02,0.09,3.39,2.20,-1.46,0.03,-0.01,1.07,-0.95,0.67,-0.24,726946
507804,0.05,1.02,0.08,2.84,2.08,-1.13,0.03,-0.01,1.07,-1.13,0.58,-0.15,729492
507815,0.05,1.02,0.08,2.53,2.11,-1.65,0.03,-0.01,1.07,-0.89,0.46,-0.21,733395
507828,0.05,1.02,0.08,1.95,1.89,-1.59,0.03,-0.01,1.07,-1.22,0.64,0.00,731838
507839,0.05,1.02,0.08,1.28,2.14,-1.46,0.03,-0.01,1.07,-1.10,0.76,-0.37,730888
507851,0.05,1.02,0.08,1.04,2.23,-1.28,0.03,-0.01,1.07,-1.31,0.49,-0.37,732989
507863,0.05,1.02,0.08,0.49,2.04,-1.19,0.03,-0.01,1.07,-1.16,0.85,-0.43,734560
507875,0.05,1.01,0.08,-0.21,2.11,-1.43,0.03,-0.01,1.07,-1.19,0.79,-0.61,734722
507886,0.05,1.01,0.08,-0.70,2.04,-1.13,0.03,-0.01,1.07,-1.01,0.49,-0.24,734455
507897,0.05,1.01,0.07,-0.85,2.17,-1.10,0.03,-0.01,1.07,-1.01,0.76,0.00,734664
507910,0.05,1.01,0.07,-1.62,2.11,-0.92,0.03,-0.01,1.07,-0.85,0.61,-0.40,734376
507921,0.06,1.01,0.07,-2.23,2.20,-1.19,0.03,-0.01,1.07,-0.98,0.73,-0.55,728770
507933,0.06,1.01,0.07,-2.66,2.04,-1.31,0.03,-0.01,1.07,-0.98,0.98,-0.34,728032
507944,0.06,1.01,0.07,-2.87,1.83,-1.28,0.03,-0.01,1.07,-1.13,0.64,-0.15,728928
507957,0.06,1.02,0.07,-3.51,2.29,-1.43,0.03,-0.01,1.07,-1.13,0.40,-0.09,731705
507968,0.06,1.02,0.07,-4.09,2.11,-1.37,0.03,-0.01,1.07,-1.10,0.67,-0.27,731941
507980,0.06,1.02,0.07,-4.21,2.23,-1.31,0.03,-0.01,1.07,-1.16,0.76,-0.40,730631
507992,0.06,1.02,0.07,-4.61,2.23,-1.50,0.03,-0.01,1.07,-1.04,0.55,-0.27,731024
508003,0.05,1.02,0.07,-4.64,2.35,-1.83,0.03,-0.01,1.07,-0.89,0.61,-0.18,732124
508015,0.05,1.02,0.07,-5.40,2.38,-1.74,0.03,-0.01,1.07,-1.01,0.70,-0.49,731319
508026,0.06,1.02,0.08,-5.25,2.32,-2.01,0.03,-0.01,1.07,-1.19,0.76,-0.52,729963
508039,0.06,1.02,0.08,-5.28,1.95,-1.95,0.03,-0.01,1.07,-1.19,0.58,-0.43,729735
508050,0.06,1.02,0.08,-5.31,2.26,-1.98,0.03,-0.01,1.07,-0.95,0.61,-0.15,727622
508062,0.05,1.02,0.08,-5.10,2.41,-2.04,0.03,-0.01,1.07,-1.01,0.55,-0.27,728019
508073,0.05,1.02,0.08,-5.22,2.35,-1.89,0.03,-0.01,1.07,-1.25,0.40,-0.21,727418
508085,0.06,1.02,0.08,-4.94,2.20,-1.77,0.03,-0.01,1.07,-1.28,0.70,-0.43,727386
508097,0.06,1.02,0.08,-4.73,2.11,-1.59,0.03,-0.01,1.07,-1.01,0.67,-0.12,726815
508108,0.05,1.02,0.08,-4.39,2.41,-1.53,0.03,-0.01,1.07,-1.22,0.55,0.00,725295
508121,0.05,1.03,0.09,-4.46,1.92,-1.13,0.03,-0.01,1.07,-1.16,0.58,-0.03,724330
508132,0.05,1.03,0.09,-3.72,2.11,-1.34,0.03,-0.01,1.07,-1.10,0.76,0.03,722118
508144,0.05,1.03,0.09,-3.42,2.14,-1.10,0.03,-0.01,1.07,-0.89,0.64,-0.31,721599
508155,0.05,1.03,0.09,-3.11,2.23,-0.89,0.03,-0.01,1.07,-1.13,0.61,-0.15,723092
508167,0.05,1.03,0.09,-2.38,2.35,-0.79,0.03,-0.01,1.07,-1.40,0.73,-0.31,724601
508179,0.06,1.03,0.09,-2.01,2.23,-0.95,0.03,-0.01,1.07,-1.16,0.79,-0.27,722611
508190,0.06,1.03,0.09,-1.43,2.38,-1.40,0.03,-0.01,1.07,-1.31,0.40,-0.40,721390
508203,0.06,1.03,0.09,-0.95,2.04,-1.53,0.03,-0.01,1.07,-1.16,0.46,-0.46,723370
508214,0.06,1.03,0.09,-0.52,2.17,-1.65,0.03,-0.01,1.07,-0.95,0.73,-0.34,722855
508226,0.06,1.03,0.09,-0.06,2.14,-1.86,0.03,-0.01,1.07,-1.04,0.49,-0.34,726193
508237,0.06,1.03,0.09,0.21,2.20,-1.83,0.03,-0.01,1.07,-1.10,0.61,-0.18,725636
508250,0.06,1.03,0.09,0.61,2.23,-1.86,0.03,-0.01,1.07,-0.82,0.82,-0.27,725632
508261,0.05,1.03,0.09,0.95,2.11,-1.74,0.03,-0.01,1.07,-1.01,0.61,-0.46,727674
508272,0.05,1.03,0.09,1.19,2.23,-1.74,0.03,-0.01,1.07,-1.25,0.79,-0.27,726134
508284,0.05,1.03,0.08,1.13,2.23,-1.62,0.03,-0.01,1.07,-0.85,0.79,-0.37,727584
508296,0.05,1.03,0.08,1.01,2.29,-1.53,0.03,-0.01,1.07,-1.25,0.58,-0.46,727428
508308,0.05,1.02,0.08,1.37,1.98,-1.19,0.03,-0.01,1.07,-1.25,0.55,-0.06,727032
508319,0.05,1.02,0.08,1.19,2.11,-1.37,0.03,-0.01,1.07,-1.01,0.67,-0.40,728637
508332,0.05,1.02,0.08,1.19,2.23,-1.22,0.03,-0.01,1.07,-1.31,0.79,-0.12,732171
508343,0.05,1.02,0.08,1.01,2.17,-0.98,0.03,-0.01,1.07,-1.01,0.73,-0.09,733147
508354,0.05,1.02,0.08,0.61,2.11,-1.16,0.03,-0.01,1.07,-0.89,0.85,-0.27,733399
508366,0.05,1.02,0.08,0.61,2.17,-1.19,0.03,-0.01,1.07,-1.13,0.82,-0.24,733301
508378,0.05,1.02,0.08,0.46,2.32,-1.01,0.03,-0.01,1.07,-1.01,0.79,-0.34,734974
508390,0.05,1.02,0.07,0.06,2.20,-1.28,0.03,-0.01,1.07,-1.37,0.64,-0.24,737267
508401,0.05,1.02,0.07,-0.06,2.08,-1.16,0.03,-0.01,1.07,-1.25,0.49,-0.21,736054
508413,0.05,1.02,0.07,-0.58,2.26,-1.25,0.03,-0.01,1.07,-1.13,0.76,-0.09,737542
508425,0.06,1.02,0.07,-0.98,2.14,-1.25,0.03,-0.01,1.07,-0.92,0.85,-0.34,736715
508436,0.06,1.02,0.07,-1.46,2.08,-1.40,0.03,-0.01,1.07,-1.10,0.95,-0.40,734902
508448,0.06,1.02,0.07,-1.62,2.38,-1.77,0.03,-0.01,1.07,-1.13,0.64,-0.37,737305
508460,0.06,1.02,0.07,-1.65,1.98,-1.95,0.03,-0.01,1.07,-0.98,0.76,-0.21,739905
508472,0.06,1.02,0.07,-2.23,2.01,-1.86,0.03,-0.01,1.07,-1.07,0.52,-0.15,740234
508483,0.06,1.02,0.07,-2.66,2.11,-1.56,0.03,-0.01,1.07,-1.13,0.58,-0.15,739596
508495,0.06,1.02,0.07,-3.27,2.26,-1.77,0.03,-0.01,1.07,-1.19,0.67,-0.37,739469
508507,0.06,1.02,0.07,-3.42,2.35,-1.65,0.03,-0.01,1.07,-1.10,0.76,-0.27,740085
508519,0.06,1.02,0.07,-3.60,2.17,-1.74,0.03,-0.01,1.07,-0.95,0.64,-0.40,740707
508530,0.06,1.02,0.07,-3.97,2.14,-1.50,0.03,-0.01,1.07,-1.16,0.64,-0.58,738809
508541,0.05,1.02,0.07,-4.15,2.23,-1.56,0.03,-0.01,1.07,-0.92,0.67,-0.34,737489
508554,0.05,1.02,0.07,-4.73,2.17,-1.43,0.03,-0.01,1.07,-0.98,0.64,-0.24,739485
508565,0.05,1.02,0.07,-4.70,2.26,-1.59,0.03,-0.01,1.07,-1.13,0.55,-0.21,737110
508577,0.05,1.02,0.07,-4.88,2.23,-1.31,0.03,-0.01,1.07,-1.07,0.43,-0.27,737567
508589,0.05,1.02,0.07,-4.91,2.35,-1.19,0.03,-0.01,1.07,-1.13,0.70,-0.31,737925
508601,0.05,1.02,0.08,-4.97,2.20,-1.10,0.03,-0.01,1.07,-1.16,0.73,-0.37,736943
508612,0.05,1.02,0.08,-4.64,2.38,-1.04,0.03,-0.01,1.07,-1.19,0.55,-0.21,736998
508623,0.05,1.02,0.08,-5.16,2.14,-1.28,0.03,-0.01,1.07,-1.13,0.79,-0.12,737439
508636,0.06,1.02,0.08,-4.70,2.14,-1.34,0.03,-0.01,1.07,-1.07,0.82,-0.40,733194
508647,0.06,1.02,0.08,-4.52,2.20,-1.56,0.03,-0.01,1.07,-1.31,0.85,-0.15,733495
508659,0.06,1.02,0.08,-4.46,2.47,-1.65,0.03,-0.01,1.07,-1.37,0.61,-0.46,733063
508670,0.06,1.02,0.08,-4.24,2.50,-1.95,0.03,-0.01,1.07,-0.98,0.67,-0.15,730487
508683,0.06,1.02,0.08,-3.91,2.17,-1.95,0.03,-0.01,1.07,-0.79,0.58,-0.12,730398
508694,0.06,1.03,0.08,-3.63,2.41,-1.92,0.03,-0.01,1.07,-1.37,0.92,-0.34,730873
508705,0.05,1.03,0.08,-3.23,2.20,-1.80,0.03,-0.01,1.07,-1.19,0.64,-0.24,727616
508718,0.05,1.03,0.08,-3.05,2.38,-1.89,0.03,-0.01,1.07,-1.01,0.98,-0.37,726095
508729,0.05,1.03,0.08,-2.66,2.23,-1.71,0.03,-0.01,1.07,-1.01,0.55,-0.34,728450
508741,0.05,1.03,0.08,-2.26,2.14,-1.56,0.03,-0.01,1.07,-1.22,0.67,-0.46,726756
508752,0.05,1.03,0.08,-1.86,2.23,-1.59,0.03,-0.01,1.07,-0.92,0.82,-0.37,727211
508765,0.05,1.03,0.09,-1.43,2.08,-1.31,0.03,-0.01,1.07,-1.13,0.67,-0.52,728977
508776,0.05,1.03,0.08,-1.19,2.20,-1.31,0.03,-0.01,1.07,-0.82,0.73,-0.18,728730
508787,0.05,1.03,0.08,-0.82,2.14,-1.22,0.03,-0.01,1.07,-1.07,0.61,-0.24,729257
508800,0.05,1.03,0.08,-0.70,2.04,-1.04,0.03,-0.01,1.07,-1.34,0.70,-0.49,730141
508811,0.05,1.03,0.08,-0.49,2.20,-1.40,0.03,-0.01,1.07,-0.95,0.70,-0.21,730806
508823,0.05,1.03,0.08,-0.31,2.11,-1.13,0.03,-0.01,1.07,-1.04,0.70,-0.24,730638
508834,0.06,1.02,0.08,-0.15,2.17,-1.40,0.03,-0.01,1.07,-1.19,0.89,-0.03,731041
508847,0.06,1.02,0.08,-0.06,2.14,-1.40,0.03,-0.01,1.07,-1.07,0.85,-0.21,732543
508858,0.06,1.02,0.08,-0.18,2.35,-1.65,0.03,-0.01,1.07,-1.22,0.55,-0.27,733990
508870,0.06,1.02,0.08,-0.40,2.11,-1.77,0.03,-0.01,1.07,-1.10,0.76,-0.21,734730
508881,0.06,1.02,0.08,-0.52,2.26,-1.46,0.03,-0.01,1.07,-1.37,0.82,-0.15,732587
508893,0.06,1.02,0.08,-0.49,2.04,-1.43,0.03,-0.01,1.07,-0.85,0.43,-0.12,731340
508905,0.06,1.02,0.08,-0.58,2.20,-1.46,0.03,-0.01,1.07,-1.04,0.76,-0.34,733343
508916,0.06,1.02,0.08,-0.61,2.23,-1.68,0.03,-0.01,1.07,-1.43,0.73,-0.27,734083
508929,0.06,1.02,0.08,-0.95,2.29,-1.71,0.03,-0.01,1.07,-1.13,0.61,-0.31,732620
508940,0.05,1.02,0.08,-1.16,2.32,-1.43,0.03,-0.01,1.07,-1.16,0.70,-0.21,732191
508952,0.05,1.02,0.08,-1.28,2.26,-1.56,0.03,-0.01,1.07,-1.28,0.79,-0.27,731811
508963,0.06,1.02,0.08,-1.31,2.35,-1.37,0.03,-0.01,1.07,-0.98,0.64,-0.03,733577
508975,0.06,1.02,0.08,-1.34,2.08,-1.28,0.03,-0.01,1.07,-1.01,0.58,-0.18,735664
508987,0.06,1.02,0.08,-1.43,2.20,-1.07,0.03,-0.01,1.07,-1.01,0.79,-0.09,734740
508998,0.06,1.02,0.07,-1.68,2.04,-1.40,0.03,-0.01,1.07,-1.19,0.61,-0.06,734985
509010,0.06,1.02,0.07,-2.04,2.17,-1.37,0.03,-0.01,1.07,-1.19,0.61,-0.34,735876
509022,0.06,1.02,0.07,-2.20,2.20,-1.34,0.03,-0.01,1.07,-1.10,0.61,0.00,734351
509034,0.06,1.02,0.07,-2.32,2.04,-1.34,0.03,-0.01,1.07,-1.07,0.64,-0.31,733052
509045,0.06,1.02,0.07,-2.32,2.29,-1.65,0.03,-0.01,1.07,-1.01,0.67,-0.27,734205
509058,0.06,1.02,0.07,-2.66,2.32,-1.40,0.03,-0.01,1.07,-1.25,0.79,-0.31,735575
509069,0.06,1.02,0.07,-2.99,2.38,-1.77,0.03,-0.01,1.07,-0.98,0.67,-0.27,733785
509080,0.06,1.02,0.07,-2.96,2.23,-1.65,0.03,-0.01,1.07,-0.95,1.16,-0.79,734934
509092,0.06,1.02,0.08,-3.05,2.17,-1.68,0.03,-0.01,1.07,-1.19,0.37,-0.18,733716
509104,0.06,1.02,0.08,-3.45,2.23,-1.53,0.03,-0.01,1.07,-1.07,0.92,-0.34,731905
509116,0.06,1.02,0.08,-3.48,2.41,-1.37,0.03,-0.01,1.07,-1.10,0.92,-0.18,733857
509127,0.06,1.02,0.08,-3.39,2.29,-1.65,0.03,-0.01,1.07,-1.10,0.67,-0.34,733489
509139,0.06,1.02,0.08,-3.23,2.47,-1.40,0.03,-0.01,1.07,-1.07,0.73,-0.31,734243
509151,0.06,1.02,0.08,-3.39,2.17,-1.40,0.03,-0.01,1.07,-1.10,0.34,-0.52,734219
509162,0.06,1.02,0.08,-3.45,2.35,-1.19,0.03,-0.01,1.07,-1.22,0.46,-0.21,733271
509174,0.05,1.02,0.08,-3.39,2.08,-1.59,0.03,-0.01,1.07,-1.16,0.67,-0.21,735861
509186,0.05,1.02,0.08,-3.42,2.01,-1.53,0.03,-0.01,1.07,-1.28,0.82,-0.55,736702
509198,0.05,1.02,0.08,-3.20,1.98,-1.46,0.03,-0.01,1.07,-1.07,0.76,-0.12,733501
509209,0.06,1.02,0.08,-3.23,2.08,-1.74,0.03,-0.01,1.07,-1.01,0.64,-0.27,732647
509221,0.06,1.02,0.08,-3.08,2.26,-1.53,0.03,-0.01,1.07,-1.25,0.70,-0.34,734457
509233,0.06,1.02,0.08,-2.84,1.95,-1.62,0.03,-0.01,1.07,-1.22,0.64,-0.34,732533
509244,0.06,1.02,0.08,-2.84,2.32,-1.31,0.03,-0.01,1.07,-1.04,0.70,-0.46,732014
509256,0.05,1.02,0.08,-2.62,2.29,-1.53,0.03,-0.01,1.07,-1.16,0.73,-0.34,730776
509267,0.06,1.02,0.08,-2.47,2.20,-1.25,0.03,-0.01,1.07,-1.31,0.49,-0.12,731844
509280,0.06,1.02,0.08,-2.29,2.14,-1.40,0.03,-0.01,1.07,-1.22,0.98,-0.31,729291
509291,0.06,1.02,0.08,-2.11,2.23,-1.53,0.03,-0.01,1.07,-1.10,0.67,-0.31,730297
509303,0.06,1.02,0.08,-2.53,2.20,-1.80,0.03,-0.01,1.07,-1.31,0.61,-0.31,729535
509315,0.06,1.02,0.08,-1.98,2.17,-1.65,0.03,-0.01,1.07,-1.19,0.76,-0.34,729342
509327,0.06,1.02,0.08,-2.01,2.29,-1.46,0.03,-0.01,1.07,-1.16,0.76,-0.34,728342
509338,0.05,1.02,0.08,-1.59,2.23,-1.53,0.03,-0.01,1.07,-1.28,0.58,-0.34,729340
509349,0.05,1.02,0.08,-1.62,2.26,-1.43,0.03,-0.01,1.07,-0.95,0.49,-0.43,728287
509362,0.05,1.02,0.08,-1.43,1.98,-1.56,0.03,-0.01,1.07,-1.34,0.79,-0.37,730108
509373,0.05,1.02,0.08,-1.16,2.04,-1.46,0.03,-0.01,1.07,-1.13,0.70,-0.64,730498
509385,0.06,1.02,0.08,-1.34,2.41,-1.50,0.03,-0.01,1.07,-1.28,0.70,-0.21,732289
509396,0.06,1.02,0.08,-1.22,2.23,-1.34,0.03,-0.01,1.07,-1.16,0.64,-0.18,735098
509409,0.06,1.02,0.08,-1.28,2.11,-1.28,0.03,-0.01,1.07,-0.95,0.58,-0.37,733478
509420,0.05,1.02,0.08,-1.22,2.26,-1.56,0.03,-0.01,1.07,-1.01,0.55,-0.31,733113
509431,0.06,1.02,0.08,-1.22,2.04,-1.65,0.03,-0.01,1.07,-1.13,0.43,-0.40,732834
509444,0.05,1.02,0.08,-1.56,2.14,-1.59,0.03,-0.01,1.07,-1.16,0.67,-0.21,732751
509455,0.06,1.02,0.08,-1.50,1.89,-1.25,0.03,-0.01,1.07,-1.10,0.95,-0.24,732530
509467,0.06,1.02,0.08,-1.59,2.41,-1.16,0.03,-0.01,1.07,-1.10,0.64,-0.46,733100
509478,0.06,1.02,0.08,-1.62,2.29,-1.43,0.03,-0.01,1.07,-1.28,0.58,-0.46,732100
509491,0.06,1.02,0.08,-1.53,2.17,-1.43,0.03,-0.01,1.07,-1.10,0.82,-0.37,731191
509502,0.06,1.02,0.08,-1.71,2.14,-1.46,0.03,-0.01,1.07,-1.04,0.52,-0.21,730155
509513,0.06,1.02,0.08,-1.86,2.08,-1.68,0.03,-0.01,1.07,-1.10,0.58,0.15,730792
509526,0.06,1.02,0.08,-2.08,2.08,-1.46,0.03,-0.01,1.07,-1.04,0.76,-0.27,730407
509537,0.06,1.02,0.08,-2.14,2.23,-1.46,0.03,-0.01,1.07,-1.04,0.67,-0.31,731886
509549,0.06,1.02,0.08,-2.26,2.29,-1.56,0.03,-0.01,1.07,-1.19,0.49,-0.21,734257
509560,0.06,1.02,0.08,-2.56,2.20,-1.25,0.03,-0.01,1.07,-1.37,0.61,-0.40,733069
509573,0.06,1.02,0.08,-2.26,1.98,-1.34,0.03,-0.01,1.07,-1.25,0.73,-0.61,732213
509584,0.05,1.02,0.08,-2.66,2.17,-1.22,0.03,-0.01,1.07,-0.92,0.76,-0.40,733229
509596,0.05,1.02,0.08,-2.47,2.29,-1.43,0.03,-0.01,1.07,-1.16,0.67,-0.43,734920
509607,0.05,1.02,0.08,-2.87,2.14,-1.01,0.03,-0.01,1.07,-1.37,0.82,-0.18,733158
509619,0.06,1.02,0.08,-2.75,2.11,-1.43,0.03,-0.01,1.07,-1.16,0.82,-0.37,731954
509631,0.06,1.02,0.08,-2.78,2.08,-1.37,0.03,-0.01,1.07,-1.28,0.64,-0.46,731838
509642,0.05,1.02,0.08,-2.87,2.01,-1.53,0.03,-0.01,1.07,-1.22,0.98,-0.24,730919
509655,0.06,1.02,0.08,-2.81,2.08,-1.53,0.03,-0.01,1.07,-0.92,0.67,-0.24,731122
509666,0.06,1.02,0.08,-2.90,2.32,-1.50,0.03,-0.01,1.07,-1.19,0.64,-0.37,731322
509678,0.06,1.02,0.08,-2.84,2.23,-1.71,0.03,-0.01,1.07,-0.76,0.79,-0.15,732290
509689,0.06,1.02,0.08,-2.78,2.11,-1.62,0.03,-0.01,1.07,-0.89,0.89,-0.27,733786
509701,0.06,1.02,0.08,-2.78,2.35,-1.62,0.03,-0.01,1.07,-1.07,0.79,-0.27,733128
509713,0.06,1.02,0.08,-2.96,2.35,-1.65,0.03,-0.01,1.07,-1.25,0.76,-0.18,733442
509724,0.06,1.02,0.08,-2.99,2.26,-1.46,0.03,-0.01,1.07,-0.85,0.67,-0.24,735591
509736,0.05,1.02,0.08,-2.72,2.32,-1.83,0.03,-0.01,1.07,-1.28,0.52,-0.31,733815
509748,0.05,1.02,0.08,-2.44,2.14,-1.53,0.03,-0.01,1.07,-1.07,0.70,-0.34,732996
509760,0.05,1.02,0.08,-2.59,2.29,-1.59,0.03,-0.01,1.07,-1.10,0.73,-0.18,733016
509771,0.05,1.02,0.08,-2.38,2.20,-1.19,0.03,-0.01,1.07,-1.19,0.82,-0.58,730629
509783,0.06,1.02,0.08,-2.20,2.14,-1.40,0.03,-0.01,1.07,-1.16,0.67,-0.21,731044
509795,0.05,1.02,0.08,-2.32,2.11,-1.37,0.03,-0.01,1.07,-0.92,0.61,-0.21,731189
509806,0.06,1.02,0.08,-2.26,2.04,-1.68,0.03,-0.01,1.07,-1.10,0.92,-0.49,731844
509818,0.05,1.02,0.08,-2.08,2.23,-1.53,0.03,-0.01,1.07,-0.98,0.55,-0.67,733772
509830,0.05,1.02,0.08,-1.98,2.26,-1.28,0.03,-0.01,1.07,-1.22,0.95,-0.40,732324
509842,0.06,1.02,0.08,-1.83,2.01,-1.46,0.03,-0.01,1.07,-1.04,0.58,-0.27,732073
509853,0.06,1.02,0.08,-1.80,2.44,-1.46,0.03,-0.01,1.07,-1.25,0.76,-0.21,734904
509865,0.06,1.02,0.08,-1.56,2.11,-1.19,0.03,-0.01,1.07,-1.10,0.85,-0.37,736155
509877,0.06,1.02,0.08,-1.77,1.86,-1.59,0.03,-0.01,1.07,-1.25,0.85,-0.46,734767
509888,0.05,1.02,0.08,-1.46,2.20,-1.43,0.03,-0.01,1.07,-0.98,0.70,-0.52,733225
509900,0.05,1.02,0.08,-1.53,2.04,-1.50,0.03,-0.01,1.07,-1.04,0.67,-0.21,734902
509912,0.05,1.02,0.08,-1.31,2.29,-1.74,0.03,-0.01,1.07,-1.13,0.92,-0.61,735394
509924,0.06,1.02,0.08,-1.46,2.29,-1.46,0.03,-0.01,1.07,-1.22,0.73,-0.27,733427
509935,0.06,1.02,0.08,-1.25,2.32,-1.53,0.03,-0.01,1.07,-1.13,0.55,-0.21,731542
509947,0.05,1.02,0.08,-1.40,2.29,-1.65,0.03,-0.01,1.07,-0.89,0.76,-0.43,733118
509959,0.06,1.02,0.08,-1.46,2.17,-1.68,0.03,-0.01,1.07,-1.07,0.52,-0.46,732716
509970,0.05,1.02,0.08,-1.59,2.32,-1.37,0.03,-0.01,1.07,-1.13,0.89,-0.46,734917
509982,0.05,1.02,0.08,-1.65,2.14,-1.83,0.03,-0.01,1.07,-1.16,0.95,-0.27,734790
509993,0.05,1.02,0.08,-1.59,2.32,-1.43,0.03,-0.01,1.07,-1.16,0.67,-0.46,734161
510006,0.05,1.02,0.08,-1.77,2.17,-1.34,0.03,-0.01,1.07,-0.92,0.89,-0.37,738416
510017,0.05,1.02,0.08,-1.74,2.20,-1.28,0.03,-0.01,1.07,-1.31,0.76,-0.15,736623
510029,0.05,1.02,0.08,-1.71,2.17,-1.28,0.03,-0.01,1.07,-1.10,0.73,-0.27,735723
510041,0.06,1.02,0.08,-1.80,2.26,-1.43,0.03,-0.01,1.07,-1.07,0.64,-0.34,736144
510052,0.06,1.02,0.08,-2.04,2.26,-1.43,0.03,-0.01,1.07,-1.25,0.76,-0.55,738986
510064,0.06,1.02,0.08,-1.95,2.38,-1.31,0.03,-0.01,1.07,-1.01,0.82,-0.40,737320
510075,0.06,1.02,0.07,-1.98,2.11,-1.40,0.03,-0.01,1.07,-1.04,0.61,-0.31,737588
510088,0.05,1.02,0.07,-2.26,2.08,-1.37,0.03,-0.01,1.07,-1.13,0.64,-0.49,737544
510099,0.06,1.02,0.07,-2.17,2.14,-1.40,0.03,-0.01,1.07,-0.98,0.67,-0.24,736566
510111,0.05,1.02,0.08,-2.56,2.32,-1.43,0.03,-0.01,1.07,-1.10,0.43,0.00,735758
510123,0.05,1.02,0.08,-2.56,2.17,-1.68,0.03,-0.01,1.07,-0.79,0.73,-0.43,736243
510134,0.05,1.02,0.08,-2.69,2.01,-1.34,0.03,-0.01,1.07,-0.89,0.70,-0.46,735396
510146,0.05,1.02,0.08,-2.62,2.17,-1.50,0.03,-0.01,1.07,-0.92,0.98,-0.27,736107
510157,0.05,1.02,0.08,-2.69,2.04,-1.34,0.03,-0.01,1.07,-1.07,0.89,-0.34,736604
510170,0.06,1.02,0.08,-3.11,1.98,-1.65,0.03,-0.01,1.07,-1.04,0.76,-0.15,734556
510181,0.05,1.02,0.08,-2.81,2.35,-1.37,0.03,-0.01,1.07,-1.16,0.73,-0.37,733375
510193,0.06,1.02,0.08,-2.93,2.38,-1.59,0.03,-0.01,1.07,-0.98,0.67,-0.46,736239
510204,0.06,1.02,0.08,-2.96,2.29,-1.40,0.03,-0.01,1.07,-1.22,0.79,-0.09,738029
510217,0.06,1.02,0.08,-2.78,2.23,-1.50,0.03,-0.01,1.07,-1.22,0.70,-0.27,736989
510228,0.06,1.02,0.08,-3.08,2.29,-1.31,0.03,-0.01,1.07,-1.13,0.70,-0.15,735626
510239,0.06,1.02,0.08,-2.87,2.08,-1.62,0.03,-0.01,1.07,-1.01,0.64,0.06,736652
510252,0.06,1.02,0.08,-3.02,2.20,-1.62,0.03,-0.01,1.07,-0.92,0.64,-0.43,735748
510263,0.06,1.02,0.08,-2.78,2.23,-1.50,0.03,-0.01,1.07,-1.13,0.58,-0.12,733885
510275,0.06,1.02,0.08,-2.90,2.20,-1.40,0.03,-0.01,1.07,-1.16,0.61,-0.31,733603
510286,0.06,1.02,0.08,-2.90,2.20,-1.53,0.03,-0.01,1.07,-1.31,0.55,-0.15,733718
510299,0.06,1.02,0.08,-2.84,2.32,-1.71,0.03,-0.01,1.07,-1.22,0.70,-0.49,733777
510310,0.06,1.02,0.08,-2.78,2.35,-1.65,0.03,-0.01,1.07,-1.04,0.73,-0.06,735671
510321,0.06,1.02,0.08,-2.59,2.08,-1.86,0.03,-0.01,1.07,-1.10,0.70,-0.24,737240
510333,0.06,1.02,0.08,-2.47,2.11,-1.50,0.03,-0.01,1.07,-1.07,0.73,-0.49,736195
510345,0.06,1.02,0.08,-2.50,2.14,-1.71,0.03,-0.01,1.07,-1.19,0.67,-0.52,735473
510357,0.06,1.02,0.08,-2.32,2.01,-1.56,0.03,-0.01,1.07,-0.98,1.07,-0.31,735361
510368,0.06,1.02,0.08,-2.23,2.35,-1.46,0.03,-0.01,1.07,-1.01,0.82,-0.18,732797
510381,0.06,1.02,0.08,-2.35,2.14,-1.50,0.03,-0.01,1.07,-0.92,0.76,-0.43,729891
510392,0.06,1.02,0.08,-1.86,2.23,-1.34,0.03,-0.01,1.07,-1.37,0.79,-0.18,732262
510403,0.06,1.02,0.08,-1.86,2.44,-1.40,0.03,-0.01,1.07,-1.13,0.67,-0.18,734191
510415,0.05,1.02,0.08,-1.83,2.29,-1.43,0.03,-0.01,1.07,-1.28,0.64,-0.52,731356
510427,0.05,1.02,0.08,-1.80,2.23,-1.13,0.03,-0.01,1.07,-1.10,0.52,-0.49,732948
510439,0.05,1.02,0.08,-1.65,2.17,-1.31,0.03,-0.01,1.07,-1.22,0.55,-0.52,735631
510450,0.05,1.02,0.08,-1.62,2.32,-1.31,0.03,-0.01,1.07,-1.13,0.52,-0.27,734165
510462,0.05,1.02,0.08,-1.83,2.29,-1.25,0.03,-0.01,1.07,-1.07,0.67,-0.49,730849
510474,0.05,1.02,0.08,-1.62,2.17,-1.40,0.03,-0.01,1.07,-0.98,0.76,-0.24,735524
510486,0.05,1.02,0.08,-1.62,1.98,-1.53,0.03,-0.01,1.07,-0.85,0.95,-0.37,736498
510497,0.06,1.02,0.08,-1.62,2.14,-1.10,0.03,-0.01,1.07,-0.92,0.89,-0.27,735628
510509,0.06,1.02,0.08,-1.71,2.14,-1.43,0.03,-0.01,1.07,-1.28,0.61,-0.15,734906
510521,0.06,1.02,0.08,-1.40,2.20,-1.50,0.03,-0.01,1.07,-1.25,0.61,-0.55,735156
510532,0.06,1.02,0.08,-1.65,2.20,-1.46,0.03,-0.01,1.07,-1.28,0.85,-0.06,735587
510544,0.06,1.02,0.08,-1.62,2.17,-1.59,0.03,-0.01,1.07,-1.13,0.64,-0.21,734804
510556,0.05,1.02,0.08,-1.62,2.14,-1.50,0.03,-0.01,1.07,-1.19,0.76,0.00,734804
510568,0.05,1.02,0.08,-1.53,2.23,-1.83,0.03,-0.01,1.07,-1.22,0.52,-0.31,735793
510579,0.05,1.02,0.08,-1.86,2.11,-1.43,0.03,-0.01,1.07,-1.19,0.73,-0.15,734556
510590,0.06,1.02,0.08,-1.71,2.26,-1.56,0.03,-0.01,1.07,-1.16,0.70,-0.34,736985
510603,0.06,1.02,0.08,-1.95,2.23,-1.50,0.03,-0.01,1.07,-1.16,0.73,-0.31,738280
510614,0.06,1.02,0.08,-2.11,2.11,-1.68,0.03,-0.01,1.07,-1.07,0.64,-0.52,735567
510626,0.06,1.02,0.08,-2.17,2.35,-1.71,0.03,-0.01,1.07,-1.13,0.61,-0.09,733191
510638,0.05,1.02,0.08,-2.11,2.20,-1.50,0.03,-0.01,1.07,-1.07,0.64,-0.12,735968
510650,0.05,1.02,0.08,-2.29,2.29,-1.43,0.03,-0.01,1.07,-1.22,0.76,-0.43,736587
510661,0.05,1.02,0.08,-2.29,2.14,-1.28,0.03,-0.01,1.07,-1.10,0.73,-0.40,735807
510672,0.05,1.02,0.08,-2.41,2.11,-1.50,0.03,-0.01,1.07,-0.98,0.82,-0.21,739219
510685,0.05,1.02,0.08,-2.53,2.38,-1.40,0.03,-0.01,1.07,-1.16,0.76,-0.27,738242
510696,0.06,1.02,0.08,-2.66,1.98,-1.46,0.03,-0.01,1.07,-1.28,0.55,-0.21,735834
510708,0.05,1.02,0.08,-2.41,2.26,-1.37,0.03,-0.01,1.07,-1.16,0.76,-0.27,737037
510720,0.06,1.02,0.08,-2.53,2.01,-1.46,0.03,-0.01,1.07,-1.19,0.82,-0.15,734858
510732,0.06,1.02,0.08,-2.53,2.26,-1.43,0.03,-0.01,1.07,-1.01,0.70,-0.34,737723
510743,0.05,1.02,0.08,-2.69,2.17,-1.71,0.03,-0.01,1.07,-1.22,0.70,-0.52,736088
510755,0.06,1.02,0.08,-2.78,2.08,-1.65,0.03,-0.01,1.07,-1.43,0.79,-0.18,735234
510767,0.06,1.02,0.08,-2.56,2.23,-1.65,0.03,-0.01,1.07,-0.76,0.82,-0.37,734915
510778,0.06,1.02,0.08,-2.93,2.17,-1.56,0.03,-0.01,1.07,-1.07,0.70,-0.43,735893
510790,0.06,1.02,0.08,-2.84,2.29,-1.31,0.03,-0.01,1.07,-1.13,0.67,-0.43,738972
510801,0.06,1.02,0.08,-2.84,2.26,-1.59,0.03,-0.01,1.07,-1.01,0.52,-0.46,737577
510814,0.05,1.02,0.08,-2.72,2.35,-1.59,0.03,-0.01,1.07,-1.16,0.76,0.03,736383
510825,0.05,1.02,0.08,-2.84,2.26,-1.65,0.03,-0.01,1.07,-1.10,0.79,-0.24,736371
510837,0.05,1.02,0.08,-2.72,2.35,-1.50,0.03,-0.01,1.07,-1.19,0.46,-0.15,734575
510849,0.05,1.02,0.08,-2.72,2.14,-1.31,0.03,-0.01,1.07,-1.22,0.58,-0.31,731826
510860,0.05,1.02,0.08,-2.66,2.17,-1.28,0.03,-0.01,1.07,-1.22,0.64,-0.24,732612
510872,0.06,1.02,0.08,-2.53,2.20,-1.34,0.03,-0.01,1.07,-1.16,0.76,-0.49,733791
510883,0.06,1.02,0.08,-2.56,2.04,-1.46,0.03,-0.01,1.07,-1.04,0.85,-0.27,735762
510896,0.06,1.02,0.08,-2.29,2.20,-1.40,0.03,-0.01,1.07,-0.92,0.73,-0.27,736592
510907,0.06,1.02,0.08,-2.38,1.86,-1.31,0.03,-0.01,1.07,-1.22,0.73,-0.43,736112
510919,0.06,1.02,0.08,-2.32,2.38,-1.25,0.03,-0.01,1.07,-1.25,0.64,-0.46,734322
510930,0.06,1.02,0.08,-2.14,2.11,-1.34,0.03,-0.01,1.07,-1.01,0.89,-0.37,734481
510942,0.06,1.02,0.08,-2.23,2.08,-1.59,0.03,-0.01,1.07,-1.10,0.58,-0.40,734855
510954,0.06,1.02,0.08,-2.01,2.17,-1.65,0.03,-0.01,1.07,-1.10,0.73,-0.37,735307
510965,0.06,1.02,0.08,-2.20,2.14,-1.28,0.03,-0.01,1.07,-1.07,0.76,-0.52,734117
510978,0.06,1.02,0.08,-1.89,2.38,-1.53,0.03,-0.01,1.07,-1.01,0.61,-0.24,734880
510989,0.06,1.02,0.08,-2.01,2.26,-1.56,0.03,-0.01,1.07,-1.01,0.52,-0.37,736536
511001,0.06,1.02,0.08,-1.65,2.35,-1.28,0.03,-0.01,1.07,-1.04,0.89,-0.06,736129
511012,0.06,1.02,0.08,-1.77,2.17,-1.62,0.03,-0.01,1.07,-1.50,0.89,-0.43,736702
511024,0.06,1.02,0.08,-1.74,2.23,-1.22,0.03,-0.01,1.07,-1.22,0.70,-0.37,736144
511036,0.06,1.02,0.08,-1.53,2.04,-1.53,0.03,-0.01,1.07,-1.19,0.79,-0.21,734896
511047,0.06,1.02,0.08,-1.68,2.41,-1.43,0.03,-0.01,1.07,-1.04,0.76,-0.43,735550
511059,0.06,1.02,0.08,-1.77,2.20,-1.53,0.03,-0.01,1.07,-1.07,0.67,-0.18,733998
511071,0.06,1.02,0.08,-1.68,2.29,-1.46,0.03,-0.01,1.07,-0.98,0.43,-0.27,736409
511083,0.06,1.02,0.08,-1.59,2.08,-1.43,0.03,-0.01,1.07,-1.16,0.70,-0.31,736101
511094,0.06,1.02,0.08,-1.80,2.20,-1.46,0.03,-0.01,1.07,-0.95,0.67,-0.03,735683
511107,0.06,1.02,0.08,-1.65,2.26,-1.34,0.03,-0.01,1.07,-1.07,0.73,-0.15,737605
511118,0.06,1.02,0.08,-1.89,2.29,-1.31,0.03,-0.01,1.07,-0.79,0.85,-0.37,737951
511129,0.06,1.02,0.08,-1.89,2.32,-1.62,0.03,-0.01,1.07,-1.10,0.89,-0.43,736926
511141,0.06,1.02,0.08,-2.01,2.17,-1.56,0.03,-0.01,1.07,-1.13,0.67,-0.34,737012
511153,0.06,1.02,0.08,-1.86,2.08,-1.50,0.03,-0.01,1.07,-1.10,0.64,-0.46,737108
511165,0.06,1.02,0.08,-2.04,2.29,-1.68,0.03,-0.01,1.07,-1.10,0.61,-0.27,737457
511176,0.06,1.02,0.08,-1.95,2.29,-1.59,0.03,-0.01,1.07,-1.25,0.79,-0.18,739677
511188,0.06,1.02,0.08,-2.23,1.92,-1.37,0.03,-0.01,1.07,-0.95,0.98,-0.21,737284
511200,0.06,1.02,0.08,-1.98,2.17,-1.53,0.03,-0.01,1.07,-0.95,0.52,-0.40,735340
511211,0.06,1.02,0.08,-2.23,2.23,-1.56,0.03,-0.01,1.07,-1.10,0.82,-0.46,736898
511223,0.05,1.02,0.08,-2.35,2.20,-1.40,0.03,-0.01,1.07,-1.16,0.55,-0.67,737027
511235,0.05,1.02,0.08,-2.35,2.23,-1.56,0.03,-0.01,1.07,-1.31,0.70,-0.46,736635
511247,0.05,1.02,0.08,-2.41,2.26,-1.37,0.03,-0.01,1.07,-0.98,0.70,-0.49,737737
511258,0.05,1.02,0.08,-2.69,2.23,-1.40,0.03,-0.01,1.07,-1.13,0.82,-0.31,735428
511270,0.05,1.02,0.08,-2.53,2.20,-1.31,0.03,-0.01,1.07,-1.04,0.89,-0.21,733913
511282,0.05,1.02,0.08,-2.84,2.14,-1.43,0.03,-0.01,1.07,-1.04,0.85,-0.37,734363
511294,0.06,1.02,0.08,-2.62,2.17,-1.22,0.03,-0.01,1.07,-1.10,0.64,-0.27,735373
511305,0.06,1.02,0.08,-2.75,2.29,-1.50,0.03,-0.01,1.07,-1.28,0.76,-0.31,734215
511316,0.06,1.02,0.08,-2.59,2.35,-1.31,0.03,-0.01,1.07,-1.07,0.73,-0.40,735796
511329,0.06,1.02,0.08,-2.81,2.11,-1.43,0.03,-0.01,1.07,-1.07,0.64,-0.18,736567
511340,0.06,1.02,0.08,-2.50,2.23,-1.37,0.03,-0.01,1.07,-1.40,0.52,-0.27,734747
511352,0.06,1.02,0.08,-2.75,2.26,-1.25,0.03,-0.01,1.07,-1.04,0.58,-0.06,734945
511364,0.06,1.02,0.08,-2.53,2.23,-1.37,0.03,-0.01,1.07,-1.22,0.67,-0.40,732842
511376,0.06,1.02,0.08,-2.72,2.26,-1.46,0.03,-0.01,1.07,-0.98,0.46,-0.27,736470
511387,0.06,1.02,0.08,-2.62,1.77,-1.40,0.03,-0.01,1.07,-0.95,0.95,-0.18,733916
511398,0.06,1.02,0.08,-2.72,2.14,-1.71,0.03,-0.01,1.07,-0.82,0.67,-0.21,736745
511411,0.06,1.02,0.08,-2.26,2.14,-1.59,0.03,-0.01,1.07,-1.10,0.61,-0.46,736108
511422,0.06,1.02,0.08,-2.59,2.08,-1.37,0.03,-0.01,1.07,-1.19,0.70,-0.21,734676
511434,0.05,1.02,0.08,-2.38,2.29,-1.65,0.03,-0.01,1.07,-1.16,0.82,-0.43,733450
511446,0.05,1.02,0.08,-2.23,2.20,-1.74,0.03,-0.01,1.07,-1.31,0.52,-0.24,732157
511458,0.05,1.02,0.08,-2.35,2.17,-1.37,0.03,-0.01,1.07,-1.10,0.70,-0.40,733218
511469,0.05,1.02,0.08,-2.32,2.17,-1.59,0.03,-0.01,1.07,-0.89,0.70,-0.24,735266
511480,0.05,1.02,0.08,-2.20,2.08,-1.37,0.03,-0.01,1.07,-1.22,0.49,-0.15,735637
511493,0.05,1.02,0.08,-2.11,2.20,-1.62,0.03,-0.01,1.07,-0.98,0.73,-0.31,734574
511504,0.05,1.02,0.08,-2.17,2.08,-1.43,0.03,-0.01,1.07,-1.19,0.67,-0.15,732956
511516,0.06,1.02,0.08,-2.01,2.17,-1.56,0.03,-0.01,1.07,-1.13,0.76,-0.21,733470
511527,0.06,1.02,0.08,-2.04,2.08,-1.16,0.03,-0.01,1.07,-1.01,0.76,-0.27,734344
511540,0.06,1.02,0.08,-2.17,2.04,-1.50,0.03,-0.01,1.07,-1.04,0.76,-0.52,731830
511551,0.05,1.02,0.08,-1.80,2.23,-1.46,0.03,-0.01,1.07,-1.13,0.79,-0.40,733551
511562,0.05,1.02,0.08,-1.77,2.14,-1.59,0.03,-0.01,1.07,-1.01,0.64,-0.21,734484
511575,0.06,1.02,0.08,-1.77,2.08,-1.22,0.03,-0.01,1.07,-0.89,0.82,-0.03,732480
511586,0.06,1.02,0.08,-1.83,2.08,-1.56,0.03,-0.01,1.07,-1.07,0.64,0.00,732714
511598,0.06,1.02,0.08,-1.65,2.08,-1.31,0.03,-0.01,1.07,-0.98,0.64,-0.49,735396
511609,0.05,1.02,0.08,-1.74,2.26,-1.43,0.03,-0.01,1.07,-1.16,0.67,-0.43,736533
511622,0.05,1.02,0.08,-1.86,2.38,-1.34,0.03,-0.01,1.07,-1.28,0.64,-0.52,736947
511633,0.05,1.02,0.08,-1.59,2.08,-1.43,0.03,-0.01,1.07,-1.07,0.73,-0.31,736971
511645,0.05,1.02,0.08,-1.86,2.23,-1.68,0.03,-0.01,1.07,-1.01,0.55,-0.06,735669
511656,0.05,1.02,0.08,-1.37,2.32,-1.25,0.03,-0.01,1.07,-1.22,0.73,-0.40,735871
511668,0.05,1.02,0.08,-1.74,2.26,-1.71,0.03,-0.01,1.07,-0.92,0.58,-0.37,737162
511680,0.05,1.02,0.08,-1.89,2.17,-1.53,0.03,-0.01,1.07,-1.10,0.67,-0.49,736862
511691,0.06,1.02,0.08,-1.74,2.20,-1.34,0.03,-0.01,1.07,-0.85,0.95,-0.27,736118
511704,0.06,1.02,0.08,-1.92,2.11,-1.56,0.03,-0.01,1.07,-0.85,0.82,-0.34,736901
511715,0.06,1.02,0.08,-2.11,2.20,-1.19,0.03,-0.01,1.07,-0.79,0.79,-0.34,737729
511727,0.05,1.02,0.08,-2.08,2.23,-1.71,0.03,-0.01,1.07,-1.10,0.73,-0.31,737400
511738,0.06,1.02,0.08,-2.20,2.41,-1.50,0.03,-0.01,1.07,-0.92,0.64,-0.12,735592
511750,0.05,1.02,0.08,-2.29,2.01,-1.50,0.03,-0.01,1.07,-1.19,0.70,-0.06,734906
511762,0.05,1.02,0.08,-2.08,2.14,-1.50,0.03,-0.01,1.07,-1.25,0.61,-0.15,735788
511773,0.05,1.02,0.08,-2.26,2.35,-1.46,0.03,-0.01,1.07,-1.07,0.52,0.00,738138
511785,0.06,1.02,0.08,-2.35,2.26,-1.56,0.03,-0.01,1.07,-1.22,0.58,-0.27,738435
511797,0.06,1.02,0.08,-2.35,2.23,-1.53,0.03,-0.01,1.07,-1.19,0.73,-0.27,735080
511809,0.06,1.02,0.08,-2.41,1.80,-1.28,0.03,-0.01,1.07,-1.13,0.82,-0.37,736685
511820,0.06,1.02,0.08,-2.69,2.17,-1.65,0.03,-0.01,1.07,-1.01,0.79,-0.31,736727
511833,0.06,1.02,0.08,-2.56,2.08,-1.43,0.03,-0.01,1.07,-0.85,0.76,-0.31,736654
511844,0.06,1.02,0.08,-2.53,2.08,-1.59,0.03,-0.01,1.07,-1.07,0.89,-0.21,736624
511855,0.06,1.02,0.08,-2.78,2.20,-1.37,0.03,-0.01,1.07,-1.07,1.13,-0.40,737547
511867,0.05,1.02,0.08,-2.90,2.26,-1.50,0.03,-0.01,1.07,-1.19,0.73,-0.55,735193
511879,0.05,1.02,0.08,-2.75,1.89,-1.50,0.03,-0.01,1.07,-1.16,0.76,-0.31,737463
511891,0.05,1.02,0.08,-2.75,2.04,-1.37,0.03,-0.01,1.07,-0.89,0.58,-0.46,734183
511902,0.05,1.02,0.08,-2.78,2.11,-1.65,0.03,-0.01,1.07,-0.98,0.70,-0.40,734864
511915,0.06,1.02,0.08,-2.62,2.14,-1.31,0.03,-0.01,1.07,-1.25,0.64,-0.52,736956
511926,0.06,1.02,0.08,-2.78,2.04,-1.46,0.03,-0.01,1.07,-1.01,0.82,-0.24,737182
511937,0.06,1.02,0.08,-2.59,2.53,-1.31,0.03,-0.01,1.07,-1.10,0.61,-0.24,735463
511949,0.05,1.02,0.08,-2.35,2.04,-1.77,0.03,-0.01,1.07,-1.25,0.70,-0.46,732255
511961,0.05,1.02,0.08,-2.44,2.32,-1.16,0.03,-0.01,1.07,-0.95,0.89,-0.31,735511
511973,0.05,1.02,0.08,-2.62,2.11,-1.37,0.03,-0.01,1.07,-1.22,0.64,-0.34,734914
511984,0.06,1.02,0.08,-2.69,2.08,-1.68,0.03,-0.01,1.07,-0.98,0.79,-0.40,734021
511996,0.05,1.02,0.08,-2.53,2.23,-1.43,0.03,-0.01,1.07,-1.19,0.73,-0.40,735667
512008,0.06,1.02,0.08,-2.47,2.35,-1.50,0.03,-0.01,1.07,-1.19,0.58,-0.12,736643
512019,0.06,1.02,0.08,-2.38,1.89,-1.19,0.03,-0.01,1.07,-1.10,0.70,-0.27,735434
512031,0.06,1.02,0.08,-2.32,2.08,-1.37,0.03,-0.01,1.07,-1.10,0.82,-0.21,734042
512043,0.05,1.02,0.08,-2.08,2.29,-1.46,0.03,-0.01,1.07,-0.95,0.64,-0.21,733479
512055,0.06,1.02,0.08,-2.08,2.32,-1.46,0.03,-0.01,1.07,-1.22,0.67,-0.18,733847
512066,0.05,1.02,0.08,-2.11,2.32,-1.62,0.03,-0.01,1.07,-1.04,0.64,-0.18,733214
512078,0.05,1.02,0.08,-1.89,2.20,-1.56,0.03,-0.01,1.07,-1.22,0.67,-0.40,731514
512090,0.05,1.02,0.08,-1.98,2.01,-1.31,0.03,-0.01,1.07,-1.22,0.43,-0.34,734076
512102,0.05,1.02,0.08,-2.04,2.29,-1.43,0.03,-0.01,1.07,-1.04,0.73,-0.12,734086
512113,0.05,1.02,0.08,-1.80,2.35,-1.31,0.03,-0.01,1.07,-1.07,0.67,-0.21,737188
512124,0.05,1.02,0.08,-1.95,2.32,-1.53,0.03,-0.01,1.07,-0.95,0.76,-0.34,737111
512137,0.05,1.02,0.08,-1.86,1.95,-1.56,0.03,-0.01,1.07,-1.16,0.61,-0.27,736285
512148,0.06,1.02,0.08,-1.98,2.04,-1.43,0.03,-0.01,1.07,-1.07,0.79,-0.24,735693
512160,0.06,1.02,0.08,-2.01,2.14,-1.37,0.03,-0.01,1.07,-1.04,0.76,-0.31,737263
512172,0.06,1.02,0.08,-1.95,2.17,-1.19,0.03,-0.01,1.07,-1.07,0.79,-0.58,737367
512184,0.06,1.02,0.08,-1.89,2.14,-1.50,0.03,-0.01,1.07,-1.19,0.67,-0.21,734833
512195,0.05,1.02,0.08,-1.98,2.62,-1.43,0.03,-0.01,1.07,-0.85,0.64,-0.37,736429
512206,0.06,1.02,0.08,-1.80,2.32,-1.50,0.03,-0.01,1.07,-1.13,0.61,-0.34,735661
512219,0.06,1.02,0.08,-1.86,2.26,-1.62,0.03,-0.01,1.07,-1.13,0.55,-0.55,737068
512230,0.06,1.02,0.08,-2.08,2.17,-1.31,0.03,-0.01,1.07,-0.98,0.64,-0.24,736443
512242,0.06,1.02,0.08,-2.08,2.32,-1.37,0.03,-0.01,1.07,-1.07,0.70,-0.12,737766
512253,0.06,1.02,0.08,-1.86,2.41,-1.43,0.03,-0.01,1.07,-1.01,0.76,0.00,737238
512266,0.06,1.02,0.08,-1.95,2.23,-1.40,0.03,-0.01,1.07,-0.92,0.52,-0.46,734404
512277,0.06,1.02,0.08,-2.11,2.14,-1.16,0.03,-0.01,1.07,-1.04,0.61,-0.12,734573
512288,0.06,1.02,0.08,-1.98,1.95,-1.28,0.03,-0.01,1.07,-0.98,0.67,-0.40,733722
512301,0.05,1.02,0.08,-2.14,2.20,-1.71,0.03,-0.01,1.07,-1.10,0.70,-0.18,732967
512312,0.05,1.02,0.08,-2.32,2.50,-1.43,0.03,-0.01,1.07,-1.07,0.61,-0.21,736646
512324,0.06,1.02,0.08,-2.20,2.08,-1.43,0.03,-0.01,1.07,-1.22,0.58,-0.40,740793
512335,0.06,1.02,0.08,-2.29,2.14,-1.71,0.03,-0.01,1.07,-1.16,0.70,-0.34,737708
512348,0.06,1.02,0.08,-2.17,2.04,-1.37,0.03,-0.01,1.07,-1.16,0.43,-0.27,736298
512359,0.05,1.02,0.08,-2.26,2.04,-1.31,0.03,-0.01,1.07,-1.04,0.79,-0.21,736625
512371,0.05,1.02,0.08,-2.47,2.26,-1.22,0.03,-0.01,1.07,-1.22,0.79,-0.06,737746
512382,0.06,1.02,0.08,-2.50,2.14,-1.46,0.03,-0.01,1.07,-1.16,0.64,-0.31,734901
512394,0.06,1.02,0.08,-2.59,2.26,-1.50,0.03,-0.01,1.07,-0.98,0.49,-0.49,735971
512406,0.06,1.02,0.08,-2.53,2.11,-1.53,0.03,-0.01,1.07,-1.22,0.89,-0.12,736686
512417,0.06,1.02,0.08,-2.56,2.11,-1.40,0.03,-0.01,1.07,-1.04,0.82,-0.37,736715
512430,0.06,1.02,0.08,-2.47,2.29,-1.50,0.03,-0.01,1.07,-1.13,0.67,0.00,737789
512441,0.06,1.02,0.08,-2.69,2.26,-1.80,0.03,-0.01,1.07,-0.95,0.31,-0.06,737930
512453,0.06,1.02,0.08,-2.50,2.11,-1.50,0.03,-0.01,1.07,-0.95,0.76,-0.49,735856
512464,0.06,1.02,0.08,-2.62,2.20,-1.40,0.03,-0.01,1.07,-1.19,0.61,-0.52,733250
512476,0.06,1.02,0.08,-2.47,2.08,-1.40,0.03,-0.01,1.07,-1.01,0.52,-0.46,734001
512488,0.06,1.02,0.08,-2.69,2.17,-1.46,0.03,-0.01,1.07,-1.16,0.79,-0.31,733113
512499,0.06,1.02,0.08,-2.38,2.32,-1.71,0.03,-0.01,1.07,-1.07,0.58,-0.46,736183
512512,0.06,1.02,0.08,-2.66,2.14,-1.37,0.03,-0.01,1.07,-1.07,0.49,-0.21,733041
512523,0.06,1.02,0.08,-2.69,2.20,-1.53,0.03,-0.01,1.07,-1.04,0.55,-0.34,732479
512535,0.06,1.02,0.08,-2.47,2.35,-1.25,0.03,-0.01,1.07,-1.10,0.73,-0.34,735090
512546,0.06,1.02,0.08,-2.44,2.26,-1.37,0.03,-0.01,1.07,-1.13,0.55,-0.46,736150
512558,0.06,1.02,0.08,-2.11,2.14,-1.53,0.03,-0.01,1.07,-0.95,0.73,-0.15,736346
512570,0.06,1.02,0.08,-2.23,2.32,-1.40,0.03,-0.01,1.07,-1.01,0.64,-0.37,735756
512581,0.06,1.02,0.08,-2.23,2.26,-1.65,0.03,-0.01,1.07,-0.82,0.46,-0.37,737316
512593,0.06,1.02,0.08,-2.29,1.95,-1.56,0.03,-0.01,1.07,-1.28,0.67,-0.18,737466
512605,0.06,1.02,0.08,-2.20,2.17,-1.65,0.03,-0.01,1.07,-1.16,0.73,-0.49,735473
512617,0.06,1.02,0.08,-2.11,2.23,-1.22,0.03,-0.01,1.07,-1.22,0.37,-0.15,732821
512628,0.06,1.02,0.08,-2.04,2.23,-1.65,0.03,-0.01,1.07,-1.19,0.46,-0.58,733821
512641,0.06,1.02,0.08,-2.17,2.14,-1.46,0.03,-0.01,1.07,-1.10,0.70,-0.37,735121
512652,0.06,1.02,0.08,-2.04,2.17,-1.65,0.03,-0.01,1.07,-1.10,0.85,-0.31,735196
512663,0.06,1.02,0.08,-1.77,2.17,-1.56,0.03,-0.01,1.07,-1.19,1.10,-0.21,733711
512675,0.06,1.02,0.08,-1.83,2.14,-1.37,0.03,-0.01,1.07,-1.19,0.49,-0.24,735025
512687,0.06,1.02,0.08,-1.77,2.29,-1.68,0.03,-0.01,1.07,-1.28,0.98,-0.31,734933
512699,0.05,1.02,0.08,-1.89,2.35,-1.37,0.03,-0.01,1.07,-1.07,0.67,-0.46,735443
512710,0.05,1.02,0.08,-1.89,2.17,-1.50,0.03,-0.01,1.07,-1.04,1.01,-0.37,733743
512722,0.05,1.02,0.08,-1.89,2.11,-1.65,0.03,-0.01,1.07,-1.34,0.89,-0.40,733647
512734,0.05,1.02,0.08,-1.92,2.20,-1.28,0.03,-0.01,1.07,-1.04,0.73,-0.15,735126
512745,0.05,1.02,0.08,-1.80,2.38,-1.37,0.03,-0.01,1.07,-1.10,0.70,-0.49,734304
512757,0.06,1.02,0.08,-1.98,2.41,-1.22,0.03,-0.01,1.07,-0.89,0.79,-0.34,734866
512769,0.06,1.02,0.08,-2.04,2.14,-1.31,0.03,-0.01,1.07,-0.85,0.79,-0.37,733420
512781,0.05,1.02,0.08,-1.98,2.29,-1.04,0.03,-0.01,1.07,-1.16,0.55,-0.27,732574
512792,0.06,1.02,0.08,-2.04,2.11,-1.46,0.03,-0.01,1.07,-1.07,0.55,-0.06,733560
512804,0.06,1.02,0.08,-2.11,2.32,-1.68,0.03,-0.01,1.07,-1.31,0.70,-0.43,734006
512816,0.06,1.02,0.07,-1.95,1.89,-1.19,0.03,-0.01,1.07,-1.37,0.52,-0.27,733717
512827,0.06,1.02,0.08,-2.17,2.08,-1.34,0.03,-0.01,1.07,-1.28,0.64,-0.34,733717
512839,0.06,1.02,0.08,-2.38,2.20,-1.43,0.03,-0.01,1.07,-0.92,0.55,-0.67,735788
512850,0.06,1.02,0.08,-2.23,1.95,-1.43,0.03,-0.01,1.07,-1.01,0.67,-0.15,736945
512863,0.06,1.02,0.08,-2.29,2.14,-1.31,0.03,-0.01,1.07,-1.04,0.82,-0.27,736290
512874,0.05,1.02,0.07,-2.20,2.20,-1.16,0.03,-0.01,1.07,-1.19,0.64,-0.43,736580
512886,0.06,1.02,0.07,-2.26,2.04,-1.56,0.03,-0.01,1.07,-0.98,0.55,-0.21,736823
512898,0.06,1.02,0.08,-2.23,2.32,-1.40,0.03,-0.01,1.07,-1.16,0.95,-0.37,738190
512910,0.06,1.02,0.08,-2.08,2.35,-1.53,0.03,-0.01,1.07,-1.07,0.79,-0.46,737951
512921,0.06,1.02,0.08,-2.38,2.23,-1.50,0.03,-0.01,1.07,-1.50,0.82,-0.52,737135
512932,0.06,1.02,0.08,-2.35,2.26,-1.59,0.03,-0.01,1.07,-1.04,0.61,-0.43,735761
512945,0.05,1.02,0.08,-2.53,2.29,-1.62,0.03,-0.01,1.07,-1.31,1.01,-0.21,735804
512956,0.05,1.02,0.08,-2.50,2.38,-1.16,0.03,-0.01,1.07,-1.22,0.73,-0.21,736075
512968,0.05,1.02,0.08,-2.44,1.92,-1.28,0.03,-0.01,1.07,-1.07,0.85,-0.43,737614
512979,0.05,1.02,0.08,-2.69,2.14,-1.22,0.03,-0.01,1.07,-1.16,0.70,-0.49,736825
512992,0.06,1.02,0.08,-2.69,1.98,-1.40,0.03,-0.01,1.07,-0.85,0.58,-0.46,738788
513003,0.06,1.02,0.08,-2.66,2.20,-1.34,0.03,-0.01,1.07,-1.22,0.64,-0.21,737823
513014,0.06,1.02,0.08,-2.56,2.26,-1.28,0.03,-0.01,1.07,-0.92,1.01,-0.18,736622
513027,0.06,1.02,0.08,-2.78,2.29,-1.43,0.03,-0.01,1.07,-1.16,0.79,-0.24,735146
513038,0.06,1.02,0.08,-2.59,2.20,-1.16,0.03,-0.01,1.07,-1.16,0.76,-0.34,737009
513050,0.06,1.02,0.08,-2.35,2.41,-1.62,0.03,-0.01,1.07,-1.01,0.52,-0.43,736004
513061,0.06,1.02,0.08,-2.87,2.38,-1.50,0.03,-0.01,1.07,-1.25,0.46,-0.37,735633
513074,0.06,1.02,0.08,-2.56,2.29,-1.68,0.03,-0.01,1.07,-0.95,0.61,-0.46,737292
513085,0.06,1.02,0.08,-2.56,2.29,-1.50,0.03,-0.01,1.07,-1.19,0.70,-0.55,734459
513097,0.06,1.02,0.08,-2.59,2.29,-1.46,0.03,-0.01,1.07,-0.98,0.46,-0.40,732960
513108,0.05,1.02,0.08,-2.53,2.29,-1.40,0.03,-0.01,1.07,-1.07,0.58,-0.40,731349
513120,0.05,1.02,0.08,-2.59,1.95,-1.50,0.03,-0.01,1.07,-1.04,0.67,-0.24,730578
513132,0.06,1.02,0.08,-2.41,2.23,-1.68,0.03,-0.01,1.07,-1.22,0.61,-0.27,727804
513143,0.06,1.02,0.08,-2.72,2.08,-2.08,0.03,-0.01,1.07,-1.25,0.79,-0.24,719678
513156,0.06,1.02,0.08,-2.84,2.14,-2.47,0.03,-0.01,1.07,-1.13,0.85,-0.37,714022
513167,0.06,1.02,0.08,-3.51,2.23,-2.59,0.03,-0.01,1.07,-1.37,0.58,-0.34,709579
513179,0.06,1.02,0.08,-3.57,2.32,-2.99,0.03,-0.01,1.07,-1.01,0.70,-0.34,704295
513190,0.06,1.02,0.08,-3.94,1.92,-3.02,0.03,-0.01,1.07,-1.04,0.64,-0.49,695163
513202,0.06,1.02,0.07,-4.52,2.38,-3.05,0.03,-0.01,1.07,-1.31,0.64,-0.40,683490
513214,0.05,1.02,0.08,-5.07,2.38,-2.84,0.03,-0.01,1.07,-1.19,0.79,-0.43,671633
513225,0.05,1.02,0.07,-5.89,2.11,-2.84,0.03,-0.01,1.07,-1.16,0.92,-0.12,655398
513238,0.05,1.01,0.07,-6.65,1.74,-2.53,0.03,-0.01,1.07,-1.10,0.92,-0.21,629737
513249,0.05,1.01,0.07,-7.69,1.89,-1.56,0.03,-0.01,1.07,-1.28,0.73,-0.34,599437
513261,0.05,1.01,0.07,-8.09,2.38,-0.98,0.03,-0.01,1.07,-1.04,0.70,-0.58,568533
513272,0.05,1.01,0.08,-8.39,2.41,-0.12,0.03,-0.01,1.07,-0.95,0.70,-0.58,537476
513284,0.05,1.02,0.08,-8.42,1.89,0.31,0.03,-0.01,1.07,-0.98,0.82,-0.21,511317
513296,0.05,1.02,0.08,-8.18,1.77,0.92,0.03,-0.01,1.07,-1.13,0.61,-0.24,482638
513307,0.05,1.02,0.09,-7.87,1.59,0.79,0.03,-0.01,1.07,-0.95,0.61,-0.27,440727
513319,0.05,1.02,0.09,-7.60,1.37,0.79,0.03,-0.01,1.07,-1.19,0.43,-0.43,386362
513331,0.05,1.02,0.09,-7.54,1.89,-0.03,0.03,-0.01,1.07,-1.01,0.79,-0.24,335410
513343,0.06,1.02,0.09,-6.87,2.04,-0.67,0.03,-0.01,1.07,-1.16,0.61,-0.18,297043
513354,0.06,1.03,0.09,-6.29,2.17,-0.92,0.03,-0.01,1.07,-1.10,0.52,-0.31,264479
513367,0.06,1.03,0.10,-5.25,1.92,-1.83,0.03,-0.01,1.07,-1.25,0.64,-0.31,224287
513378,0.06,1.03,0.10,-3.66,1.86,-2.14,0.03,-0.01,1.07,-1.04,0.58,-0.55,179177
513389,0.06,1.04,0.10,-2.44,1.43,-2.29,0.03,-0.01,1.07,-1.13,0.61,-0.12,141013
513401,0.06,1.04,0.10,-0.98,0.73,-2.08,0.03,-0.01,1.07,-1.13,0.92,-0.49,103963
513413,0.06,1.04,0.10,0.03,0.49,-2.01,0.03,-0.01,1.07,-0.95,0.76,-0.18,61826
513425,0.06,1.04,0.10,1.31,0.43,-1.28,0.03,-0.01,1.07,-1.34,0.70,-0.31,25570
513436,0.06,1.04,0.10,1.98,-0.15,-1.43,0.03,-0.01,1.07,-1.34,0.76,-0.31,16776732
513448,0.06,1.04,0.10,2.47,-1.28,-0.89,0.03,-0.01,1.07,-1.19,0.76,-0.21,16760022
513460,0.07,1.03,0.10,2.59,-2.90,-1.31,0.03,-0.01,1.07,-0.92,0.82,-0.27,16744631
513472,0.08,1.03,0.11,3.94,-4.79,-2.08,0.03,-0.01,1.07,-1.10,0.46,-0.31,16731734
513483,0.09,1.02,0.10,3.78,-6.07,-3.27,0.03,-0.01,1.07,-1.19,0.98,-0.27,16716936
513495,0.10,1.01,0.08,-2.93,-9.03,-5.71,0.03,-0.01,1.07,-1.25,0.58,-0.34,16701017
513507,0.10,0.99,0.06,-6.26,-11.35,-5.55,0.03,-0.01,1.07,-1.10,0.64,-0.21,16681318
513518,0.06,0.94,0.05,-13.67,-10.77,2.32,0.03,-0.01,1.07,-1.65,0.79,-0.34,16657184
513530,0.04,0.89,0.01,-28.11,-5.52,-1.40,0.03,-0.01,1.07,-0.85,0.61,0.03,16646309
513542,0.01,0.93,0.01,-33.97,5.40,-8.39,0.03,-0.01,1.07,-1.04,0.64,-0.37,16644100
513554,0.01,1.04,0.09,-15.66,4.94,-5.62,0.03,-0.01,1.07,-1.34,1.10,-0.40,16646241
513565,0.03,1.07,0.12,-8.09,1.10,-3.02,0.03,-0.01,1.07,-0.79,0.61,-0.27,16641942
513576,0.03,1.08,0.14,-0.03,2.44,-1.13,0.03,-0.01,1.07,-0.73,0.31,-0.21,16637480
513589,0.03,1.09,0.15,5.86,1.92,0.00,0.03,-0.01,1.07,-1.40,1.13,-0.34,16635687
513600,0.04,1.07,0.13,2.72,2.62,0.00,0.03,-0.01,1.07,-1.62,0.95,-0.34,16634048
513612,0.05,1.03,0.10,-3.75,2.47,-1.80,0.03,-0.01,1.07,-0.79,0.52,-0.37,16633415
513624,0.05,1.01,0.09,-8.09,2.47,-2.59,0.03,-0.01,1.07,-0.82,0.64,-0.31,16632743
513636,0.05,1.02,0.10,-5.92,2.23,-2.29,0.03,-0.01,1.07,-1.10,0.89,-0.12,16632478
513647,0.05,1.04,0.12,-0.06,2.26,-1.19,0.03,-0.01,1.07,-1.04,0.49,-0.27,16632446
513658,0.05,1.05,0.12,2.53,2.14,-0.85,0.03,-0.01,1.07,-0.89,0.49,-0.24,16632732
513671,0.05,1.03,0.11,-0.70,2.17,-0.98,0.03,-0.01,1.07,-1.25,0.64,-0.21,16632462
513682,0.05,1.01,0.10,-4.79,2.08,-1.83,0.03,-0.01,1.07,-0.95,0.82,-0.21,16633593
513694,0.05,1.01,0.09,-5.86,2.23,-1.80,0.03,-0.01,1.07,-1.01,0.73,-0.09,16635727
513705,0.05,1.02,0.11,-2.78,2.17,-1.59,0.03,-0.01,1.07,-1.07,0.70,-0.37,16635529
513718,0.05,1.03,0.11,0.49,2.23,-0.92,0.03,-0.01,1.07,-1.04,0.79,-0.27,16635572
513729,0.05,1.03,0.11,0.03,2.32,-0.70,0.03,-0.01,1.07,-1.28,0.76,-0.37,16634623
513741,0.05,1.02,0.10,-2.99,2.20,-1.43,0.03,-0.01,1.07,-1.19,0.58,-0.34,16636416
513753,0.05,1.01,0.10,-4.67,2.04,-1.62,0.03,-0.01,1.07,-1.13,0.64,-0.43,16634866
513764,0.05,1.02,0.10,-3.14,2.44,-1.53,0.03,-0.01,1.07,-1.10,0.52,-0.15,16635529
513776,0.05,1.03,0.11,-0.76,2.17,-1.04,0.03,-0.01,1.07,-0.95,0.52,-0.37,16637986
513787,0.05,1.03,0.11,-0.61,2.23,-1.07,0.03,-0.01,1.07,-1.19,0.55,-0.34,16634996
513800,0.05,1.02,0.10,-2.47,2.20,-1.34,0.03,-0.01,1.07,-1.31,0.61,-0.46,16633552
513811,0.05,1.01,0.10,-3.63,2.26,-1.83,0.03,-0.01,1.07,-1.10,0.64,-0.40,16633107
513823,0.05,1.02,0.10,-2.93,2.29,-1.62,0.03,-0.01,1.07,-1.10,0.79,-0.34,16632736
513835,0.05,1.03,0.11,-1.46,2.20,-1.19,0.03,-0.01,1.07,-1.13,0.70,-0.09,16632764
513846,0.05,1.03,0.11,-0.89,2.41,-1.10,0.03,-0.01,1.07,-1.04,0.70,-0.21,16634067
513858,0.05,1.02,0.10,-2.11,2.14,-1.46,0.03,-0.01,1.07,-1.19,0.73,-0.27,16634050
513869,0.05,1.02,0.10,-3.39,2.08,-1.68,0.03,-0.01,1.07,-0.98,0.64,-0.49,16633358
513882,0.05,1.02,0.10,-2.93,2.17,-1.59,0.03,-0.01,1.07,-1.25,0.55,-0.21,16634993
513893,0.05,1.02,0.11,-1.83,2.11,-1.37,0.03,-0.01,1.07,-1.16,0.55,-0.06,16633142
513905,0.05,1.03,0.11,-1.10,2.20,-1.13,0.03,-0.01,1.07,-1.01,0.76,-0.06,16633063
513916,0.05,1.02,0.10,-2.17,2.32,-1.40,0.03,-0.01,1.07,-1.16,0.76,-0.31,16633206
513928,0.05,1.02,0.10,-2.99,1.95,-1.43,0.03,-0.01,1.07,-1.16,0.70,-0.24,16633944
513940,0.05,1.02,0.10,-2.75,2.29,-1.19,0.03,-0.01,1.07,-1.10,0.70,-0.46,16633833
513951,0.05,1.02,0.11,-1.77,2.20,-1.37,0.03,-0.01,1.07,-1.01,0.73,-0.27,16636531
513964,0.05,1.02,0.11,-1.68,2.29,-1.31,0.03,-0.01,1.07,-1.07,0.67,-0.24,16635323
513975,0.05,1.02,0.10,-2.29,2.08,-1.43,0.03,-0.01,1.07,-0.98,0.70,-0.37,16633927
513987,0.05,1.02,0.10,-2.66,2.44,-1.37,0.03,-0.01,1.07,-1.10,0.79,-0.37,16634488
513998,0.05,1.02,0.10,-2.44,2.01,-1.46,0.03,-0.01,1.07,-1.16,0.76,-0.15,16634355
514011,0.05,1.02,0.11,-1.95,2.20,-1.37,0.03,-0.01,1.07,-1.04,0.58,-0.27,16634102
514022,0.05,1.02,0.11,-1.62,2.14,-1.37,0.03,-0.01,1.07,-1.13,0.61,-0.40,16635354
514033,0.05,1.02,0.10,-2.26,2.14,-1.50,0.03,-0.01,1.07,-0.98,0.58,-0.52,16634560
514045,0.05,1.02,0.10,-2.47,2.08,-1.53,0.03,-0.01,1.07,-0.98,0.85,-0.67,16632536
514057,0.05,1.02,0.10,-2.50,2.20,-1.77,0.03,-0.01,1.07,-1.28,0.70,-0.31,16631531
514069,0.05,1.02,0.11,-2.11,2.11,-1.50,0.03,-0.01,1.07,-1.19,0.58,-0.27,16635262
514080,0.05,1.02,0.10,-1.95,2.38,-1.28,0.03,-0.01,1.07,-0.85,0.64,-0.18,16634481
514093,0.05,1.02,0.10,-2.14,2.17,-1.50,0.03,-0.01,1.07,-1.31,0.70,-0.27,16634693
514104,0.05,1.02,0.10,-2.78,2.32,-1.74,0.03,-0.01,1.07,-1.04,0.70,-0.27,16633033
514115,0.05,1.02,0.10,-2.50,2.26,-1.59,0.03,-0.01,1.07,-1.19,0.67,-0.03,16631371
514127,0.05,1.02,0.10,-2.14,2.11,-1.25,0.03,-0.01,1.07,-1.07,0.70,-0.34,16633412
514139,0.05,1.02,0.10,-2.23,2.41,-1.59,0.03,-0.01,1.07,-1.25,0.64,-0.03,16635489
514151,0.05,1.02,0.10,-2.35,2.04,-1.53,0.03,-0.01,1.07,-1.25,0.61,-0.37,16635148
514162,0.05,1.02,0.10,-2.59,2.08,-1.31,0.03,-0.01,1.07,-0.92,0.64,-0.49,16635874
514174,0.05,1.02,0.10,-2.53,2.26,-1.37,0.03,-0.01,1.07,-1.01,0.73,-0.24,16638070
514186,0.05,1.02,0.11,-2.04,2.20,-1.56,0.03,-0.01,1.07,-1.22,0.73,-0.24,16635489
514197,0.05,1.02,0.11,-1.89,2.17,-1.34,0.03,-0.01,1.07,-0.89,0.70,-0.27,16634939
514209,0.05,1.02,0.10,-2.38,2.23,-1.28,0.03,-0.01,1.07,-1.16,0.73,-0.46,16636848
514221,0.05,1.02,0.10,-2.47,2.23,-1.65,0.03,-0.01,1.07,-0.89,0.64,-0.40,16635557
514233,0.05,1.02,0.11,-2.29,2.20,-1.59,0.03,-0.01,1.07,-1.22,0.58,-0.40,16634668
514244,0.05,1.02,0.11,-2.26,2.23,-1.53,0.03,-0.01,1.07,-1.04,1.07,-0.18,16634781
514256,0.05,1.02,0.11,-2.17,2.29,-1.40,0.03,-0.01,1.07,-1.10,0.70,-0.15,16635643
514268,0.05,1.02,0.11,-2.35,2.29,-1.37,0.03,-0.01,1.07,-1.19,0.67,-0.61,16634054
514280,0.05,1.02,0.11,-2.38,2.14,-1.40,0.03,-0.01,1.07,-0.98,0.46,-0.31,16632292
514291,0.05,1.02,0.11,-2.35,2.01,-1.46,0.03,-0.01,1.07,-1.07,0.70,-0.15,16633801
514302,0.05,1.02,0.11,-2.23,2.11,-1.22,0.03,-0.01,1.07,-1.07,0.73,-0.18,16634065
514315,0.05,1.02,0.11,-2.20,2.20,-1.53,0.03,-0.01,1.07,-1.19,0.70,-0.40,16633657
514326,0.05,1.02,0.11,-2.11,2.14,-1.50,0.03,-0.01,1.07,-1.10,0.61,-0.27,16635674
514338,0.05,1.02,0.10,-2.38,1.98,-1.37,0.03,-0.01,1.07,-1.04,0.64,-0.27,16634383
514350,0.05,1.02,0.11,-2.26,2.17,-1.68,0.03,-0.01,1.07,-1.04,0.52,-0.15,16633771
514362,0.05,1.02,0.10,-2.20,2.14,-1.46,0.03,-0.01,1.07,-1.16,0.70,-0.37,16633273
514373,0.05,1.02,0.10,-2.29,2.23,-1.10,0.03,-0.01,1.07,-1.04,0.92,-0.34,16634202
514384,0.05,1.02,0.11,-2.20,2.35,-1.37,0.03,-0.01,1.07,-1.25,0.76,-0.34,16635597
514397,0.05,1.02,0.10,-2.23,2.41,-1.43,0.03,-0.01,1.07,-1.13,0.58,-0.40,16635569
514408,0.05,1.02,0.10,-2.23,2.14,-1.22,0.03,-0.01,1.07,-1.04,0.43,-0.49,16635340
514420,0.05,1.02,0.11,-2.08,2.26,-1.56,0.03,-0.01,1.07,-1.16,0.95,-0.37,16633311
514432,0.05,1.02,0.10,-2.35,2.41,-1.62,0.03,-0.01,1.07,-1.25,0.76,-0.34,16632894
514444,0.05,1.02,0.10,-2.23,2.04,-1.31,0.03,-0.01,1.07,-1.07,0.64,-0.46,16636375
514455,0.05,1.02,0.10,-2.29,1.98,-1.22,0.03,-0.01,1.07,-1.37,0.70,-0.31,16636444
514466,0.05,1.02,0.10,-2.26,2.17,-1.56,0.03,-0.01,1.07,-1.04,0.67,-0.34,16633437
514479,0.05,1.02,0.11,-2.41,2.14,-1.53,0.03,-0.01,1.07,-1.19,0.58,-0.37,16636059
514490,0.05,1.02,0.11,-2.14,2.53,-1.65,0.03,-0.01,1.07,-1.01,0.61,-0.27,16635395
514502,0.05,1.02,0.11,-2.35,2.26,-1.50,0.03,-0.01,1.07,-1.16,0.55,-0.31,16635231
514513,0.05,1.02,0.10,-2.41,2.11,-1.16,0.03,-0.01,1.07,-1.22,0.95,-0.46,16632412
514526,0.05,1.02,0.11,-2.20,1.98,-1.37,0.03,-0.01,1.07,-0.98,0.67,-0.34,16633456
514537,0.05,1.02,0.10,-2.20,2.17,-1.13,0.03,-0.01,1.07,-1.22,0.61,-0.24,16633513
514549,0.05,1.02,0.10,-2.26,2.04,-1.37,0.03,-0.01,1.07,-1.16,0.73,-0.18,16634918
514561,0.05,1.02,0.10,-2.14,2.17,-1.56,0.03,-0.01,1.07,-1.22,0.82,-0.31,16637430
514572,0.05,1.02,0.10,-2.35,2.17,-1.65,0.03,-0.01,1.07,-1.28,0.73,-0.31,16636163
514584,0.05,1.02,0.10,-2.47,2.23,-1.40,0.03,-0.01,1.07,-1.04,0.85,-0.31,16634870
514595,0.05,1.02,0.10,-2.35,2.20,-1.56,0.03,-0.01,1.07,-1.22,0.58,-0.52,16634088
514608,0.05,1.02,0.11,-2.32,2.17,-1.34,0.03,-0.01,1.07,-1.10,0.76,-0.27,16632930
514619,0.05,1.02,0.10,-2.35,2.01,-1.53,0.03,-0.01,1.07,-1.25,0.82,-0.15,16632770
514631,0.05,1.02,0.10,-2.26,2.20,-1.31,0.03,-0.01,1.07,-0.89,0.64,-0.27,16633393
514642,0.05,1.02,0.10,-2.44,2.20,-1.53,0.03,-0.01,1.07,-1.01,0.61,-0.15,16636571
514654,0.05,1.02,0.10,-2.32,2.38,-1.46,0.03,-0.01,1.07,-1.25,0.76,-0.40,16636572
514666,0.05,1.02,0.10,-2.14,2.04,-1.59,0.03,-0.01,1.07,-1.22,0.76,-0.31,16635639
514677,0.05,1.02,0.10,-2.04,2.01,-1.19,0.03,-0.01,1.07,-1.25,0.58,-0.52,16635368
514690,0.05,1.02,0.10,-2.26,2.17,-1.37,0.03,-0.01,1.07,-1.13,0.52,-0.43,16637908
514701,0.05,1.02,0.10,-2.29,2.23,-1.31,0.03,-0.01,1.07,-1.04,0.52,-0.40,16638652
514713,0.05,1.02,0.10,-2.17,2.32,-1.50,0.03,-0.01,1.07,-1.07,0.76,-0.49,16637796
514724,0.05,1.02,0.11,-2.35,2.17,-1.46,0.03,-0.01,1.07,-1.13,0.64,-0.61,16635035
514737,0.05,1.02,0.10,-2.35,2.11,-1.59,0.03,-0.01,1.07,-1.10,0.76,-0.34,16632446
514748,0.05,1.02,0.10,-2.17,2.11,-1.43,0.03,-0.01,1.07,-0.98,0.49,-0.24,16632781
514759,0.05,1.02,0.10,-2.08,2.14,-1.59,0.03,-0.01,1.07,-1.19,0.67,-0.49,16633245
514771,0.05,1.02,0.10,-2.04,2.29,-1.46,0.03,-0.01,1.07,-1.16,0.89,-0.34,16638238
514783,0.05,1.02,0.10,-2.14,2.11,-1.62,0.03,-0.01,1.07,-1.10,0.58,-0.24,16639239
514795,0.05,1.02,0.10,-2.14,2.04,-1.43,0.03,-0.01,1.07,-1.04,0.85,-0.31,16634342
514806,0.05,1.02,0.10,-2.11,2.04,-1.46,0.03,-0.01,1.07,-0.95,0.67,-0.46,16630956
514819,0.05,1.02,0.10,-2.32,2.23,-1.43,0.03,-0.01,1.07,-1.16,0.82,-0.15,16632250
514830,0.05,1.02,0.10,-2.32,2.11,-1.01,0.03,-0.01,1.07,-1.01,0.73,-0.15,16634137
514841,0.05,1.02,0.10,-2.50,2.04,-1.40,0.03,-0.01,1.07,-1.13,0.95,-0.27,16633332
514853,0.05,1.02,0.10,-2.11,2.04,-1.65,0.03,-0.01,1.07,-1.50,0.73,-0.34,16632652
514865,0.05,1.02,0.10,-2.08,2.35,-1.68,0.03,-0.01,1.07,-0.95,0.40,-0.24,16635501
514877,0.05,1.02,0.11,-2.35,1.95,-1.28,0.03,-0.01,1.07,-1.10,0.85,-0.18,16636555
514888,0.05,1.02,0.10,-2.17,2.11,-1.16,0.03,-0.01,1.07,-1.10,0.49,-0.24,16633449
514900,0.05,1.02,0.11,-2.26,2.17,-1.59,0.03,-0.01,1.07,-1.01,0.70,-0.43,16633095
514912,0.05,1.02,0.10,-2.35,2.20,-1.34,0.03,-0.01,1.07,-0.89,0.49,-0.24,16633668
514923,0.05,1.02,0.10,-2.26,2.23,-1.31,0.03,-0.01,1.07,-1.07,0.58,-0.31,16632802
514935,0.05,1.02,0.10,-2.14,2.32,-1.37,0.03,-0.01,1.07,-1.25,0.85,-0.21,16632733
514947,0.05,1.02,0.10,-2.26,2.11,-1.34,0.03,-0.01,1.07,-1.22,0.61,-0.37,16633044
514959,0.05,1.02,0.10,-2.23,2.17,-1.31,0.03,-0.01,1.07,-0.95,0.95,-0.43,16636168
514970,0.05,1.02,0.10,-2.17,1.98,-1.22,0.03,-0.01,1.07,-1.25,0.95,-0.40,16637469
514982,0.05,1.02,0.10,-2.29,2.04,-1.50,0.03,-0.01,1.07,-1.13,0.67,-0.46,16637538
514994,0.05,1.02,0.10,-2.41,2.08,-1.53,0.03,-0.01,1.07,-1.07,0.61,-0.31,16636390
515006,0.05,1.02,0.10,-2.59,2.38,-1.28,0.03,-0.01,1.07,-0.95,0.85,-0.31,16634647
515017,0.05,1.02,0.10,-2.29,2.11,-1.43,0.03,-0.01,1.07,-0.95,0.52,-0.24,16633828
515028,0.05,1.02,0.10,-2.14,2.04,-1.43,0.03,-0.01,1.07,-1.13,0.67,-0.40,16631601
515041,0.05,1.02,0.10,-2.41,2.23,-1.37,0.03,-0.01,1.07,-1.07,0.58,-0.21,16633963
515052,0.05,1.02,0.10,-2.17,2.17,-1.34,0.03,-0.01,1.07,-1.16,0.89,-0.34,16634452
515064,0.05,1.02,0.10,-2.44,2.17,-1.46,0.03,-0.01,1.07,-1.04,0.70,-0.21,16633271
515076,0.05,1.02,0.10,-2.08,1.95,-1.40,0.03,-0.01,1.07,-1.22,0.73,-0.40,16634563
515088,0.05,1.02,0.10,-2.11,2.26,-1.40,0.03,-0.01,1.07,-0.95,0.85,-0.43,16634719
515099,0.05,1.02,0.11,-2.20,2.23,-1.31,0.03,-0.01,1.07,-1.16,0.85,-0.27,16631246
515110,0.05,1.02,0.11,-2.20,2.17,-1.34,0.03,-0.01,1.07,-0.98,0.82,-0.34,16632344
515123,0.05,1.02,0.11,-2.29,2.17,-1.43,0.03,-0.01,1.07,-1.01,0.79,-0.40,16632519
515134,0.05,1.02,0.11,-2.17,2.04,-1.46,0.03,-0.01,1.07,-1.04,0.61,-0.21,16632943
515146,0.05,1.02,0.10,-2.23,1.98,-1.25,0.03,-0.01,1.07,-1.13,0.64,-0.24,16632424
515158,0.05,1.02,0.10,-2.29,2.32,-1.37,0.03,-0.01,1.07,-1.10,0.85,-0.43,16633675
515170,0.05,1.02,0.10,-2.23,2.14,-1.46,0.03,-0.01,1.07,-1.16,0.64,-0.24,16631989
515181,0.05,1.02,0.10,-2.14,2.14,-1.31,0.03,-0.01,1.07,-0.92,0.79,-0.34,16633367
515192,0.05,1.02,0.10,-2.47,2.14,-1.28,0.03,-0.01,1.07,-1.16,0.82,-0.27,16633756
515205,0.05,1.02,0.10,-2.44,2.20,-1.43,0.03,-0.01,1.07,-1.10,0.89,-0.49,16633300
515216,0.05,1.02,0.11,-2.14,2.11,-1.40,0.03,-0.01,1.07,-1.31,0.79,-0.15,16634004
515228,0.05,1.02,0.10,-2.23,2.23,-1.56,0.03,-0.01,1.07,-1.04,0.40,-0.18,16635106
515239,0.05,1.02,0.10,-2.23,2.32,-1.43,0.03,-0.01,1.07,-1.22,0.89,-0.31,16635896
515252,0.05,1.02,0.10,-2.20,2.17,-1.28,0.03,-0.01,1.07,-1.10,0.89,-0.52,16636116
515263,0.05,1.02,0.10,-2.01,2.38,-1.50,0.03,-0.01,1.07,-1.19,0.85,-0.27,16636184
515275,0.05,1.02,0.10,-2.08,2.14,-1.40,0.03,-0.01,1.07,-1.43,0.79,-0.34,16634522
515287,0.05,1.02,0.11,-2.38,2.04,-1.28,0.03,-0.01,1.07,-0.95,0.64,-0.27,16636326
515298,0.05,1.02,0.10,-2.38,2.11,-1.62,0.03,-0.01,1.07,-0.89,0.55,-0.24,16636475
515310,0.05,1.02,0.11,-2.35,2.44,-1.74,0.03,-0.01,1.07,-1.19,0.52,-0.49,16637519
515321,0.05,1.02,0.10,-2.23,2.01,-1.34,0.03,-0.01,1.07,-1.19,0.82,-0.24,16635971
515334,0.05,1.02,0.11,-2.20,2.08,-1.46,0.03,-0.01,1.07,-1.25,0.55,-0.34,16635542
515345,0.05,1.02,0.10,-2.26,2.23,-1.43,0.03,-0.01,1.07,-1.13,0.64,-0.34,16635212
515357,0.05,1.02,0.10,-2.14,1.98,-1.25,0.03,-0.01,1.07,-1.37,0.76,-0.15,16635636
515368,0.05,1.02,0.10,-2.44,2.32,-1.31,0.03,-0.01,1.07,-0.98,0.67,-0.21,16635205
515380,0.05,1.02,0.10,-2.11,2.32,-1.34,0.03,-0.01,1.07,-1.22,0.52,-0.40,16634571
515392,0.05,1.02,0.10,-2.32,2.17,-1.40,0.03,-0.01,1.07,-1.10,0.67,-0.34,16633740
515403,0.05,1.02,0.10,-2.11,2.35,-1.13,0.03,-0.01,1.07,-1.28,0.61,-0.70,16634437
515416,0.05,1.02,0.10,-2.17,2.11,-1.37,0.03,-0.01,1.07,-1.25,0.67,-0.34,16634235
515427,0.05,1.02,0.10,-1.98,2.32,-1.56,0.03,-0.01,1.07,-0.92,0.70,-0.46,16635367
515439,0.05,1.02,0.11,-1.50,2.44,-1.46,0.03,-0.01,1.07,-0.89,0.73,-0.43,16633841
515450,0.05,1.02,0.11,-1.10,2.38,-1.07,0.03,-0.01,1.07,-1.13,0.98,-0.21,16635797
515462,0.05,1.02,0.10,-1.74,2.20,-1.25,0.03,-0.01,1.07,-1.01,0.82,-0.31,16636770
515474,0.05,1.02,0.10,-2.59,1.98,-1.16,0.03,-0.01,1.07,-1.19,0.58,-0.40,16634755
515485,0.05,1.02,0.10,-2.99,2.01,-1.53,0.03,-0.01,1.07,-1.13,0.82,-0.21,16634391
515497,0.05,1.02,0.10,-2.38,1.98,-1.68,0.03,-0.01,1.07,-1.16,0.52,-0.34,16637239
515509,0.05,1.03,0.11,-1.46,2.32,-1.53,0.03,-0.01,1.07,-1.22,0.70,-0.06,16636796
515521,0.05,1.02,0.11,-1.59,2.11,-1.22,0.03,-0.01,1.07,-1.01,0.89,-0.34,16636782
515532,0.05,1.02,0.10,-2.66,2.26,-1.19,0.03,-0.01,1.07,-1.25,0.67,-0.12,16635057
515545,0.05,1.02,0.10,-2.69,2.44,-1.56,0.03,-0.01,1.07,-1.10,0.61,-0.24,16633608
515556,0.05,1.02,0.10,-1.95,2.17,-1.43,0.03,-0.01,1.07,-1.10,0.82,-0.24,16632233
515567,0.05,1.03,0.11,-0.89,2.01,-1.40,0.03,-0.01,1.07,-1.04,0.82,-0.21,16631831
515579,0.05,1.03,0.11,-0.70,1.98,-1.31,0.03,-0.01,1.07,-1.37,0.64,-0.43,16631907
515591,0.05,1.03,0.11,-0.43,2.17,-1.16,0.03,-0.01,1.07,-0.98,0.58,-0.24,16633804
515603,0.05,1.03,0.11,0.12,2.56,-0.58,0.03,-0.01,1.07,-1.19,0.61,-0.27,16635495
515614,0.05,1.03,0.11,1.34,2.75,-0.43,0.03,-0.01,1.07,-1.13,0.70,-0.27,16633434
515627,0.04,1.03,0.11,1.74,3.66,-0.18,0.03,-0.01,1.07,-1.13,0.70,0.00,16630918
515638,0.05,1.03,0.11,0.79,4.03,-0.55,0.03,-0.01,1.07,-1.04,0.76,-0.31,16632023
515649,0.05,1.02,0.10,-1.56,4.09,-0.89,0.03,-0.01,1.07,-1.07,0.61,-0.46,16632937
515661,0.05,1.00,0.09,-4.06,4.00,-1.83,0.03,-0.01,1.07,-1.25,0.85,-0.31,16631853
515673,0.06,1.00,0.09,-5.80,2.87,-2.81,0.03,-0.01,1.07,-1.01,0.64,-0.31,16631970
515685,0.07,1.00,0.09,-6.50,1.92,-2.93,0.03,-0.01,1.07,-1.01,0.55,0.03,16633747
515696,0.06,1.02,0.10,-4.85,2.69,-1.80,0.03,-0.01,1.07,-0.95,0.95,-0.52,16633321
515708,0.05,1.03,0.11,-1.83,2.69,-1.34,0.03,-0.01,1.07,-1.22,0.70,-0.40,16633236
515720,0.05,1.04,0.11,-0.18,2.75,-0.82,0.03,-0.01,1.07,-1.19,0.76,-0.27,16631911
515731,0.05,1.03,0.11,-0.15,2.56,-0.82,0.03,-0.01,1.07,-1.31,0.73,-0.43,16634678
515743,0.05,1.03,0.10,-0.73,2.04,-0.98,0.03,-0.01,1.07,-1.22,0.95,-0.21,16632771
515755,0.06,1.02,0.10,-1.71,1.95,-1.31,0.03,-0.01,1.07,-1.31,0.52,-0.31,16633175
515767,0.05,1.02,0.10,-2.01,2.01,-1.43,0.03,-0.01,1.07,-1.22,0.85,-0.12,16632703
515778,0.05,1.02,0.10,-2.32,1.95,-1.34,0.03,-0.01,1.07,-1.19,0.58,-0.21,16629594
515790,0.05,1.01,0.09,-4.97,2.50,-1.25,0.03,-0.01,1.07,-1.10,0.55,-0.49,16632422
515802,0.05,1.00,0.08,-8.88,3.17,-2.38,0.03,-0.01,1.07,-1.25,0.49,-0.46,16632303
515814,0.06,0.99,0.08,-11.54,2.62,-3.11,0.03,-0.01,1.07,-1.10,0.64,-0.37,16632638
515825,0.05,1.02,0.10,-7.42,2.78,-2.44,0.03,-0.01,1.07,-0.98,0.64,-0.03,16634326
515836,0.05,1.05,0.13,1.43,1.46,-1.34,0.03,-0.01,1.07,-1.19,0.95,-0.24,16634840
515849,0.05,1.05,0.13,4.06,1.95,-1.28,0.03,-0.01,1.07,-1.07,0.46,-0.24,16635050
515860,0.06,1.03,0.11,-1.40,1.83,-1.86,0.03,-0.01,1.07,-1.46,0.82,-0.18,16636148
515872,0.05,1.01,0.09,-5.68,1.86,-1.86,0.03,-0.01,1.07,-1.56,0.89,-0.27,16637961
515884,0.05,1.02,0.10,-4.58,2.23,-1.56,0.03,-0.01,1.07,-0.92,0.43,-0.31,16637567
515896,0.05,1.03,0.11,-1.43,2.23,-0.89,0.03,-0.01,1.07,-0.82,0.55,-0.40,16637013
515907,0.05,1.03,0.11,0.24,1.89,-1.19,0.03,-0.01,1.07,-1.13,0.79,-0.37,16635983
515918,0.05,1.03,0.11,1.62,2.32,-1.37,0.03,-0.01,1.07,-1.22,0.64,-0.15,16634189
515931,0.05,1.04,0.12,3.23,1.98,-1.04,0.03,-0.01,1.07,-1.25,0.55,-0.21,16635350
515942,0.05,1.03,0.11,2.08,1.92,-0.37,0.03,-0.01,1.07,-0.95,0.52,-0.06,16636422
515954,0.05,1.02,0.10,0.61,2.32,-0.49,0.03,-0.01,1.07,-0.89,0.85,-0.27,16636186
515965,0.05,1.02,0.10,-1.01,3.08,-0.52,0.03,-0.01,1.07,-0.98,0.49,-0.18,16636056
515978,0.05,1.02,0.10,-0.79,3.20,-0.82,0.03,-0.01,1.07,-1.10,0.82,-0.34,16637606
515989,0.04,1.03,0.11,1.83,4.15,-0.70,0.03,-0.01,1.07,-1.28,0.85,-0.27,16637219
516000,0.04,1.04,0.11,3.39,5.16,-0.46,0.03,-0.01,1.07,-1.22,0.55,-0.46,16637381
516013,0.05,1.03,0.11,2.78,4.82,-0.31,0.03,-0.01,1.07,-0.95,0.64,-0.15,16636916
516024,0.05,1.02,0.10,0.64,3.78,-0.40,0.03,-0.01,1.07,-1.01,0.58,-0.31,16635150
516036,0.06,1.01,0.09,-1.25,3.57,-1.07,0.03,-0.01,1.07,-1.19,0.70,-0.21,16633348
516047,0.06,1.01,0.09,-3.05,3.63,-1.01,0.03,-0.01,1.07,-1.01,0.76,-0.09,16633745
516060,0.06,1.01,0.09,-4.52,3.91,-2.04,0.03,-0.01,1.07,-1.07,0.73,-0.24,16634067
516071,0.06,1.00,0.08,-6.68,3.75,-2.08,0.03,-0.01,1.07,-1.25,0.79,-0.21,16633841
516083,0.06,1.00,0.08,-8.42,4.18,-2.08,0.03,-0.01,1.07,-0.98,0.64,-0.18,16633717
516094,0.05,1.01,0.09,-6.07,5.68,-2.44,0.03,-0.01,1.07,-1.34,0.67,-0.40,16635547
516106,0.04,1.03,0.11,-3.30,6.87,-1.68,0.03,-0.01,1.07,-1.10,0.64,-0.31,16635660
516118,0.04,1.03,0.10,-4.18,7.87,-1.77,0.03,-0.01,1.07,-1.10,0.76,-0.37,16635511
516129,0.04,1.00,0.09,-7.97,8.36,-3.08,0.03,-0.01,1.07,-1.59,0.61,-0.24,16634305
516142,0.06,1.00,0.08,-11.81,6.47,-3.36,0.03,-0.01,1.07,-1.28,0.82,-0.31,16633837
516153,0.08,1.01,0.08,-11.99,1.86,-3.08,0.03,-0.01,1.07,-1.10,0.76,-0.15,16637309
516165,0.07,1.02,0.10,-8.76,1.25,-3.20,0.03,-0.01,1.07,-1.10,0.61,-0.27,16637666
516176,0.06,1.03,0.11,-6.20,1.40,-2.29,0.03,-0.01,1.07,-1.31,0.85,-0.46,16639052
516188,0.06,1.04,0.11,-3.33,1.13,-1.77,0.03,-0.01,1.07,-1.31,0.79,-0.52,16642489
516200,0.05,1.04,0.12,-2.01,1.92,-0.89,0.03,-0.01,1.07,-1.19,0.76,-0.37,16642611
516211,0.05,1.03,0.11,-3.88,2.47,-0.70,0.03,-0.01,1.07,-1.04,0.21,-0.49,16641453
516224,0.06,1.03,0.11,-3.72,1.56,-2.20,0.03,-0.01,1.07,-1.01,0.70,-0.31,16642791
516235,0.04,1.02,0.11,-2.23,1.92,-0.31,0.03,-0.01,1.07,-1.16,0.52,-0.21,16640789
516247,0.05,1.03,0.11,-1.86,1.71,-1.22,0.03,-0.01,1.07,-1.28,0.92,-0.12,16640878
516258,0.05,1.02,0.11,-2.72,1.83,-1.22,0.03,-0.01,1.07,-0.98,0.85,-0.52,16642562
516270,0.05,1.02,0.11,-1.83,2.08,-1.68,0.03,-0.01,1.07,-1.25,0.76,-0.18,16641359
516282,0.05,1.03,0.12,0.40,1.86,-1.40,0.03,-0.01,1.07,-1.01,0.40,-0.46,16644582
516293,0.05,1.04,0.12,1.83,2.23,-2.01,0.03,-0.01,1.07,-0.89,0.70,-0.27,16645530
516305,0.05,1.03,0.11,1.37,2.14,-1.16,0.03,-0.01,1.07,-1.07,0.46,-0.43,16642048
516317,0.05,1.02,0.11,-0.73,1.95,-1.19,0.03,-0.01,1.07,-1.07,0.82,-0.21,16641583
516329,0.05,1.02,0.10,-1.19,2.17,-0.82,0.03,-0.01,1.07,-1.28,0.64,-0.43,16639905
516340,0.05,1.02,0.10,-3.39,2.20,-1.40,0.03,-0.01,1.07,-0.92,0.73,-0.40,16640066
516353,0.05,1.00,0.09,-7.32,2.32,-1.89,0.03,-0.01,1.07,-1.16,0.64,-0.15,16642761
516364,0.05,1.00,0.09,-8.79,2.47,-2.23,0.03,-0.01,1.07,-1.01,0.89,-0.09,16643682
516375,0.05,1.02,0.10,-5.58,2.47,-1.80,0.03,-0.01,1.07,-1.19,0.64,-0.40,16641504
516387,0.05,1.03,0.12,-1.07,2.75,-1.43,0.03,-0.01,1.07,-0.95,0.58,-0.27,16642129
516399,0.05,1.04,0.12,0.06,2.04,-1.74,0.03,-0.01,1.07,-1.22,0.52,-0.27,16643438
516411,0.05,1.02,0.10,-4.24,2.20,-1.43,0.03,-0.01,1.07,-1.25,0.92,-0.58,16643130
516422,0.05,1.01,0.10,-6.35,2.59,-2.14,0.03,-0.01,1.07,-1.28,0.89,-0.24,16644017
516434,0.06,1.02,0.11,-2.81,1.59,-2.20,0.03,-0.01,1.07,-1.04,0.49,-0.24,16643494
516446,0.05,1.03,0.12,-1.65,1.25,-0.73,0.03,-0.01,1.07,-1.01,0.89,-0.55,16641742
516457,0.05,1.02,0.11,-2.23,1.86,-1.59,0.03,-0.01,1.07,-1.04,0.73,-0.34,16645043
516469,0.05,1.02,0.11,-2.17,2.26,-0.98,0.03,-0.01,1.07,-1.19,0.73,-0.24,16646627
516481,0.05,1.03,0.11,-1.68,2.78,-1.28,0.03,-0.01,1.07,-1.04,0.67,-0.37,16647630
516493,0.05,1.02,0.11,-2.90,2.11,-1.46,0.03,-0.01,1.07,-0.95,0.58,-0.31,16645198