time,faccx,faccy,faccz,fgyrx,fgyry,fgyrz,saccx,saccy,saccz,sgyrx,sgyry,sgyrz,load
109486,0.05,1.03,0.11,-0.89,2.01,-1.34,0.03,-0.01,1.07,-0.92,0.67,-0.18,16633768
109496,0.05,1.03,0.11,0.61,0.55,-1.10,0.03,-0.01,1.07,-1.34,0.82,-0.27,16635530
109507,0.05,1.03,0.10,-2.84,1.95,-1.04,0.03,-0.01,1.07,-0.82,0.64,-0.37,16633135
109519,0.05,1.02,0.10,-4.46,2.62,-1.71,0.03,-0.01,1.07,-1.19,0.73,-0.46,16634256
109531,0.05,1.01,0.09,-6.44,2.72,-2.41,0.03,-0.01,1.07,-1.37,0.85,-0.09,16634775
109542,0.06,1.01,0.10,-6.35,2.11,-2.75,0.03,-0.01,1.07,-1.04,0.73,-0.46,16633526
109554,0.05,1.02,0.10,-3.78,2.56,-1.53,0.03,-0.01,1.07,-0.98,0.76,-0.27,16633050
109565,0.05,1.04,0.12,0.27,2.04,-1.16,0.03,-0.01,1.07,-0.95,0.46,-0.43,16632241
109578,0.05,1.04,0.12,1.40,1.92,-0.12,0.03,-0.01,1.07,-1.07,0.70,-0.06,16633184
109589,0.05,1.03,0.11,-0.98,2.32,-1.07,0.03,-0.01,1.07,-1.25,0.73,-0.34,16632659
109601,0.05,1.01,0.10,-3.91,2.11,-1.86,0.03,-0.01,1.07,-1.01,0.79,-0.37,16635173
109613,0.06,1.01,0.10,-5.13,2.04,-2.14,0.03,-0.01,1.07,-1.46,0.64,-0.27,16637584
109624,0.05,1.02,0.10,-3.63,2.35,-1.74,0.03,-0.01,1.07,-0.70,0.92,-0.49,16634150
109636,0.05,1.03,0.11,-0.82,2.38,-1.25,0.03,-0.01,1.07,-0.92,0.58,-0.40,16635022
109647,0.05,1.03,0.11,-0.31,2.44,-0.95,0.03,-0.01,1.07,-1.10,0.79,-0.37,16636352
109660,0.05,1.02,0.11,-1.53,2.32,-1.25,0.03,-0.01,1.07,-1.19,0.79,-0.37,16635050
109671,0.05,1.02,0.10,-3.39,2.32,-1.77,0.03,-0.01,1.07,-1.43,0.79,-0.70,16632763
109683,0.05,1.01,0.10,-4.15,2.01,-2.04,0.03,-0.01,1.07,-1.01,0.73,-0.09,16634650
109694,0.05,1.02,0.10,-2.90,2.26,-1.53,0.03,-0.01,1.07,-0.98,0.67,-0.46,16633455
109706,0.05,1.03,0.11,-0.73,2.26,-1.31,0.03,-0.01,1.07,-1.10,0.79,-0.21,16633866
109718,0.05,1.03,0.11,-0.79,2.20,-1.22,0.03,-0.01,1.07,-1.34,0.61,-0.31,16633338
109729,0.05,1.02,0.10,-2.38,2.29,-1.65,0.03,-0.01,1.07,-0.92,1.10,-0.46,16631846
109742,0.05,1.02,0.10,-3.48,2.23,-1.80,0.03,-0.01,1.07,-1.07,0.82,-0.37,16630571
109753,0.05,1.02,0.10,-3.33,2.08,-1.37,0.03,-0.01,1.07,-1.04,0.79,-0.27,16631849
109765,0.05,1.02,0.11,-2.17,2.17,-1.31,0.03,-0.01,1.07,-0.92,0.64,-0.37,16635238
109776,0.05,1.03,0.11,-1.16,2.38,-1.07,0.03,-0.01,1.07,-1.04,0.58,-0.18,16635446
109788,0.05,1.02,0.11,-1.89,2.32,-1.22,0.03,-0.01,1.07,-1.43,0.55,-0.27,16632010
109800,0.05,1.02,0.10,-2.75,2.17,-1.59,0.03,-0.01,1.07,-1.28,0.76,-0.24,16630247
109811,0.05,1.02,0.10,-2.93,2.23,-1.89,0.03,-0.01,1.07,-1.04,0.61,-0.34,16631643
109824,0.05,1.02,0.11,-2.41,2.14,-1.62,0.03,-0.01,1.07,-1.04,0.61,-0.43,16633716
109835,0.05,1.02,0.11,-1.74,1.98,-1.43,0.03,-0.01,1.07,-1.19,0.61,-0.34,16634948
109847,0.05,1.02,0.11,-1.89,2.20,-1.13,0.03,-0.01,1.07,-1.10,0.98,-0.21,16635719
109858,0.05,1.02,0.10,-2.23,2.23,-1.37,0.03,-0.01,1.07,-0.98,0.64,-0.34,16637284
109870,0.05,1.02,0.10,-2.81,1.98,-1.37,0.03,-0.01,1.07,-1.28,0.37,-0.37,16636501
109882,0.05,1.02,0.10,-2.50,2.26,-1.71,0.03,-0.01,1.07,-0.89,0.70,-0.55,16636791
109893,0.05,1.02,0.11,-1.98,2.32,-1.34,0.03,-0.01,1.07,-1.16,0.76,-0.70,16637606
109905,0.05,1.02,0.11,-2.01,2.29,-1.07,0.03,-0.01,1.07,-1.13,0.64,-0.43,16635130
109917,0.05,1.02,0.11,-2.20,2.32,-1.53,0.03,-0.01,1.07,-1.22,0.82,-0.40,16633234
109929,0.05,1.02,0.10,-2.47,2.29,-1.46,0.03,-0.01,1.07,-1.25,0.73,-0.06,16632757
109940,0.05,1.02,0.10,-2.50,2.17,-1.59,0.03,-0.01,1.07,-1.16,0.76,-0.24,16634174
109952,0.05,1.02,0.11,-2.23,2.20,-1.59,0.03,-0.01,1.07,-0.89,0.67,-0.37,16634891
109964,0.05,1.02,0.11,-2.01,2.29,-1.22,0.03,-0.01,1.07,-1.19,0.70,-0.46,16633355
109975,0.05,1.02,0.10,-2.26,2.44,-1.46,0.03,-0.01,1.07,-1.04,0.73,-0.55,16636030
109987,0.05,1.02,0.10,-2.75,2.41,-1.40,0.03,-0.01,1.07,-1.07,0.76,-0.40,16635036
109999,0.05,1.02,0.10,-2.47,2.14,-1.71,0.03,-0.01,1.07,-1.01,0.67,-0.18,16634101
110011,0.05,1.02,0.10,-2.41,2.23,-1.28,0.03,-0.01,1.07,-1.04,0.92,-0.31,16633046
110022,0.05,1.02,0.11,-1.95,2.29,-1.46,0.03,-0.01,1.07,-1.01,0.70,-0.43,16631654
110033,0.05,1.02,0.11,-2.11,1.98,-1.59,0.03,-0.01,1.07,-1.22,0.92,-0.21,16630733
110046,0.05,1.02,0.10,-2.20,2.11,-1.53,0.03,-0.01,1.07,-1.22,0.82,-0.21,16631563
110057,0.05,1.02,0.10,-2.29,2.20,-1.34,0.03,-0.01,1.07,-1.22,0.70,-0.37,16632819
110069,0.05,1.02,0.10,-2.17,2.11,-1.46,0.03,-0.01,1.07,-1.07,0.82,-0.18,16634859
110081,0.05,1.02,0.10,-2.04,2.14,-1.46,0.03,-0.01,1.07,-1.13,0.64,-0.52,16631740
110093,0.05,1.02,0.10,-2.29,2.38,-1.56,0.03,-0.01,1.07,-1.37,0.95,-0.31,16631201
110104,0.05,1.02,0.10,-2.17,2.32,-1.28,0.03,-0.01,1.07,-1.04,0.64,-0.15,16631993
110115,0.05,1.02,0.10,-2.41,2.04,-1.34,0.03,-0.01,1.07,-1.19,0.73,-0.24,16631960
110128,0.05,1.02,0.10,-2.17,2.11,-1.37,0.03,-0.01,1.07,-1.16,0.79,-0.55,16630785
110139,0.05,1.02,0.11,-2.17,2.23,-1.62,0.03,-0.01,1.07,-1.13,0.55,-0.37,16631323
110151,0.05,1.02,0.11,-2.17,2.14,-1.40,0.03,-0.01,1.07,-0.95,0.67,-0.12,16635246
110162,0.05,1.02,0.11,-2.32,2.14,-1.68,0.03,-0.01,1.07,-1.28,0.67,-0.49,16634092
110175,0.05,1.02,0.10,-2.38,2.23,-1.43,0.03,-0.01,1.07,-1.19,0.89,-0.31,16634512
110186,0.05,1.02,0.10,-2.38,2.38,-1.43,0.03,-0.01,1.07,-1.13,0.55,-0.46,16634830
110198,0.05,1.02,0.10,-2.23,2.29,-1.56,0.03,-0.01,1.07,-1.13,0.73,-0.37,16633849
110210,0.05,1.02,0.10,-2.32,2.41,-1.40,0.03,-0.01,1.07,-1.10,0.85,-0.43,16633109
110221,0.05,1.02,0.10,-2.29,2.29,-1.37,0.03,-0.01,1.07,-1.19,0.67,-0.27,16632106
110233,0.05,1.02,0.11,-2.29,2.14,-1.62,0.03,-0.01,1.07,-1.16,0.79,-0.49,16632174
110244,0.05,1.02,0.11,-2.26,2.20,-1.16,0.03,-0.01,1.07,-1.13,0.76,0.03,16634143
110257,0.05,1.02,0.11,-2.35,2.23,-1.43,0.03,-0.01,1.07,-0.85,0.64,-0.18,16634837
110268,0.05,1.02,0.10,-1.95,2.11,-1.50,0.03,-0.01,1.07,-1.04,0.67,-0.43,16634833
110280,0.05,1.02,0.10,-2.26,2.11,-1.31,0.03,-0.01,1.07,-1.19,0.67,-0.34,16634333
110291,0.05,1.02,0.10,-2.17,2.14,-1.43,0.03,-0.01,1.07,-1.13,0.61,-0.58,16632124
110303,0.05,1.02,0.11,-2.47,2.14,-1.31,0.03,-0.01,1.07,-1.31,0.70,-0.37,16630590
110315,0.05,1.02,0.11,-2.26,2.38,-1.37,0.03,-0.01,1.07,-1.01,0.64,-0.49,16631596
110326,0.05,1.02,0.11,-2.23,2.17,-1.40,0.03,-0.01,1.07,-1.13,0.64,-0.24,16632945
110339,0.05,1.02,0.11,-2.17,2.23,-1.37,0.03,-0.01,1.07,-1.40,0.73,-0.46,16632536
110350,0.05,1.02,0.10,-2.23,2.35,-1.62,0.03,-0.01,1.07,-1.19,0.70,-0.37,16633592
110362,0.05,1.02,0.11,-2.23,2.04,-1.68,0.03,-0.01,1.07,-1.16,0.67,-0.21,16634288
110373,0.05,1.02,0.11,-2.14,2.44,-1.77,0.03,-0.01,1.07,-1.04,0.79,-0.27,16633023
110385,0.05,1.02,0.11,-2.14,2.11,-1.53,0.03,-0.01,1.07,-1.40,1.07,-0.21,16633635
110397,0.05,1.02,0.11,-2.56,2.17,-1.37,0.03,-0.01,1.07,-1.10,0.64,-0.37,16633197
110408,0.05,1.02,0.11,-2.23,2.32,-1.62,0.03,-0.01,1.07,-1.13,0.58,0.00,16633049
110420,0.05,1.02,0.11,-2.26,2.20,-1.43,0.03,-0.01,1.07,-1.07,0.64,-0.21,16634121
110432,0.05,1.02,0.11,-2.26,2.38,-1.37,0.03,-0.01,1.07,-0.98,0.67,-0.18,16636854
110444,0.05,1.02,0.11,-2.26,2.20,-1.40,0.03,-0.01,1.07,-1.16,0.73,-0.18,16637044
110455,0.05,1.02,0.10,-2.20,2.11,-1.10,0.03,-0.01,1.07,-1.22,0.64,-0.40,16635553
110467,0.05,1.02,0.10,-2.38,2.26,-1.56,0.03,-0.01,1.07,-1.22,0.61,-0.18,16633430
110479,0.05,1.02,0.10,-2.14,2.41,-1.62,0.03,-0.01,1.07,-1.10,0.76,-0.43,16633453
110490,0.05,1.02,0.10,-2.50,2.23,-1.43,0.03,-0.01,1.07,-1.10,0.49,-0.49,16634138
110502,0.05,1.02,0.10,-2.41,2.17,-1.59,0.03,-0.01,1.07,-1.16,0.76,-0.15,16633395
110514,0.05,1.02,0.10,-2.23,2.29,-1.25,0.03,-0.01,1.07,-1.34,0.70,-0.40,16632308
110526,0.05,1.02,0.10,-2.01,2.14,-1.56,0.03,-0.01,1.07,-1.10,0.64,-0.46,16632681
110537,0.05,1.02,0.10,-2.17,2.26,-1.37,0.03,-0.01,1.07,-1.19,0.67,-0.27,16631918
110548,0.05,1.02,0.10,-2.32,2.26,-1.65,0.03,-0.01,1.07,-1.16,0.58,-0.52,16630347
110561,0.05,1.02,0.10,-2.50,2.26,-1.50,0.03,-0.01,1.07,-1.10,0.67,-0.46,16633191
110572,0.05,1.02,0.10,-2.14,2.14,-1.40,0.03,-0.01,1.07,-0.89,0.61,-0.31,16632713
110584,0.05,1.02,0.10,-2.04,2.20,-1.68,0.03,-0.01,1.07,-1.19,0.79,-0.34,16629895
110596,0.05,1.02,0.10,-2.26,2.04,-1.50,0.03,-0.01,1.07,-1.22,0.82,-0.34,16631301
110608,0.05,1.02,0.10,-2.20,2.11,-1.77,0.03,-0.01,1.07,-1.13,0.61,-0.18,16633830
110619,0.05,1.02,0.10,-2.11,2.08,-1.43,0.03,-0.01,1.07,-0.89,0.70,-0.46,16634992
110630,0.05,1.02,0.10,-2.20,2.08,-1.31,0.03,-0.01,1.07,-1.04,0.55,-0.46,16634036
110643,0.05,1.02,0.10,-2.14,2.11,-1.46,0.03,-0.01,1.07,-1.28,0.67,-0.64,16634751
110654,0.05,1.02,0.10,-2.50,2.17,-1.53,0.03,-0.01,1.07,-1.01,0.82,-0.15,16633848
110666,0.05,1.02,0.10,-2.14,2.17,-1.34,0.03,-0.01,1.07,-1.07,0.79,-0.37,16633034
110678,0.05,1.02,0.10,-2.29,2.29,-1.56,0.03,-0.01,1.07,-1.07,0.43,-0.24,16633297
110690,0.05,1.02,0.10,-2.41,2.11,-1.50,0.03,-0.01,1.07,-1.22,0.85,-0.43,16632998
110701,0.05,1.02,0.10,-2.23,2.17,-1.50,0.03,-0.01,1.07,-1.10,0.64,-0.49,16631684
110712,0.05,1.02,0.10,-2.26,2.23,-1.68,0.03,-0.01,1.07,-1.07,0.67,-0.52,16633585
110725,0.05,1.02,0.10,-2.20,2.17,-1.53,0.03,-0.01,1.07,-1.28,0.82,-0.31,16632740
110736,0.05,1.02,0.10,-2.11,2.41,-1.46,0.03,-0.01,1.07,-1.04,0.70,-0.15,16631909
110748,0.05,1.02,0.10,-2.23,2.04,-1.50,0.03,-0.01,1.07,-1.28,0.85,-0.46,16631281
110759,0.05,1.02,0.10,-2.23,2.20,-1.25,0.03,-0.01,1.07,-1.04,0.64,-0.31,16632304
110772,0.05,1.02,0.10,-2.35,2.23,-1.40,0.03,-0.01,1.07,-1.07,0.89,-0.43,16633771
110783,0.05,1.02,0.10,-2.38,2.32,-1.34,0.03,-0.01,1.07,-0.92,0.34,-0.09,16629970
110794,0.05,1.02,0.10,-2.38,2.23,-1.37,0.03,-0.01,1.07,-1.10,0.58,-0.46,16631746
110807,0.05,1.02,0.10,-2.41,2.26,-1.28,0.03,-0.01,1.07,-1.28,0.64,-0.55,16633104
110818,0.05,1.02,0.10,-2.08,1.98,-1.53,0.03,-0.01,1.07,-1.16,0.79,-0.55,16633017
110830,0.05,1.02,0.10,-2.11,2.26,-1.74,0.03,-0.01,1.07,-1.16,0.79,-0.27,16632651
110841,0.05,1.02,0.10,-2.17,2.35,-1.53,0.03,-0.01,1.07,-1.07,0.82,-0.31,16632954
110854,0.05,1.02,0.10,-2.14,2.26,-1.53,0.03,-0.01,1.07,-0.98,0.95,-0.46,16634735
110865,0.05,1.02,0.10,-2.23,2.08,-1.68,0.03,-0.01,1.07,-0.92,0.64,-0.27,16634321
110877,0.05,1.02,0.10,-2.50,2.26,-1.50,0.03,-0.01,1.07,-1.16,0.79,-0.46,16631869
110888,0.05,1.02,0.10,-2.26,2.01,-1.37,0.03,-0.01,1.07,-0.85,0.67,-0.27,16629941
110900,0.05,1.02,0.10,-2.20,2.23,-1.28,0.03,-0.01,1.07,-1.25,0.85,-0.34,16631528
110912,0.05,1.02,0.10,-2.26,2.11,-1.50,0.03,-0.01,1.07,-1.01,0.64,-0.34,16632555
110923,0.05,1.02,0.10,-2.41,2.20,-1.53,0.03,-0.01,1.07,-1.07,0.49,-0.40,16633023
110936,0.05,1.02,0.10,-2.11,2.32,-1.46,0.03,-0.01,1.07,-1.13,0.61,-0.40,16633711
110947,0.05,1.02,0.10,-2.26,2.23,-1.56,0.03,-0.01,1.07,-0.95,0.92,-0.37,16633675
110959,0.05,1.02,0.10,-2.17,2.23,-1.07,0.03,-0.01,1.07,-1.13,0.58,-0.31,16631886
110970,0.05,1.02,0.10,-2.20,2.11,-1.34,0.03,-0.01,1.07,-1.13,0.58,-0.24,16632934
110982,0.05,1.02,0.10,-2.26,2.38,-1.77,0.03,-0.01,1.07,-0.98,0.64,-0.40,16632511
110994,0.05,1.02,0.10,-2.29,2.17,-1.43,0.03,-0.01,1.07,-1.22,0.58,-0.61,16632099
111005,0.05,1.02,0.10,-2.26,2.14,-1.25,0.03,-0.01,1.07,-1.10,0.67,-0.24,16632400
111017,0.05,1.02,0.11,-2.17,2.35,-1.56,0.03,-0.01,1.07,-0.98,0.70,-0.37,16634245
111029,0.05,1.02,0.10,-2.32,2.17,-1.50,0.03,-0.01,1.07,-0.95,0.89,-0.31,16633053
111041,0.05,1.02,0.10,-2.20,2.14,-1.50,0.03,-0.01,1.07,-0.70,0.55,-0.31,16633514
111052,0.05,1.02,0.10,-2.44,2.20,-1.25,0.03,-0.01,1.07,-0.92,0.82,-0.46,16633477
111064,0.05,1.02,0.10,-2.38,2.11,-1.77,0.03,-0.01,1.07,-1.22,0.67,-0.15,16633613
111076,0.05,1.02,0.10,-2.14,2.20,-1.46,0.03,-0.01,1.07,-1.01,0.70,-0.31,16635278
111087,0.05,1.02,0.10,-2.29,2.32,-1.31,0.03,-0.01,1.07,-1.16,0.79,-0.24,16632663
111099,0.05,1.02,0.10,-2.29,2.26,-1.43,0.03,-0.01,1.07,-0.95,0.85,-0.12,16633871
111111,0.05,1.02,0.10,-2.20,2.17,-1.74,0.03,-0.01,1.07,-0.98,0.73,-0.55,16634467
111123,0.05,1.02,0.10,-2.47,2.14,-1.31,0.03,-0.01,1.07,-1.31,0.82,-0.49,16633726
111134,0.05,1.02,0.10,-2.11,2.20,-1.16,0.03,-0.01,1.07,-0.89,0.85,-0.31,16633086
111145,0.05,1.02,0.10,-2.23,2.32,-1.43,0.03,-0.01,1.07,-0.82,0.85,-0.58,16634609
111158,0.05,1.02,0.10,-2.08,2.29,-1.43,0.03,-0.01,1.07,-1.07,0.82,-0.18,16634536
111169,0.05,1.02,0.11,-2.38,2.26,-1.50,0.03,-0.01,1.07,-1.07,0.64,-0.18,16633677
111181,0.05,1.02,0.10,-2.17,2.26,-1.43,0.03,-0.01,1.07,-0.85,0.85,-0.21,16631726
111193,0.05,1.02,0.10,-2.26,2.35,-1.46,0.03,-0.01,1.07,-0.95,0.95,-0.27,16631417
111205,0.05,1.02,0.10,-2.32,2.01,-1.37,0.03,-0.01,1.07,-0.98,0.64,-0.24,16634439
111216,0.05,1.02,0.10,-2.23,2.14,-1.50,0.03,-0.01,1.07,-1.07,0.61,-0.40,16634242
111227,0.05,1.02,0.10,-2.11,1.98,-1.40,0.03,-0.01,1.07,-1.16,0.79,-0.34,16633744
111240,0.05,1.02,0.10,-2.26,2.23,-1.43,0.03,-0.01,1.07,-1.22,0.85,-0.37,16633517
111251,0.05,1.02,0.10,-2.11,2.17,-1.50,0.03,-0.01,1.07,-0.95,0.73,-0.27,16633169
111263,0.05,1.02,0.10,-2.14,2.14,-1.50,0.03,-0.01,1.07,-1.01,0.73,-0.24,16633685
111275,0.05,1.02,0.10,-2.41,2.14,-1.40,0.03,-0.01,1.07,-1.16,0.82,-0.31,16633259
111287,0.05,1.02,0.10,-2.35,2.14,-1.50,0.03,-0.01,1.07,-1.19,0.52,-0.27,16633618
111298,0.05,1.02,0.10,-2.35,2.20,-1.40,0.03,-0.01,1.07,-1.10,1.01,-0.15,16632968
111309,0.05,1.02,0.10,-2.26,2.29,-1.68,0.03,-0.01,1.07,-1.01,0.58,-0.27,16634243
111322,0.05,1.02,0.10,-2.32,2.26,-1.31,0.03,-0.01,1.07,-0.95,0.89,-0.21,16634131
111333,0.05,1.02,0.10,-2.38,2.11,-1.53,0.03,-0.01,1.07,-1.04,0.79,-0.43,16637201
111345,0.05,1.02,0.10,-2.29,2.17,-1.46,0.03,-0.01,1.07,-1.16,0.76,-0.24,16635924
111356,0.05,1.02,0.10,-2.26,2.32,-1.43,0.03,-0.01,1.07,-1.01,0.73,-0.34,16634819
111369,0.05,1.02,0.10,-2.50,2.14,-1.50,0.03,-0.01,1.07,-1.22,0.61,-0.58,16638776
111380,0.05,1.02,0.10,-1.98,2.11,-1.28,0.03,-0.01,1.07,-1.10,0.79,-0.31,16636589
111391,0.05,1.02,0.10,-2.20,2.35,-1.34,0.03,-0.01,1.07,-0.89,0.70,-0.67,16631521
111404,0.05,1.02,0.10,-2.38,2.26,-1.50,0.03,-0.01,1.07,-1.04,0.73,-0.24,16632221
111415,0.05,1.02,0.10,-2.20,2.29,-1.40,0.03,-0.01,1.07,-1.28,0.67,-0.31,16633490
111427,0.05,1.02,0.10,-2.29,2.08,-1.56,0.03,-0.01,1.07,-1.31,0.76,-0.37,16634821
111438,0.05,1.02,0.10,-2.38,2.20,-1.16,0.03,-0.01,1.07,-1.22,0.82,-0.43,16635240
111451,0.05,1.02,0.10,-2.23,2.32,-1.53,0.03,-0.01,1.07,-1.16,0.67,-0.31,16635735
111462,0.05,1.02,0.10,-2.20,2.14,-1.34,0.03,-0.01,1.07,-0.79,0.64,-0.40,16634472
111474,0.05,1.02,0.10,-2.29,2.20,-1.56,0.03,-0.01,1.07,-1.01,0.79,-0.34,16632375
111485,0.05,1.02,0.10,-2.20,1.95,-1.68,0.03,-0.01,1.07,-1.19,0.73,-0.58,16632820
111497,0.05,1.02,0.10,-2.26,2.41,-1.56,0.03,-0.01,1.07,-0.92,0.61,-0.34,16633826
111509,0.05,1.02,0.10,-2.41,2.11,-1.22,0.03,-0.01,1.07,-1.01,0.61,-0.27,16632417
111520,0.05,1.02,0.10,-2.23,2.20,-1.46,0.03,-0.01,1.07,-1.10,0.73,-0.31,16633052
111533,0.05,1.02,0.11,-2.32,2.14,-1.37,0.03,-0.01,1.07,-1.19,0.70,-0.37,16634555
111544,0.05,1.02,0.10,-2.26,2.47,-1.28,0.03,-0.01,1.07,-1.28,0.61,-0.31,16635548
111556,0.05,1.02,0.10,-2.35,2.04,-1.50,0.03,-0.01,1.07,-1.13,0.76,-0.46,16635297
111567,0.05,1.02,0.10,-2.14,2.20,-1.56,0.03,-0.01,1.07,-1.10,0.85,-0.21,16633996
111579,0.05,1.02,0.10,-2.35,2.01,-1.16,0.03,-0.01,1.07,-0.95,0.52,-0.58,16632026
111591,0.05,1.02,0.10,-2.32,2.08,-1.37,0.03,-0.01,1.07,-1.16,0.85,-0.15,16631195
111602,0.05,1.02,0.10,-2.23,2.17,-1.62,0.03,-0.01,1.07,-1.13,0.82,-0.43,16630963
111614,0.05,1.02,0.10,-2.20,2.50,-1.46,0.03,-0.01,1.07,-1.16,0.70,-0.18,16632831
111626,0.05,1.02,0.10,-2.23,2.23,-1.31,0.03,-0.01,1.07,-1.04,0.89,-0.21,16633957
111638,0.05,1.02,0.10,-2.17,2.38,-1.31,0.03,-0.01,1.07,-0.95,0.89,-0.27,16634945
111649,0.05,1.02,0.10,-2.08,2.23,-1.46,0.03,-0.01,1.07,-1.07,0.73,-0.15,16634222
111661,0.05,1.02,0.10,-2.08,2.26,-1.43,0.03,-0.01,1.07,-1.13,0.76,-0.61,16632785
111673,0.05,1.02,0.10,-2.35,2.23,-1.56,0.03,-0.01,1.07,-1.16,0.58,-0.21,16633385
111684,0.05,1.02,0.10,-2.35,2.26,-1.40,0.03,-0.01,1.07,-1.19,0.76,-0.40,16636038
111696,0.05,1.02,0.10,-2.50,2.41,-1.62,0.03,-0.01,1.07,-1.16,0.73,-0.43,16636188
111708,0.05,1.02,0.10,-2.23,2.20,-1.22,0.03,-0.01,1.07,-0.89,0.64,-0.31,16634699
111720,0.05,1.02,0.10,-2.14,2.23,-1.31,0.03,-0.01,1.07,-1.19,0.52,-0.31,16632382
111731,0.05,1.02,0.10,-2.08,2.14,-1.43,0.03,-0.01,1.07,-1.01,0.49,-0.43,16635394
111742,0.05,1.02,0.10,-2.50,2.20,-1.68,0.03,-0.01,1.07,-1.07,0.79,-0.12,16635181
111755,0.05,1.02,0.11,-2.17,2.41,-1.50,0.03,-0.01,1.07,-1.01,0.76,-0.24,16633233
111766,0.05,1.02,0.11,-2.32,2.23,-1.31,0.03,-0.01,1.07,-1.04,0.70,-0.34,16634243
111778,0.05,1.02,0.11,-2.53,2.35,-1.34,0.03,-0.01,1.07,-1.16,0.82,-0.52,16633953
111790,0.05,1.02,0.10,-2.35,2.32,-1.50,0.03,-0.01,1.07,-0.95,0.61,-0.40,16636303
111802,0.05,1.02,0.11,-2.17,2.29,-1.37,0.03,-0.01,1.07,-1.37,0.85,-0.15,16635570
111813,0.05,1.02,0.11,-2.38,2.35,-1.50,0.03,-0.01,1.07,-1.01,0.70,-0.21,16634726
111824,0.05,1.02,0.11,-2.29,2.29,-1.28,0.03,-0.01,1.07,-1.01,0.82,-0.43,16633812
111837,0.05,1.02,0.11,-2.14,2.14,-1.43,0.03,-0.01,1.07,-1.04,0.95,-0.49,16634579
111848,0.05,1.02,0.11,-2.29,2.08,-1.31,0.03,-0.01,1.07,-1.16,0.92,-0.31,16635433
111860,0.05,1.02,0.10,-2.26,2.29,-1.50,0.03,-0.01,1.07,-0.95,0.67,-0.06,16634899
111872,0.05,1.02,0.10,-2.04,2.14,-1.56,0.03,-0.01,1.07,-1.07,0.85,-0.24,16635627
111884,0.05,1.02,0.10,-1.98,2.23,-1.50,0.03,-0.01,1.07,-1.13,0.73,-0.37,16634745
111895,0.05,1.02,0.10,-2.23,2.14,-1.50,0.03,-0.01,1.07,-1.22,0.67,-0.61,16635074
111906,0.05,1.02,0.11,-2.53,2.20,-1.16,0.03,-0.01,1.07,-0.89,1.01,-0.15,16637459
111919,0.05,1.02,0.10,-2.32,2.23,-1.50,0.03,-0.01,1.07,-1.13,0.85,-0.34,16634330
111930,0.05,1.02,0.10,-2.38,2.29,-1.34,0.03,-0.01,1.07,-0.95,0.82,-0.27,16635359
111942,0.05,1.02,0.10,-2.26,2.29,-1.50,0.03,-0.01,1.07,-1.28,0.89,-0.46,16634069
111953,0.05,1.02,0.10,-2.20,2.20,-1.71,0.03,-0.01,1.07,-1.25,0.64,-0.24,16634813
111966,0.05,1.02,0.10,-2.35,2.23,-1.34,0.03,-0.01,1.07,-1.04,0.58,-0.21,16634692
111977,0.05,1.02,0.10,-2.26,2.11,-1.53,0.03,-0.01,1.07,-1.10,0.85,-0.27,16633739
111988,0.05,1.02,0.10,-2.32,2.29,-1.53,0.03,-0.01,1.07,-1.22,0.70,-0.52,16634903
112001,0.05,1.02,0.10,-2.26,2.17,-1.68,0.03,-0.01,1.07,-1.16,0.73,-0.55,16632952
112012,0.05,1.02,0.10,-2.20,2.14,-1.28,0.03,-0.01,1.07,-1.31,0.76,-0.52,16631451
112024,0.05,1.02,0.10,-2.14,2.35,-1.28,0.03,-0.01,1.07,-0.95,0.79,-0.34,16633671
112035,0.05,1.02,0.10,-2.29,2.17,-1.07,0.03,-0.01,1.07,-1.16,0.52,-0.52,16632661
112048,0.05,1.02,0.10,-2.14,2.32,-1.62,0.03,-0.01,1.07,-1.04,0.92,-0.52,16633256
112059,0.05,1.02,0.10,-2.32,2.17,-1.53,0.03,-0.01,1.07,-1.13,0.82,-0.40,16634541
112071,0.05,1.02,0.10,-2.32,2.08,-1.50,0.03,-0.01,1.07,-1.01,0.79,-0.18,16632870
112082,0.05,1.02,0.10,-2.23,2.35,-1.56,0.03,-0.01,1.07,-0.98,0.89,-0.46,16633882
112094,0.05,1.02,0.10,-2.20,2.29,-1.25,0.03,-0.01,1.07,-0.92,0.64,-0.27,16632101
112106,0.05,1.02,0.10,-2.23,2.20,-1.43,0.03,-0.01,1.07,-1.19,0.43,-0.46,16634829
112117,0.05,1.02,0.10,-2.26,2.08,-1.40,0.03,-0.01,1.07,-1.28,0.79,-0.15,16634653
112130,0.05,1.02,0.10,-2.26,2.20,-1.31,0.03,-0.01,1.07,-1.16,0.70,-0.46,16633113
112141,0.05,1.02,0.10,-2.29,2.08,-1.43,0.03,-0.01,1.07,-1.22,0.92,-0.31,16631183
112153,0.05,1.02,0.10,-2.20,2.29,-1.53,0.03,-0.01,1.07,-1.22,0.76,-0.49,16632281
112164,0.05,1.02,0.10,-2.17,2.26,-1.50,0.03,-0.01,1.07,-0.98,0.89,-0.37,16632496
112176,0.05,1.02,0.10,-2.04,2.35,-1.43,0.03,-0.01,1.07,-1.04,0.61,-0.15,16630903
112188,0.05,1.02,0.10,-2.17,1.92,-1.46,0.03,-0.01,1.07,-1.37,0.64,-0.06,16632091
112199,0.05,1.02,0.10,-2.23,2.23,-1.62,0.03,-0.01,1.07,-1.25,0.58,-0.37,16631958
112211,0.05,1.02,0.10,-2.04,2.35,-1.50,0.03,-0.01,1.07,-1.07,0.76,-0.34,16632082
112223,0.05,1.02,0.10,-2.23,2.08,-1.50,0.03,-0.01,1.07,-1.16,0.70,-0.37,16631934
112235,0.05,1.02,0.10,-2.41,2.20,-1.43,0.03,-0.01,1.07,-1.19,0.73,-0.43,16633812
112246,0.05,1.02,0.10,-2.26,2.44,-1.59,0.03,-0.01,1.07,-1.10,0.70,-0.09,16634260
112258,0.05,1.02,0.10,-2.38,2.01,-1.28,0.03,-0.01,1.07,-1.13,0.92,-0.37,16634202
112270,0.05,1.02,0.10,-2.11,2.17,-1.28,0.03,-0.01,1.07,-1.01,0.64,-0.43,16634032
112281,0.05,1.02,0.10,-2.32,2.14,-1.46,0.03,-0.01,1.07,-0.98,0.82,-0.31,16633576
112293,0.05,1.02,0.11,-2.17,2.04,-1.40,0.03,-0.01,1.07,-1.16,0.73,-0.49,16633934
112305,0.05,1.02,0.10,-2.29,2.38,-1.77,0.03,-0.01,1.07,-1.37,0.73,-0.43,16633956
112317,0.04,1.02,0.13,15.32,1.65,-2.56,0.03,-0.01,1.07,-0.95,0.55,-0.21,16649032
112328,0.05,1.02,0.09,-8.39,1.31,0.15,0.03,-0.01,1.07,-0.79,0.67,-0.21,16671182
112339,0.05,1.01,0.09,-12.76,3.27,-2.23,0.03,-0.01,1.07,0.03,0.06,-0.40,16642187
112352,0.06,1.02,0.10,-8.36,2.66,-2.01,0.03,-0.00,1.07,-1.77,0.85,-0.58,16632866
112363,0.05,1.02,0.11,-1.50,1.62,-1.98,0.03,-0.01,1.07,-1.98,1.10,-0.24,16632173
112375,0.05,1.03,0.12,1.43,2.32,-0.95,0.03,-0.01,1.07,-1.68,1.19,-0.43,16633920
112387,0.06,1.00,0.11,-9.74,5.19,-2.96,0.03,-0.01,1.07,-0.70,0.24,-0.27,16635270
112399,0.06,1.03,0.11,-0.85,0.92,-3.42,0.03,-0.01,1.07,-0.92,0.67,-0.18,16654344
112410,0.05,1.00,0.10,-4.09,2.75,-0.64,0.03,-0.01,1.07,-1.07,0.79,-0.43,16658841
112421,0.06,1.02,0.11,0.85,1.43,-1.40,0.03,-0.01,1.07,-0.98,0.52,-0.31,16650621
112434,0.05,1.02,0.11,-0.67,2.35,-1.31,0.03,-0.01,1.07,-1.53,0.70,-0.49,16666410
112445,0.05,1.03,0.11,-0.31,2.14,-1.95,0.03,-0.01,1.07,-0.70,0.52,-0.06,16669093
112457,0.05,1.02,0.10,-2.78,2.62,-1.04,0.03,-0.01,1.07,-0.73,0.46,-0.24,16686683
112468,0.05,1.02,0.10,-2.59,2.23,-1.31,0.03,-0.01,1.07,-1.40,0.52,-0.24,16701591
112481,0.05,1.02,0.10,-2.38,2.41,-1.89,0.03,-0.01,1.07,-1.56,1.10,-0.46,16710415
112492,0.05,1.02,0.10,-2.11,2.11,-1.56,0.03,-0.01,1.07,-0.76,0.43,-0.40,16715200
112503,0.05,1.02,0.10,-3.54,2.38,-1.56,0.03,-0.01,1.07,-1.34,0.67,-0.12,16725300
112516,0.05,1.02,0.10,-2.66,2.04,-1.40,0.03,-0.01,1.07,-1.25,0.79,-0.49,16728347
112527,0.05,1.02,0.11,-1.95,2.41,-1.25,0.03,-0.01,1.07,-1.01,1.04,-0.61,16737711
112539,0.05,1.02,0.11,-1.46,2.17,-1.19,0.03,-0.01,1.07,-1.10,0.92,-0.37,16750098
112550,0.05,1.02,0.10,-2.35,2.11,-1.46,0.03,-0.01,1.07,-1.22,0.58,-0.21,16760312
112563,0.05,1.02,0.10,-2.38,2.26,-1.22,0.03,-0.01,1.07,-0.95,0.73,-0.49,16773975
112574,0.05,1.02,0.11,-1.77,2.23,-1.28,0.03,-0.01,1.07,-0.98,0.67,-0.43,4542
112585,0.05,1.02,0.10,-2.08,2.41,-1.22,0.03,-0.01,1.07,-1.10,0.76,-0.49,11554
112598,0.05,1.02,0.10,-2.29,2.29,-1.25,0.03,-0.01,1.07,-0.89,0.58,-0.40,18828
112609,0.05,1.02,0.10,-1.83,2.26,-1.34,0.03,-0.01,1.07,-1.22,0.76,-0.73,21974
112621,0.05,1.02,0.11,-1.62,2.23,-1.53,0.03,-0.01,1.07,-1.04,0.64,-0.61,25932
112632,0.05,1.02,0.10,-2.04,2.17,-1.16,0.03,-0.01,1.07,-0.95,0.40,-0.34,28652
112645,0.05,1.02,0.10,-2.50,2.32,-1.59,0.03,-0.01,1.07,-1.22,0.67,-0.27,30276
112656,0.05,1.02,0.11,-1.77,2.14,-1.25,0.03,-0.01,1.07,-0.95,0.92,-0.31,30052
112667,0.05,1.02,0.10,-1.74,2.17,-1.56,0.03,-0.01,1.07,-1.16,0.82,-0.43,31281
112679,0.05,1.02,0.10,-2.35,2.17,-1.37,0.03,-0.01,1.07,-1.22,0.92,-0.31,32125
112691,0.05,1.02,0.10,-2.38,2.26,-1.71,0.03,-0.01,1.07,-1.07,0.76,-0.55,31242
112703,0.05,1.02,0.11,-1.68,1.92,-1.31,0.03,-0.01,1.07,-1.04,0.67,-0.52,33163
112714,0.05,1.02,0.10,-1.95,2.08,-1.56,0.03,-0.01,1.07,-0.92,1.07,-0.31,31520
112727,0.05,1.02,0.10,-2.50,2.35,-1.65,0.03,-0.01,1.07,-1.04,0.70,-0.46,29104
112738,0.05,1.02,0.10,-2.14,2.08,-1.65,0.03,-0.01,1.07,-1.07,0.70,-0.21,29789
112749,0.05,1.02,0.10,-1.40,2.14,-1.71,0.03,-0.01,1.07,-1.10,0.85,-0.40,30211
112761,0.05,1.02,0.10,-1.95,2.35,-1.40,0.03,-0.01,1.07,-1.19,0.55,-0.43,32385
112773,0.05,1.02,0.10,-2.44,2.23,-1.68,0.03,-0.01,1.07,-1.13,0.73,-0.37,32632
112785,0.05,1.02,0.10,-1.89,2.14,-1.74,0.03,-0.01,1.07,-1.07,0.79,-0.06,29601
112796,0.05,1.02,0.10,-2.17,2.17,-1.53,0.03,-0.01,1.07,-1.22,0.95,-0.64,31363
112808,0.05,1.02,0.10,-2.29,2.35,-1.62,0.03,-0.01,1.07,-1.01,0.85,-0.37,33983
112820,0.05,1.02,0.10,-2.29,2.26,-1.22,0.03,-0.01,1.07,-1.19,0.67,-0.34,34301
112832,0.05,1.02,0.10,-2.26,2.50,-1.68,0.03,-0.01,1.07,-0.79,0.79,-0.34,34751
112843,0.05,1.02,0.10,-2.29,2.04,-1.40,0.03,-0.01,1.07,-0.89,0.55,-0.43,33903
112855,0.05,1.02,0.10,-2.66,2.20,-1.50,0.03,-0.01,1.07,-1.07,0.61,-0.27,33155
112867,0.05,1.02,0.10,-2.44,1.98,-1.34,0.03,-0.01,1.07,-1.25,0.79,-0.12,32897
112878,0.05,1.02,0.10,-1.92,2.04,-1.59,0.03,-0.01,1.07,-0.89,0.58,-0.27,28957
112890,0.05,1.02,0.10,-2.35,2.17,-1.34,0.03,-0.01,1.07,-0.92,0.61,-0.24,31715
112902,0.05,1.02,0.10,-2.56,2.26,-1.31,0.03,-0.01,1.07,-1.31,0.67,-0.40,32306
112914,0.05,1.02,0.10,-2.23,2.38,-1.59,0.03,-0.01,1.07,-1.13,0.49,-0.31,30680
112925,0.05,1.02,0.10,-2.26,2.38,-1.25,0.03,-0.01,1.07,-0.98,0.43,-0.40,31321
112936,0.05,1.02,0.10,-2.62,2.41,-1.56,0.03,-0.01,1.07,-1.07,0.55,-0.31,34205
112949,0.05,1.02,0.10,-2.35,2.17,-1.68,0.03,-0.01,1.07,-1.31,0.73,-0.40,32498
112960,0.05,1.02,0.10,-2.04,2.32,-1.37,0.03,-0.01,1.07,-1.04,0.79,-0.18,31109
112972,0.05,1.02,0.10,-2.26,2.26,-1.46,0.03,-0.01,1.07,-0.89,0.61,-0.31,32654
112984,0.05,1.02,0.10,-2.69,2.08,-1.16,0.03,-0.01,1.07,-1.07,0.82,-0.31,33394
112996,0.05,1.02,0.10,-2.17,2.23,-1.37,0.03,-0.01,1.07,-1.34,0.67,-0.40,28935
113007,0.05,1.02,0.10,-2.53,2.17,-1.37,0.03,-0.01,1.07,-1.01,0.61,-0.37,30835
113018,0.05,1.02,0.10,-2.38,2.11,-1.46,0.03,-0.01,1.07,-1.01,0.37,-0.37,32754
113031,0.05,1.02,0.10,-2.32,2.04,-1.16,0.03,-0.01,1.07,-0.95,0.76,-0.31,32847
113042,0.05,1.02,0.10,-2.20,2.17,-1.25,0.03,-0.01,1.07,-0.89,0.76,-0.46,31572
113054,0.05,1.02,0.10,-2.26,2.26,-1.71,0.03,-0.01,1.07,-1.04,0.52,-0.40,32554
113065,0.05,1.02,0.10,-2.41,2.08,-1.31,0.03,-0.01,1.07,-1.31,0.79,-0.49,30227
113078,0.05,1.02,0.10,-1.86,2.26,-1.50,0.03,-0.01,1.07,-1.19,0.64,-0.03,29666
113089,0.05,1.02,0.10,-2.08,2.01,-1.34,0.03,-0.01,1.07,-1.16,0.70,-0.40,32033
113100,0.05,1.02,0.10,-2.56,2.38,-1.37,0.03,-0.01,1.07,-1.07,0.64,-0.18,30530
113113,0.05,1.02,0.10,-2.41,2.23,-1.28,0.03,-0.01,1.07,-1.04,0.85,-0.27,29511
113124,0.05,1.02,0.10,-2.32,2.23,-1.56,0.03,-0.01,1.07,-0.89,0.70,-0.21,31153
113136,0.05,1.02,0.10,-2.32,2.20,-1.46,0.03,-0.01,1.07,-0.95,0.98,-0.27,28425
113147,0.05,1.02,0.10,-2.38,2.29,-1.43,0.03,-0.01,1.07,-1.01,0.73,-0.31,29217
113160,0.05,1.02,0.10,-2.62,2.29,-1.50,0.03,-0.01,1.07,-1.07,0.73,-0.21,31789
113171,0.05,1.02,0.10,-2.01,2.26,-1.74,0.03,-0.01,1.07,-1.10,0.61,-0.52,33463
113182,0.05,1.02,0.10,-2.29,2.38,-1.71,0.03,-0.01,1.07,-1.01,0.49,-0.31,31627
113195,0.05,1.02,0.10,-2.59,2.04,-1.56,0.03,-0.01,1.07,-1.10,0.98,-0.31,33154
113206,0.05,1.02,0.10,-2.32,2.35,-1.50,0.03,-0.01,1.07,-1.07,0.58,-0.34,33686
113218,0.05,1.02,0.10,-2.50,2.29,-1.62,0.03,-0.01,1.07,-1.19,0.67,-0.18,33572
113229,0.05,1.02,0.10,-2.41,2.26,-1.59,0.03,-0.01,1.07,-1.10,0.79,-0.40,34335
113242,0.05,1.02,0.10,-2.62,2.32,-1.40,0.03,-0.01,1.07,-0.92,0.49,-0.27,33004
113253,0.05,1.02,0.10,-2.62,2.11,-1.37,0.03,-0.01,1.07,-1.19,0.82,0.09,30938
113264,0.05,1.02,0.10,-2.56,2.17,-1.56,0.03,-0.01,1.07,-1.13,0.52,-0.31,32165
113276,0.05,1.02,0.10,-2.35,2.20,-1.25,0.03,-0.01,1.07,-1.13,0.79,-0.21,30974
113288,0.05,1.02,0.10,-2.17,2.29,-1.59,0.03,-0.01,1.07,-0.98,0.76,-0.24,30156
113300,0.05,1.02,0.10,-2.47,2.23,-1.68,0.03,-0.01,1.07,-1.01,0.76,-0.09,31730
113311,0.05,1.02,0.10,-2.59,2.04,-1.31,0.03,-0.01,1.07,-1.16,0.70,-0.15,31159
113324,0.05,1.02,0.10,-2.35,2.26,-1.68,0.03,-0.01,1.07,-1.01,0.95,-0.55,32602
113335,0.05,1.02,0.10,-2.23,2.32,-1.46,0.03,-0.01,1.07,-1.19,0.73,-0.43,31776
113347,0.05,1.02,0.10,-2.41,2.23,-1.50,0.03,-0.01,1.07,-0.89,0.79,-0.52,29995
113358,0.05,1.02,0.10,-2.47,2.11,-1.40,0.03,-0.01,1.07,-1.34,0.76,-0.43,31759
113370,0.05,1.02,0.10,-2.41,2.23,-1.71,0.03,-0.01,1.07,-1.04,0.79,-0.27,32662
113382,0.05,1.02,0.10,-2.38,2.14,-1.37,0.03,-0.01,1.07,-0.95,0.64,-0.37,33448
113393,0.05,1.02,0.10,-2.23,2.11,-1.59,0.03,-0.01,1.07,-1.10,0.79,-0.49,33209
113405,0.05,1.02,0.10,-2.32,2.23,-1.19,0.03,-0.01,1.07,-0.95,0.73,-0.37,29833
113417,0.05,1.02,0.10,-2.14,2.32,-1.31,0.03,-0.01,1.07,-1.16,0.79,-0.27,34242
113429,0.05,1.02,0.10,-2.29,2.14,-1.59,0.03,-0.01,1.07,-1.13,0.76,-0.24,36671
113440,0.05,1.02,0.10,-2.41,2.04,-1.40,0.03,-0.01,1.07,-1.01,0.70,-0.24,35378
113452,0.05,1.02,0.10,-2.29,2.26,-1.56,0.03,-0.01,1.07,-1.16,0.70,-0.21,30592
113464,0.05,1.02,0.10,-2.32,2.01,-1.43,0.03,-0.01,1.07,-1.04,0.85,0.06,29224
113475,0.05,1.02,0.10,-2.41,2.41,-1.46,0.03,-0.01,1.07,-1.16,0.82,-0.34,33049
113487,0.05,1.02,0.10,-2.56,2.41,-1.37,0.03,-0.01,1.07,-1.07,0.58,-0.43,31626
113499,0.05,1.02,0.11,-2.62,2.38,-1.40,0.03,-0.01,1.07,-1.25,0.89,-0.37,32105
113511,0.05,1.02,0.10,-2.38,1.98,-1.53,0.03,-0.01,1.07,-1.13,0.70,-0.31,31780
113522,0.05,1.02,0.10,-2.72,2.20,-1.50,0.03,-0.01,1.07,-1.10,1.01,-0.49,33206
113533,0.05,1.02,0.11,-2.17,2.26,-1.43,0.03,-0.01,1.07,-0.98,0.76,-0.46,31424
113546,0.05,1.02,0.10,-2.26,2.29,-1.46,0.03,-0.01,1.07,-0.85,0.79,-0.37,29930
113557,0.05,1.02,0.10,-2.47,2.23,-1.59,0.03,-0.01,1.07,-1.31,0.79,-0.34,33735
113569,0.05,1.02,0.10,-1.92,2.08,-1.59,0.03,-0.01,1.07,-0.89,0.85,-0.40,33335
113581,0.05,1.02,0.10,-2.17,2.32,-1.31,0.03,-0.01,1.07,-1.16,0.76,-0.09,30626
113593,0.05,1.02,0.10,-2.11,2.44,-1.43,0.03,-0.01,1.07,-1.19,0.58,-0.40,31126
113604,0.05,1.02,0.10,-2.23,2.23,-1.46,0.03,-0.01,1.07,-1.31,1.04,-0.49,32995
113615,0.05,1.02,0.10,-2.20,2.14,-1.50,0.03,-0.01,1.07,-1.04,0.79,-0.34,29621
113628,0.05,1.02,0.10,-2.14,2.14,-1.62,0.03,-0.01,1.07,-1.19,0.49,-0.49,31539
113639,0.05,1.02,0.10,-2.20,2.23,-1.22,0.03,-0.01,1.07,-1.31,0.76,-0.12,32837
113651,0.05,1.02,0.10,-2.53,2.26,-1.37,0.03,-0.01,1.07,-1.07,0.52,-0.37,33610
113662,0.05,1.02,0.10,-2.11,2.14,-1.59,0.03,-0.01,1.07,-1.16,0.76,-0.49,30084
113675,0.05,1.02,0.10,-2.41,2.23,-1.59,0.03,-0.01,1.07,-1.07,0.89,-0.49,27959
113686,0.05,1.02,0.10,-2.23,2.29,-1.40,0.03,-0.01,1.07,-1.16,0.76,-0.34,29803
113697,0.05,1.02,0.11,-2.29,1.95,-1.46,0.03,-0.01,1.07,-1.19,0.49,-0.43,30572
113710,0.05,1.02,0.11,-2.11,1.92,-1.53,0.03,-0.01,1.07,-1.40,0.55,-0.31,26245
113721,0.05,1.02,0.10,-2.14,2.14,-1.34,0.03,-0.01,1.07,-1.07,0.67,-0.34,28257
113733,0.05,1.02,0.10,-2.01,2.38,-1.59,0.03,-0.01,1.07,-1.10,0.82,-0.15,31856
113744,0.05,1.02,0.11,-2.04,2.41,-1.77,0.03,-0.01,1.07,-0.95,0.64,-0.49,33446
113757,0.05,1.02,0.10,-2.23,2.41,-1.37,0.03,-0.01,1.07,-1.01,0.70,-0.52,31578
113768,0.05,1.02,0.10,-2.29,2.14,-1.50,0.03,-0.01,1.07,-1.16,0.85,-0.37,33294
113779,0.05,1.02,0.10,-2.38,2.20,-1.62,0.03,-0.01,1.07,-1.22,0.55,-0.37,33014
113792,0.05,1.02,0.11,-1.92,2.35,-1.65,0.03,-0.01,1.07,-0.98,0.64,-0.18,33805
113803,0.05,1.02,0.11,-2.23,2.32,-1.43,0.03,-0.01,1.07,-1.01,0.76,-0.52,34433
113815,0.05,1.02,0.10,-2.17,2.23,-1.37,0.03,-0.01,1.07,-0.98,0.76,-0.34,31603
113826,0.05,1.02,0.10,-2.32,2.17,-1.19,0.03,-0.01,1.07,-0.95,0.49,-0.34,31290
113839,0.05,1.02,0.10,-2.26,2.23,-1.56,0.03,-0.01,1.07,-0.85,0.64,-0.18,29688
113850,0.05,1.02,0.10,-2.38,2.23,-1.56,0.03,-0.01,1.07,-1.07,0.95,-0.34,32277
113862,0.05,1.02,0.10,-2.14,2.17,-1.62,0.03,-0.01,1.07,-1.13,0.73,-0.40,34050
113873,0.05,1.02,0.10,-2.17,2.26,-1.56,0.03,-0.01,1.07,-0.98,0.64,-0.34,29434
113885,0.05,1.02,0.10,-2.29,2.29,-1.34,0.03,-0.01,1.07,-0.95,0.67,-0.40,30207
113897,0.05,1.02,0.10,-2.38,2.17,-1.50,0.03,-0.01,1.07,-1.13,0.67,-0.31,34729
113908,0.05,1.02,0.10,-2.32,2.23,-1.40,0.03,-0.01,1.07,-1.16,0.92,-0.21,32493
113921,0.05,1.02,0.10,-2.26,2.23,-1.62,0.03,-0.01,1.07,-0.76,0.73,-0.18,33445
113932,0.05,1.02,0.10,-2.56,2.17,-1.31,0.03,-0.01,1.07,-1.22,0.85,-0.52,34863
113944,0.05,1.02,0.10,-2.44,1.98,-1.28,0.03,-0.01,1.07,-1.13,0.61,-0.21,32950
113955,0.05,1.02,0.11,-2.32,2.08,-1.43,0.03,-0.01,1.07,-1.01,0.64,-0.15,33791
113967,0.05,1.02,0.11,-2.62,2.17,-1.25,0.03,-0.01,1.07,-1.25,0.98,-0.24,29932
113979,0.05,1.02,0.11,-2.32,2.01,-1.13,0.03,-0.01,1.07,-0.95,0.70,-0.34,30077
113990,0.05,1.02,0.11,-2.11,2.35,-1.37,0.03,-0.01,1.07,-0.92,0.70,-0.34,31803
114002,0.05,1.02,0.11,-2.01,2.26,-1.74,0.03,-0.01,1.07,-1.28,0.67,-0.40,31143
114014,0.05,1.02,0.11,-2.20,2.32,-1.37,0.03,-0.01,1.07,-1.04,0.95,-0.52,32137
114026,0.05,1.02,0.11,-2.11,2.11,-1.40,0.03,-0.01,1.07,-1.19,0.79,-0.31,34911
114037,0.05,1.02,0.11,-2.35,2.38,-1.68,0.03,-0.01,1.07,-1.07,0.79,-0.18,32146
114049,0.05,1.02,0.11,-2.29,2.17,-1.50,0.03,-0.01,1.07,-0.89,0.82,-0.37,33229
114061,0.05,1.02,0.11,-2.47,2.23,-1.28,0.03,-0.01,1.07,-0.89,0.58,-0.18,34684
114072,0.05,1.02,0.10,-2.32,2.26,-1.28,0.03,-0.01,1.07,-1.16,0.70,-0.18,34223
114084,0.05,1.02,0.10,-2.32,2.11,-1.13,0.03,-0.01,1.07,-0.98,0.76,-0.31,32916
114096,0.05,1.02,0.10,-2.32,2.17,-1.28,0.03,-0.01,1.07,-0.85,0.49,-0.27,33560
114108,0.05,1.02,0.10,-2.26,2.11,-1.53,0.03,-0.01,1.07,-1.28,0.89,-0.46,35173
114119,0.05,1.02,0.10,-2.11,2.20,-1.62,0.03,-0.01,1.07,-1.13,0.52,-0.31,32946
114130,0.05,1.02,0.10,-2.41,2.11,-1.50,0.03,-0.01,1.07,-1.07,0.67,-0.34,29291
114143,0.05,1.02,0.10,-2.23,2.20,-1.34,0.03,-0.01,1.07,-1.07,0.73,-0.49,31233
114154,0.05,1.02,0.10,-2.47,2.17,-1.13,0.03,-0.01,1.07,-1.10,0.55,-0.18,31722
114166,0.05,1.02,0.10,-2.29,2.20,-1.46,0.03,-0.01,1.07,-1.22,0.70,-0.40,31173
114178,0.05,1.02,0.10,-2.35,2.29,-1.50,0.03,-0.01,1.07,-1.16,0.70,-0.18,31913
114190,0.05,1.02,0.10,-2.23,2.32,-1.46,0.03,-0.01,1.07,-1.25,0.67,-0.37,31619
114201,0.05,1.02,0.10,-2.11,2.20,-1.25,0.03,-0.01,1.07,-1.07,0.64,-0.46,31566
114212,0.05,1.02,0.10,-2.38,2.08,-1.71,0.03,-0.01,1.07,-1.04,0.58,-0.43,32166
114225,0.05,1.02,0.10,-2.04,2.08,-1.65,0.03,-0.01,1.07,-1.13,0.92,-0.31,34183
114236,0.05,1.02,0.10,-2.29,2.44,-1.46,0.03,-0.01,1.07,-1.10,0.58,-0.37,35599
114248,0.05,1.02,0.10,-2.29,2.32,-1.65,0.03,-0.01,1.07,-1.04,0.52,-0.31,32691
114259,0.05,1.02,0.10,-2.32,2.32,-1.25,0.03,-0.01,1.07,-1.28,0.73,-0.40,30662
114272,0.05,1.02,0.10,-2.32,2.17,-1.34,0.03,-0.01,1.07,-1.10,1.13,-0.34,30151
114283,0.05,1.02,0.10,-2.29,2.20,-1.50,0.03,-0.01,1.07,-1.01,0.67,-0.31,32504
114295,0.05,1.02,0.10,-2.20,2.14,-1.40,0.03,-0.01,1.07,-0.98,0.70,-0.43,33042
114307,0.05,1.02,0.10,-2.35,2.04,-1.34,0.03,-0.01,1.07,-1.25,0.70,-0.31,34282
114318,0.05,1.02,0.10,-2.26,2.04,-1.65,0.03,-0.01,1.07,-1.01,0.67,-0.40,34036
114330,0.05,1.02,0.10,-2.29,2.23,-1.65,0.03,-0.01,1.07,-1.13,0.58,-0.40,31784
114341,0.05,1.02,0.10,-2.41,2.32,-1.37,0.03,-0.01,1.07,-1.04,0.85,-0.40,33782
114354,0.05,1.02,0.10,-2.50,2.23,-1.46,0.03,-0.01,1.07,-1.01,0.70,0.06,36024
114365,0.05,1.02,0.10,-2.20,2.26,-1.50,0.03,-0.01,1.07,-1.31,0.61,-0.24,33723
114377,0.05,1.02,0.10,-2.44,2.14,-1.59,0.03,-0.01,1.07,-1.25,0.79,-0.40,32347
114388,0.05,1.02,0.10,-2.38,2.26,-1.19,0.03,-0.01,1.07,-1.10,0.55,-0.37,34307
114400,0.05,1.02,0.10,-2.26,2.32,-1.50,0.03,-0.01,1.07,-1.13,0.58,-0.43,32649
114412,0.05,1.02,0.10,-2.32,2.23,-1.43,0.03,-0.01,1.07,-1.16,0.64,-0.24,29075
114423,0.05,1.02,0.11,-2.29,2.01,-1.31,0.03,-0.01,1.07,-1.28,0.89,-0.46,29269
114436,0.05,1.02,0.10,-2.14,2.29,-1.46,0.03,-0.01,1.07,-1.19,0.61,-0.31,31415
114447,0.05,1.02,0.10,-2.44,2.04,-1.19,0.03,-0.01,1.07,-1.07,0.82,-0.27,30747
114459,0.05,1.02,0.10,-2.17,2.14,-1.46,0.03,-0.01,1.07,-0.95,0.95,-0.31,32202
114470,0.05,1.02,0.10,-2.41,2.11,-1.13,0.03,-0.01,1.07,-0.95,0.73,-0.31,32538
114482,0.05,1.02,0.11,-2.56,2.47,-1.46,0.03,-0.01,1.07,-1.04,0.64,-0.43,32168
114494,0.05,1.02,0.10,-2.20,2.01,-1.46,0.03,-0.01,1.07,-1.10,0.73,-0.37,30851
114505,0.05,1.02,0.11,-2.26,2.29,-1.50,0.03,-0.01,1.07,-1.01,0.58,-0.40,32732
114518,0.05,1.02,0.11,-2.11,2.26,-1.59,0.03,-0.01,1.07,-1.04,1.25,-0.24,32678
114529,0.05,1.02,0.11,-2.41,2.29,-1.50,0.03,-0.01,1.07,-1.25,0.73,-0.37,33185
114541,0.05,1.02,0.10,-2.44,2.20,-1.34,0.03,-0.01,1.07,-1.22,0.58,-0.15,33592
114552,0.05,1.02,0.11,-2.17,2.01,-1.65,0.03,-0.01,1.07,-1.19,0.73,-0.37,30662
114564,0.05,1.02,0.11,-2.17,2.01,-1.53,0.03,-0.01,1.07,-1.28,0.73,-0.09,30222
114576,0.05,1.02,0.10,-2.29,2.41,-1.59,0.03,-0.01,1.07,-1.22,0.73,-0.34,31298
114587,0.05,1.02,0.11,-2.20,2.08,-1.62,0.03,-0.01,1.07,-1.16,0.85,-0.34,31051
114599,0.05,1.02,0.11,-2.17,2.04,-1.56,0.03,-0.01,1.07,-1.13,0.76,-0.40,33152
114611,0.05,1.02,0.11,-2.11,2.29,-1.28,0.03,-0.01,1.07,-1.13,0.58,-0.34,34830
114623,0.05,1.02,0.11,-2.26,2.20,-1.37,0.03,-0.01,1.07,-1.19,0.82,-0.24,34555
114634,0.05,1.02,0.10,-2.50,2.20,-1.62,0.03,-0.01,1.07,-1.04,0.76,-0.34,34133
114646,0.05,1.02,0.11,-2.38,1.95,-1.16,0.03,-0.01,1.07,-1.07,0.82,-0.27,30774
114658,0.05,1.02,0.10,-2.23,2.23,-1.37,0.03,-0.01,1.07,-1.10,0.82,-0.40,31650
114669,0.05,1.02,0.10,-2.17,2.23,-1.43,0.03,-0.01,1.07,-0.98,0.64,-0.46,32282
114681,0.05,1.02,0.10,-1.92,2.11,-1.53,0.03,-0.01,1.07,-1.16,0.67,-0.12,30487
114693,0.05,1.02,0.10,-2.20,2.11,-1.56,0.03,-0.01,1.07,-1.01,0.95,-0.12,30314
114705,0.05,1.02,0.10,-2.20,2.29,-1.25,0.03,-0.01,1.07,-1.31,0.70,-0.37,28472
114716,0.05,1.02,0.10,-2.23,1.98,-1.28,0.03,-0.01,1.07,-1.25,0.85,-0.15,31862
114727,0.05,1.02,0.10,-2.11,2.23,-1.59,0.03,-0.01,1.07,-1.10,0.64,-0.27,32506
114740,0.05,1.02,0.10,-2.20,2.23,-1.59,0.03,-0.01,1.07,-1.01,0.82,-0.31,29063
114751,0.05,1.02,0.10,-2.41,2.01,-1.34,0.03,-0.01,1.07,-1.22,0.73,-0.27,32785
114763,0.05,1.02,0.10,-2.08,2.20,-1.89,0.03,-0.01,1.07,-1.04,0.82,-0.37,34136
114775,0.05,1.02,0.10,-2.14,2.29,-1.25,0.03,-0.01,1.07,-1.07,0.73,-0.37,34443
114787,0.05,1.02,0.10,-2.38,2.26,-1.28,0.03,-0.01,1.07,-1.25,0.95,-0.49,33569
114798,0.05,1.02,0.10,-2.08,2.32,-1.59,0.03,-0.01,1.07,-1.28,0.70,-0.37,28569
114809,0.05,1.02,0.10,-1.80,2.08,-1.43,0.03,-0.01,1.07,-1.13,0.46,-0.09,31221
114822,0.05,1.02,0.11,-2.20,2.11,-1.56,0.03,-0.01,1.07,-1.13,0.55,-0.21,32988
114833,0.05,1.02,0.10,-2.08,2.08,-1.50,0.03,-0.01,1.07,-0.95,0.76,-0.55,32177
114845,0.05,1.02,0.10,-2.50,2.26,-1.31,0.03,-0.01,1.07,-1.22,0.85,-0.27,32195
114856,0.05,1.02,0.10,-2.20,2.29,-1.53,0.03,-0.01,1.07,-0.95,0.85,-0.12,33278
114869,0.05,1.02,0.10,-2.66,2.29,-1.56,0.03,-0.01,1.07,-1.34,0.95,-0.40,33016
114880,0.05,1.02,0.10,-2.44,2.23,-1.62,0.03,-0.01,1.07,-1.13,0.70,-0.27,34069
114892,0.05,1.02,0.10,-2.20,2.23,-1.56,0.03,-0.01,1.07,-1.13,0.73,-0.15,33619
114904,0.05,1.02,0.10,-2.17,2.20,-1.53,0.03,-0.01,1.07,-1.28,0.89,-0.37,33974
114915,0.05,1.02,0.10,-2.26,2.35,-1.22,0.03,-0.01,1.07,-1.04,0.76,-0.43,35486
114927,0.05,1.02,0.10,-2.44,2.04,-1.43,0.03,-0.01,1.07,-1.10,0.64,-0.52,33493
114938,0.05,1.02,0.10,-2.35,2.26,-1.37,0.03,-0.01,1.07,-0.89,0.49,-0.12,32437
114951,0.05,1.02,0.10,-2.26,2.11,-1.43,0.03,-0.01,1.07,-1.04,0.73,-0.34,32783
114962,0.05,1.02,0.11,-2.23,2.32,-1.16,0.03,-0.01,1.07,-1.01,0.58,-0.61,33878
114974,0.05,1.02,0.10,-2.56,2.20,-1.37,0.03,-0.01,1.07,-0.89,0.58,-0.34,29221
114985,0.05,1.02,0.11,-2.17,2.23,-1.16,0.03,-0.01,1.07,-0.89,0.70,-0.24,27816
114997,0.05,1.02,0.11,-2.26,2.32,-1.62,0.03,-0.01,1.07,-1.31,0.49,-0.37,31165
115009,0.05,1.02,0.11,-2.32,2.17,-1.50,0.03,-0.01,1.07,-1.13,0.58,-0.21,31601
115020,0.05,1.02,0.11,-2.26,2.32,-1.56,0.03,-0.01,1.07,-1.25,0.76,-0.27,30691
115033,0.05,1.02,0.11,-2.56,2.04,-1.25,0.03,-0.01,1.07,-0.98,0.85,-0.46,32547
115044,0.05,1.02,0.11,-2.35,2.35,-1.46,0.03,-0.01,1.07,-0.89,0.64,-0.43,31143
115056,0.05,1.02,0.11,-2.17,2.23,-1.43,0.03,-0.01,1.07,-1.10,0.55,-0.24,29191
115067,0.05,1.02,0.11,-1.89,1.89,-1.22,0.03,-0.01,1.07,-0.92,0.82,-0.40,30765
115079,0.05,1.02,0.10,-2.26,2.20,-1.37,0.03,-0.01,1.07,-0.95,0.82,-0.40,32415
115091,0.05,1.02,0.10,-2.11,2.04,-1.50,0.03,-0.01,1.07,-1.19,0.67,-0.46,33352
115102,0.05,1.02,0.10,-2.44,2.38,-1.53,0.03,-0.01,1.07,-1.25,0.89,-0.15,31158
115115,0.05,1.02,0.10,-2.32,2.17,-1.34,0.03,-0.01,1.07,-1.07,0.85,-0.37,29585
115126,0.05,1.02,0.10,-2.26,2.29,-1.43,0.03,-0.01,1.07,-1.28,0.43,-0.21,32341
115138,0.05,1.02,0.10,-2.29,2.32,-1.22,0.03,-0.01,1.07,-1.10,0.92,-0.52,31304
115149,0.05,1.02,0.10,-2.29,2.17,-1.56,0.03,-0.01,1.07,-1.19,1.04,-0.24,30654
115161,0.05,1.02,0.10,-2.26,2.11,-1.34,0.03,-0.01,1.07,-0.98,0.79,-0.43,33935
115173,0.05,1.02,0.10,-2.32,2.32,-1.34,0.03,-0.01,1.07,-1.13,0.70,-0.46,32518
115184,0.05,1.02,0.10,-2.29,2.11,-1.50,0.03,-0.01,1.07,-1.62,1.04,-0.34,32756
115196,0.05,1.02,0.10,-2.38,2.08,-1.37,0.03,-0.01,1.07,-0.95,0.49,-0.34,35299
115208,0.05,1.02,0.10,-2.26,2.20,-1.40,0.03,-0.01,1.07,-0.92,0.79,-0.18,33327
115220,0.05,1.02,0.10,-2.26,2.41,-1.56,0.03,-0.01,1.07,-0.95,0.76,-0.37,32018
115231,0.05,1.02,0.10,-2.23,2.23,-1.34,0.03,-0.01,1.07,-0.92,0.79,-0.31,32088
115243,0.05,1.02,0.10,-2.47,1.92,-1.50,0.03,-0.01,1.07,-1.07,0.61,-0.40,34463
115255,0.05,1.02,0.10,-2.32,2.17,-1.50,0.03,-0.01,1.07,-0.98,0.67,-0.18,32791
115266,0.05,1.02,0.10,-2.35,2.23,-1.40,0.03,-0.01,1.07,-0.85,0.76,-0.43,31016
115278,0.05,1.02,0.10,-2.35,1.92,-1.46,0.03,-0.01,1.07,-1.04,0.49,-0.12,30664
115290,0.05,1.02,0.10,-2.56,2.47,-1.56,0.03,-0.01,1.07,-1.01,0.76,-0.40,34859
115302,0.05,1.02,0.10,-2.20,2.26,-1.50,0.03,-0.01,1.07,-1.01,0.67,-0.27,30327
115313,0.05,1.02,0.10,-2.08,2.23,-1.53,0.03,-0.01,1.07,-1.28,0.79,-0.37,28435
115325,0.05,1.02,0.10,-2.32,2.50,-1.04,0.03,-0.01,1.07,-1.22,0.52,-0.40,32074
115337,0.05,1.02,0.10,-2.53,2.17,-1.53,0.03,-0.01,1.07,-0.95,0.76,-0.34,29504
115348,0.05,1.02,0.10,-2.29,2.17,-1.28,0.03,-0.01,1.07,-1.16,0.64,-0.55,30158
115360,0.05,1.02,0.10,-2.59,2.32,-1.53,0.03,-0.01,1.07,-1.01,0.49,-0.31,32155
115372,0.05,1.02,0.10,-2.14,2.26,-1.46,0.03,-0.01,1.07,-1.10,0.79,-0.40,28768
115384,0.05,1.02,0.10,-2.29,2.08,-1.53,0.03,-0.01,1.07,-1.13,0.82,-0.12,29451
115395,0.05,1.02,0.10,-2.32,2.44,-1.28,0.03,-0.01,1.07,-1.16,0.73,-0.31,31885
115407,0.05,1.02,0.10,-2.44,2.26,-1.43,0.03,-0.01,1.07,-1.16,0.73,-0.21,31023
115419,0.05,1.02,0.10,-2.32,2.35,-1.43,0.03,-0.01,1.07,-1.16,0.73,-0.27,29638
115430,0.05,1.02,0.10,-2.32,2.01,-1.77,0.03,-0.01,1.07,-1.07,0.67,-0.43,29547
115442,0.05,1.02,0.11,-2.04,2.23,-1.31,0.03,-0.01,1.07,-1.07,0.79,-0.34,30283
115453,0.05,1.02,0.11,-2.41,2.17,-1.43,0.03,-0.01,1.07,-1.34,0.76,-0.12,33639
115466,0.05,1.02,0.11,-2.38,2.04,-1.40,0.03,-0.01,1.07,-1.04,0.61,-0.46,35337
115477,0.05,1.02,0.11,-2.29,2.11,-1.56,0.03,-0.01,1.07,-0.98,1.04,-0.18,35287
115489,0.05,1.02,0.11,-2.20,2.23,-1.40,0.03,-0.01,1.07,-0.95,0.61,-0.24,31879
115501,0.05,1.02,0.11,-2.26,2.20,-1.62,0.03,-0.01,1.07,-1.37,0.85,-0.40,29492
115512,0.05,1.02,0.11,-1.95,2.26,-1.40,0.03,-0.01,1.07,-1.31,0.82,-0.15,30386
115524,0.05,1.02,0.11,-2.26,2.20,-1.56,0.03,-0.01,1.07,-1.01,0.82,-0.46,30367
115535,0.05,1.02,0.11,-2.26,2.32,-1.43,0.03,-0.01,1.07,-1.04,0.64,-0.21,29539
115548,0.05,1.02,0.11,-2.38,2.08,-1.46,0.03,-0.01,1.07,-1.25,0.79,-0.37,31651
115559,0.05,1.02,0.11,-2.35,2.23,-1.53,0.03,-0.01,1.07,-1.07,0.67,-0.40,34034
115571,0.05,1.02,0.11,-2.26,2.32,-1.53,0.03,-0.01,1.07,-1.16,0.58,-0.34,31802
115582,0.05,1.02,0.11,-2.08,2.20,-1.53,0.03,-0.01,1.07,-1.22,0.70,-0.18,30642
115594,0.05,1.02,0.11,-2.20,2.35,-1.65,0.03,-0.01,1.07,-1.28,0.58,-0.24,31805
115606,0.05,1.02,0.11,-2.17,2.20,-1.56,0.03,-0.01,1.07,-1.07,0.82,-0.34,30152
115617,0.05,1.02,0.11,-2.32,2.32,-1.50,0.03,-0.01,1.07,-1.10,0.73,-0.21,30881
115630,0.05,1.02,0.11,-2.29,2.11,-1.46,0.03,-0.01,1.07,-1.07,0.82,-0.24,33756
115641,0.05,1.02,0.11,-2.20,2.04,-1.50,0.03,-0.01,1.07,-1.22,0.67,-0.61,33505
115653,0.05,1.02,0.11,-2.26,2.17,-1.43,0.03,-0.01,1.07,-1.40,0.64,-0.40,34230
115664,0.05,1.02,0.11,-2.41,2.14,-1.37,0.03,-0.01,1.07,-1.04,0.64,-0.31,33161
115676,0.05,1.02,0.11,-2.44,2.23,-1.43,0.03,-0.01,1.07,-1.16,0.89,-0.21,32906
115688,0.05,1.02,0.11,-2.23,2.23,-1.28,0.03,-0.01,1.07,-1.22,0.34,-0.52,32401
115699,0.05,1.02,0.11,-2.35,1.98,-1.34,0.03,-0.01,1.07,-1.04,0.89,-0.40,30318
115712,0.05,1.02,0.11,-2.26,2.32,-1.77,0.03,-0.01,1.07,-1.04,0.76,-0.49,30274
115723,0.05,1.02,0.11,-2.23,2.14,-1.28,0.03,-0.01,1.07,-1.13,0.89,-0.24,31399
115735,0.05,1.02,0.11,-2.23,2.17,-1.25,0.03,-0.01,1.07,-1.28,0.85,-0.67,33826
115746,0.05,1.02,0.10,-2.23,2.11,-1.53,0.03,-0.01,1.07,-0.92,0.55,-0.31,31539
115759,0.05,1.02,0.10,-2.20,2.14,-1.28,0.03,-0.01,1.07,-0.98,0.79,-0.37,28047
115770,0.05,1.02,0.10,-2.20,2.20,-1.53,0.03,-0.01,1.07,-0.85,0.49,-0.61,28591
115781,0.05,1.02,0.11,-2.14,2.23,-1.34,0.03,-0.01,1.07,-1.10,0.61,-0.15,32723
115793,0.05,1.02,0.11,-2.14,2.29,-1.53,0.03,-0.01,1.07,-0.98,0.46,-0.52,34936
115805,0.05,1.02,0.11,-2.04,2.08,-1.28,0.03,-0.01,1.07,-1.28,0.85,-0.61,32237
115817,0.05,1.02,0.11,-2.17,2.20,-1.37,0.03,-0.01,1.07,-1.22,0.79,-0.40,32503
115828,0.05,1.02,0.11,-2.35,2.11,-1.53,0.03,-0.01,1.07,-1.19,0.55,-0.21,31806
115841,0.05,1.02,0.11,-2.26,2.38,-1.68,0.03,-0.01,1.07,-1.07,0.43,-0.27,32428
115852,0.05,1.02,0.11,-2.11,2.29,-1.50,0.03,-0.01,1.07,-1.34,1.07,-0.43,31515
115863,0.05,1.02,0.11,-2.23,2.14,-1.59,0.03,-0.01,1.07,-1.07,0.95,-0.24,31515
115875,0.05,1.02,0.11,-2.20,2.29,-1.37,0.03,-0.01,1.07,-0.98,0.70,-0.49,33751
115887,0.05,1.02,0.11,-2.11,2.41,-1.19,0.03,-0.01,1.07,-0.85,0.79,-0.46,31985
115899,0.05,1.02,0.11,-2.32,2.17,-1.56,0.03,-0.01,1.07,-1.16,0.92,-0.18,30054
115910,0.05,1.02,0.11,-2.23,2.08,-1.65,0.03,-0.01,1.07,-1.16,0.89,-0.09,32645
115922,0.05,1.02,0.11,-2.23,2.23,-1.65,0.03,-0.01,1.07,-1.22,0.92,-0.40,33353
115934,0.05,1.02,0.11,-2.04,2.17,-1.50,0.03,-0.01,1.07,-1.07,0.61,-0.55,32754
115945,0.05,1.02,0.11,-2.32,2.26,-1.34,0.03,-0.01,1.07,-1.13,0.73,-0.61,31585
115957,0.05,1.02,0.11,-2.44,2.23,-1.31,0.03,-0.01,1.07,-0.95,0.55,-0.31,33750
115969,0.05,1.02,0.11,-2.41,2.08,-1.40,0.03,-0.01,1.07,-0.76,0.46,-0.27,34885
115981,0.05,1.02,0.11,-2.35,2.14,-1.40,0.03,-0.01,1.07,-1.10,0.73,-0.40,32776
115992,0.05,1.02,0.11,-2.23,2.23,-1.53,0.03,-0.01,1.07,-1.07,0.58,-0.03,33896
116004,0.05,1.02,0.11,-2.35,2.08,-1.46,0.03,-0.01,1.07,-0.85,0.73,-0.31,31910
116016,0.05,1.02,0.11,-2.08,2.50,-1.59,0.03,-0.01,1.07,-1.07,0.82,-0.27,30256
116027,0.05,1.02,0.11,-2.38,2.11,-1.40,0.03,-0.01,1.07,-1.01,0.67,-0.58,30703
116039,0.05,1.02,0.11,-2.23,2.01,-1.43,0.03,-0.01,1.07,-1.07,0.79,-0.27,31070
116050,0.05,1.02,0.11,-2.23,2.20,-1.46,0.03,-0.01,1.07,-1.16,0.46,-0.21,33312
116063,0.05,1.02,0.11,-2.20,2.08,-1.22,0.03,-0.01,1.07,-0.92,0.85,-0.31,33359
116074,0.05,1.02,0.11,-2.41,2.35,-1.46,0.03,-0.01,1.07,-1.19,0.58,-0.21,30805
116086,0.05,1.02,0.10,-2.26,2.11,-1.43,0.03,-0.01,1.07,-1.10,0.52,-0.24,34172
116098,0.05,1.02,0.11,-2.53,2.35,-1.31,0.03,-0.01,1.07,-1.10,0.52,-0.31,34870
116109,0.05,1.02,0.11,-2.50,2.08,-1.56,0.03,-0.01,1.07,-1.10,0.70,-0.49,31920
116121,0.05,1.02,0.11,-2.35,2.08,-1.34,0.03,-0.01,1.07,-0.79,0.79,-0.40,31559
116132,0.05,1.02,0.11,-2.11,2.20,-1.65,0.03,-0.01,1.07,-1.22,0.89,-0.55,30902
116145,0.05,1.02,0.10,-2.23,2.14,-1.50,0.03,-0.01,1.07,-1.28,0.49,-0.31,33570
116156,0.05,1.02,0.10,-2.20,2.14,-1.68,0.03,-0.01,1.07,-1.04,0.85,-0.43,34411
116168,0.05,1.02,0.10,-2.32,2.29,-1.50,0.03,-0.01,1.07,-0.95,1.04,-0.12,31704
116179,0.05,1.02,0.11,-2.17,2.20,-1.80,0.03,-0.01,1.07,-0.79,0.89,-0.37,29941
116191,0.05,1.02,0.10,-2.35,2.17,-1.50,0.03,-0.01,1.07,-0.79,0.92,-0.43,29798
116203,0.05,1.02,0.11,-2.20,2.20,-1.53,0.03,-0.01,1.07,-1.13,0.76,-0.61,29822
116214,0.05,1.02,0.11,-2.50,2.20,-1.65,0.03,-0.01,1.07,-0.98,0.67,-0.21,32735
116227,0.05,1.02,0.11,-2.32,2.20,-1.59,0.03,-0.01,1.07,-1.40,0.46,-0.09,34494
116238,0.05,1.02,0.11,-2.32,2.35,-1.43,0.03,-0.01,1.07,-1.19,0.73,-0.40,33377
116250,0.05,1.02,0.11,-2.26,2.32,-1.37,0.03,-0.01,1.07,-1.16,0.79,-0.37,34056
116261,0.05,1.02,0.11,-2.38,2.23,-1.28,0.03,-0.01,1.07,-1.28,0.67,-0.37,34644
116274,0.05,1.02,0.11,-2.32,2.08,-1.46,0.03,-0.01,1.07,-1.07,0.61,-0.49,33476
116285,0.05,1.02,0.11,-2.17,2.14,-1.62,0.03,-0.01,1.07,-1.25,0.58,-0.40,30442
116296,0.05,1.02,0.11,-2.35,2.29,-1.46,0.03,-0.01,1.07,-1.07,0.79,-0.24,30061
116308,0.05,1.02,0.11,-2.35,2.35,-1.34,0.03,-0.01,1.07,-1.04,0.67,-0.09,33363
116320,0.05,1.02,0.11,-2.32,2.41,-1.62,0.03,-0.01,1.07,-1.04,0.73,-0.27,32312
116332,0.05,1.02,0.11,-2.11,2.32,-1.50,0.03,-0.01,1.07,-1.13,0.67,-0.18,32308
116343,0.05,1.02,0.11,-2.26,2.35,-1.31,0.03,-0.01,1.07,-1.04,0.61,-0.21,31291
116356,0.05,1.02,0.11,-2.29,2.56,-1.46,0.03,-0.01,1.07,-1.07,0.82,-0.40,31839
116367,0.05,1.02,0.11,-2.26,2.56,-1.34,0.03,-0.01,1.07,-1.04,0.95,-0.24,32204
116378,0.05,1.02,0.11,-2.17,2.08,-1.25,0.03,-0.01,1.07,-1.19,0.61,-0.18,32781
116390,0.05,1.02,0.11,-1.95,2.20,-1.37,0.03,-0.01,1.07,-0.95,0.76,-0.24,34534
116402,0.05,1.02,0.11,-2.14,2.32,-1.65,0.03,-0.01,1.07,-1.28,0.89,-0.43,34384
116414,0.05,1.02,0.11,-2.47,2.41,-1.31,0.03,-0.01,1.07,-1.16,0.64,-0.21,33533
116425,0.05,1.02,0.11,-2.17,2.29,-1.50,0.03,-0.01,1.07,-1.28,0.82,-0.40,33246
116438,0.05,1.02,0.11,-2.20,2.35,-1.40,0.03,-0.01,1.07,-1.10,0.40,-0.34,35094
116449,0.05,1.02,0.11,-2.32,2.04,-1.71,0.03,-0.01,1.07,-1.13,0.82,-0.43,34035
116460,0.05,1.02,0.11,-2.17,2.26,-1.62,0.03,-0.01,1.07,-0.98,0.89,-0.24,33725
116472,0.05,1.02,0.11,-2.29,2.11,-1.50,0.03,-0.01,1.07,-1.04,0.76,-0.37,30706
116484,0.05,1.02,0.11,-2.44,2.14,-1.37,0.03,-0.01,1.07,-1.19,0.76,-0.55,30648
116496,0.05,1.02,0.11,-2.23,2.23,-1.28,0.03,-0.01,1.07,-1.13,0.58,-0.27,33105
116507,0.05,1.02,0.11,-1.95,2.14,-1.37,0.03,-0.01,1.07,-0.85,0.70,-0.15,32749
116519,0.05,1.02,0.11,-2.01,2.08,-1.34,0.03,-0.01,1.07,-0.82,0.67,-0.18,32676
116531,0.05,1.02,0.10,-2.35,2.26,-1.62,0.03,-0.01,1.07,-1.07,0.64,-0.31,33917
116542,0.05,1.02,0.11,-2.20,2.23,-1.22,0.03,-0.01,1.07,-1.22,0.52,-0.09,33177
116554,0.05,1.02,0.10,-2.35,2.17,-1.37,0.03,-0.01,1.07,-1.01,0.82,-0.31,31169
116566,0.05,1.02,0.10,-2.32,2.23,-1.25,0.03,-0.01,1.07,-1.34,0.79,-0.31,31644
116578,0.05,1.02,0.11,-2.38,2.35,-1.37,0.03,-0.01,1.07,-1.16,0.89,-0.18,34355
116589,0.05,1.02,0.11,-2.41,2.17,-1.59,0.03,-0.01,1.07,-1.16,0.67,-0.37,34932
116601,0.05,1.02,0.10,-1.98,2.14,-1.50,0.03,-0.01,1.07,-1.01,0.46,-0.21,31908
116613,0.05,1.02,0.11,-2.23,2.23,-1.37,0.03,-0.01,1.07,-1.13,0.58,-0.12,27813
116624,0.05,1.02,0.11,-2.47,2.23,-1.31,0.03,-0.01,1.07,-1.19,0.76,-0.40,27906
116636,0.05,1.02,0.11,-2.14,2.47,-1.43,0.03,-0.01,1.07,-1.16,0.52,-0.40,27866
116647,0.05,1.02,0.11,-2.20,2.04,-1.59,0.03,-0.01,1.07,-1.10,0.85,-0.27,30810
116660,0.05,1.02,0.11,-2.32,2.47,-1.74,0.03,-0.01,1.07,-1.28,0.46,-0.34,31879
116671,0.05,1.02,0.11,-2.23,2.23,-1.59,0.03,-0.01,1.07,-1.07,1.01,-0.18,30189
116683,0.05,1.02,0.11,-2.20,2.17,-1.43,0.03,-0.01,1.07,-1.16,0.85,-0.43,29514
116695,0.05,1.02,0.11,-2.04,2.20,-1.56,0.03,-0.01,1.07,-1.25,0.76,-0.40,32773
116706,0.05,1.02,0.11,-2.20,2.35,-1.34,0.03,-0.01,1.07,-1.13,0.55,-0.40,31579
116718,0.05,1.02,0.11,-2.23,2.23,-1.77,0.03,-0.01,1.07,-1.13,0.79,-0.49,32690
116729,0.05,1.02,0.11,-2.41,2.17,-1.31,0.03,-0.01,1.07,-1.10,0.67,-0.18,33584
116742,0.05,1.02,0.11,-1.86,2.17,-1.37,0.03,-0.01,1.07,-1.13,0.79,-0.37,31507
116753,0.05,1.02,0.11,-2.26,2.01,-1.71,0.03,-0.01,1.07,-1.01,0.58,-0.21,33421
116765,0.05,1.02,0.11,-2.44,2.26,-1.40,0.03,-0.01,1.07,-1.10,0.70,-0.52,34178
116776,0.05,1.02,0.11,-2.14,2.20,-1.37,0.03,-0.01,1.07,-1.16,0.37,-0.18,32245
116789,0.05,1.02,0.11,-2.23,2.11,-1.43,0.03,-0.01,1.07,-1.13,0.89,-0.46,30615
116800,0.05,1.02,0.11,-2.29,2.11,-1.62,0.03,-0.01,1.07,-1.13,0.79,-0.12,30477
116811,0.05,1.02,0.11,-2.29,1.98,-1.46,0.03,-0.01,1.07,-1.22,0.52,-0.24,33429
116824,0.05,1.02,0.11,-2.72,2.20,-1.53,0.03,-0.01,1.07,-1.19,0.70,-0.27,31044
116835,0.05,1.02,0.11,-2.32,2.26,-1.43,0.03,-0.01,1.07,-1.04,0.79,-0.09,31742
116847,0.05,1.02,0.11,-2.32,2.23,-1.50,0.03,-0.01,1.07,-1.10,0.85,0.00,31454
116858,0.05,1.02,0.11,-2.26,2.04,-1.62,0.03,-0.01,1.07,-1.13,0.85,-0.24,30359
116871,0.05,1.02,0.10,-2.35,2.35,-1.59,0.03,-0.01,1.07,-1.16,0.76,-0.27,28435
116882,0.05,1.02,0.10,-2.66,2.29,-1.37,0.03,-0.01,1.07,-1.07,0.67,-0.31,30692
116893,0.05,1.02,0.11,-2.26,2.41,-1.46,0.03,-0.01,1.07,-1.19,0.76,-0.37,31794
116905,0.05,1.02,0.11,-2.23,2.26,-1.46,0.03,-0.01,1.07,-0.98,0.49,-0.18,32338
116917,0.05,1.02,0.11,-2.32,2.35,-1.40,0.03,-0.01,1.07,-1.22,0.76,-0.55,30498
116929,0.05,1.02,0.11,-2.26,1.80,-1.46,0.03,-0.01,1.07,-0.95,0.64,-0.67,31853
116940,0.05,1.02,0.11,-2.32,2.17,-1.34,0.03,-0.01,1.07,-1.01,0.64,-0.34,31184
116953,0.05,1.02,0.11,-2.47,2.26,-1.50,0.03,-0.01,1.07,-0.85,0.67,-0.27,29585
116964,0.05,1.02,0.11,-2.32,2.32,-1.62,0.03,-0.01,1.07,-1.25,0.64,-0.31,29312
116975,0.05,1.02,0.11,-2.38,2.23,-1.25,0.03,-0.01,1.07,-1.07,0.73,-0.31,31063
116987,0.05,1.02,0.11,-2.26,2.08,-1.46,0.03,-0.01,1.07,-1.16,0.49,-0.24,30615
116999,0.05,1.02,0.11,-2.38,2.14,-1.62,0.03,-0.01,1.07,-1.25,1.13,-0.67,30802
117011,0.05,1.02,0.11,-2.26,2.11,-1.46,0.03,-0.01,1.07,-1.04,0.58,-0.43,28817
117022,0.05,1.02,0.11,-2.59,2.11,-1.13,0.03,-0.01,1.07,-1.07,0.55,-0.24,29716
117035,0.05,1.02,0.11,-2.29,2.11,-1.43,0.03,-0.01,1.07,-1.37,0.64,-0.43,33141
117046,0.05,1.02,0.11,-2.14,2.23,-1.22,0.03,-0.01,1.07,-1.22,0.73,-0.21,32866
117057,0.05,1.02,0.10,-2.41,2.20,-1.40,0.03,-0.01,1.07,-1.22,0.61,-0.12,35408
117069,0.05,1.02,0.11,-2.47,2.41,-1.43,0.03,-0.01,1.07,-1.04,0.67,-0.24,35810
117081,0.05,1.02,0.11,-2.59,2.20,-1.65,0.03,-0.01,1.07,-1.07,0.64,-0.52,30494
117093,0.05,1.02,0.11,-2.38,2.17,-1.43,0.03,-0.01,1.07,-1.10,0.73,-0.27,27420
117104,0.05,1.02,0.11,-2.26,2.26,-1.31,0.03,-0.01,1.07,-1.25,0.64,-0.40,30978
117116,0.05,1.02,0.11,-2.38,2.23,-1.43,0.03,-0.01,1.07,-1.31,0.76,-0.24,31284
117128,0.05,1.02,0.11,-2.29,1.98,-1.31,0.03,-0.01,1.07,-1.22,0.76,-0.40,31932
117139,0.05,1.02,0.11,-2.41,2.14,-1.53,0.03,-0.01,1.07,-0.92,0.55,-0.40,33634
117151,0.05,1.02,0.11,-2.50,2.50,-1.83,0.03,-0.01,1.07,-1.10,0.98,-0.31,34785
117163,0.05,1.02,0.11,-2.32,2.01,-1.40,0.03,-0.01,1.07,-1.31,0.76,-0.49,34921
117175,0.05,1.02,0.11,-2.32,2.32,-1.28,0.03,-0.01,1.07,-1.25,0.70,-0.24,34305
117186,0.05,1.02,0.11,-2.59,2.20,-1.50,0.03,-0.01,1.07,-0.98,0.76,-0.06,31737
117198,0.05,1.02,0.11,-2.56,2.17,-1.46,0.03,-0.01,1.07,-1.04,0.49,-0.40,33086
117210,0.05,1.02,0.11,-2.47,2.23,-1.56,0.03,-0.01,1.07,-0.85,0.79,-0.27,33502
117222,0.05,1.02,0.11,-2.38,2.23,-1.59,0.03,-0.01,1.07,-1.19,0.49,-0.46,32004
117233,0.05,1.02,0.11,-2.41,2.32,-1.62,0.03,-0.01,1.07,-0.89,0.79,-0.37,31739
117244,0.05,1.02,0.11,-2.66,2.29,-1.25,0.03,-0.01,1.07,-1.04,0.61,-0.15,32885
117257,0.05,1.02,0.11,-2.29,2.01,-1.77,0.03,-0.01,1.07,-1.13,0.73,0.00,32264
117268,0.05,1.02,0.11,-2.47,2.35,-1.62,0.03,-0.01,1.07,-0.98,0.82,-0.37,33443
117280,0.05,1.02,0.10,-2.93,2.20,-1.62,0.03,-0.01,1.07,-1.19,0.64,-0.55,31743
117292,0.05,1.02,0.11,-2.53,2.26,-1.40,0.03,-0.01,1.07,-1.13,0.61,-0.21,28168
117304,0.05,1.02,0.11,-2.56,2.11,-1.37,0.03,-0.01,1.07,-1.13,0.85,-0.34,27793
117315,0.05,1.02,0.11,-2.72,2.41,-1.40,0.03,-0.01,1.07,-1.07,0.73,-0.21,27578
117326,0.05,1.02,0.11,-2.44,2.38,-1.74,0.03,-0.01,1.07,-1.01,0.76,-0.27,29697
117339,0.05,1.02,0.11,-2.66,2.14,-1.31,0.03,-0.01,1.07,-1.01,0.73,-0.64,35735
117350,0.05,1.02,0.11,-2.59,2.26,-1.40,0.03,-0.01,1.07,-0.85,0.85,-0.34,36309
117362,0.05,1.02,0.11,-1.77,2.14,-1.19,0.03,-0.01,1.07,-1.16,0.79,-0.34,37816
117373,0.05,1.02,0.11,-1.80,2.20,-1.56,0.03,-0.01,1.07,-1.10,0.64,-0.24,38863
117386,0.05,1.02,0.11,-2.11,2.35,-1.40,0.03,-0.01,1.07,-0.92,0.89,-0.37,37605
117397,0.05,1.02,0.11,-2.04,2.20,-1.31,0.03,-0.01,1.07,-1.22,0.98,-0.46,37918
117408,0.05,1.02,0.11,-1.07,2.11,-1.34,0.03,-0.01,1.07,-1.28,0.70,-0.37,42126
117421,0.05,1.02,0.11,-1.59,2.08,-1.50,0.03,-0.01,1.07,-0.98,0.64,-0.64,38777
117432,0.05,1.02,0.11,-1.68,2.44,-1.28,0.03,-0.01,1.07,-0.92,0.79,-0.24,33432
117444,0.05,1.02,0.11,-2.08,2.14,-1.28,0.03,-0.01,1.07,-1.22,0.73,-0.18,32680
117455,0.05,1.02,0.11,-1.86,2.41,-1.31,0.03,-0.01,1.07,-1.01,0.70,-0.27,32330
117468,0.05,1.02,0.11,-1.46,2.26,-1.04,0.03,-0.01,1.07,-1.01,0.82,-0.18,36953
117479,0.05,1.02,0.11,-2.08,2.08,-1.28,0.03,-0.01,1.07,-1.01,0.70,-0.34,44347
117490,0.05,1.02,0.10,-2.72,2.26,-1.25,0.03,-0.01,1.07,-0.92,0.64,-0.37,48710
117502,0.05,1.02,0.11,-1.65,2.23,-1.59,0.03,-0.01,1.07,-1.16,0.67,-0.37,47379
117514,0.05,1.03,0.11,-0.18,2.14,-1.59,0.03,-0.01,1.07,-1.01,0.70,-0.40,41995
117526,0.05,1.02,0.11,-1.89,2.14,-1.59,0.03,-0.01,1.07,-1.13,0.76,-0.37,30318
117537,0.05,1.02,0.11,-1.31,2.01,-1.50,0.03,-0.01,1.07,-1.28,0.73,-0.31,10707
117550,0.05,1.03,0.11,-0.21,1.89,-1.28,0.03,-0.01,1.07,-1.10,0.76,-0.24,16758263
117561,0.05,1.03,0.11,-0.15,2.11,-0.82,0.03,-0.01,1.07,-1.13,0.82,-0.40,16728119
117573,0.05,1.03,0.10,-1.62,1.59,-0.67,0.03,-0.01,1.07,-1.10,0.95,-0.37,16689334
117584,0.05,1.01,0.10,-1.68,2.41,-1.01,0.03,-0.01,1.07,-1.37,0.70,-0.24,16650616
117596,0.06,1.01,0.10,-3.60,2.11,-2.23,0.03,-0.01,1.07,-0.98,0.89,-0.37,16636515
117608,0.05,1.01,0.10,-4.21,2.35,-2.01,0.03,-0.01,1.07,-0.89,0.61,-0.43,16634473
117619,0.05,1.02,0.10,-3.08,2.29,-1.34,0.03,-0.01,1.07,-1.10,0.95,-0.37,16633250
117632,0.05,1.03,0.11,-1.10,2.26,-1.50,0.03,-0.01,1.07,-1.28,0.89,-0.12,16633879
117643,0.05,1.02,0.11,-1.28,2.17,-1.37,0.03,-0.01,1.07,-1.40,0.82,-0.27,16634037
117655,0.05,1.02,0.10,-2.38,2.04,-1.59,0.03,-0.01,1.07,-1.31,0.82,-0.61,16634615
117666,0.05,1.02,0.10,-2.87,2.26,-1.53,0.03,-0.01,1.07,-1.07,0.89,-0.58,16634951
117678,0.05,1.02,0.10,-2.87,2.20,-1.80,0.03,-0.01,1.07,-0.79,0.76,-0.43,16635867
117690,0.05,1.02,0.11,-1.74,2.17,-1.28,0.03,-0.01,1.07,-1.13,0.82,-0.09,16635795
117701,0.05,1.02,0.11,-1.74,2.41,-1.40,0.03,-0.01,1.07,-1.07,0.79,-0.52,16634904
117713,0.05,1.02,0.11,-2.01,2.26,-1.25,0.03,-0.01,1.07,-0.95,0.92,-0.24,16634805
117725,0.05,1.02,0.10,-2.75,2.17,-1.83,0.03,-0.01,1.07,-1.04,0.64,-0.21,16633885
117737,0.05,1.02,0.10,-2.93,2.20,-1.37,0.03,-0.01,1.07,-1.07,0.64,-0.31,16635191
117748,0.05,1.02,0.11,-2.32,2.08,-1.62,0.03,-0.01,1.07,-1.07,0.73,-0.46,16635286
117760,0.05,1.02,0.11,-1.71,2.04,-1.28,0.03,-0.01,1.07,-1.13,0.55,-0.31,16632828
117772,0.05,1.02,0.11,-1.95,2.01,-1.34,0.03,-0.01,1.07,-1.16,0.52,-0.15,16632566
117783,0.05,1.02,0.10,-2.50,2.20,-1.71,0.03,-0.01,1.07,-1.01,0.58,-0.15,16632236
117795,0.05,1.02,0.10,-2.50,2.17,-1.50,0.03,-0.01,1.07,-1.07,0.58,-0.09,16635074
117807,0.05,1.02,0.10,-2.29,2.17,-1.80,0.03,-0.01,1.07,-1.13,0.64,-0.40,16634423
117819,0.05,1.02,0.11,-1.74,2.41,-1.37,0.03,-0.01,1.07,-0.92,0.95,-0.61,16633662
117830,0.05,1.02,0.11,-1.95,2.32,-1.46,0.03,-0.01,1.07,-0.95,0.73,-0.55,16632542
117841,0.05,1.02,0.10,-2.32,2.38,-1.74,0.03,-0.01,1.07,-1.07,0.95,-0.21,16630366
117854,0.05,1.02,0.10,-2.47,2.32,-1.37,0.03,-0.01,1.07,-1.28,0.85,-0.31,16631314
117865,0.05,1.02,0.10,-2.32,2.20,-1.40,0.03,-0.01,1.07,-1.22,0.67,-0.31,16632087
117877,0.05,1.02,0.11,-2.04,2.26,-1.43,0.03,-0.01,1.07,-1.22,0.76,-0.15,16633036
117889,0.05,1.02,0.11,-2.08,2.20,-1.43,0.03,-0.01,1.07,-1.10,0.73,-0.27,16634967
117901,0.05,1.02,0.10,-2.23,2.17,-1.34,0.03,-0.01,1.07,-1.28,0.73,-0.40,16632948
117912,0.05,1.02,0.10,-2.23,2.20,-1.62,0.03,-0.01,1.07,-1.25,0.89,-0.24,16633040
117924,0.05,1.02,0.10,-2.26,2.17,-1.46,0.03,-0.01,1.07,-0.95,0.61,-0.40,16634275
117936,0.05,1.02,0.10,-2.08,2.32,-1.43,0.03,-0.01,1.07,-1.07,0.64,-0.31,16633484
117947,0.05,1.02,0.11,-2.35,2.29,-1.59,0.03,-0.01,1.07,-1.10,0.61,-0.43,16634401
117959,0.05,1.02,0.10,-2.20,2.23,-1.40,0.03,-0.01,1.07,-1.25,0.67,-0.34,16635569
117970,0.05,1.02,0.10,-2.29,2.20,-1.40,0.03,-0.01,1.07,-1.07,0.82,-0.15,16635292
117983,0.05,1.02,0.10,-2.62,2.50,-1.46,0.03,-0.01,1.07,-1.04,0.79,-0.34,16631836
117994,0.05,1.02,0.10,-2.17,2.17,-1.46,0.03,-0.01,1.07,-1.19,0.82,-0.37,16631850
118006,0.05,1.02,0.10,-2.17,2.32,-1.50,0.03,-0.01,1.07,-1.10,0.70,-0.43,16633615
118018,0.05,1.02,0.10,-2.14,2.11,-1.43,0.03,-0.01,1.07,-1.16,0.82,-0.46,16633245
118029,0.05,1.02,0.10,-2.23,2.35,-1.59,0.03,-0.01,1.07,-0.92,0.73,-0.34,16633470
118041,0.05,1.02,0.10,-2.41,2.11,-1.43,0.03,-0.01,1.07,-0.82,0.61,-0.15,16634886
118052,0.05,1.02,0.10,-2.35,2.29,-1.77,0.03,-0.01,1.07,-1.01,0.82,-0.37,16637501
118065,0.05,1.02,0.10,-1.92,2.23,-1.31,0.03,-0.01,1.07,-1.07,0.82,-0.52,16635250
118076,0.05,1.02,0.10,-2.26,2.23,-1.62,0.03,-0.01,1.07,-1.01,0.85,-0.24,16635132
118088,0.05,1.02,0.10,-2.35,2.29,-1.37,0.03,-0.01,1.07,-0.95,0.64,-0.31,16633121
118099,0.05,1.02,0.11,-2.32,2.35,-1.40,0.03,-0.01,1.07,-1.19,0.85,-0.37,16632859
118111,0.05,1.02,0.11,-2.11,2.14,-1.62,0.03,-0.01,1.07,-1.10,0.73,-0.15,16634724
118123,0.05,1.02,0.10,-2.23,2.17,-1.50,0.03,-0.01,1.07,-1.22,0.64,-0.31,16637189
118134,0.05,1.02,0.10,-2.32,2.20,-1.28,0.03,-0.01,1.07,-0.92,0.76,-0.15,16634518
118147,0.05,1.02,0.10,-2.41,2.23,-1.50,0.03,-0.01,1.07,-1.34,0.61,-0.55,16632479
118158,0.05,1.02,0.10,-2.23,2.14,-1.31,0.03,-0.01,1.07,-0.98,0.85,-0.34,16632868
118170,0.05,1.02,0.10,-2.35,2.01,-1.01,0.03,-0.01,1.07,-0.95,0.79,-0.49,16632814
118181,0.05,1.02,0.10,-2.20,2.26,-1.50,0.03,-0.01,1.07,-1.16,0.73,-0.09,16634748
118193,0.05,1.02,0.10,-2.17,2.17,-1.56,0.03,-0.01,1.07,-1.10,0.85,-0.46,16635416
118205,0.05,1.02,0.10,-2.14,2.01,-1.34,0.03,-0.01,1.07,-1.10,0.73,-0.34,16632433
118216,0.05,1.02,0.10,-2.29,2.17,-1.37,0.03,-0.01,1.07,-0.85,0.58,-0.24,16633995
118228,0.05,1.02,0.11,-2.50,2.35,-1.46,0.03,-0.01,1.07,-1.10,0.79,-0.46,16633354
118240,0.05,1.02,0.11,-2.29,2.35,-1.74,0.03,-0.01,1.07,-1.07,0.85,-0.27,16634858
118252,0.05,1.02,0.10,-2.26,2.26,-1.53,0.03,-0.01,1.07,-1.04,0.49,-0.15,16634110
118263,0.05,1.02,0.10,-2.44,2.01,-1.53,0.03,-0.01,1.07,-1.04,0.82,-0.12,16632864
118275,0.05,1.02,0.10,-2.14,2.20,-1.50,0.03,-0.01,1.07,-1.13,0.64,-0.31,16632034
118287,0.05,1.02,0.10,-2.17,2.17,-1.40,0.03,-0.01,1.07,-1.25,0.61,-0.46,16631674
118298,0.05,1.02,0.10,-2.23,2.35,-1.62,0.03,-0.01,1.07,-1.04,0.61,-0.21,16631859
118310,0.05,1.02,0.10,-2.14,2.35,-1.53,0.03,-0.01,1.07,-1.34,0.95,-0.15,16631207
118322,0.05,1.02,0.10,-2.11,2.20,-1.43,0.03,-0.01,1.07,-1.22,0.85,-0.40,16633145
118334,0.05,1.02,0.10,-2.14,2.29,-1.50,0.03,-0.01,1.07,-1.07,0.76,-0.46,16634573
118345,0.05,1.02,0.10,-2.41,2.32,-1.40,0.03,-0.01,1.07,-1.25,0.52,-0.15,16634357
118358,0.05,1.02,0.11,-2.32,2.32,-1.31,0.03,-0.01,1.07,-1.04,0.64,-0.37,16632211
118369,0.05,1.02,0.11,-2.17,2.20,-1.62,0.03,-0.01,1.07,-0.98,0.95,-0.34,16631029
118380,0.05,1.02,0.10,-2.20,2.11,-1.43,0.03,-0.01,1.07,-1.31,0.82,-0.24,16632194
118392,0.05,1.02,0.10,-2.14,2.20,-1.34,0.03,-0.01,1.07,-1.13,0.64,-0.31,16631762
118404,0.05,1.02,0.10,-2.01,2.41,-1.37,0.03,-0.01,1.07,-0.89,0.61,-0.18,16631082
118416,0.05,1.02,0.10,-2.08,2.23,-1.37,0.03,-0.01,1.07,-1.13,0.52,-0.34,16630383
118427,0.05,1.02,0.10,-2.32,2.29,-1.46,0.03,-0.01,1.07,-1.22,1.16,-0.73,16632273
118439,0.05,1.02,0.10,-2.11,2.26,-1.37,0.03,-0.01,1.07,-1.13,0.55,-0.40,16634741
118451,0.05,1.02,0.10,-2.29,2.17,-1.43,0.03,-0.01,1.07,-0.70,0.61,-0.46,16636405
118462,0.05,1.02,0.10,-2.04,2.20,-1.22,0.03,-0.01,1.07,-0.98,0.37,-0.31,16636169
118474,0.05,1.02,0.10,-2.01,2.04,-1.62,0.03,-0.01,1.07,-1.25,0.58,-0.43,16631987
118486,0.05,1.02,0.10,-2.14,2.11,-1.34,0.03,-0.01,1.07,-0.95,0.58,-0.27,16631602
118498,0.05,1.02,0.10,-2.23,2.04,-1.43,0.03,-0.01,1.07,-1.07,0.73,-0.37,16632040
118509,0.05,1.02,0.11,-2.11,2.11,-1.28,0.03,-0.01,1.07,-1.04,0.70,-0.18,16633081
118521,0.05,1.02,0.11,-2.32,2.26,-1.34,0.03,-0.01,1.07,-1.19,0.70,-0.40,16631653
118533,0.05,1.02,0.11,-2.23,2.38,-1.46,0.03,-0.01,1.07,-1.22,0.85,-0.37,16630536
118544,0.05,1.02,0.11,-1.98,2.14,-1.46,0.03,-0.01,1.07,-1.07,0.64,-0.52,16631181
118556,0.05,1.02,0.11,-2.41,2.17,-1.28,0.03,-0.01,1.07,-1.01,0.79,-0.37,16633681
118567,0.05,1.02,0.11,-2.20,2.23,-1.43,0.03,-0.01,1.07,-0.92,0.55,-0.34,16633296
118580,0.05,1.02,0.10,-2.14,2.04,-1.19,0.03,-0.01,1.07,-1.25,0.70,-0.37,16634867
118591,0.05,1.02,0.10,-2.44,2.72,-1.16,0.03,-0.01,1.07,-1.07,0.55,-0.27,16634016
118603,0.06,1.02,0.10,-2.29,2.29,-1.74,0.03,-0.01,1.07,-1.04,0.98,-0.58,16633846
118615,0.05,1.02,0.10,-2.87,2.56,-1.77,0.03,-0.01,1.07,-0.89,0.55,-0.43,16634464
118626,0.05,1.02,0.10,-1.86,2.01,-1.98,0.03,-0.01,1.07,-1.16,0.70,-0.31,16632225
118638,0.05,1.02,0.11,-2.53,3.05,-0.64,0.03,-0.01,1.07,-1.28,0.95,-0.46,16631620
118649,0.05,1.02,0.11,-1.77,2.14,-1.56,0.03,-0.01,1.07,-1.01,0.61,-0.43,16634674
118662,0.05,1.02,0.11,-2.62,2.66,-1.13,0.03,-0.01,1.07,-1.25,0.76,-0.12,16633785
118673,0.06,1.02,0.10,-3.14,2.04,-1.89,0.03,-0.01,1.07,-1.25,0.73,-0.34,16633828
118685,0.05,1.02,0.10,-3.33,2.11,-1.86,0.03,-0.01,1.07,-1.16,0.61,-0.27,16635298
118696,0.05,1.02,0.11,-2.56,1.98,-1.86,0.03,-0.01,1.07,-1.25,0.85,-0.37,16634400
118708,0.05,1.03,0.11,-1.07,2.01,-1.34,0.03,-0.01,1.07,-1.19,0.89,-0.24,16633999
118720,0.05,1.03,0.11,-0.46,2.01,-1.28,0.03,-0.01,1.07,-1.16,0.73,-0.15,16634615
118731,0.05,1.02,0.11,-1.37,1.86,-1.28,0.03,-0.01,1.07,-0.92,0.49,-0.34,16634786
118744,0.05,1.02,0.10,-2.08,2.11,-1.62,0.03,-0.01,1.07,-1.37,0.70,-0.49,16634610
118755,0.05,1.02,0.10,-2.99,2.29,-1.62,0.03,-0.01,1.07,-1.16,0.73,-0.34,16634730
118767,0.05,1.02,0.10,-2.62,2.26,-1.56,0.03,-0.01,1.07,-1.04,0.82,-0.49,16633968
118778,0.05,1.02,0.11,-1.43,2.17,-1.65,0.03,-0.01,1.07,-1.01,0.61,-0.34,16633090
118791,0.05,1.03,0.11,-0.92,2.23,-1.31,0.03,-0.01,1.07,-1.10,0.73,-0.09,16633202
118802,0.05,1.02,0.11,-1.22,2.50,-1.16,0.03,-0.01,1.07,-1.07,0.73,-0.49,16634644
118813,0.05,1.02,0.10,-2.23,2.41,-1.74,0.03,-0.01,1.07,-1.13,0.61,-0.31,16634288
118825,0.05,1.02,0.10,-3.14,2.44,-1.65,0.03,-0.01,1.07,-1.04,1.04,-0.24,16633573
118837,0.05,1.02,0.10,-3.54,2.47,-1.59,0.03,-0.01,1.07,-1.01,0.49,-0.09,16631900
118849,0.05,1.02,0.10,-2.62,2.14,-1.40,0.03,-0.01,1.07,-1.43,0.67,-0.43,16631792
118860,0.05,1.02,0.11,-1.74,2.11,-1.13,0.03,-0.01,1.07,-0.98,0.61,-0.34,16634574
118873,0.05,1.02,0.11,-1.65,2.47,-1.34,0.03,-0.01,1.07,-1.22,0.73,-0.15,16636239
118884,0.05,1.02,0.10,-1.83,2.53,-1.28,0.03,-0.01,1.07,-1.25,0.52,-0.18,16636135
118895,0.05,1.02,0.11,-1.31,2.29,-1.04,0.03,-0.01,1.07,-0.95,0.76,-0.34,16636714
118907,0.05,1.02,0.11,-1.37,2.23,-1.19,0.03,-0.01,1.07,-1.01,0.58,-0.43,16637303
118919,0.05,1.02,0.10,-2.59,2.47,-1.28,0.03,-0.01,1.07,-1.43,0.70,-0.34,16633678
118931,0.05,1.02,0.10,-2.81,2.14,-1.71,0.03,-0.01,1.07,-1.22,0.76,-0.12,16630717
118942,0.05,1.02,0.10,-1.95,2.08,-1.43,0.03,-0.01,1.07,-1.19,0.61,-0.27,16631508
118955,0.05,1.02,0.11,-1.16,2.08,-1.25,0.03,-0.01,1.07,-0.85,0.73,-0.21,16632374
118966,0.05,1.02,0.11,-0.58,2.17,-1.13,0.03,-0.01,1.07,-1.07,0.73,-0.31,16633295
118977,0.05,1.02,0.11,-0.67,2.62,-0.92,0.03,-0.01,1.07,-0.92,0.61,-0.24,16634102
118989,0.05,1.03,0.11,-0.40,2.72,-0.67,0.03,-0.01,1.07,-1.16,0.73,-0.09,16633951
119001,0.05,1.02,0.11,-0.92,2.84,-1.13,0.03,-0.01,1.07,-1.16,0.82,-0.46,16631401
119013,0.04,1.01,0.10,-2.23,4.67,-1.22,0.03,-0.01,1.07,-1.22,0.64,-0.37,16632186
119024,0.04,1.01,0.10,-3.66,6.04,-1.83,0.03,-0.01,1.07,-0.85,0.61,-0.21,16632637
119036,0.04,1.02,0.10,-2.66,5.83,-1.80,0.03,-0.01,1.07,-1.04,0.73,-0.40,16633158
119048,0.04,1.02,0.11,-0.98,6.62,-1.22,0.03,-0.01,1.07,-1.19,0.58,-0.12,16634082