time,faccx,faccy,faccz,fgyrx,fgyry,fgyrz,saccx,saccy,saccz,sgyrx,sgyry,sgyrz,load
1088076,0.03,1.04,0.10,-3.48,2.93,0.03,0.05,1.01,0.07,-1.13,0.64,-0.70,16607942
1088087,0.03,1.03,0.09,-2.26,2.32,-1.53,0.05,1.01,0.07,-1.22,0.95,-0.55,16610903
1088097,0.04,1.02,0.09,-2.81,2.11,-1.37,0.05,1.01,0.07,-1.25,0.61,-0.67,16613596
1088109,0.04,1.03,0.09,-1.62,1.92,-1.56,0.04,1.01,0.07,-1.31,0.55,-0.46,16610591
1088120,0.04,1.03,0.09,-2.23,2.20,-1.01,0.04,1.01,0.07,-0.76,0.95,-0.61,16607567
1088133,0.04,1.02,0.09,-2.41,2.17,-1.71,0.04,1.01,0.07,-0.73,1.01,-0.82,16610545
1088144,0.04,1.02,0.09,-2.41,2.01,-1.19,0.04,1.01,0.07,-0.82,0.64,-0.73,16610010
1088156,0.04,1.03,0.09,-2.23,2.14,-1.10,0.04,1.01,0.07,-0.95,0.67,-0.46,16608205
1088167,0.04,1.02,0.09,-2.01,2.35,-1.46,0.04,1.01,0.07,-1.46,0.70,-0.76,16608688
1088180,0.04,1.02,0.09,-2.47,2.35,-1.22,0.04,1.01,0.07,-1.46,0.55,-0.73,16609647
1088191,0.04,1.02,0.09,-2.41,2.20,-1.37,0.05,1.01,0.07,-1.74,0.58,-0.49,16608439
1088202,0.04,1.03,0.09,-1.98,2.01,-1.13,0.05,1.01,0.07,-0.92,0.92,-0.70,16608215
1088215,0.04,1.02,0.09,-2.23,1.92,-1.28,0.05,1.01,0.07,-0.52,0.85,-0.70,16608062
1088226,0.04,1.02,0.09,-2.35,2.20,-1.53,0.05,1.01,0.07,-1.25,0.58,-0.76,16605241
1088238,0.04,1.02,0.09,-2.50,2.14,-1.13,0.04,1.01,0.07,-1.31,0.46,-0.82,16607180
1088249,0.04,1.03,0.09,-2.26,1.92,-1.07,0.04,1.01,0.07,-1.53,0.82,-0.67,16610330
1088262,0.04,1.02,0.09,-2.23,2.20,-1.31,0.04,1.01,0.07,-1.34,0.76,-0.70,16610317
1088273,0.04,1.02,0.09,-2.32,1.98,-1.25,0.04,1.01,0.07,-1.31,0.70,-0.58,16609214
1088285,0.04,1.02,0.09,-2.32,2.17,-1.28,0.05,1.01,0.07,-0.89,0.79,-0.43,16606718
1088296,0.04,1.02,0.09,-2.08,2.20,-1.19,0.05,1.01,0.07,-0.92,0.64,-0.70,16607218
1088309,0.04,1.02,0.09,-2.14,2.20,-1.46,0.05,1.01,0.07,-0.82,0.46,-0.64,16609449
1088320,0.04,1.02,0.09,-2.11,2.26,-1.43,0.05,1.01,0.07,-0.76,0.61,-0.67,16610550
1088331,0.04,1.02,0.09,-2.11,2.17,-0.98,0.05,1.01,0.07,-0.76,0.55,-0.64,16611892
1088344,0.04,1.02,0.09,-2.44,2.14,-1.07,0.04,1.01,0.07,-1.01,0.79,-0.43,16608762
1088355,0.04,1.02,0.09,-2.26,2.29,-1.65,0.04,1.01,0.07,-0.79,0.49,-0.64,16607858
1088367,0.04,1.02,0.09,-2.17,2.11,-1.71,0.04,1.01,0.07,-0.76,0.64,-0.76,16608292
1088378,0.04,1.02,0.09,-2.53,2.26,-1.28,0.04,1.01,0.07,-1.07,0.58,-0.46,16606086
1088391,0.04,1.02,0.09,-2.11,2.08,-1.16,0.04,1.01,0.07,-0.79,0.49,-0.37,16605674
1088402,0.04,1.02,0.09,-2.38,1.83,-1.28,0.04,1.01,0.07,-0.98,0.49,-0.58,16607413
1088414,0.04,1.02,0.09,-2.11,2.17,-1.22,0.04,1.01,0.07,-1.22,0.58,-0.70,16610011
1088425,0.04,1.02,0.09,-2.38,2.08,-1.34,0.04,1.01,0.07,-1.19,0.67,-0.64,16610559
1088438,0.04,1.02,0.09,-2.14,2.14,-1.50,0.04,1.01,0.07,-1.28,0.73,-0.58,16609495
1088449,0.04,1.02,0.09,-2.23,2.04,-1.31,0.04,1.01,0.07,-1.16,0.40,-0.67,16608649
1088460,0.04,1.02,0.09,-2.01,2.14,-1.43,0.04,1.01,0.07,-1.01,0.64,-0.58,16608018
1088473,0.04,1.02,0.09,-2.26,2.08,-1.19,0.04,1.01,0.07,-0.76,0.85,-0.79,16609358
1088484,0.04,1.02,0.09,-2.23,2.01,-1.22,0.04,1.01,0.07,-0.64,0.82,-0.49,16608639
1088496,0.04,1.02,0.09,-2.04,2.23,-1.37,0.05,1.01,0.07,-0.85,0.82,-0.64,16606159
1088507,0.04,1.02,0.09,-2.20,2.08,-1.31,0.05,1.01,0.07,-0.85,0.98,-0.82,16607229
1088520,0.04,1.02,0.09,-2.14,2.11,-0.95,0.04,1.01,0.07,-0.82,0.70,-0.49,16606714
1088531,0.04,1.02,0.09,-2.29,2.17,-1.22,0.04,1.01,0.07,-0.52,0.55,-0.82,16610038
1088543,0.04,1.03,0.09,-2.35,2.01,-0.49,0.04,1.01,0.07,-0.85,0.43,-0.58,16610371
1088555,0.04,1.03,0.09,-1.74,2.04,0.00,0.04,1.01,0.07,-0.98,0.73,-0.70,16609893
1088567,0.04,1.03,0.09,-2.04,2.11,-0.34,0.04,1.01,0.07,-1.25,0.58,-0.58,16608968
1088578,0.04,1.02,0.09,-2.17,1.98,-0.70,0.04,1.01,0.07,-1.25,0.73,-0.49,16608552
1088589,0.04,1.02,0.09,-2.32,2.11,-0.58,0.04,1.01,0.07,-0.82,0.64,-0.85,16608851
1088602,0.03,1.03,0.09,-1.31,2.20,0.43,0.04,1.01,0.07,-1.22,0.73,-0.79,16611832
1088613,0.04,1.02,0.09,-1.40,2.11,-1.19,0.04,1.01,0.07,-1.59,0.58,-0.58,16610763
1088625,0.04,1.01,0.09,-2.38,2.14,-2.96,0.05,1.01,0.07,-1.53,0.67,-0.67,16608020
1088636,0.04,1.01,0.09,-3.54,2.38,-2.93,0.04,1.01,0.07,-1.07,0.76,-0.73,16609652
1088649,0.04,1.03,0.09,-1.95,2.11,-1.53,0.04,1.01,0.07,-1.19,0.73,-0.61,16611245
1088660,0.03,1.03,0.09,-1.71,2.04,-0.18,0.04,1.01,0.07,-0.92,0.85,-0.79,16612369
1088672,0.04,1.03,0.09,-2.26,2.20,-0.55,0.04,1.01,0.07,-0.79,0.67,-0.70,16610706
1088684,0.04,1.03,0.09,-1.89,2.08,-1.19,0.04,1.01,0.07,-0.79,0.46,-0.67,16611788
1088696,0.04,1.03,0.09,-2.26,2.20,-0.34,0.04,1.01,0.07,-1.13,0.55,-0.89,16611758
1088707,0.04,1.03,0.09,-1.71,2.08,-0.55,0.04,1.01,0.07,-0.73,0.64,-0.73,16609592
1088719,0.04,1.02,0.09,-2.14,2.26,-0.92,0.04,1.01,0.07,-0.89,0.43,-0.46,16607681
1088731,0.04,1.02,0.09,-2.17,1.98,-1.40,0.04,1.01,0.07,-0.70,0.55,-0.73,16610498
1088742,0.04,1.02,0.09,-2.01,2.29,-0.82,0.04,1.01,0.07,-0.89,0.76,-0.70,16608170
1088754,0.04,1.02,0.09,-2.29,2.32,-0.95,0.04,1.01,0.07,-0.79,0.95,-0.76,16608841
1088765,0.04,1.02,0.09,-2.59,2.17,-1.22,0.05,1.01,0.07,-1.04,0.67,-0.67,16609439
1088778,0.04,1.02,0.09,-2.11,2.01,-1.34,0.04,1.01,0.07,-1.25,0.67,-0.79,16609141
1088789,0.04,1.02,0.09,-2.41,2.20,-1.10,0.04,1.01,0.07,-2.14,0.34,-0.58,16605242
1088801,0.04,1.02,0.09,-2.35,2.14,-0.67,0.04,1.01,0.07,-2.14,0.76,-0.82,16607717
1088813,0.04,1.02,0.09,-2.23,2.35,-1.62,0.04,1.01,0.07,-1.31,0.43,-0.52,16608852
1088825,0.04,1.02,0.09,-2.90,2.14,-2.23,0.04,1.01,0.07,-1.19,0.52,-0.64,16607175
1088836,0.04,1.03,0.09,-1.92,2.14,-0.58,0.04,1.01,0.07,-0.40,0.70,-0.73,16606503
1088848,0.03,1.04,0.09,-1.16,1.89,1.68,0.04,1.01,0.07,-0.24,0.85,-0.58,16607191
1088860,0.03,1.03,0.09,-1.37,2.01,0.76,0.04,1.01,0.07,-0.82,0.82,-0.92,16608761
1088871,0.04,1.02,0.09,-2.01,2.32,-0.64,0.04,1.01,0.07,-1.22,0.61,-0.76,16608765
1088883,0.04,1.02,0.09,-2.35,2.04,-1.25,0.04,1.01,0.07,-1.10,0.67,-0.64,16607993
1088894,0.04,1.02,0.09,-1.98,1.95,-0.55,0.04,1.01,0.07,-0.55,0.79,-0.73,16609328
1088907,0.04,1.02,0.09,-2.38,2.11,-0.92,0.04,1.01,0.07,-0.52,0.79,-0.85,16609128
1088918,0.04,1.02,0.09,-2.72,2.20,-1.77,0.04,1.01,0.07,-1.10,0.73,-0.95,16609316
1088930,0.04,1.02,0.09,-2.90,2.17,-1.98,0.04,1.01,0.07,-1.01,0.67,-0.55,16608164
1088942,0.04,1.02,0.09,-2.38,2.23,-0.98,0.04,1.01,0.07,-1.04,0.55,-0.89,16607139
1088954,0.04,1.03,0.09,-2.11,2.23,-0.98,0.04,1.01,0.07,-1.25,0.89,-0.70,16607045
1088965,0.04,1.03,0.09,-2.41,2.23,-0.73,0.04,1.01,0.07,-1.43,0.55,-0.64,16609100
1088977,0.04,1.03,0.09,-1.56,2.29,0.12,0.04,1.01,0.07,-1.46,0.76,-0.49,16610481
1088989,0.04,1.03,0.09,-1.25,2.14,0.67,0.04,1.01,0.07,-1.53,0.55,-0.70,16606720
1089000,0.04,1.03,0.09,-1.83,1.86,0.37,0.04,1.01,0.07,-1.07,0.55,-0.46,16606875
1089012,0.04,1.02,0.09,-1.80,2.11,-0.37,0.04,1.01,0.07,-0.37,0.76,-0.64,16607858
1089024,0.04,1.02,0.09,-1.92,1.98,-0.70,0.04,1.01,0.07,-0.15,0.92,-0.79,16607562
1089036,0.04,1.02,0.09,-1.80,2.14,-0.18,0.04,1.01,0.07,-0.61,0.67,-1.10,16609816
1089047,0.04,1.02,0.09,-2.17,2.14,-0.98,0.04,1.01,0.07,-1.28,0.40,-0.58,16610130
1089059,0.04,1.01,0.09,-2.81,2.20,-1.80,0.04,1.01,0.07,-1.53,0.58,-0.82,16609272
1089071,0.04,1.02,0.09,-2.66,1.98,-1.65,0.04,1.01,0.07,-1.68,0.55,-0.70,16608711
1089083,0.04,1.02,0.09,-2.50,2.23,-1.25,0.05,1.01,0.07,-1.07,0.67,-0.73,16608855
1089094,0.04,1.03,0.09,-2.01,2.01,0.37,0.05,1.01,0.07,-0.64,0.82,-0.61,16608251
1089106,0.04,1.04,0.09,-1.28,2.14,1.50,0.04,1.01,0.07,-0.55,0.79,-0.85,16606974
1089118,0.04,1.04,0.09,-1.07,1.95,2.01,0.04,1.01,0.07,-0.82,0.76,-0.70,16607985
1089130,0.04,1.04,0.09,-0.85,2.29,2.38,0.04,1.01,0.07,-0.64,0.61,-0.61,16609794
1089141,0.04,1.03,0.09,-0.82,1.98,1.83,0.04,1.01,0.07,-1.04,0.70,-0.73,16607578
1089153,0.05,1.02,0.09,-1.86,2.20,0.49,0.04,1.01,0.07,-1.46,0.70,-0.61,16607159
1089165,0.05,1.01,0.09,-2.29,2.08,-0.67,0.04,1.01,0.07,-1.07,1.01,-0.46,16604555
1089176,0.05,1.02,0.09,-2.56,2.23,-0.82,0.04,1.01,0.07,-0.49,0.82,-0.55,16606836
1089188,0.04,1.02,0.09,-1.83,2.11,0.37,0.04,1.01,0.07,-0.27,0.76,-0.43,16609339
1089200,0.04,1.03,0.09,-1.59,2.08,2.08,0.04,1.01,0.07,-1.07,0.55,-0.89,16609252
1089212,0.04,1.03,0.09,-0.95,1.92,2.90,0.04,1.01,0.07,-1.40,0.61,-0.55,16610885
1089223,0.04,1.03,0.09,-1.19,1.89,3.30,0.04,1.01,0.07,-1.53,0.58,-0.55,16609816
1089235,0.04,1.04,0.09,-0.98,2.20,4.61,0.04,1.01,0.07,-1.56,0.58,-0.73,16607544
1089247,0.04,1.03,0.09,-0.92,1.92,5.65,0.04,1.01,0.07,-1.01,0.82,-0.73,16610828
1089259,0.04,1.03,0.09,-0.58,2.01,5.40,0.04,1.01,0.07,-1.31,0.82,-0.64,16611065
1089270,0.05,1.03,0.09,0.12,1.83,4.82,0.04,1.01,0.07,-1.43,0.73,-0.37,16611241
1089282,0.05,1.03,0.09,-0.89,2.04,5.58,0.04,1.01,0.07,-0.55,0.82,-0.49,16610820
1089294,0.05,1.03,0.09,-0.92,2.04,6.87,0.04,1.01,0.07,-0.52,0.70,-0.58,16606621
1089305,0.05,1.03,0.09,-0.61,2.11,7.93,0.04,1.01,0.07,-0.92,0.82,-0.82,16605841
1089317,0.05,1.03,0.09,-0.70,1.77,8.70,0.04,1.01,0.07,-0.92,0.61,-0.73,16607341
1089329,0.05,1.04,0.09,-0.49,1.86,9.64,0.04,1.01,0.07,-0.61,0.61,-0.76,16608740
1089341,0.05,1.04,0.09,-0.06,1.83,11.90,0.04,1.01,0.07,-0.58,0.40,-0.70,16609346
1089352,0.05,1.04,0.09,0.34,1.68,14.25,0.04,1.01,0.07,-1.34,0.82,-0.55,16608533
1089364,0.05,1.04,0.09,0.64,1.83,16.17,0.04,1.01,0.07,-1.04,0.61,-0.46,16609432
1089376,0.06,1.03,0.08,1.07,2.41,13.67,0.05,1.01,0.07,-0.79,0.61,-0.58,16609070
1089388,0.06,1.04,0.08,-0.79,2.11,15.44,0.04,1.01,0.07,-1.07,0.67,-0.70,16606970
1089399,0.05,1.04,0.09,0.58,2.11,19.01,0.04,1.01,0.07,-1.19,0.85,-0.52,16610079
1089411,0.05,1.05,0.09,1.62,2.99,21.64,0.04,1.01,0.07,-1.65,0.79,-0.55,16610598
1089423,0.05,1.04,0.08,1.10,2.96,23.62,0.04,1.01,0.07,-1.01,0.82,-0.85,16610763
1089434,0.07,1.04,0.08,1.50,2.96,23.44,0.04,1.01,0.07,-1.22,0.61,-0.58,16608420
1089446,0.07,1.04,0.08,-0.46,4.06,27.59,0.04,1.01,0.07,-0.92,0.61,-0.79,16611884
1089458,0.07,1.05,0.08,2.47,4.12,28.26,0.04,1.01,0.07,-1.28,0.58,-0.58,16609828
1089470,0.07,1.05,0.08,2.08,5.13,32.68,0.04,1.01,0.07,-0.76,0.64,-0.92,16607566
1089481,0.07,1.06,0.08,3.91,5.58,35.13,0.04,1.01,0.07,-0.95,0.76,-1.10,16608123
1089494,0.07,1.05,0.08,4.00,6.93,37.32,0.04,1.01,0.07,-1.13,0.43,-0.64,16608280
1089505,0.08,1.05,0.08,3.63,7.75,39.70,0.05,1.01,0.07,-1.34,0.82,-0.61,16609839
1089517,0.09,1.05,0.08,4.27,7.78,41.75,0.05,1.01,0.07,-1.80,0.46,-0.61,16607701
1089528,0.11,1.05,0.08,4.94,8.18,44.25,0.05,1.01,0.07,-1.77,0.79,-0.58,16605436
1089541,0.13,1.04,0.08,5.07,7.66,45.32,0.05,1.01,0.07,-1.25,0.64,-0.76,16606571
1089552,0.15,1.04,0.08,4.85,7.32,47.27,0.04,1.01,0.07,-1.10,0.89,-0.79,16608160
1089563,0.16,1.04,0.08,5.80,6.62,49.26,0.04,1.01,0.07,-0.82,0.73,-1.16,16607184
1089575,0.16,1.03,0.07,6.07,6.04,51.27,0.04,1.01,0.07,-0.89,0.61,-0.55,16604448
1089587,0.17,1.03,0.07,5.86,5.68,51.67,0.04,1.01,0.07,-1.16,0.55,-0.76,16607586
1089599,0.19,1.02,0.07,6.16,4.70,50.23,0.04,1.01,0.07,-1.01,0.79,-0.67,16607125
1089610,0.20,1.01,0.07,5.43,4.88,48.28,0.04,1.01,0.07,-1.10,0.58,-0.92,16609860
1089623,0.21,1.01,0.07,5.95,4.24,48.10,0.04,1.01,0.07,-1.19,0.55,-0.82,16608529
1089634,0.21,1.01,0.06,5.58,4.67,50.57,0.05,1.01,0.07,-0.79,0.79,-0.70,16607332
1089646,0.20,1.02,0.06,5.68,5.68,52.80,0.05,1.01,0.07,-1.10,0.43,-0.55,16605836
1089657,0.21,1.02,0.06,6.74,5.46,53.74,0.05,1.01,0.07,-1.28,0.67,-0.58,16605321
1089670,0.23,1.01,0.06,6.20,5.80,52.92,0.05,1.01,0.07,-0.82,0.67,-0.64,16607053
1089681,0.25,1.00,0.06,6.35,4.27,50.63,0.05,1.01,0.07,-0.76,0.55,-0.70,16610205
1089692,0.27,0.99,0.06,5.34,3.33,50.42,0.04,1.01,0.07,-1.13,0.43,-0.40,16609990
1089704,0.28,0.99,0.06,5.74,3.85,49.96,0.04,1.01,0.07,-1.40,0.64,-0.64,16608269
1089716,0.26,1.01,0.04,2.29,4.85,59.08,0.04,1.01,0.07,-0.89,0.89,-0.73,16607230
1089728,0.27,1.02,0.05,8.73,6.38,60.91,0.04,1.01,0.07,-1.10,0.58,-0.79,16607698
1089739,0.28,1.02,0.05,9.00,4.30,65.16,0.04,1.01,0.07,-1.65,0.34,-0.89,16606082
1089752,0.29,1.01,0.05,7.11,5.19,67.96,0.04,1.01,0.07,-1.56,0.76,-0.52,16606305
1089763,0.31,1.01,0.06,11.17,4.76,68.30,0.04,1.01,0.07,-0.79,0.67,-0.61,16606740
1089775,0.31,1.01,0.05,8.48,4.18,73.18,0.04,1.01,0.07,-1.37,0.55,-0.55,16607262
1089786,0.32,1.01,0.05,10.93,4.00,74.68,0.05,1.01,0.07,-0.95,0.43,-0.67,16609825
1089799,0.34,0.99,0.05,9.64,3.94,77.85,0.05,1.01,0.07,-1.16,0.55,-0.64,16606541
1089810,0.36,0.97,0.04,10.44,3.14,76.66,0.05,1.01,0.07,-0.79,0.58,-0.46,16604818
1089822,0.40,0.94,0.04,9.40,3.85,70.10,0.05,1.01,0.07,-0.95,0.70,-0.67,16607755
1089833,0.42,0.92,0.04,10.41,4.88,64.61,0.05,1.01,0.07,-0.24,0.79,-0.67,16610378
1089845,0.45,0.91,0.03,8.30,3.39,61.61,0.05,1.01,0.07,-0.55,0.34,-0.79,16610805
1089857,0.46,0.89,0.03,7.97,3.94,57.77,0.04,1.01,0.07,-1.13,0.52,-0.52,16606809
1089868,0.47,0.88,0.02,6.56,3.51,52.89,0.04,1.01,0.07,-1.04,0.89,-0.64,16608428
1089881,0.48,0.86,0.02,4.73,3.17,49.29,0.04,1.01,0.07,-0.73,0.43,-0.58,16608026
1089892,0.50,0.83,0.01,0.24,2.96,47.18,0.04,1.01,0.07,-0.70,1.04,-0.70,16608242
1089904,0.52,0.81,0.00,-3.42,2.59,42.82,0.04,1.01,0.07,-0.82,0.76,-0.64,16610909
1089915,0.55,0.81,0.01,-5.16,1.34,38.79,0.04,1.01,0.07,-0.89,0.79,-0.58,16609010
1089928,0.57,0.81,0.01,-6.10,0.61,31.07,0.04,1.01,0.07,-0.64,0.43,-0.61,16606473
1089939,0.58,0.81,0.01,-7.26,-0.98,25.94,0.04,1.01,0.07,-1.25,0.40,-0.58,16607370
1089951,0.58,0.82,0.01,-8.30,-1.59,22.22,0.04,1.01,0.07,-0.98,0.58,-0.64,16608305
1089963,0.58,0.83,0.01,-8.12,-2.20,18.52,0.04,1.01,0.07,-0.98,0.49,-0.61,16604302
1089974,0.57,0.85,0.01,-8.58,-2.56,15.63,0.04,1.01,0.07,-1.13,1.04,-0.70,16606099
1089986,0.55,0.87,0.01,-9.19,-1.50,17.33,0.04,1.01,0.07,-1.10,0.73,-0.27,16609723
1089997,0.54,0.91,0.02,-5.00,0.09,18.80,0.04,1.01,0.07,-0.67,0.70,-0.58,16610154
1090010,0.52,0.95,0.03,-0.03,0.67,23.50,0.04,1.01,0.07,-0.67,0.58,-0.52,16609136
1090021,0.51,0.96,0.03,0.82,2.26,25.02,0.04,1.01,0.07,-0.70,0.49,-0.70,16608522
1090033,0.53,0.94,0.03,2.72,1.74,25.18,0.04,1.01,0.07,-0.82,0.70,-0.58,16610798
1090044,0.54,0.93,0.03,3.75,0.43,28.20,0.04,1.01,0.07,-1.10,0.76,-0.82,16611991
1090057,0.54,0.93,0.03,2.01,0.55,35.68,0.04,1.01,0.07,-1.43,0.49,-0.73,16610850
1090068,0.54,0.87,0.02,-5.83,8.79,31.22,0.04,1.01,0.07,-1.80,0.37,-0.55,16610706
1090080,0.58,0.82,0.02,-7.51,5.71,36.32,0.04,1.01,0.07,-1.04,0.73,-0.89,16608227
1090092,0.60,0.81,0.02,-6.53,2.41,32.07,0.05,1.01,0.07,-0.73,0.43,-0.61,16609382
1090103,0.62,0.81,0.02,-6.59,2.01,22.28,0.05,1.01,0.07,-0.98,0.40,-0.31,16610302
1090115,0.63,0.79,-0.00,-8.94,1.83,14.25,0.05,1.01,0.07,-0.82,0.95,-0.70,16608094
1090126,0.63,0.79,-0.00,-9.64,1.16,10.80,0.05,1.01,0.07,-0.98,0.76,-0.61,16608829
1090139,0.63,0.80,-0.00,-11.84,0.27,10.71,0.05,1.01,0.07,-1.22,0.70,-0.67,16611257
1090150,0.63,0.83,0.00,-9.22,0.24,6.50,0.04,1.01,0.07,-1.68,0.64,-0.73,16611994
1090162,0.62,0.86,0.01,-5.62,1.16,9.19,0.04,1.01,0.07,-1.53,0.52,-0.37,16608910
1090173,0.59,0.87,0.01,-6.26,1.40,18.80,0.04,1.01,0.07,-1.50,0.89,-0.73,16606258
1090186,0.57,0.88,0.01,-6.77,3.11,26.06,0.04,1.01,0.07,-1.28,0.76,-0.98,16608801
1090197,0.57,0.88,0.02,-7.23,3.33,28.90,0.04,1.01,0.07,-1.31,0.73,-0.70,16609025
1090209,0.58,0.87,0.02,-8.00,3.69,29.39,0.05,1.01,0.07,-1.01,0.70,-0.79,16608980
1090221,0.60,0.85,0.03,-6.41,3.72,26.25,0.05,1.01,0.07,-0.79,0.79,-0.61,16610029
1090233,0.62,0.84,0.03,-7.75,2.59,27.40,0.05,1.01,0.07,-1.13,0.67,-0.70,16610213
1090244,0.63,0.83,0.04,-8.67,2.62,24.32,0.05,1.01,0.07,-0.92,0.55,-0.70,16608371
1090255,0.64,0.82,0.04,-9.28,1.98,20.32,0.05,1.01,0.07,-1.22,0.55,-0.55,16607284
1090268,0.65,0.82,0.04,-7.69,1.25,18.43,0.04,1.01,0.07,-0.98,0.52,-0.79,16608914
1090279,0.64,0.84,0.04,-6.74,2.90,20.57,0.04,1.01,0.07,-0.40,0.70,-0.55,16607935
1090291,0.63,0.85,0.04,-7.26,3.54,27.13,0.04,1.01,0.07,-0.98,0.76,-0.49,16609173
1090302,0.62,0.85,0.04,-7.97,4.49,32.62,0.04,1.01,0.07,-0.76,0.79,-0.67,16609591
1090315,0.63,0.84,0.05,-6.74,5.40,36.47,0.04,1.01,0.07,-1.04,0.55,-0.82,16610754
1090326,0.64,0.83,0.05,-7.42,5.68,36.38,0.04,1.01,0.07,-0.98,0.76,-0.98,16610438
1090338,0.64,0.83,0.05,-7.78,6.04,37.69,0.04,1.01,0.07,-1.50,0.67,-0.61,16611588
1090350,0.65,0.83,0.04,-7.93,5.74,39.12,0.04,1.01,0.07,-0.89,0.52,-0.76,16610502
1090362,0.66,0.83,0.04,-5.04,6.32,39.31,0.04,1.01,0.07,-1.19,0.58,-0.92,16608692
1090373,0.69,0.82,0.04,-4.73,5.16,34.76,0.05,1.01,0.07,-1.28,0.34,-0.58,16609080
1090384,0.72,0.80,0.04,-2.41,3.48,24.32,0.05,1.01,0.07,-0.85,0.64,-0.55,16608744
1090397,0.75,0.78,0.05,-1.65,1.01,14.40,0.05,1.01,0.07,-0.89,0.64,-0.67,16607266
1090408,0.76,0.76,0.04,-4.36,-0.49,9.09,0.05,1.01,0.07,-1.04,0.46,-0.76,16610713
1090420,0.74,0.75,0.04,-5.77,-1.07,11.26,0.04,1.01,0.07,-1.19,0.52,-0.37,16610479
1090432,0.71,0.75,0.05,-7.57,0.37,18.98,0.04,1.01,0.07,-1.62,0.58,-0.82,16608902
1090444,0.69,0.76,0.04,-8.70,2.59,26.03,0.04,1.01,0.07,-1.56,0.61,-0.67,16610986
1090455,0.68,0.77,0.04,-8.36,3.94,30.40,0.04,1.01,0.07,-0.98,0.76,-0.73,16608601
1090467,0.69,0.77,0.04,-8.21,3.85,32.56,0.04,1.01,0.07,-1.07,0.58,-0.76,16607386
1090479,0.70,0.78,0.05,-6.44,4.36,33.33,0.04,1.01,0.07,-1.71,0.67,-0.70,16607669
1090491,0.70,0.79,0.05,-3.63,4.39,30.82,0.05,1.01,0.07,-1.43,0.67,-0.52,16605420
1090502,0.71,0.79,0.04,-1.92,5.62,25.21,0.05,1.01,0.07,-0.55,0.85,-0.70,16607988
1090513,0.73,0.78,0.05,-1.04,3.57,19.99,0.05,1.01,0.07,-0.15,0.61,-0.73,16610269
1090526,0.76,0.77,0.04,0.76,1.89,13.49,0.05,1.01,0.07,-0.76,0.61,-0.55,16614952
1090537,0.77,0.76,0.05,0.52,0.79,11.11,0.05,1.01,0.07,-1.34,0.67,-0.58,16614311
1090549,0.77,0.75,0.04,-0.40,0.70,9.89,0.04,1.01,0.07,-1.25,0.67,-0.58,16608690
1090561,0.76,0.75,0.05,-0.43,1.25,11.66,0.04,1.01,0.07,-1.16,0.55,-0.64,16604777
1090573,0.76,0.75,0.05,0.31,1.16,11.44,0.04,1.01,0.07,-1.19,0.46,-0.52,16607255
1090584,0.77,0.75,0.05,1.95,0.76,8.18,0.04,1.01,0.07,-1.04,0.76,-0.64,16607967
1090596,0.77,0.75,0.05,2.01,0.43,5.65,0.04,1.01,0.07,-1.04,0.58,-0.67,16609272
1090608,0.77,0.74,0.05,2.90,0.09,4.09,0.04,1.01,0.07,-1.50,0.58,-0.73,16613083
1090620,0.76,0.74,0.05,2.75,0.49,3.85,0.04,1.01,0.07,-1.19,0.67,-0.67,16613757
1090631,0.77,0.72,0.04,2.62,0.58,2.14,0.04,1.01,0.07,-0.95,0.46,-0.82,16610312
1090642,0.76,0.71,0.04,1.68,0.85,0.76,0.04,1.01,0.07,-1.31,0.55,-0.61,16609534
1090655,0.77,0.70,0.04,0.34,0.92,-1.34,0.04,1.01,0.07,-0.70,0.31,-0.67,16609967
1090666,0.77,0.70,0.04,0.12,0.40,-2.90,0.04,1.01,0.07,-1.19,0.49,-0.64,16609545
1090678,0.77,0.70,0.03,-1.19,0.49,-2.75,0.04,1.01,0.07,-1.19,0.46,-0.76,16608062
1090690,0.76,0.70,0.03,-1.59,0.85,-1.59,0.04,1.01,0.07,-1.13,0.67,-0.89,16607386
1090702,0.75,0.71,0.03,-1.80,1.31,-1.31,0.04,1.01,0.07,-1.28,0.58,-0.85,16609733
1090713,0.75,0.71,0.03,-1.95,1.50,-2.04,0.04,1.01,0.07,-1.07,0.49,-0.76,16607967
1090725,0.76,0.71,0.03,-2.47,1.50,-3.42,0.04,1.01,0.07,-1.10,0.58,-0.64,16607833
1090737,0.76,0.71,0.03,-3.05,1.68,-3.75,0.05,1.01,0.07,-0.85,0.67,-0.73,16608943
1090749,0.76,0.71,0.03,-3.05,2.04,-4.43,0.05,1.01,0.07,-0.92,0.55,-0.76,16607432
1090760,0.75,0.72,0.03,-3.48,2.50,-3.20,0.05,1.01,0.07,-1.01,0.52,-0.70,16607928
1090772,0.74,0.72,0.03,-3.72,2.87,-2.35,0.05,1.01,0.07,-1.04,0.55,-0.67,16609245
1090784,0.75,0.73,0.04,-3.63,3.08,-2.26,0.05,1.01,0.07,-1.50,0.70,-0.58,16608144
1090795,0.76,0.73,0.04,-3.39,2.78,-3.63,0.04,1.01,0.07,-1.68,0.61,-0.64,16606718
1090807,0.76,0.73,0.04,-2.81,2.50,-4.67,0.05,1.01,0.07,-0.79,0.37,-0.61,16608084
1090819,0.76,0.74,0.04,-2.53,2.17,-1.74,0.05,1.01,0.07,-0.58,0.49,-0.55,16607979
1090831,0.75,0.75,0.04,-1.50,2.53,-0.18,0.05,1.01,0.07,-0.40,0.70,-0.52,16609096
1090842,0.75,0.75,0.04,-1.46,2.75,0.46,0.05,1.01,0.07,-0.46,0.98,-0.73,16609807
1090854,0.75,0.74,0.04,-1.68,2.78,-0.31,0.05,1.01,0.07,-0.73,0.58,-0.73,16611671
1090866,0.75,0.74,0.04,-1.98,2.81,0.09,0.05,1.01,0.07,-0.85,0.73,-0.64,16610380
1090878,0.76,0.74,0.04,-1.28,2.66,-0.52,0.05,1.01,0.07,-1.01,0.76,-0.82,16609487
1090889,0.76,0.73,0.04,-1.04,2.56,-1.19,0.04,1.01,0.07,-1.28,0.92,-0.73,16609862
1090902,0.76,0.73,0.04,-1.40,2.78,-1.16,0.04,1.01,0.07,-1.68,0.55,-0.55,16610863
1090913,0.75,0.74,0.04,-1.01,2.56,1.07,0.04,1.01,0.07,-1.50,0.52,-0.61,16610196
1090924,0.75,0.74,0.04,-0.82,2.62,1.04,0.04,1.01,0.07,-1.46,0.58,-0.43,16610065
1090936,0.76,0.74,0.04,-0.79,3.14,0.18,0.05,1.01,0.07,-0.52,0.64,-0.79,16608768
1090948,0.76,0.73,0.04,-1.62,2.38,-0.55,0.05,1.01,0.07,-0.09,0.70,-0.76,16610098
1090960,0.77,0.72,0.04,-2.56,2.08,-1.50,0.05,1.01,0.07,0.12,0.43,-0.67,16611395
1090971,0.76,0.71,0.04,-3.30,2.20,-0.95,0.05,1.01,0.07,-0.09,0.64,-0.58,16609665
1090983,0.76,0.71,0.04,-3.91,2.35,-0.95,0.05,1.01,0.07,-0.85,0.67,-0.52,16609420
1090995,0.76,0.71,0.04,-4.18,2.53,-2.11,0.04,1.01,0.07,-1.16,0.61,-0.89,16610727
1091007,0.76,0.71,0.04,-5.07,2.26,-3.72,0.04,1.01,0.07,-1.56,0.82,-0.61,16610381
1091018,0.77,0.71,0.04,-4.76,2.32,-4.94,0.04,1.01,0.07,-1.43,0.82,-0.46,16611434
1091031,0.77,0.71,0.04,-4.73,2.20,-7.63,0.04,1.01,0.07,-0.85,0.76,-0.52,16609840
1091042,0.77,0.72,0.04,-4.30,1.43,-11.14,0.04,1.01,0.07,-0.82,0.31,-0.79,16607766
1091053,0.78,0.72,0.04,-3.39,1.04,-14.04,0.04,1.01,0.07,-0.34,0.70,-0.73,16606934
1091065,0.77,0.73,0.04,-3.11,0.92,-17.85,0.04,1.01,0.07,-0.24,0.79,-0.49,16607092
1091077,0.77,0.73,0.04,-2.01,0.46,-19.96,0.04,1.01,0.07,-0.92,0.58,-0.64,16606683
1091089,0.77,0.73,0.04,-1.13,0.06,-27.16,0.05,1.01,0.07,-1.19,0.43,-0.76,16606915
1091100,0.78,0.72,0.03,-1.43,-0.43,-37.29,0.05,1.01,0.07,-1.13,0.46,-0.70,16607061
1091112,0.79,0.73,0.03,0.27,-2.81,-46.08,0.05,1.01,0.07,-1.22,0.64,-0.73,16606909
1091124,0.80,0.73,0.03,1.71,-4.21,-54.08,0.05,1.01,0.07,-1.28,0.55,-0.79,16608304
1091136,0.79,0.74,0.03,2.26,-5.65,-57.65,0.05,1.01,0.07,-1.40,0.49,-0.64,16607356
1091147,0.77,0.73,0.03,2.14,-5.86,-61.43,0.05,1.01,0.07,-1.56,0.70,-0.52,16608194
1091160,0.77,0.73,0.04,3.39,-6.90,-69.27,0.05,1.01,0.07,-0.92,0.37,-0.70,16609886
1091171,0.78,0.71,0.04,1.80,-8.39,-81.15,0.05,1.01,0.07,-1.04,0.85,-0.37,16610691
1091183,0.76,0.70,0.04,0.37,-8.64,-84.72,0.05,1.01,0.07,-1.25,0.37,-0.67,16610949
1091194,0.73,0.70,0.05,-2.53,-7.66,-81.02,0.05,1.01,0.07,-1.62,0.61,-0.73,16608788
1091206,0.68,0.71,0.04,-4.00,-5.89,-77.21,0.05,1.01,0.07,-1.13,0.52,-0.79,16608514
1091218,0.64,0.73,0.04,-5.10,-2.99,-78.13,0.05,1.01,0.07,-1.34,0.46,-0.67,16610364
1091229,0.63,0.76,0.03,-7.57,-1.92,-82.24,0.05,1.01,0.07,-1.04,0.73,-0.58,16607985
1091241,0.70,0.87,0.05,7.26,-8.64,-70.98,0.05,1.01,0.07,-1.07,0.95,-0.82,16609561
1091253,0.68,0.90,0.04,8.64,-9.31,-75.01,0.05,1.01,0.07,-0.64,0.61,-0.70,16609778
1091265,0.63,0.88,0.03,8.58,-5.98,-81.30,0.05,1.01,0.07,-0.89,0.43,-0.76,16607768
1091276,0.57,0.90,0.03,4.46,-1.37,-56.40,0.04,1.01,0.07,-0.58,0.61,-0.79,16607599
1091289,0.51,0.94,0.03,8.30,0.52,-46.42,0.04,1.01,0.07,-0.85,0.52,-1.04,16607132
1091300,0.51,0.95,0.03,10.28,3.85,-48.22,0.04,1.01,0.07,-1.22,0.64,-0.52,16608321
1091312,0.52,0.93,0.03,14.43,6.77,-55.63,0.04,1.01,0.07,-1.59,0.49,-0.58,16608176
1091323,0.56,0.90,0.03,23.93,7.05,-60.94,0.04,1.02,0.07,-2.17,0.70,-0.64,16608110
1091335,0.44,0.79,-0.02,-4.67,11.81,-42.88,0.04,1.01,0.07,-0.98,0.43,-0.61,16606345
1091347,0.51,0.81,0.02,-5.46,10.65,-58.07,0.04,1.01,0.07,-0.85,0.58,-0.64,16609032
1091358,0.53,0.78,0.00,-9.12,10.65,-66.25,0.05,1.01,0.07,-0.82,0.70,-0.49,16610136
1091371,0.54,0.76,-0.01,-13.46,10.13,-71.84,0.05,1.01,0.07,-0.92,0.67,-0.46,16611267
1091382,0.57,0.79,-0.02,-12.57,6.99,-77.09,0.05,1.01,0.07,-1.50,0.58,-0.61,16608356
1091394,0.57,0.81,-0.01,-13.06,5.55,-79.56,0.05,1.01,0.07,-1.40,0.67,-0.70,16610481
1091405,0.54,0.84,-0.00,-13.46,5.22,-78.13,0.05,1.01,0.07,-1.71,0.37,-0.61,16612786
1091418,0.49,0.89,0.00,-11.63,7.54,-78.22,0.04,1.01,0.07,-1.25,0.67,-0.61,16609670
1091429,0.45,0.92,0.01,-10.41,8.30,-72.33,0.04,1.01,0.07,-0.76,0.55,-0.52,16607988
1091441,0.42,0.95,0.02,-9.80,8.97,-69.12,0.04,1.01,0.07,-1.01,0.73,-0.70,16609043
1091452,0.40,0.96,0.03,-8.76,9.70,-69.06,0.04,1.01,0.07,-1.50,0.64,-0.76,16611406
1091465,0.40,0.95,0.03,-9.52,10.10,-69.27,0.04,1.01,0.07,-1.59,0.64,-0.67,16610936
1091476,0.38,0.96,0.03,-9.77,10.71,-67.50,0.04,1.01,0.07,-1.07,0.73,-0.46,16610656
1091487,0.36,0.97,0.03,-9.49,11.87,-64.73,0.05,1.01,0.07,-0.64,0.76,-0.61,16608756
1091500,0.35,0.98,0.03,-8.18,11.78,-63.63,0.05,1.01,0.07,-1.19,0.43,-0.55,16608113
1091511,0.35,0.98,0.03,-8.48,11.35,-63.20,0.05,1.01,0.07,-1.28,0.43,-0.49,16610820
1091523,0.35,0.98,0.04,-8.30,10.47,-65.12,0.05,1.01,0.07,-1.04,0.40,-0.64,16612532
1091534,0.35,0.97,0.04,-9.80,9.34,-66.31,0.05,1.01,0.07,-1.22,0.76,-0.64,16608838
1091547,0.35,0.96,0.05,-10.96,7.26,-64.82,0.05,1.01,0.07,-0.82,0.55,-0.76,16608036
1091558,0.34,0.97,0.05,-11.08,5.74,-65.12,0.04,1.01,0.07,-0.92,0.52,-0.64,16607056
1091570,0.32,0.98,0.05,-10.86,5.89,-63.69,0.04,1.01,0.07,-1.46,0.40,-0.70,16606116
1091581,0.27,1.01,0.05,-9.49,7.29,-58.29,0.04,1.01,0.07,-1.22,0.64,-0.70,16607284
1091594,0.24,1.03,0.06,-7.81,8.09,-53.77,0.04,1.01,0.07,-1.28,0.73,-0.61,16608394
1091605,0.23,1.03,0.05,-7.84,9.43,-54.11,0.04,1.01,0.07,-1.46,0.52,-0.49,16607915
1091616,0.23,1.01,0.05,-8.82,10.35,-57.83,0.04,1.01,0.07,-0.85,0.43,-0.79,16608861
1091629,0.23,0.99,0.06,-9.16,9.77,-62.35,0.04,1.01,0.07,-1.01,0.40,-0.46,16608515
1091640,0.23,0.98,0.06,-10.28,9.37,-64.45,0.05,1.01,0.07,-1.13,0.55,-0.46,16607300
1091652,0.22,0.98,0.06,-11.51,9.12,-65.43,0.05,1.01,0.07,-0.64,0.76,-0.61,16605540
1091663,0.21,0.99,0.06,-10.74,8.82,-65.25,0.05,1.01,0.07,-1.46,0.73,-0.49,16606838
1091676,0.19,1.00,0.06,-11.96,9.06,-63.20,0.05,1.01,0.07,-1.46,0.70,-0.79,16610662
1091687,0.18,1.02,0.06,-10.68,8.54,-59.75,0.05,1.01,0.07,-1.01,0.73,-0.64,16607946
1091699,0.18,1.03,0.07,-7.60,8.18,-60.33,0.04,1.01,0.07,-1.37,0.61,-0.34,16605764
1091710,0.17,1.02,0.07,-10.99,6.96,-60.27,0.04,1.01,0.07,-1.34,0.64,-0.46,16609048
1091723,0.16,1.02,0.07,-10.01,7.72,-61.00,0.04,1.01,0.07,-0.64,0.55,-0.92,16609666
1091734,0.14,1.04,0.07,-9.80,6.68,-52.46,0.04,1.01,0.07,-0.06,0.89,-0.79,16611377
1091745,0.13,1.06,0.08,-7.81,5.04,-46.54,0.04,1.01,0.07,-0.61,0.79,-0.46,16608915
1091758,0.13,1.06,0.08,-9.00,3.48,-43.24,0.04,1.01,0.07,-0.58,0.55,-0.64,16607521
1091769,0.12,1.05,0.09,-8.06,1.31,-41.81,0.05,1.01,0.07,-0.37,0.40,-0.67,16607910
1091781,0.12,1.04,0.09,-6.87,-0.09,-43.76,0.05,1.01,0.07,-0.70,0.52,-0.76,16610905
1091792,0.11,1.03,0.09,-10.07,-0.95,-43.18,0.05,1.01,0.07,-0.79,0.98,-0.61,16607763
1091805,0.11,1.02,0.09,-10.10,-1.89,-41.87,0.05,1.01,0.07,-1.62,0.73,-0.61,16607035
1091816,0.10,1.03,0.09,-10.35,-2.04,-38.70,0.05,1.01,0.07,-1.71,1.01,-0.55,16609231
1091828,0.06,1.04,0.08,-11.35,-0.52,-30.88,0.04,1.01,0.07,-2.11,0.89,-0.67,16608236
1091840,0.00,1.08,0.08,-8.54,1.62,-16.60,0.04,1.01,0.07,-1.80,0.67,-0.64,16607299
1091852,-0.05,1.16,0.10,-1.95,1.62,1.62,0.04,1.01,0.07,-1.53,0.61,-0.61,16609108
1091863,-0.05,1.17,0.10,1.92,3.02,6.77,0.04,1.01,0.07,-1.28,0.61,-0.73,16609617
1091874,-0.04,1.12,0.10,1.50,4.58,5.95,0.04,1.01,0.07,-0.67,0.76,-0.64,16609855
1091887,0.01,1.07,0.09,-0.70,2.81,0.92,0.05,1.01,0.07,-0.31,0.76,-0.58,16609458
1091898,0.05,1.02,0.09,-3.57,2.26,-5.62,0.05,1.01,0.07,-0.46,0.49,-0.70,16609162
1091910,0.06,0.99,0.08,-5.74,1.59,-8.94,0.05,1.01,0.07,-0.82,0.46,-0.55,16610170
1091921,0.05,1.00,0.08,-5.65,1.95,-8.21,0.05,1.01,0.07,-0.98,0.76,-0.55,16610070
1091934,0.03,1.02,0.08,-4.94,2.08,-4.79,0.04,1.01,0.07,-0.95,0.76,-0.64,16608878
1091945,0.03,1.03,0.09,-4.61,2.14,-2.90,0.04,1.01,0.07,-0.98,0.85,-0.82,16605254
1091957,0.02,1.05,0.10,-0.31,2.29,-0.95,0.04,1.01,0.07,-2.32,0.40,-0.67,16603822
1091969,0.02,1.04,0.09,-3.14,3.39,-0.73,0.04,1.01,0.07,-1.65,0.67,-0.67,16606985
1091981,0.04,1.04,0.10,-1.77,2.53,-1.50,0.04,1.01,0.07,-1.80,0.46,-0.73,16610561
1091992,0.04,1.03,0.09,-1.89,2.44,-1.34,0.04,1.01,0.07,-1.65,0.49,-0.58,16608940
1092003,0.04,1.03,0.09,-2.20,2.17,-1.40,0.04,1.01,0.07,-1.13,0.92,-0.70,16606925
1092016,0.04,1.03,0.09,-2.53,2.08,-1.56,0.05,1.01,0.07,-0.52,0.46,-0.73,16608131
1092027,0.04,1.02,0.09,-2.75,2.01,-1.62,0.05,1.01,0.08,-0.40,0.58,-0.67,16609105
1092039,0.03,1.03,0.09,-2.38,1.95,-0.98,0.05,1.01,0.08,-0.64,0.58,-0.58,16607650
1092050,0.03,1.02,0.09,-2.50,2.14,-1.04,0.05,1.01,0.07,-0.34,0.64,-0.46,16606840
1092063,0.03,1.02,0.09,-2.78,1.83,-0.82,0.04,1.01,0.07,-0.21,0.61,-0.76,16608084
1092074,0.04,1.02,0.09,-2.56,2.01,-0.89,0.04,1.01,0.07,-0.61,0.64,-0.76,16607603
1092086,0.04,1.02,0.09,-2.50,1.98,-0.92,0.04,1.01,0.07,-1.40,0.46,-0.37,16608977
1092098,0.04,1.02,0.09,-2.32,1.89,-0.89,0.04,1.01,0.07,-1.68,0.61,-0.55,16608942
1092110,0.04,1.02,0.09,-2.41,2.14,-1.01,0.04,1.01,0.07,-1.83,0.85,-0.70,16608037
1092121,0.05,1.05,0.10,3.48,-0.24,0.03,0.04,1.01,0.07,-1.53,0.46,-0.73,16609820
1092132,0.04,1.03,0.08,-3.85,1.92,-0.52,0.04,1.01,0.07,-0.92,0.61,-0.67,16608897
1092145,0.05,1.02,0.09,-5.31,2.59,-2.04,0.04,1.01,0.07,-1.10,0.73,-0.70,16610112
1092156,0.04,1.02,0.09,-2.04,1.89,-2.32,0.04,1.01,0.07,-0.52,0.49,-0.82,16610739
1092168,0.03,1.02,0.09,-4.24,2.23,-1.43,0.05,1.01,0.07,-0.82,0.46,-0.52,16611473
1092179,0.04,1.01,0.09,-3.78,2.04,-2.75,0.05,1.01,0.07,-0.85,0.46,-0.58,16608763
1092192,0.03,1.03,0.09,-1.53,2.08,-1.34,0.05,1.01,0.07,-1.04,0.70,-0.58,16608013
1092203,0.03,1.04,0.10,0.52,2.08,0.61,0.04,1.01,0.07,-1.07,0.64,-0.43,16607135
1092215,0.04,1.02,0.09,-2.35,2.01,-1.92,0.04,1.01,0.07,-1.28,0.43,-0.40,16606535
1092227,0.04,1.02,0.09,-3.14,2.08,-2.29,0.04,1.01,0.07,-1.68,0.67,-0.58,16609065
1092239,0.04,1.03,0.10,-0.46,2.14,0.18,0.04,1.01,0.07,-1.28,0.55,-0.61,16610364
1092250,0.03,1.04,0.09,-1.13,2.17,1.53,0.04,1.01,0.07,-1.13,0.58,-0.67,16609128
1092262,0.04,1.03,0.09,-1.86,2.04,-0.24,0.04,1.01,0.07,-0.58,0.73,-0.67,16610147
1092274,0.04,1.01,0.09,-2.93,2.23,-2.53,0.04,1.01,0.07,-1.31,0.73,-0.85,16612020
1092285,0.04,1.01,0.09,-3.42,2.14,-2.78,0.04,1.01,0.07,-1.10,0.82,-0.67,16609809
1092297,0.04,1.02,0.09,-2.47,2.14,-1.92,0.05,1.01,0.07,-0.64,1.07,-0.49,16607004
1092308,0.04,1.03,0.09,-2.20,1.77,-1.10,0.05,1.01,0.07,-1.07,0.49,-0.61,16607265
1092321,0.04,1.02,0.09,-2.35,2.08,-1.65,0.04,1.01,0.07,-0.89,0.43,-0.58,16607643
1092332,0.04,1.02,0.09,-2.69,2.11,-2.20,0.04,1.01,0.07,-0.98,0.40,-0.64,16607520
1092344,0.04,1.03,0.09,-2.62,2.11,-0.79,0.04,1.01,0.07,-1.50,0.43,-0.64,16606121
1092356,0.04,1.03,0.09,-2.14,2.14,-0.76,0.04,1.01,0.07,-0.85,0.82,-0.64,16608698
1092368,0.04,1.03,0.09,-2.08,2.20,-1.19,0.04,1.01,0.07,-1.04,0.76,-0.70,16610331
1092379,0.04,1.02,0.09,-2.20,2.14,-1.25,0.04,1.01,0.07,-0.95,0.82,-0.89,16608991
1092391,0.04,1.03,0.09,-2.14,2.04,-0.85,0.04,1.01,0.07,-1.10,0.58,-0.70,16609213
1092403,0.04,1.02,0.09,-2.26,2.17,-1.40,0.04,1.01,0.07,-1.22,0.58,-0.64,16609811
1092414,0.04,1.02,0.09,-2.59,2.29,-1.65,0.04,1.01,0.07,-0.46,0.76,-0.46,16606973
1092426,0.04,1.02,0.09,-2.26,2.26,-1.65,0.05,1.01,0.07,-1.28,0.61,-0.79,16605456
1092438,0.04,1.02,0.09,-2.23,2.04,-1.16,0.05,1.01,0.07,-1.98,0.58,-0.70,16608638
1092450,0.04,1.03,0.09,-2.08,2.08,-1.37,0.04,1.01,0.07,-1.65,0.43,-0.82,16608629
1092461,0.04,1.02,0.09,-2.72,1.89,-1.43,0.04,1.01,0.07,-1.13,0.64,-0.89,16609712
1092473,0.04,1.02,0.09,-2.35,1.95,-1.25,0.04,1.01,0.07,-0.82,0.61,-0.43,16609940
1092485,0.04,1.02,0.09,-2.47,1.95,-1.92,0.04,1.01,0.07,-0.73,0.55,-0.73,16607481
1092497,0.04,1.02,0.09,-2.32,2.14,-1.13,0.04,1.01,0.07,-0.67,0.79,-0.55,16607930
1092508,0.04,1.03,0.09,-2.11,2.29,-1.37,0.04,1.01,0.07,-1.25,0.58,-0.70,16606482
1092520,0.04,1.02,0.09,-2.26,2.14,-1.37,0.04,1.01,0.07,-1.59,0.55,-0.64,16606977
1092532,0.04,1.02,0.09,-2.32,2.01,-1.50,0.04,1.01,0.07,-1.65,0.58,-0.52,16608282
1092543,0.04,1.02,0.09,-2.38,1.98,-1.16,0.04,1.01,0.07,-0.89,0.64,-0.58,16608287
1092555,0.04,1.02,0.09,-2.41,2.04,-1.19,0.04,1.01,0.07,-1.07,0.46,-0.67,16608172
1092567,0.04,1.02,0.09,-2.29,1.98,-1.07,0.04,1.01,0.07,-1.46,0.55,-0.61,16609776
1092579,0.04,1.02,0.09,-2.23,2.11,-1.59,0.04,1.01,0.07,-0.70,0.64,-0.61,16609106
1092590,0.04,1.02,0.09,-2.11,2.08,-1.25,0.04,1.01,0.07,-0.06,0.73,-0.61,16609419
1092602,0.04,1.02,0.09,-2.29,2.04,-1.34,0.04,1.01,0.07,-0.64,0.67,-0.58,16610712
1092614,0.04,1.02,0.09,-2.26,2.29,-1.10,0.04,1.01,0.07,-1.10,0.58,-0.52,16610072
1092626,0.04,1.02,0.09,-2.50,2.01,-1.13,0.04,1.01,0.07,-1.25,0.52,-0.58,16609293
1092637,0.04,1.02,0.09,-2.35,2.20,-1.13,0.04,1.01,0.07,-0.85,0.49,-0.61,16611726
1092649,0.04,1.02,0.09,-2.17,1.95,-1.43,0.04,1.01,0.07,-1.40,0.58,-0.64,16610900
1092661,0.04,1.03,0.09,-2.20,2.14,-1.28,0.04,1.01,0.07,-1.31,0.70,-0.64,16607230
1092673,0.04,1.02,0.09,-2.53,2.11,-1.37,0.04,1.01,0.07,-1.13,0.70,-0.85,16609340
1092684,0.04,1.02,0.09,-1.95,1.95,-1.19,0.04,1.01,0.07,-1.43,0.67,-0.52,16608023
1092696,0.04,1.02,0.09,-2.29,2.11,-1.31,0.05,1.01,0.07,-1.25,0.58,-0.82,16609238
1092708,0.04,1.02,0.09,-2.84,2.04,-1.28,0.04,1.01,0.07,-0.76,0.52,-0.67,16609807
1092719,0.04,1.03,0.09,-2.26,2.35,-1.28,0.04,1.01,0.07,-1.13,0.73,-0.61,16608392
1092731,0.04,1.02,0.09,-2.44,2.38,-1.16,0.04,1.01,0.07,-1.04,0.73,-0.73,16608608
1092743,0.04,1.02,0.09,-2.17,2.01,-1.16,0.04,1.01,0.07,-1.16,0.67,-0.58,16609330
1092755,0.04,1.02,0.09,-2.69,2.14,-0.89,0.04,1.01,0.07,-0.73,0.64,-0.61,16606585
1092766,0.04,1.02,0.09,-2.11,2.04,-1.10,0.04,1.01,0.07,-0.82,0.73,-0.92,16607900
1092779,0.04,1.03,0.09,-1.65,2.29,-1.13,0.04,1.01,0.07,-0.98,0.73,-0.95,16606481
1092790,0.04,1.02,0.09,-1.34,2.23,-1.10,0.05,1.01,0.07,-1.04,0.73,-0.73,16605217
1092802,0.04,1.03,0.09,-0.61,2.17,-0.95,0.05,1.01,0.07,-0.89,0.73,-0.76,16605380
1092813,0.03,1.03,0.09,-0.37,2.01,-0.76,0.05,1.01,0.07,-1.22,0.95,-0.82,16609556
1092825,0.03,1.03,0.09,-1.89,1.77,-0.15,0.05,1.01,0.07,-1.40,0.64,-0.64,16610512
