time,faccx,faccy,faccz,fgyrx,fgyry,fgyrz,saccx,saccy,saccz,sgyrx,sgyry,sgyrz,load
153659,0.05,1.03,0.09,1.74,1.80,-1.56,0.03,1.00,-0.03,-1.19,0.64,-0.70,16636564
153668,0.05,1.03,0.09,0.76,1.89,-1.01,0.04,1.00,-0.03,-0.82,0.40,-1.07,16636425
153678,0.05,1.02,0.09,-2.66,1.92,-1.37,0.04,1.00,-0.03,-0.82,0.67,-0.95,16634097
153689,0.05,1.02,0.09,-3.27,1.86,-1.22,0.04,1.00,-0.03,-0.95,0.55,-0.61,16639021
153699,0.05,1.02,0.09,-1.04,2.23,-1.59,0.04,1.00,-0.04,-0.76,0.40,-0.67,16639308
153711,0.05,1.03,0.10,0.24,2.20,-0.79,0.04,1.00,-0.04,-1.07,0.52,-0.76,16636265
153722,0.05,1.02,0.09,-1.13,1.95,-1.68,0.04,1.00,-0.04,-0.52,0.52,-0.95,16635227
153735,0.05,1.02,0.09,-3.63,2.04,-1.13,0.04,1.00,-0.03,-1.16,0.79,-0.82,16634920
153746,0.05,1.02,0.09,-3.14,2.26,-1.25,0.04,1.00,-0.04,-1.19,0.58,-0.89,16636930
153758,0.05,1.03,0.10,-1.19,2.01,-1.25,0.04,1.00,-0.03,-0.67,0.67,-1.01,16636796
153769,0.05,1.03,0.10,-1.43,2.29,-1.25,0.04,1.00,-0.03,-1.31,0.73,-1.16,16636400
153781,0.05,1.02,0.09,-3.11,1.92,-1.53,0.04,1.00,-0.03,-0.95,0.43,-0.85,16633682
153793,0.05,1.02,0.09,-2.87,1.95,-1.28,0.04,1.00,-0.03,-0.79,0.46,-0.92,16632576
153804,0.05,1.03,0.09,-1.59,1.95,-1.31,0.04,1.00,-0.03,-0.95,0.40,-0.89,16635773
153817,0.05,1.03,0.09,-1.56,2.08,-1.43,0.04,1.00,-0.03,-1.01,0.43,-0.64,16634317
153828,0.05,1.02,0.09,-2.93,1.92,-1.01,0.04,1.00,-0.03,-0.89,0.70,-0.79,16635466
153840,0.05,1.02,0.09,-2.96,1.83,-1.04,0.04,1.00,-0.03,-1.01,0.61,-0.67,16636873
153851,0.05,1.02,0.09,-1.86,1.89,-1.40,0.04,1.00,-0.03,-0.73,0.64,-1.04,16635638
153864,0.05,1.03,0.09,-1.95,2.23,-1.25,0.04,1.00,-0.03,-1.10,0.43,-0.73,16634018
153875,0.05,1.02,0.09,-2.56,1.89,-1.25,0.04,1.00,-0.03,-0.76,0.85,-1.04,16636033
153886,0.05,1.02,0.09,-2.96,1.89,-1.07,0.04,1.00,-0.04,-1.01,0.52,-1.01,16638431
153899,0.05,1.02,0.10,-2.04,2.08,-1.46,0.04,1.00,-0.04,-0.98,0.49,-0.76,16638117
153910,0.05,1.03,0.10,-1.71,1.95,-1.28,0.04,1.00,-0.04,-1.10,0.61,-0.95,16636585
153922,0.05,1.02,0.09,-2.26,1.89,-1.43,0.04,1.00,-0.04,-0.85,0.49,-0.76,16634599
153933,0.05,1.02,0.09,-2.62,2.04,-1.19,0.04,1.00,-0.03,-1.10,0.73,-0.98,16635270
153946,0.05,1.02,0.09,-2.14,1.92,-1.25,0.04,1.00,-0.04,-1.13,0.82,-0.98,16633313
153957,0.05,1.02,0.09,-1.92,2.14,-1.19,0.04,1.00,-0.03,-1.04,0.70,-0.95,16632816
153969,0.05,1.02,0.09,-2.32,2.11,-1.28,0.04,1.00,-0.03,-1.01,0.82,-0.82,16632717
153980,0.05,1.02,0.09,-2.53,1.95,-1.16,0.04,1.00,-0.03,-0.73,0.85,-0.76,16635672
153992,0.05,1.02,0.09,-2.29,2.08,-1.43,0.04,1.00,-0.03,-1.07,0.73,-0.70,16635627
154004,0.05,1.02,0.09,-2.08,1.98,-1.40,0.03,1.01,-0.03,-1.10,0.70,-0.73,16634750
154015,0.05,1.02,0.09,-2.53,2.23,-1.19,0.03,1.01,-0.03,-0.92,0.61,-0.92,16634675
154028,0.05,1.02,0.09,-2.53,2.04,-1.22,0.04,1.01,-0.03,-0.82,0.79,-0.76,16636417
154039,0.05,1.02,0.09,-2.41,2.11,-1.53,0.04,1.00,-0.03,-0.95,0.70,-0.89,16635351
154051,0.05,1.02,0.10,-2.20,1.95,-1.50,0.04,1.00,-0.04,-0.95,0.55,-0.58,16635340
154062,0.05,1.02,0.10,-2.14,2.01,-1.31,0.04,1.00,-0.04,-0.79,0.64,-0.82,16635018
154075,0.05,1.02,0.10,-2.29,1.98,-1.37,0.04,1.00,-0.04,-1.19,0.52,-0.82,16634703
154086,0.05,1.02,0.10,-2.23,2.04,-1.34,0.04,1.00,-0.04,-1.37,0.67,-0.89,16633337
154098,0.05,1.02,0.10,-1.92,2.11,-1.28,0.04,1.00,-0.04,-1.16,0.52,-1.01,16635327
154109,0.05,1.02,0.09,-2.23,2.08,-1.22,0.04,1.00,-0.03,-1.19,0.70,-0.55,16636505
154121,0.05,1.02,0.09,-2.41,2.20,-1.19,0.04,1.00,-0.03,-1.04,0.73,-0.92,16636781
154133,0.05,1.02,0.09,-2.17,2.04,-1.16,0.03,1.01,-0.03,-0.95,0.61,-0.95,16633743
154144,0.05,1.02,0.09,-2.14,1.98,-1.22,0.04,1.01,-0.03,-0.92,0.73,-0.61,16633535
154157,0.05,1.02,0.09,-2.50,2.08,-1.13,0.03,1.01,-0.03,-0.70,0.79,-0.76,16635101
154168,0.05,1.02,0.09,-2.69,2.01,-1.62,0.04,1.01,-0.03,-0.73,0.70,-0.64,16635220
154180,0.05,1.02,0.09,-2.69,2.11,-1.07,0.04,1.00,-0.03,-0.82,0.52,-0.79,16633511
154191,0.05,1.02,0.09,-2.29,1.98,-1.10,0.04,1.00,-0.03,-1.07,0.52,-0.79,16632989
154204,0.05,1.02,0.09,-2.41,2.01,-1.37,0.04,1.00,-0.04,-0.70,0.85,-0.98,16636440
154215,0.05,1.02,0.10,-2.29,2.08,-1.13,0.04,1.00,-0.04,-1.04,0.89,-0.85,16637615
154226,0.05,1.02,0.10,-2.01,1.98,-1.22,0.04,1.00,-0.04,-0.89,0.79,-0.79,16635481
154238,0.05,1.02,0.10,-2.04,1.92,-1.31,0.04,1.00,-0.04,-1.19,0.64,-1.16,16635801
154250,0.05,1.02,0.10,-2.23,2.04,-1.19,0.04,1.00,-0.04,-1.07,0.61,-1.01,16634453
154262,0.05,1.02,0.10,-2.44,2.01,-1.16,0.04,1.00,-0.04,-1.22,0.70,-0.82,16633198
154273,0.05,1.02,0.09,-2.20,2.08,-1.31,0.04,1.00,-0.04,-1.22,0.58,-0.92,16634014
154286,0.05,1.02,0.09,-2.29,2.04,-1.19,0.03,1.01,-0.03,-0.64,0.79,-0.89,16635154
154297,0.05,1.02,0.09,-2.59,1.92,-1.46,0.03,1.01,-0.03,-1.01,0.40,-0.95,16635046
154309,0.05,1.02,0.09,-2.66,2.04,-1.22,0.03,1.01,-0.03,-0.73,0.82,-0.76,16633676
154320,0.05,1.02,0.09,-2.32,1.86,-0.92,0.03,1.01,-0.03,-0.82,0.61,-0.85,16636505
154332,0.05,1.02,0.09,-2.50,2.01,-1.19,0.04,1.01,-0.03,-0.70,0.73,-0.95,16637686
154344,0.05,1.02,0.09,-2.44,1.89,-1.16,0.04,1.00,-0.03,-1.01,0.55,-0.76,16636397
154355,0.05,1.02,0.09,-2.41,2.26,-1.40,0.04,1.00,-0.03,-0.82,0.61,-0.98,16636116
154368,0.05,1.02,0.09,-2.35,2.01,-1.25,0.04,1.00,-0.03,-1.25,2.04,-0.15,16636597
154379,0.05,1.02,0.10,-2.41,1.95,-1.19,0.04,1.00,-0.03,-0.06,0.70,-0.98,16637471
154391,0.05,1.02,0.10,-2.32,2.01,-1.13,0.04,1.01,-0.03,0.00,6.50,-1.04,16640395
154402,0.05,1.02,0.09,-2.04,1.92,-1.83,0.03,1.00,-0.03,7.26,13.46,-2.44,16638564
154415,0.06,1.02,0.10,1.25,2.01,-2.29,0.02,1.00,-0.04,19.13,30.27,-5.65,16634633
154426,0.05,1.02,0.10,0.18,2.23,-0.76,-0.01,0.99,-0.05,29.72,34.12,-3.88,16635358
154438,0.06,1.02,0.10,-0.76,1.50,-1.16,-0.01,1.00,-0.06,11.57,32.71,1.43,16634870
154449,0.05,1.02,0.10,-0.79,1.80,-1.34,0.01,1.00,-0.06,13.24,7.05,-10.35,16633824
154461,0.05,1.02,0.09,-1.92,2.17,-1.10,0.05,1.00,-0.03,25.45,-73.09,7.20,16633210
154473,0.05,1.02,0.09,-3.23,1.77,-0.92,0.04,1.00,-0.00,34.48,-14.34,-8.48,16636467
154484,0.05,1.02,0.09,-3.14,1.98,-0.95,0.04,1.00,-0.01,47.45,40.74,-11.69,16635630
154497,0.05,1.02,0.09,-2.56,2.29,-1.22,0.03,1.01,-0.03,28.11,47.94,-8.39,16636140
154508,0.05,1.02,0.09,-2.47,1.89,-1.37,0.02,1.01,-0.06,14.98,26.58,-3.94,16635082
154520,0.05,1.02,0.09,-2.11,2.20,-1.37,0.05,1.01,-0.09,1.40,13.31,-2.44,16634433
154531,0.05,1.02,0.09,-2.04,2.04,-1.10,0.06,1.01,-0.10,-6.53,-15.14,2.26,16636447
154544,0.05,1.02,0.09,-2.14,2.11,-1.25,0.06,1.00,-0.11,-10.74,-25.73,5.43,16636722
154555,0.05,1.02,0.09,-2.32,1.98,-1.28,0.06,1.00,-0.03,29.88,-30.43,3.60,16636006
154567,0.05,1.02,0.09,-2.01,1.83,-1.46,0.12,1.00,-0.09,10.16,-129.06,19.17,16636625
154578,0.05,1.02,0.09,-2.32,2.08,-1.62,0.18,1.02,-0.06,-51.64,-203.19,22.77,16633978
154590,0.05,1.02,0.09,-2.38,1.89,-1.13,0.11,1.04,-0.04,-108.52,-266.24,20.32,16634808
154602,0.05,1.02,0.10,-2.38,2.17,-1.07,0.03,1.06,-0.02,-201.20,-159.06,-33.87,16635769
154613,0.05,1.02,0.09,-2.38,1.95,-1.16,0.05,1.13,0.03,-432.43,-14.43,-8.12,16634525
154626,0.05,1.02,0.09,-2.41,1.95,-1.28,0.05,1.21,-0.03,-380.71,4.36,-24.90,16637113
154637,0.05,1.02,0.09,-2.20,1.92,-1.50,0.01,1.20,0.01,-421.14,-58.69,-68.97,16636508
154649,0.05,1.02,0.09,-2.66,1.98,-1.28,-0.05,1.16,0.07,-319.49,-95.67,-155.12,16634074
154660,0.05,1.02,0.09,-2.66,2.04,-1.43,-0.05,1.15,0.09,-161.13,-53.96,-104.06,16635701
154673,0.05,1.02,0.09,-2.53,2.23,-1.40,0.03,1.20,0.15,-127.41,-54.23,4.39,16635927
154684,0.05,1.02,0.09,-1.80,2.01,-1.43,0.09,1.24,0.25,-177.95,-43.85,45.10,16634320
154695,0.05,1.02,0.09,-1.83,1.98,-1.31,0.05,1.23,0.33,-182.50,-64.15,14.13,16636484
154707,0.05,1.02,0.09,-2.17,2.14,-1.13,0.08,1.24,0.42,-207.12,-85.36,81.97,16636950
154719,0.05,1.02,0.09,-2.41,1.86,-1.01,0.08,1.26,0.50,-244.35,-94.51,91.43,16635145
154731,0.05,1.02,0.09,-1.98,1.92,-1.22,0.08,1.25,0.58,-299.84,-93.87,129.52,16634601
154742,0.05,1.02,0.09,-1.80,2.01,-1.43,0.08,1.21,0.66,-356.93,-72.75,159.48,16634968
154755,0.05,1.02,0.09,-2.23,2.04,-1.53,0.04,1.14,0.68,-398.38,-33.72,149.69,16634653
154766,0.05,1.02,0.09,-2.72,1.95,-1.31,-0.01,1.06,0.64,-417.79,14.10,102.81,16635423
154778,0.05,1.02,0.09,-2.50,2.04,-1.13,-0.04,0.96,0.58,-411.50,32.84,64.12,16637798
154789,0.05,1.02,0.09,-2.11,2.14,-1.40,0.01,0.87,0.57,-369.08,31.37,75.38,16636634
154801,0.05,1.02,0.09,-2.23,1.86,-1.25,0.05,0.82,0.62,-322.78,-31.01,51.61,16636147
154813,0.05,1.02,0.09,-2.29,1.95,-1.28,0.07,0.80,0.68,-317.50,-47.82,39.28,16636227
154824,0.05,1.02,0.09,-2.17,2.17,-1.10,0.14,0.73,0.84,-346.25,-76.78,78.64,16636919
154836,0.05,1.02,0.09,-1.92,1.86,-1.22,0.14,0.69,0.94,-376.89,-89.36,74.10,16636078
154848,0.05,1.02,0.09,-2.23,1.98,-1.25,0.15,0.63,0.95,-405.18,-73.03,73.49,16635773
154860,0.05,1.02,0.09,-2.38,2.01,-1.37,0.14,0.56,0.89,-410.49,-57.50,84.53,16638784
154871,0.05,1.02,0.09,-2.11,2.11,-1.34,0.14,0.46,0.74,-375.21,-10.96,74.28,16638508
154884,0.05,1.02,0.09,-2.14,1.95,-1.34,0.14,0.34,0.58,-321.11,39.43,46.23,16634072
154895,0.05,1.02,0.09,-2.26,2.26,-1.46,0.16,0.22,0.50,-243.35,57.40,50.93,16633320
154907,0.05,1.02,0.09,-2.14,1.80,-1.59,0.20,0.12,0.51,-173.31,44.43,63.81,16634131
154918,0.05,1.02,0.10,-2.29,2.23,-1.34,0.23,0.02,0.65,-153.81,9.67,63.69,16636246
154930,0.05,1.02,0.10,-2.26,2.20,-1.25,0.25,-0.05,0.74,-133.88,22.61,83.44,16635594
154942,0.05,1.02,0.09,-2.41,1.98,-1.50,0.24,-0.12,0.79,-115.91,19.81,79.10,16633633
154953,0.05,1.02,0.09,-2.41,2.11,-1.13,0.22,-0.18,0.81,-97.35,22.83,70.16,16632593
154966,0.05,1.02,0.09,-2.44,2.08,-1.34,0.21,-0.24,0.81,-84.99,39.34,47.00,16635249
154977,0.05,1.02,0.09,-2.47,2.11,-1.22,0.19,-0.28,0.81,-69.34,38.94,11.54,16636884
154989,0.05,1.02,0.09,-2.53,2.23,-1.16,0.19,-0.27,0.80,-34.48,62.16,29.91,16635504
155000,0.05,1.02,0.09,-2.41,1.80,-1.25,0.22,-0.25,0.81,14.04,75.68,50.87,16635080
155013,0.05,1.02,0.09,-2.14,1.89,-1.40,0.23,-0.27,0.83,58.99,50.84,29.24,16636972
155024,0.05,1.02,0.09,-2.11,1.86,-1.04,0.21,-0.31,0.85,113.86,30.55,25.88,16636050
155035,0.05,1.02,0.09,-2.14,1.83,-1.16,0.20,-0.31,0.88,162.35,34.42,19.56,16634798
155047,0.05,1.02,0.09,-2.35,2.23,-1.37,0.18,-0.31,0.89,209.56,23.93,5.77,16635596
155059,0.05,1.02,0.09,-2.32,2.08,-1.10,0.15,-0.30,0.91,248.38,-1.80,-8.06,16632043
155071,0.05,1.02,0.09,-2.38,2.20,-1.22,0.13,-0.30,0.93,297.21,-26.76,-23.44,16631262
155082,0.05,1.02,0.09,-2.26,2.14,-1.28,0.09,-0.28,0.93,338.32,-61.71,-48.52,16633849
155095,0.05,1.02,0.09,-2.20,2.11,-1.28,0.06,-0.26,0.89,383.82,-85.75,-79.65,16635877
155106,0.05,1.02,0.09,-2.20,2.01,-1.25,0.06,-0.22,0.84,448.82,-92.29,-99.91,16634567
155118,0.05,1.02,0.09,-2.17,2.08,-1.10,0.07,-0.16,0.77,515.93,-87.74,-122.62,16634116
155129,0.05,1.02,0.09,-2.26,2.26,-1.28,0.08,-0.04,0.70,569.46,-79.59,-150.63,16635318
155142,0.05,1.02,0.09,-2.38,2.04,-1.25,0.10,0.11,0.64,605.99,-58.93,-176.73,16637337
155153,0.05,1.02,0.09,-2.26,1.98,-1.16,0.12,0.30,0.59,616.18,-50.57,-202.33,16636016
155164,0.05,1.02,0.09,-2.35,2.01,-1.40,0.11,0.49,0.57,568.66,-55.76,-221.59,16635589
155176,0.05,1.02,0.09,-2.53,2.23,-1.37,0.09,0.67,0.56,524.66,-59.33,-228.06,16634457
155188,0.05,1.02,0.09,-2.32,2.08,-1.65,0.09,0.84,0.55,505.80,-38.42,-207.64,16633892
155200,0.05,1.02,0.09,-2.69,1.86,-1.53,0.13,0.99,0.52,518.52,-22.31,-139.89,16634152
155211,0.05,1.02,0.09,-2.47,1.89,-1.22,0.19,1.10,0.51,519.87,-22.83,-73.18,16634665
155224,0.05,1.02,0.09,-2.38,2.14,-1.34,0.19,1.15,0.48,485.05,-47.76,-17.58,16636557
155235,0.05,1.02,0.09,-2.26,1.98,-1.10,0.16,1.14,0.39,448.06,-53.89,-2.35,16639443
155247,0.05,1.02,0.09,-2.72,2.08,-1.13,0.09,1.10,0.32,399.08,-31.43,-32.17,16634515
155258,0.05,1.02,0.10,-0.03,1.80,-1.56,0.06,1.09,0.24,370.33,4.73,-62.10,16632389
155270,0.05,1.02,0.10,0.67,2.35,-1.83,0.07,1.12,0.19,310.88,9.52,-40.16,16634733
155282,0.05,1.02,0.09,-0.67,2.08,-1.40,0.08,1.15,0.06,271.27,0.64,-8.03,16635482
155293,0.05,1.02,0.09,-2.11,2.14,-1.80,0.04,1.12,-0.07,303.31,-5.10,-34.85,16637156
155305,0.05,1.02,0.09,-2.75,1.92,-1.46,0.06,1.08,-0.14,322.36,-5.43,-15.50,16637060
155317,0.05,1.03,0.09,-2.90,1.95,-1.10,0.10,1.08,-0.13,269.13,4.15,51.57,16638232
155329,0.05,1.02,0.09,-3.02,1.92,-1.16,0.06,1.11,-0.11,164.79,0.55,41.26,16636987
155340,0.05,1.02,0.09,-3.69,2.01,-1.22,0.02,1.12,-0.09,89.87,-9.22,1.50,16636340
155353,0.05,1.02,0.09,-2.66,2.04,-1.25,0.02,1.09,-0.11,45.62,-24.26,-10.86,16635719
155364,0.05,1.03,0.09,-1.50,1.92,-1.16,0.00,1.02,-0.15,13.18,-27.89,-26.67,16632738
155376,0.05,1.02,0.10,-1.71,1.95,-1.25,-0.01,0.96,-0.22,-5.55,-12.39,-29.72,16634104
155387,0.05,1.02,0.09,-2.14,1.86,-1.28,-0.04,0.94,-0.30,-30.43,4.85,-49.19,16634524
155399,0.05,1.02,0.09,-2.41,2.14,-1.56,-0.05,0.96,-0.37,-64.88,38.30,-65.09,16633575
155411,0.05,1.02,0.09,-2.23,1.98,-1.34,-0.06,1.01,-0.39,-111.08,64.36,-93.51,16635176
155422,0.05,1.02,0.09,-2.26,1.86,-1.16,-0.07,1.06,-0.40,-146.85,60.46,-109.99,16634101
155435,0.05,1.02,0.09,-2.38,1.98,-1.04,-0.04,1.11,-0.39,-128.66,53.62,-96.65,16633505
155446,0.05,1.02,0.09,-2.93,1.98,-1.53,-0.01,1.16,-0.36,-116.46,28.14,-20.54,16635659
155458,0.05,1.02,0.09,-2.26,2.23,-1.34,0.04,1.18,-0.33,-154.85,5.19,46.66,16637239
155469,0.05,1.02,0.10,-2.04,2.04,-1.25,-0.00,1.21,-0.27,-221.31,1.19,39.34,16631670
155482,0.05,1.02,0.09,-2.26,1.95,-1.25,-0.06,1.24,-0.25,-299.19,11.38,23.53,16632297
155493,0.05,1.02,0.09,-2.53,1.92,-1.46,-0.09,1.25,-0.27,-326.23,31.89,4.33,16634905
155505,0.05,1.02,0.09,-2.59,1.83,-1.07,-0.08,1.26,-0.25,-358.46,37.90,4.15,16633151
155516,0.05,1.02,0.09,-2.23,2.23,-1.37,-0.06,1.28,-0.18,-371.22,28.44,11.54,16631562
155528,0.05,1.02,0.09,-2.41,1.92,-1.04,-0.05,1.28,-0.10,-381.99,-0.12,22.13,16635919
155540,0.05,1.02,0.09,-2.41,2.11,-1.34,-0.03,1.25,-0.03,-383.94,-25.15,34.30,16635492
155551,0.05,1.02,0.09,-1.95,2.14,-1.40,-0.01,1.19,0.03,-386.26,-39.00,54.50,16635353
155564,0.05,1.02,0.09,-2.26,1.92,-1.34,0.02,1.13,0.10,-395.66,-48.74,73.03,16636626
155575,0.05,1.02,0.09,-2.17,2.04,-1.28,0.02,1.08,0.17,-427.12,-30.76,70.71,16637559
155587,0.05,1.02,0.09,-2.50,1.89,-1.28,0.01,1.08,0.27,-475.19,-60.85,65.37,16636286
155598,0.05,1.02,0.09,-2.44,1.83,-0.79,0.04,1.06,0.31,-507.26,-25.33,91.16,16635818
155611,0.05,1.02,0.09,-2.62,2.32,-1.40,0.04,1.02,0.36,-545.56,-47.42,90.85,16635502
155622,0.05,1.02,0.09,-2.26,2.01,-1.22,0.04,0.93,0.38,-503.27,-41.41,63.84,16635350
155634,0.05,1.02,0.09,-2.23,2.14,-1.34,0.09,0.82,0.47,-492.83,-18.52,97.20,16633282
155645,0.05,1.02,0.09,-1.92,2.17,-1.37,0.10,0.76,0.58,-485.53,-71.56,89.75,16633428
155657,0.05,1.02,0.09,-2.17,1.77,-1.25,0.09,0.71,0.67,-461.91,-59.88,75.01,16635064
155669,0.05,1.02,0.09,-2.44,1.95,-1.28,0.08,0.63,0.67,-422.42,-41.08,75.65,16634758
155680,0.05,1.02,0.09,-2.29,1.86,-1.43,0.06,0.53,0.61,-367.34,-7.72,43.85,16634489
155693,0.05,1.02,0.09,-1.89,2.14,-1.34,0.07,0.46,0.58,-300.23,46.84,53.83,16636175
155704,0.05,1.02,0.09,-2.26,2.01,-1.25,0.12,0.36,0.67,-255.71,26.82,52.28,16634950
155716,0.05,1.02,0.09,-2.04,1.98,-1.22,0.12,0.27,0.75,-220.49,10.41,47.45,16632949
155727,0.05,1.02,0.09,-2.26,2.01,-1.53,0.11,0.18,0.81,-204.77,26.58,32.65,16634896
155740,0.05,1.02,0.09,-2.50,1.98,-1.16,0.15,0.09,0.83,-183.07,15.44,34.58,16637579
155751,0.05,1.02,0.09,-2.01,2.11,-1.04,0.14,-0.03,0.87,-145.75,13.55,10.50,16636810
155762,0.05,1.02,0.09,-2.11,2.11,-1.34,0.14,-0.09,0.92,-140.66,2.14,0.64,16635140
155774,0.05,1.02,0.09,-2.66,1.95,-1.31,0.20,-0.12,0.93,-87.34,38.97,64.45,16637842
155786,0.05,1.02,0.09,-2.44,2.01,-1.34,0.16,-0.15,0.96,-98.02,-49.62,-1.37,16636664
155798,0.05,1.02,0.09,-2.47,2.26,-1.22,0.14,-0.16,0.93,-62.77,-3.60,-22.64,16635291
155809,0.05,1.02,0.09,-2.69,2.32,-1.10,0.16,-0.13,0.95,-23.71,12.88,-8.30,16636812
155822,0.05,1.02,0.09,-2.47,2.20,-1.28,0.18,-0.11,1.01,-11.63,-2.38,-1.25,16637118
155833,0.05,1.02,0.09,-2.44,2.20,-1.01,0.18,-0.11,1.04,-10.65,0.37,-9.31,16638421
155845,0.05,1.02,0.09,-2.47,2.08,-1.04,0.19,-0.14,1.03,9.25,9.22,-12.30,16635582
155856,0.05,1.02,0.09,-2.41,1.92,-1.16,0.20,-0.14,1.05,10.13,0.21,-4.79,16636376
155869,0.05,1.02,0.09,-2.14,2.23,-1.31,0.20,-0.13,1.06,1.25,-2.66,-5.46,16636963
155880,0.05,1.02,0.09,-2.75,1.98,-1.34,0.19,-0.12,1.03,4.18,9.95,-12.39,16636623
155892,0.05,1.02,0.09,-2.35,2.01,-1.37,0.19,-0.11,0.98,35.98,15.87,-13.09,16635012
155904,0.05,1.02,0.09,-2.26,1.98,-1.37,0.20,-0.09,0.98,63.35,14.34,-1.04,16633646
155915,0.05,1.02,0.09,-2.14,1.95,-1.22,0.20,-0.08,1.00,69.21,12.33,0.43,16634615
155927,0.05,1.02,0.09,-2.50,2.08,-1.28,0.18,-0.08,1.00,70.22,9.34,-0.21,16635338
155938,0.05,1.02,0.09,-2.23,2.17,-1.31,0.18,-0.08,0.98,84.90,11.75,-3.66,16635503
155951,0.05,1.02,0.09,-2.38,1.80,-1.22,0.18,-0.09,0.96,117.98,13.98,-4.73,16635909
155962,0.05,1.02,0.09,-2.29,1.89,-1.46,0.18,-0.09,0.95,158.02,11.05,-2.44,16635172
155974,0.05,1.02,0.09,-2.20,2.04,-1.43,0.17,-0.09,0.95,197.14,7.90,-4.64,16634898
155985,0.05,1.02,0.09,-2.11,2.04,-1.25,0.16,-0.08,0.96,241.88,1.43,-8.82,16636074
155998,0.05,1.02,0.09,-2.41,2.08,-1.43,0.15,-0.07,0.93,301.88,1.28,-18.01,16636890
156009,0.05,1.02,0.09,-2.32,2.08,-1.31,0.13,-0.05,0.89,372.01,2.87,-36.22,16635534
156020,0.05,1.02,0.09,-2.20,2.20,-1.37,0.13,-0.00,0.84,467.96,-4.00,-70.43,16633652
156033,0.05,1.02,0.09,-2.38,2.14,-1.22,0.11,0.07,0.76,553.53,-7.08,-103.06,16637332
156044,0.05,1.02,0.09,-2.38,1.86,-1.28,0.11,0.19,0.68,616.15,10.25,-106.20,16637357
156056,0.05,1.02,0.09,-2.47,2.23,-0.95,0.11,0.33,0.61,657.14,22.37,-86.27,16636735
156067,0.05,1.02,0.09,-2.66,2.08,-1.46,0.11,0.48,0.56,693.63,2.59,-66.44,16637054
156080,0.05,1.02,0.09,-2.29,2.04,-1.40,0.11,0.65,0.55,683.11,-11.20,-41.99,16637521
156091,0.05,1.02,0.09,-2.47,2.08,-1.37,0.09,0.75,0.51,668.00,-35.83,-27.04,16636504
156103,0.05,1.02,0.09,-2.32,2.14,-1.28,0.08,0.86,0.46,661.90,-37.87,-14.16,16638099
156114,0.05,1.02,0.09,-2.26,2.01,-1.10,0.08,0.94,0.40,625.82,-42.36,-25.09,16639463
156127,0.05,1.02,0.09,-2.01,2.20,-1.37,0.07,1.02,0.35,547.94,-38.57,-30.64,16637481
156138,0.05,1.02,0.09,-2.38,1.98,-1.43,0.08,1.10,0.29,460.66,-28.87,-23.93,16632607
156149,0.05,1.03,0.09,-3.66,1.83,-0.58,0.08,1.19,0.23,353.94,-35.06,-23.86,16632120
156162,0.05,1.03,0.09,-4.33,2.41,-1.59,0.08,1.21,0.15,297.30,-18.25,-50.08,16634002
156173,0.05,1.02,0.09,-4.33,2.04,-1.37,0.08,1.21,0.09,210.91,-8.24,-46.02,16635165
156185,0.05,1.02,0.09,-3.66,2.08,-1.10,0.07,1.18,0.01,175.23,3.88,-52.55,16635409
156196,0.05,1.02,0.09,-2.75,2.01,-1.37,0.07,1.17,-0.08,149.99,6.44,-27.95,16635607
156209,0.05,1.03,0.10,-1.07,2.08,-1.10,0.08,1.16,-0.15,122.31,8.33,-24.60,16636706
156220,0.05,1.03,0.10,-1.19,1.98,-1.28,0.07,1.17,-0.18,67.78,9.89,-4.73,16635283
156232,0.05,1.02,0.09,-2.26,1.80,-1.10,0.03,1.13,-0.21,45.93,-0.06,-25.18,16633054
156243,0.05,1.02,0.09,-2.81,1.95,-1.40,0.04,1.09,-0.24,38.64,-0.06,-2.32,16634152
156256,0.05,1.02,0.09,-2.32,2.08,-1.37,0.03,1.07,-0.26,17.27,-10.38,13.46,16635242
156267,0.05,1.03,0.10,-1.98,1.95,-0.92,0.01,1.06,-0.26,-3.20,-6.16,1.50,16634690
156278,0.05,1.02,0.09,-2.62,1.95,-1.28,0.00,1.07,-0.26,-35.68,2.44,2.08,16635580
156291,0.05,1.02,0.09,-3.05,1.95,-1.22,0.00,1.06,-0.30,-46.91,8.94,2.23,16637741
156302,0.05,1.02,0.09,-2.32,1.98,-1.16,-0.01,1.02,-0.37,-16.66,11.72,-0.52,16636608
156314,0.05,1.02,0.09,-1.80,1.86,-1.28,-0.01,0.99,-0.40,6.41,9.16,-2.23,16633630
156325,0.05,1.02,0.09,-2.20,1.89,-1.50,0.00,0.99,-0.39,-9.09,18.34,-0.89,16635818
156338,0.05,1.02,0.09,-2.72,2.04,-1.37,0.00,1.00,-0.37,-25.15,25.24,-3.27,16635148
156349,0.05,1.02,0.09,-2.66,2.11,-1.34,0.02,1.04,-0.35,-55.08,20.60,8.39,16637131
156361,0.05,1.02,0.09,-2.17,1.89,-1.34,0.03,1.08,-0.30,-94.79,21.42,20.39,16636881
156372,0.05,1.02,0.09,-2.23,2.08,-1.10,0.04,1.11,-0.24,-143.07,25.76,28.56,16635997
156385,0.05,1.02,0.09,-2.66,1.83,-1.22,0.04,1.12,-0.18,-207.49,21.94,38.18,16635112
156396,0.05,1.02,0.09,-2.41,2.14,-1.16,0.04,1.13,-0.13,-256.10,17.76,37.84,16633140
156407,0.05,1.02,0.10,-2.11,2.14,-1.40,0.05,1.14,-0.12,-302.86,19.90,44.43,16634947
156420,0.05,1.02,0.09,-2.14,2.01,-1.46,0.06,1.16,-0.08,-357.03,15.69,50.17,16635476
156431,0.05,1.02,0.09,-2.78,1.71,-1.10,0.06,1.17,-0.07,-388.61,23.96,39.03,16635257
156443,0.05,1.02,0.09,-2.66,1.89,-1.25,0.04,1.15,-0.04,-432.31,57.07,13.61,16634136
156454,0.05,1.02,0.09,-1.95,2.38,-1.25,0.07,1.11,0.02,-463.96,60.70,8.70,16634597
156467,0.05,1.02,0.09,-1.65,1.95,-1.53,0.10,1.08,0.08,-448.27,51.06,3.97,16633802
156478,0.05,1.02,0.09,-2.35,2.17,-0.98,0.11,1.07,0.17,-477.05,14.53,16.78,16635456
156490,0.05,1.02,0.09,-2.78,2.20,-1.16,0.12,1.10,0.27,-512.88,11.81,25.30,16635649
156502,0.05,1.02,0.09,-2.04,1.98,-1.40,0.11,1.10,0.34,-561.00,0.67,18.52,16634189
156514,0.05,1.02,0.09,-1.83,2.04,-1.28,0.11,1.07,0.38,-570.28,23.59,8.39,16634629
156525,0.05,1.02,0.09,-2.62,1.98,-1.43,0.08,1.02,0.42,-585.85,-3.81,-24.99,16633717
156536,0.05,1.02,0.09,-2.62,2.23,-0.92,0.08,0.92,0.42,-557.65,32.04,-34.55,16635068
156549,0.05,1.02,0.09,-2.32,1.95,-1.31,0.11,0.79,0.46,-511.63,34.61,-35.61,16637064
156560,0.05,1.02,0.10,-1.92,1.98,-1.13,0.10,0.68,0.57,-466.13,0.92,-24.35,16637234
156572,0.05,1.02,0.09,-2.20,2.04,-1.37,0.11,0.62,0.70,-434.02,-23.90,-11.26,16633717
156583,0.05,1.02,0.09,-2.53,2.20,-1.25,0.09,0.58,0.81,-432.43,-54.20,-4.70,16634181
156596,0.05,1.02,0.09,-2.44,2.32,-1.50,0.08,0.51,0.81,-389.71,-46.08,-0.92,16635087
156607,0.05,1.02,0.09,-2.17,2.08,-1.19,0.09,0.39,0.79,-314.09,-23.35,1.46,16632126
156619,0.05,1.02,0.09,-2.08,1.98,-1.16,0.08,0.28,0.76,-257.75,-15.44,-8.39,16634186
156631,0.05,1.02,0.09,-2.17,2.01,-1.16,0.08,0.20,0.77,-228.76,5.98,-11.72,16636145
156643,0.05,1.02,0.09,-2.17,2.23,-1.43,0.10,0.14,0.80,-210.39,4.79,-6.44,16635645
156654,0.05,1.02,0.09,-2.14,1.92,-1.43,0.11,0.08,0.84,-163.51,2.44,19.93,16634949
156665,0.05,1.02,0.09,-2.66,2.14,-1.22,0.13,-0.01,0.92,-139.74,-12.88,28.17,16635698
156678,0.05,1.02,0.09,-2.75,2.01,-1.16,0.11,-0.11,1.02,-124.82,-37.17,-5.95,16633523
156689,0.05,1.02,0.09,-2.35,2.20,-1.22,0.11,-0.16,1.12,-146.70,-45.72,-17.70,16636121
156701,0.05,1.02,0.09,-2.17,2.11,-1.31,0.13,-0.22,1.16,-136.54,-65.25,-15.44,16636387
156712,0.05,1.02,0.09,-2.29,2.01,-1.07,0.15,-0.23,1.06,-107.12,-31.25,39.09,16633647
156725,0.05,1.02,0.09,-2.29,1.92,-1.31,0.16,-0.29,0.93,-83.89,2.50,9.61,16635911
156736,0.05,1.02,0.09,-2.11,2.08,-1.28,0.15,-0.32,0.94,-32.71,0.85,-18.92,16637118
156748,0.05,1.02,0.09,-1.98,2.17,-1.28,0.18,-0.31,0.99,-4.88,1.04,3.94,16636885
156760,0.05,1.02,0.09,-2.41,1.77,-1.50,0.18,-0.30,1.05,1.83,-9.98,15.96,16635717
156771,0.05,1.02,0.09,-2.56,2.01,-1.19,0.18,-0.33,1.03,25.42,6.41,-2.47,16634556
156783,0.05,1.02,0.09,-2.23,2.08,-1.25,0.18,-0.30,1.01,36.99,-3.39,-4.85,16633371
156794,0.05,1.02,0.09,-2.04,1.92,-1.22,0.20,-0.25,0.98,52.25,-10.25,10.13,16634206
156807,0.05,1.02,0.09,-2.14,2.20,-1.43,0.19,-0.22,0.96,69.18,-2.69,4.12,16635203
156818,0.05,1.02,0.09,-2.50,1.98,-1.22,0.18,-0.20,0.89,100.92,10.56,5.43,16635867
156830,0.05,1.02,0.09,-2.26,2.26,-1.37,0.18,-0.18,0.83,147.58,4.27,12.45,16636827
156841,0.05,1.02,0.09,-2.04,1.92,-1.31,0.19,-0.17,0.77,218.44,7.75,14.83,16636669
156854,0.05,1.02,0.09,-2.23,2.08,-1.28,0.18,-0.16,0.74,285.64,5.10,14.86,16636878
156865,0.05,1.02,0.09,-2.41,2.08,-1.34,0.18,-0.16,0.71,361.63,1.40,12.85,16635410
156877,0.05,1.02,0.09,-2.44,2.01,-1.40,0.17,-0.15,0.67,438.23,1.16,-2.38,16632885
156889,0.05,1.02,0.09,-2.35,1.92,-1.37,0.15,-0.12,0.62,507.84,-3.11,-16.11,16636141
156900,0.05,1.02,0.09,-2.35,1.98,-1.22,0.15,-0.05,0.57,564.12,-2.11,-19.65,16639003
156912,0.05,1.02,0.09,-2.41,1.95,-1.22,0.15,0.06,0.53,596.68,9.61,-23.38,16637660
156923,0.05,1.02,0.09,-2.26,2.08,-1.34,0.13,0.20,0.53,576.78,16.60,-0.31,16633699
156936,0.05,1.02,0.09,-2.14,2.04,-1.34,0.12,0.34,0.55,565.25,14.98,-8.67,16631748
156947,0.05,1.02,0.09,-2.20,2.17,-1.31,0.10,0.46,0.56,548.31,3.14,-9.77,16633377
156959,0.05,1.02,0.09,-2.04,1.98,-1.34,0.10,0.57,0.58,517.70,-2.32,-6.10,16636283
156971,0.05,1.02,0.09,-2.44,1.86,-1.43,0.09,0.68,0.61,476.01,-8.97,-14.74,16638216
156983,0.05,1.02,0.09,-2.29,1.98,-1.43,0.09,0.79,0.64,425.45,-16.97,-31.22,16639755
156994,0.05,1.02,0.09,-2.53,1.95,-1.10,0.09,0.88,0.64,385.16,-17.64,-32.99,16639560
157006,0.05,1.03,0.09,-2.99,2.08,-0.52,0.11,0.98,0.62,299.50,-20.84,-35.16,16639746
157018,0.05,1.03,0.09,-3.97,1.95,-1.16,0.09,1.06,0.58,299.22,-22.13,-48.37,16635354
157029,0.05,1.02,0.09,-5.92,1.62,-0.92,0.09,1.11,0.58,217.53,-32.41,-47.09,16633652
157041,0.05,1.02,0.09,-6.20,2.14,-0.82,0.10,1.18,0.52,127.99,-2.17,-40.92,16636418
157052,0.05,1.02,0.09,-3.88,1.86,-1.28,0.07,1.18,0.43,83.68,25.91,-49.29,16637050
157065,0.05,1.03,0.10,-0.52,2.14,-1.28,0.09,1.17,0.34,79.44,-22.52,-52.15,16636092
157076,0.05,1.03,0.10,-0.31,2.26,-1.10,0.08,1.11,0.24,130.49,3.02,-47.82,16636064
157088,0.05,1.02,0.09,-1.43,2.11,-1.31,0.05,1.11,0.18,80.81,-3.39,-56.30,16635865
157100,0.05,1.02,0.09,-2.66,2.14,-1.40,0.02,1.09,0.15,65.09,-13.67,-67.60,16634665
157112,0.05,1.03,0.09,-1.95,2.04,-1.25,0.01,1.09,0.12,79.13,-9.80,-59.23,16635104
157123,0.05,1.03,0.09,-2.38,2.04,-1.25,0.15,1.55,0.19,171.60,109.56,-135.83,16634277
157135,0.05,1.02,0.09,-2.72,1.92,-1.34,0.16,1.37,0.19,144.81,56.27,-6.38,16633873
157147,0.05,1.02,0.09,-2.81,1.68,-1.40,0.05,1.30,0.24,80.75,23.13,4.82,16634557
157158,0.05,1.03,0.10,-1.89,1.95,-1.31,0.03,1.25,0.26,26.61,31.01,5.31,16636158
157170,0.05,1.03,0.10,-1.34,1.86,-1.43,0.02,1.19,0.21,7.66,14.74,-0.15,16636701
157181,0.05,1.02,0.09,-2.38,2.08,-1.22,0.03,1.13,0.16,15.69,36.65,1.89,16634608
157194,0.05,1.02,0.09,-2.75,1.98,-1.10,0.03,1.09,0.15,30.67,46.91,13.21,16638994
157205,0.05,1.02,0.09,-2.50,1.98,-1.34,0.03,1.06,0.16,73.58,58.90,22.31,16638258
157217,0.05,1.02,0.09,-2.17,1.98,-1.19,0.03,1.02,0.17,127.23,60.70,21.48,16636428
157229,0.05,1.02,0.09,-2.81,1.95,-1.19,0.05,0.99,0.18,190.86,94.79,15.53,16637540
157241,0.05,1.02,0.09,-2.62,1.86,-1.34,0.04,1.01,0.12,9.28,39.98,-126.62,16635241
157252,0.05,1.02,0.09,-2.38,2.17,-1.59,0.09,1.10,0.04,-44.46,101.07,-2.50,16633700
157263,0.05,1.02,0.09,-1.95,1.95,-1.56,0.06,1.06,0.01,-103.27,78.46,54.87,16635657
157276,0.05,1.02,0.09,-2.38,2.14,-1.10,0.01,1.06,-0.04,-95.31,-17.67,-5.89,16638020
157287,0.05,1.02,0.09,-2.26,1.95,-1.50,0.00,1.01,-0.06,-19.07,-33.72,-2.08,16636579
157299,0.05,1.02,0.09,-2.44,2.04,-1.31,0.04,1.00,-0.04,-12.39,-26.37,-4.00,16636813
157310,0.05,1.02,0.09,-2.47,2.17,-1.37,0.05,1.00,-0.02,0.76,3.45,-1.01,16635449
157323,0.05,1.02,0.09,-2.50,2.11,-1.50,0.05,1.00,-0.00,-2.23,7.72,-1.50,16635481
157334,0.05,1.02,0.10,-2.38,2.01,-1.59,0.04,1.00,0.01,0.12,3.60,-1.16,16637838
157346,0.05,1.02,0.10,-2.20,2.17,-1.25,0.04,1.01,0.01,-1.56,1.01,-0.95,16636413
157358,0.05,1.02,0.10,-1.65,1.71,-1.19,0.04,1.01,0.02,-1.10,0.82,-0.82,16635113
157369,0.05,1.02,0.09,-2.20,1.92,-1.37,0.04,1.01,0.03,-0.95,0.61,-1.04,16635738
157381,0.05,1.02,0.09,-2.41,2.20,-1.13,0.04,1.01,0.03,-0.92,0.67,-0.85,16637227
157392,0.05,1.02,0.09,-2.41,2.04,-1.10,0.04,1.01,0.03,-0.55,0.61,-0.85,16634110
157405,0.05,1.02,0.09,-2.38,2.01,-1.43,0.04,1.01,0.03,-1.62,0.89,-0.70,16633962
157416,0.05,1.02,0.09,-2.23,1.98,-1.25,0.04,1.01,0.03,-0.15,0.85,-0.89,16636454
157428,0.05,1.02,0.09,-2.47,1.89,-1.25,0.04,1.01,0.03,-1.04,1.86,-0.92,16637552
157440,0.05,1.02,0.10,-2.41,1.86,-1.43,0.04,1.01,0.03,-0.79,2.04,-1.07,16635937
157452,0.05,1.02,0.10,-2.20,1.89,-1.22,0.04,1.01,0.03,-0.79,2.11,-1.07,16633610
157463,0.05,1.02,0.10,-2.11,1.83,-1.28,0.04,1.01,0.03,-1.25,2.11,-0.92,16633410
157474,0.05,1.02,0.09,-2.23,2.04,-1.53,0.04,1.01,0.03,-1.10,1.95,-1.22,16632545
157487,0.05,1.02,0.09,-2.29,1.77,-1.28,0.04,1.01,0.04,-0.67,2.11,-0.73,16633872
157498,0.05,1.02,0.09,-2.35,1.98,-1.34,0.04,1.01,0.04,-0.79,1.92,-0.92,16637284
157510,0.05,1.02,0.09,-2.11,2.08,-1.34,0.04,1.01,0.04,-0.76,1.68,-1.04,16637336
157521,0.05,1.02,0.09,-2.44,2.01,-1.16,0.04,1.01,0.03,-0.73,1.34,-0.79,16634160
157534,0.05,1.02,0.09,-2.53,1.95,-1.19,0.04,1.01,0.03,-1.07,1.16,-0.95,16632937
157545,0.05,1.02,0.09,-2.32,1.89,-1.37,0.04,1.01,0.03,-1.04,0.95,-0.85,16637735
157557,0.05,1.02,0.09,-2.35,1.95,-1.40,0.04,1.01,0.03,-1.10,0.73,-0.95,16640231
157569,0.05,1.02,0.09,-2.08,2.01,-1.68,0.04,1.01,0.03,-1.22,0.61,-0.79,16635791
157581,0.05,1.02,0.09,-2.14,1.98,-1.46,0.04,1.01,0.04,-1.10,0.46,-0.73,16633328
157592,0.05,1.02,0.09,-2.26,1.92,-1.50,0.04,1.01,0.03,-0.73,0.67,-0.82,16634461
157603,0.05,1.02,0.09,-2.38,2.26,-0.98,0.04,1.01,0.03,-0.85,0.98,-0.73,16633885
157616,0.05,1.02,0.09,-2.26,2.01,-1.34,0.04,1.01,0.03,-0.92,1.71,-0.82,16634195
157627,0.05,1.02,0.09,-2.14,2.26,-1.19,0.04,1.01,0.03,-0.79,1.65,-0.79,16633939
157639,0.05,1.02,0.09,-2.41,2.20,-1.56,0.04,1.01,0.03,-1.10,0.82,-1.01,16635709
157650,0.05,1.02,0.10,-2.04,2.01,-1.46,0.04,1.01,0.03,-1.46,0.67,-1.01,16634389
157663,0.05,1.02,0.09,-2.29,1.89,-1.34,0.04,1.01,0.04,-1.01,0.52,-0.82,16636892
157674,0.05,1.02,0.09,-2.11,2.04,-1.28,0.04,1.01,0.04,-1.01,0.52,-0.89,16635553
157686,0.05,1.02,0.09,-2.38,2.17,-1.43,0.04,1.01,0.03,-0.92,0.64,-0.67,16635568
157698,0.05,1.02,0.09,-2.44,1.98,-1.31,0.04,1.01,0.03,-0.92,0.52,-1.01,16635538
157709,0.05,1.02,0.09,-2.38,2.17,-1.40,0.04,1.01,0.04,-0.95,0.70,-0.92,16634509
157721,0.05,1.02,0.09,-2.26,2.20,-1.10,0.04,1.01,0.04,-0.64,0.98,-0.89,16635987
157732,0.05,1.02,0.09,-2.44,2.20,-1.37,0.04,1.01,0.03,-0.52,1.62,-0.76,16635483
157745,0.05,1.02,0.09,-2.20,1.92,-1.19,0.04,1.01,0.03,-0.70,1.98,-1.10,16634570
157756,0.05,1.02,0.09,-2.14,1.86,-1.46,0.04,1.01,0.03,-0.64,1.34,-1.04,16634765
157768,0.05,1.02,0.09,-2.29,2.26,-1.43,0.04,1.01,0.03,-0.95,0.46,-0.95,16632903
157779,0.05,1.02,0.09,-2.32,2.14,-1.34,0.04,1.01,0.03,-0.82,0.21,-0.92,16633977
157792,0.05,1.02,0.09,-2.44,2.04,-1.37,0.04,1.01,0.03,-0.95,0.67,-0.98,16633809
157803,0.05,1.02,0.09,-2.29,1.92,-1.46,0.04,1.01,0.03,-0.73,0.61,-0.82,16635323
157814,0.05,1.02,0.09,-2.29,2.01,-1.31,0.04,1.01,0.03,-1.07,0.85,-0.61,16634545
157827,0.05,1.02,0.09,-2.29,2.04,-1.19,0.04,1.01,0.03,-0.67,0.79,-0.89,16635283
157838,0.05,1.02,0.09,-2.32,2.01,-1.19,0.04,1.01,0.03,-1.10,0.58,-1.07,16637080
157850,0.05,1.02,0.09,-2.11,2.04,-1.34,0.04,1.01,0.03,-0.76,0.79,-0.82,16635521
157861,0.05,1.02,0.09,-2.38,1.86,-1.28,0.04,1.01,0.03,-0.61,0.58,-0.89,16631082
157874,0.05,1.02,0.09,-2.23,1.86,-1.13,0.04,1.01,0.04,-1.01,0.58,-0.92,16631441
157885,0.05,1.02,0.09,-2.41,1.95,-1.43,0.04,1.01,0.03,-0.85,0.82,-0.92,16635810
157897,0.05,1.02,0.09,-2.20,2.14,-1.22,0.04,1.01,0.03,-0.76,0.89,-0.67,16637803
157908,0.05,1.02,0.09,-2.41,2.04,-1.22,0.04,1.01,0.03,-0.73,1.07,-0.92,16635886
157921,0.05,1.02,0.09,-2.26,2.01,-1.04,0.04,1.01,0.03,-0.95,0.98,-0.79,16633893
157932,0.05,1.02,0.09,-2.17,1.92,-1.37,0.04,1.01,0.03,-1.10,0.92,-0.85,16632823
157943,0.05,1.02,0.09,-2.17,1.89,-1.50,0.04,1.01,0.03,-0.98,0.82,-0.89,16635957
157956,0.05,1.02,0.09,-2.26,1.89,-1.28,0.04,1.01,0.03,-0.89,1.07,-1.07,16636093
157967,0.05,1.02,0.09,-2.01,1.98,-1.40,0.04,1.01,0.03,-1.13,0.67,-0.67,16633842
157979,0.05,1.02,0.09,-2.26,2.08,-1.53,0.04,1.01,0.03,-0.85,0.73,-0.89,16634411
157990,0.05,1.02,0.09,-2.14,2.20,-0.98,0.04,1.01,0.03,-0.85,0.85,-0.92,16634721
158003,0.05,1.02,0.09,-2.35,2.20,-0.95,0.04,1.01,0.04,-0.85,0.82,-0.82,16633947
158014,0.05,1.02,0.09,-2.66,2.08,-1.04,0.04,1.01,0.03,-0.85,0.98,-0.92,16636531
158026,0.05,1.02,0.09,-3.02,2.11,-1.56,0.04,1.01,0.03,-0.79,0.79,-0.82,16635658
158038,0.05,1.02,0.09,-2.96,2.17,-1.46,0.04,1.01,0.03,-0.95,1.28,-1.04,16635251
158049,0.05,1.02,0.09,-2.26,2.84,-1.46,0.04,1.01,0.03,-0.85,1.50,-0.70,16633957
158061,0.03,1.02,0.10,-2.87,6.62,-1.53,0.04,1.01,0.03,-0.09,1.28,-0.67,16635783
158072,0.02,1.02,0.11,-2.96,9.92,-1.40,0.04,1.01,0.03,0.79,0.34,-0.85,16637775
158085,0.03,1.02,0.10,-3.72,10.71,-1.40,0.04,1.01,0.03,0.52,0.52,-0.76,16638471
158096,0.06,1.02,0.10,-3.88,8.51,-2.11,0.04,1.01,0.04,5.62,3.75,-0.76,16636514
158108,0.07,1.02,0.09,-2.69,3.63,-1.53,0.04,1.00,0.05,12.54,22.09,1.86,16637135
158119,0.08,1.03,0.09,-1.92,1.22,-2.04,0.04,1.01,0.04,10.35,18.31,-1.16,16636596
158132,0.07,1.03,0.09,-2.75,0.06,-1.65,0.03,1.01,0.03,7.05,0.98,-0.73,16636198
158143,0.08,1.02,0.08,-3.05,-1.86,-1.22,0.03,1.01,0.02,1.28,0.46,-0.85,16636312
158155,0.07,1.02,0.09,-2.56,-2.72,-1.10,0.04,1.01,0.02,-4.15,0.67,-0.85,16638143
158167,0.06,1.02,0.09,-1.98,-1.37,-1.37,0.04,1.01,0.02,-0.73,0.58,-1.04,16638734
158178,0.04,1.02,0.10,-2.17,2.26,-1.31,0.04,1.01,0.02,-0.12,0.58,-1.13,16637792
158190,0.04,1.02,0.10,-1.89,1.59,-1.59,0.04,1.01,0.02,-1.77,0.67,-0.76,16638666
158201,0.04,1.02,0.10,-2.81,2.04,-1.22,0.04,1.01,0.02,-0.79,0.73,-0.73,16636693
158214,0.05,1.02,0.09,-2.75,1.89,-1.01,0.04,1.01,0.03,-0.79,0.79,-0.76,16637078
158225,0.05,1.02,0.10,-1.80,1.89,-1.22,0.04,1.01,0.02,-1.01,0.82,-0.76,16640043
158237,0.05,1.03,0.10,-1.22,1.98,-1.19,0.04,1.01,0.02,-1.04,0.64,-0.67,16640349
158248,0.05,1.02,0.10,-1.59,2.01,-1.22,0.04,1.01,0.02,-0.40,0.49,-1.01,16637324
158261,0.05,1.02,0.09,-1.83,2.04,-1.43,0.04,1.01,0.02,-1.43,0.67,-0.73,16637032
158272,0.05,1.02,0.10,-1.37,2.29,-1.59,0.04,1.01,0.02,-1.25,0.70,-0.92,16640166
158283,0.05,1.03,0.10,-1.43,1.83,-1.46,0.04,1.01,0.03,-0.37,0.67,-0.73,16638748
158296,0.06,1.02,0.10,-2.11,0.79,-1.19,0.04,1.01,0.03,-1.25,0.52,-0.95,16638788
158307,0.07,1.02,0.10,-3.36,-0.70,-1.16,0.04,1.01,0.03,-0.89,0.73,-0.61,16636549
158319,0.07,1.02,0.10,-3.97,-1.65,-1.37,0.04,1.01,0.03,-0.43,0.55,-0.76,16634907
158330,0.06,1.02,0.10,-3.33,-0.58,-1.10,0.04,1.01,0.03,-0.58,0.70,-0.89,16635473
158343,0.04,1.02,0.09,-2.99,2.26,-1.25,0.04,1.01,0.03,-0.34,0.43,-0.85,16637049
