time,faccx,faccy,faccz,fgyrx,fgyry,fgyrz,saccx,saccy,saccz,sgyrx,sgyry,sgyrz,load
1963747,-0.05,1.02,0.02,-7.48,-2.69,-2.41,0.10,0.69,0.79,-0.31,-0.24,-1.74,16607549
1963757,-0.06,1.02,0.03,0.09,-3.30,-2.90,0.10,0.69,0.79,-0.43,-0.52,-1.46,16605885
1963768,-0.07,1.04,0.03,2.72,-3.78,-2.84,0.11,0.68,0.79,-0.43,-1.40,-0.73,16605130
1963780,-0.08,1.05,0.02,2.53,-4.18,0.34,0.11,0.68,0.79,-0.58,-1.19,-0.43,16605869
1963791,-0.11,1.03,0.02,1.98,-3.20,-0.21,0.11,0.69,0.79,-1.10,-1.34,0.03,16607378
1963803,-0.13,1.01,0.02,0.21,-0.92,-0.79,0.11,0.69,0.79,-1.19,-0.76,-0.18,16607638
1963814,-0.16,0.99,0.01,-1.80,1.46,-0.89,0.11,0.69,0.80,-1.53,-0.52,-0.55,16608246
1963827,-0.17,0.98,0.01,-3.23,4.36,-0.95,0.11,0.69,0.80,-1.43,-0.79,-0.34,16607691
1963838,-0.17,0.98,0.01,-3.54,5.71,0.12,0.11,0.69,0.80,-1.19,-0.03,0.03,16607737
1963850,-0.16,0.99,0.01,-3.54,5.74,1.53,0.12,0.69,0.80,-0.64,1.80,0.12,16608931
1963862,-0.14,0.99,0.01,-3.57,5.46,1.07,0.12,0.69,0.79,-0.37,2.96,0.03,16606755
1963874,-0.11,1.00,0.01,-3.33,4.06,1.65,0.11,0.69,0.79,-0.49,2.93,-0.27,16608373
1963885,-0.09,1.00,0.02,-3.20,3.02,0.52,0.10,0.69,0.79,-0.55,2.14,-0.67,16608293
1963897,-0.08,1.00,0.02,-3.48,1.92,-0.76,0.10,0.69,0.79,-0.64,0.98,-0.95,16607053
1963909,-0.07,1.01,0.02,-2.90,1.50,-1.59,0.09,0.69,0.79,-0.85,0.15,-1.74,16606807
1963920,-0.07,1.02,0.03,-2.20,0.79,-1.77,0.09,0.70,0.79,-0.21,-0.89,-1.62,16607363
1963932,-0.07,1.02,0.03,-1.92,-0.24,-1.40,0.10,0.70,0.79,-0.27,-1.31,-1.37,16607708
1963943,-0.08,1.01,0.03,-2.04,-0.55,-1.13,0.10,0.69,0.79,-0.06,-0.61,-1.07,16608363
1963956,-0.10,1.00,0.02,-2.62,-0.06,-0.49,0.11,0.69,0.79,-0.15,0.95,-0.76,16607785
1963967,-0.12,1.00,0.02,-2.96,1.50,-1.01,0.11,0.69,0.79,-0.31,1.77,-0.12,16606983
1963979,-0.14,0.99,0.02,-3.33,3.17,-0.79,0.11,0.69,0.79,-0.12,1.50,-0.03,16606621
1963991,-0.14,0.99,0.02,-3.36,4.30,-1.37,0.11,0.69,0.78,-0.40,0.79,-0.31,16607517
1964003,-0.13,0.99,0.03,-3.51,4.30,-2.56,0.10,0.69,0.78,0.03,-0.18,-0.15,16606312
1964014,-0.11,0.99,0.03,-4.21,3.11,-2.50,0.10,0.69,0.78,0.34,-1.10,-0.09,16607555
1964026,-0.10,0.98,0.02,-4.67,2.96,-3.08,0.10,0.69,0.79,0.46,-0.76,-0.09,16607293
1964038,-0.10,0.99,0.02,-4.49,2.69,-2.04,0.11,0.69,0.79,0.40,0.34,-0.21,16607277
1964049,-0.10,1.00,0.02,-3.97,2.62,-1.28,0.11,0.68,0.78,0.82,0.98,-0.34,16609703
1964061,-0.10,1.00,0.02,-3.45,2.72,-0.67,0.11,0.68,0.78,0.79,0.76,-0.12,16609514
1964072,-0.10,1.00,0.02,-3.60,2.41,-0.64,0.11,0.68,0.78,0.73,0.40,-0.61,16608273
1964085,-0.09,0.99,0.02,-4.36,1.40,-1.46,0.11,0.68,0.79,0.67,0.34,-0.49,16607679
1964096,-0.09,0.99,0.02,-5.00,0.98,-0.49,0.11,0.69,0.79,0.79,0.67,-0.67,16607693
1964108,-0.10,0.99,0.03,-4.88,1.46,-0.24,0.11,0.69,0.79,0.95,0.52,-0.85,16607858
1964120,-0.11,1.00,0.03,-4.73,1.71,-0.40,0.11,0.69,0.79,1.04,0.64,-0.49,16607758
1964132,-0.12,1.01,0.02,-4.24,2.26,0.43,0.11,0.69,0.79,1.07,1.10,-0.34,16607873
1964143,-0.12,1.01,0.02,-3.91,2.93,0.73,0.11,0.69,0.79,1.01,1.34,-0.21,16608058
1964154,-0.12,1.01,0.02,-3.39,3.27,-0.43,0.11,0.69,0.79,0.64,0.85,-0.09,16610312
1964167,-0.11,1.02,0.02,-2.62,2.66,-0.85,0.11,0.69,0.79,0.37,0.46,-0.09,16610918
1964178,-0.11,1.02,0.02,-2.81,2.81,-1.13,0.10,0.69,0.79,0.15,-0.03,-0.34,16608024
1964190,-0.11,1.02,0.02,-2.84,2.53,-2.17,0.10,0.70,0.79,-0.03,-0.40,-0.31,16607673
1964201,-0.10,1.02,0.02,-3.27,2.41,-2.47,0.10,0.70,0.79,-0.40,-0.21,-0.95,16606223
1964214,-0.10,1.02,0.02,-3.45,2.26,-2.41,0.10,0.70,0.80,-0.58,-0.37,-0.85,16606416
1964225,-0.10,1.02,0.02,-3.14,2.04,-2.17,0.10,0.70,0.80,-0.24,0.09,-0.95,16608827
1964237,-0.10,1.02,0.02,-3.05,2.56,-1.16,0.10,0.70,0.80,0.21,0.64,-0.98,16606455
1964249,-0.10,1.03,0.02,-2.66,2.50,-0.49,0.11,0.70,0.80,0.40,1.40,-1.01,16608965
1964260,-0.10,1.02,0.02,-2.38,2.47,-0.98,0.10,0.70,0.79,-0.09,1.43,-0.76,16609598
1964272,-0.10,1.02,0.03,-2.32,2.35,-1.86,0.10,0.70,0.79,0.12,0.49,-0.79,16609962
1964283,-0.10,1.02,0.03,-2.38,1.77,-2.50,0.10,0.70,0.79,-0.15,-0.37,-0.70,16609954
1964296,-0.10,1.02,0.03,-2.47,1.59,-2.50,0.10,0.71,0.79,-0.43,-0.55,-0.34,16608211
1964307,-0.11,1.02,0.03,-2.90,1.56,-2.20,0.11,0.71,0.79,-0.89,-0.58,-0.43,16605243
1964319,-0.11,1.02,0.03,-2.72,2.32,-2.66,0.11,0.71,0.79,-0.95,-0.21,-0.31,16607922
1964331,-0.12,1.02,0.02,-2.44,3.42,-1.13,0.11,0.70,0.80,-1.28,0.76,-0.31,16610241
1964343,-0.12,1.03,0.02,-2.04,3.85,0.15,0.10,0.70,0.80,-1.43,1.46,-0.61,16609278
1964354,-0.11,1.03,0.01,-1.34,3.85,-0.40,0.10,0.69,0.80,-1.56,1.04,-0.95,16608469
1964365,-0.09,1.03,0.01,-0.70,2.84,-1.01,0.10,0.69,0.79,-1.56,0.76,-1.31,16609124
1964378,-0.08,1.03,0.02,0.43,2.01,-1.89,0.10,0.69,0.78,-1.68,0.55,-1.07,16608142
1964389,-0.08,1.02,0.03,0.31,1.19,-0.73,0.10,0.69,0.78,-1.68,-0.12,-1.37,16609304
1964401,-0.08,1.01,0.03,0.15,1.40,-0.95,0.10,0.70,0.78,-1.22,-0.34,-1.56,16610950
1964412,-0.09,1.00,0.04,-1.19,2.11,0.06,0.10,0.70,0.78,-0.82,-0.03,-1.46,16609162
1964425,-0.10,0.98,0.04,-2.17,2.87,0.67,0.10,0.70,0.78,0.06,-0.09,-1.59,16608321
1964436,-0.10,0.97,0.03,-3.33,3.54,0.85,0.10,0.69,0.78,-0.03,0.40,-1.71,16608312
1964448,-0.10,0.97,0.03,-3.88,3.48,1.53,0.10,0.69,0.78,0.24,1.07,-1.92,16608278
1964460,-0.10,0.98,0.03,-3.88,3.66,0.21,0.10,0.69,0.78,-0.27,0.98,-2.20,16608321
1964472,-0.09,0.99,0.03,-4.06,3.20,0.61,0.10,0.69,0.78,-0.34,0.67,-1.71,16608941
1964483,-0.08,1.00,0.03,-3.75,2.47,0.31,0.10,0.69,0.78,-0.46,0.06,-2.35,16607573
1964494,-0.08,1.01,0.03,-2.87,1.68,0.55,0.10,0.70,0.78,-0.55,0.12,-2.84,16609102
1964507,-0.07,1.02,0.03,-1.68,0.89,0.76,0.10,0.70,0.78,0.21,0.27,-3.23,16610205
1964518,-0.07,1.03,0.03,-0.46,0.64,0.79,0.10,0.70,0.78,-0.21,-0.31,-3.17,16609032
1964530,-0.08,1.03,0.03,-0.43,-0.03,1.10,0.10,0.70,0.79,-0.15,-0.46,-3.08,16606932
1964541,-0.08,1.01,0.03,-0.95,-0.03,-0.12,0.10,0.70,0.79,0.09,-0.15,-2.81,16608560
1964554,-0.10,1.00,0.02,-2.20,0.43,-0.79,0.11,0.70,0.79,-0.24,0.00,-2.26,16607269
1964565,-0.12,1.00,0.02,-3.11,1.31,-0.52,0.11,0.70,0.79,-0.52,-0.27,-1.77,16605360
1964577,-0.13,1.00,0.02,-3.30,2.41,0.73,0.11,0.70,0.79,-0.27,0.18,-1.68,16608055
1964589,-0.14,1.01,0.02,-3.20,3.30,1.62,0.11,0.70,0.79,-0.82,1.50,-1.86,16606760
1964600,-0.13,1.02,0.02,-2.50,3.97,0.92,0.11,0.71,0.79,-0.73,1.86,-1.50,16608078
1964612,-0.12,1.03,0.03,-1.77,3.42,0.64,0.11,0.71,0.79,-0.49,0.73,-1.31,16612443
1964623,-0.11,1.02,0.03,-1.34,2.23,-1.01,0.11,0.71,0.78,-0.52,-0.52,-1.22,16609818
1964636,-0.09,1.01,0.03,-2.01,0.46,-2.81,0.11,0.70,0.79,-0.12,-0.98,-1.31,16609120
1964647,-0.08,1.01,0.02,-2.29,-0.67,-3.78,0.11,0.70,0.79,-0.55,-1.16,-1.10,16608424
1964659,-0.08,1.01,0.02,-2.32,-1.31,-3.27,0.11,0.70,0.79,-0.34,-0.95,-0.70,16607485
1964670,-0.10,1.00,0.02,-3.14,-0.73,-2.66,0.12,0.70,0.79,-0.92,0.15,-1.01,16607295
1964683,-0.12,1.00,0.01,-3.72,1.59,-2.01,0.12,0.70,0.79,-1.07,0.52,-0.95,16607174
1964694,-0.14,1.00,0.01,-4.52,3.14,-1.10,0.11,0.70,0.79,-1.04,0.46,-0.49,16608465
1964706,-0.14,1.00,0.02,-4.52,3.81,-1.31,0.11,0.70,0.79,-1.10,0.12,-0.46,16609758
1964718,-0.13,1.01,0.02,-3.05,3.60,-1.92,0.11,0.69,0.79,-0.92,-0.21,0.40,16608141
1964729,-0.12,1.02,0.02,-2.04,3.42,-2.17,0.11,0.69,0.78,-1.25,0.15,-0.40,16608198
1964741,-0.11,1.02,0.02,-1.98,2.32,-1.50,0.12,0.69,0.78,-1.16,0.37,-0.15,16609697
1964752,-0.10,1.01,0.02,-2.56,1.80,-1.34,0.12,0.70,0.78,-1.13,1.53,-0.73,16607701
1964765,-0.10,1.01,0.03,-2.62,1.19,-0.70,0.12,0.70,0.78,-0.89,1.86,-0.70,16605273
1964776,-0.10,1.00,0.03,-2.78,1.89,-0.09,0.12,0.70,0.78,-0.82,2.08,-1.04,16606829
1964788,-0.11,0.98,0.03,-4.91,2.23,0.00,0.11,0.70,0.78,-0.21,1.65,-1.10,16608724
1964800,-0.11,0.97,0.03,-6.56,2.93,-0.67,0.11,0.70,0.79,-0.37,1.31,-1.01,16608780
1964812,-0.12,0.97,0.03,-8.30,3.23,0.18,0.11,0.70,0.79,-0.43,2.01,-0.70,16609845
1964823,-0.12,0.99,0.02,-8.00,3.42,0.98,0.11,0.70,0.79,-0.37,2.29,-0.49,16609318
1964834,-0.12,1.01,0.02,-6.68,3.85,0.55,0.11,0.70,0.79,-0.82,2.62,-0.21,16606866
1964847,-0.11,1.03,0.02,-4.97,3.54,0.18,0.11,0.70,0.79,-1.31,2.81,-0.61,16605544
1964858,-0.09,1.04,0.02,-4.43,2.66,0.24,0.10,0.70,0.79,-1.65,2.44,-0.85,16606389
1964870,-0.07,1.04,0.03,-3.60,1.04,-0.31,0.10,0.70,0.79,-1.62,2.72,-1.10,16604991
1964881,-0.06,1.03,0.03,-3.72,0.12,-1.89,0.10,0.70,0.78,-1.77,2.26,-1.25,16607122
1964894,-0.07,1.02,0.03,-3.17,0.43,-3.11,0.09,0.70,0.78,-1.07,1.22,-1.46,16609062
1964905,-0.09,1.02,0.03,-2.62,1.89,-3.33,0.09,0.70,0.78,-1.07,0.27,-1.50,16608109
1964917,-0.11,1.01,0.03,-3.30,2.78,-1.16,0.10,0.70,0.78,-0.34,1.56,-1.53,16607685
1964929,-0.11,0.99,0.04,-4.39,3.60,0.18,0.10,0.69,0.77,-0.40,2.01,-0.98,16608601
1964941,-0.11,0.98,0.04,-5.77,3.97,0.79,0.10,0.69,0.78,-0.70,2.59,-1.16,16609149
1964952,-0.11,0.98,0.04,-5.62,4.39,1.46,0.10,0.69,0.77,-0.58,2.75,-1.07,16611964
1964963,-0.11,0.99,0.04,-5.55,5.13,1.46,0.10,0.70,0.78,-0.21,1.62,-1.07,16609688
1964976,-0.11,0.99,0.04,-5.77,5.04,1.50,0.09,0.70,0.78,-0.06,1.01,-1.01,16609594
1964987,-0.09,0.99,0.04,-6.29,4.43,-0.64,0.09,0.70,0.78,-0.24,0.21,-0.73,16609349
1964999,-0.07,1.00,0.03,-6.23,2.78,-1.62,0.08,0.70,0.78,-0.27,-1.31,-0.46,16608963
1965010,-0.06,1.01,0.03,-5.34,1.07,-2.56,0.09,0.69,0.78,-0.98,-1.22,-0.40,16607335
1965023,-0.06,1.03,0.04,-3.57,-0.09,-2.35,0.09,0.70,0.78,-0.76,-1.01,-0.52,16605408
1965034,-0.07,1.04,0.04,-2.29,-0.12,-2.75,0.10,0.70,0.78,-0.82,0.00,-0.89,16606834
1965046,-0.08,1.04,0.04,-1.59,0.03,-3.39,0.10,0.70,0.78,-0.89,-0.37,-0.95,16609439
1965058,-0.09,1.03,0.03,-1.40,0.70,-3.36,0.10,0.70,0.78,-1.01,-0.95,-0.92,16607969
1965069,-0.11,1.02,0.03,-2.04,1.80,-2.84,0.10,0.70,0.79,-0.70,-0.52,-0.92,16608421
1965081,-0.12,1.01,0.03,-2.53,3.42,-2.41,0.10,0.70,0.79,-0.95,0.00,-0.58,16606507
1965092,-0.13,1.01,0.03,-2.96,4.27,-1.62,0.11,0.70,0.79,-0.98,0.34,-0.40,16605214
1965105,-0.14,1.00,0.03,-4.03,5.22,-1.46,0.11,0.70,0.79,-0.89,0.21,-0.15,16607720
1965116,-0.13,1.00,0.03,-4.79,5.22,-0.76,0.11,0.70,0.79,-1.01,0.67,-0.18,16607462
1965128,-0.12,1.00,0.03,-4.61,4.46,-1.89,0.11,0.70,0.80,-1.13,0.82,-0.46,16605781
1965139,-0.11,1.01,0.03,-4.61,4.18,-3.20,0.11,0.71,0.80,-1.62,0.85,-0.64,16606323
1965152,-0.10,1.02,0.03,-4.18,3.75,-3.75,0.11,0.71,0.79,-1.92,0.09,-0.73,16607917
1965163,-0.09,1.04,0.04,-1.92,2.93,-2.81,0.11,0.71,0.79,-1.74,0.43,-1.04,16609495
1965174,-0.09,1.06,0.04,0.24,1.92,-2.26,0.11,0.71,0.79,-1.77,0.61,-0.76,16611749
1965187,-0.09,1.06,0.04,1.16,1.95,-1.43,0.11,0.71,0.79,-1.71,0.37,-0.92,16607996
1965198,-0.09,1.04,0.04,0.64,1.65,-1.65,0.11,0.71,0.78,-1.62,0.40,-0.52,16609429
1965210,-0.10,1.02,0.04,-0.31,1.40,-1.43,0.10,0.70,0.79,-1.65,-0.82,-0.31,16609111
1965221,-0.10,1.00,0.04,-2.11,1.86,-2.08,0.10,0.70,0.79,-1.53,-0.15,-0.43,16607613
1965234,-0.10,0.99,0.04,-2.26,1.59,-1.19,0.10,0.70,0.78,-1.89,-0.06,-0.06,16607116
1965245,-0.11,1.00,0.04,-2.14,2.20,-0.64,0.11,0.70,0.78,-1.80,0.46,-0.55,16607320
1965257,-0.11,1.01,0.04,-1.46,2.41,-0.61,0.10,0.70,0.78,-1.46,0.85,-0.70,16609496
1965268,-0.10,1.01,0.04,-1.04,2.20,-0.46,0.10,0.70,0.78,-1.59,1.01,-0.76,16607808
1965280,-0.10,1.01,0.04,-1.74,2.35,-1.22,0.10,0.70,0.79,-1.56,0.43,-0.79,16606799
1965292,-0.10,1.00,0.04,-2.14,2.50,-0.98,0.10,0.70,0.79,-1.34,1.19,-0.98,16606001
1965303,-0.10,1.00,0.04,-2.11,3.11,-0.73,0.10,0.69,0.78,-0.85,1.19,-0.92,16606940
1965316,-0.10,1.01,0.04,-1.34,3.33,0.00,0.10,0.69,0.78,-0.92,1.80,-0.82,16609681
1965327,-0.10,1.01,0.04,-0.92,3.45,0.58,0.10,0.69,0.78,-1.22,2.29,-1.01,16609403
1965339,-0.10,1.00,0.04,-1.50,3.42,-0.31,0.10,0.70,0.78,-0.89,0.92,-0.76,16609940
1965350,-0.09,1.00,0.04,-1.92,2.84,-0.98,0.09,0.70,0.78,-0.98,-0.43,-0.85,16608342
1965363,-0.09,0.99,0.04,-2.26,1.95,-1.53,0.09,0.70,0.78,-0.79,-0.67,-0.95,16609312
1965374,-0.08,0.99,0.04,-3.02,1.68,-1.77,0.09,0.70,0.78,-0.21,-0.67,-0.95,16609167
1965385,-0.09,0.99,0.04,-3.75,1.89,-1.22,0.10,0.70,0.79,0.00,-0.52,-0.82,16607459
1965398,-0.10,0.99,0.04,-3.78,2.32,-0.76,0.10,0.70,0.79,-0.18,0.95,-0.52,16605461
1965409,-0.10,1.00,0.03,-3.88,2.69,-1.10,0.10,0.70,0.79,-0.15,1.22,-0.64,16608037
1965421,-0.11,1.01,0.03,-3.60,3.23,-0.55,0.10,0.70,0.79,-0.18,1.68,-0.52,16608626
1965432,-0.11,1.01,0.03,-3.69,3.27,-0.79,0.10,0.69,0.79,-0.46,1.22,-0.64,16606967
1965445,-0.11,1.01,0.03,-3.30,3.54,-1.56,0.10,0.70,0.78,-0.55,0.61,-0.73,16605258
1965456,-0.11,1.02,0.03,-2.32,4.00,-1.56,0.11,0.70,0.78,-1.04,0.40,-0.92,16605573
1965468,-0.11,1.02,0.04,-1.80,2.96,-0.18,0.11,0.70,0.78,-0.49,0.73,-0.37,16605938
1965479,-0.10,1.02,0.04,-1.53,2.29,0.21,0.11,0.70,0.78,-0.92,1.40,-0.06,16606690
1965492,-0.10,1.01,0.03,-2.17,2.20,-0.73,0.10,0.70,0.79,-0.85,0.58,0.21,16607762
1965503,-0.10,1.01,0.03,-2.56,2.20,-2.01,0.10,0.69,0.79,-0.85,-0.46,0.03,16607595
1965514,-0.10,1.01,0.03,-2.41,2.72,-2.11,0.10,0.69,0.79,-0.89,0.09,0.03,16607212
1965527,-0.10,1.01,0.03,-2.17,2.87,-1.80,0.10,0.69,0.79,-1.04,0.64,-0.55,16607716
1965538,-0.09,1.01,0.03,-2.04,2.90,-1.50,0.10,0.69,0.79,-1.19,1.04,-0.61,16607347
1965550,-0.09,1.01,0.04,-2.56,2.38,-0.61,0.10,0.70,0.78,-1.04,0.34,-1.25,16606394
1965561,-0.08,1.00,0.04,-2.81,1.98,-0.24,0.10,0.70,0.78,-0.89,1.07,-1.68,16606804
1965574,-0.08,1.00,0.04,-2.41,1.65,-0.03,0.10,0.70,0.78,-0.21,1.16,-1.62,16607448
1965585,-0.09,1.00,0.05,-2.11,2.01,0.49,0.10,0.70,0.77,0.34,0.21,-1.65,16607388
1965597,-0.09,0.99,0.05,-2.66,2.08,0.61,0.10,0.70,0.77,0.58,0.15,-1.25,16607840
1965608,-0.10,0.99,0.04,-3.08,2.35,0.55,0.10,0.69,0.77,0.52,0.85,-1.25,16607737
1965620,-0.10,0.99,0.04,-3.66,2.38,1.86,0.10,0.69,0.77,0.24,1.53,-1.22,16607988
1965632,-0.10,0.99,0.04,-3.81,2.50,1.22,0.10,0.69,0.77,0.52,1.50,-1.28,16606291
1965643,-0.10,0.99,0.04,-3.81,2.23,0.98,0.10,0.69,0.77,0.31,0.89,-1.46,16606776
1965656,-0.10,0.99,0.04,-3.66,2.14,-0.03,0.10,0.70,0.77,0.24,-0.67,-0.82,16607684
1965667,-0.10,1.00,0.05,-3.20,2.04,-1.13,0.10,0.70,0.77,0.34,-1.37,-0.82,16609345
1965679,-0.10,1.00,0.04,-3.17,2.23,-0.76,0.10,0.70,0.78,0.58,-0.79,-0.46,16605857
1965690,-0.10,1.01,0.04,-3.88,2.90,-1.80,0.10,0.70,0.78,1.01,0.76,-0.70,16606785
1965703,-0.11,1.05,0.04,0.46,3.33,-4.46,0.10,0.71,0.78,0.21,0.24,-0.40,16609673
1965714,-0.10,1.09,0.03,3.36,2.01,-2.81,0.10,0.72,0.80,-0.92,-1.77,0.12,16614543
1965726,-0.09,1.08,0.02,1.71,0.15,-3.20,0.11,0.73,0.81,-1.74,-2.11,0.43,16619822
1965737,-0.09,1.04,0.02,-1.95,-0.18,-3.94,0.11,0.73,0.82,-2.59,-0.21,0.12,16618468
1965749,-0.10,1.01,0.03,-4.43,1.01,-4.49,0.11,0.73,0.81,-2.14,0.27,-0.49,16617357
1965761,-0.12,1.00,0.04,-4.67,1.92,-3.91,0.11,0.72,0.80,-0.73,0.49,-0.61,16615898
1965772,-0.13,0.99,0.05,-4.21,3.36,-2.17,0.12,0.71,0.78,0.12,1.40,-0.67,16612219
1965785,-0.14,1.00,0.06,-3.14,4.73,0.40,0.12,0.71,0.77,1.01,1.80,-0.43,16610136
1965796,-0.13,1.01,0.06,-2.44,4.52,3.42,0.12,0.70,0.77,1.19,2.84,-0.43,16613291
1965808,-0.12,1.01,0.05,-1.59,4.52,2.41,0.12,0.70,0.77,1.22,2.44,-0.85,16616637
1965819,-0.11,1.03,0.04,-0.43,4.67,2.53,0.11,0.70,0.78,0.21,1.07,-0.82,16619808
1965832,-0.10,1.05,0.03,0.49,3.94,2.66,0.10,0.70,0.79,-0.85,0.73,-1.31,16623197
1965843,-0.08,1.04,0.01,-0.46,2.35,0.52,0.10,0.70,0.80,-1.95,0.61,-0.89,16625657
1965854,-0.07,1.02,0.01,-2.41,0.82,-3.17,0.10,0.70,0.81,-2.81,0.61,-0.79,16624293
1965867,-0.08,1.01,0.01,-3.05,0.67,-4.27,0.10,0.69,0.80,-3.33,0.37,-0.03,16622898
1965878,-0.09,1.01,0.02,-1.89,0.79,-4.97,0.10,0.69,0.79,-2.66,0.43,0.37,16623150
1965890,-0.11,1.01,0.03,-0.40,1.19,-3.57,0.11,0.69,0.77,-1.74,1.04,1.01,16618641
1965901,-0.12,1.01,0.04,1.50,2.32,-2.50,0.11,0.69,0.76,-0.73,0.49,1.77,16617890
1965914,-0.12,1.01,0.05,2.62,3.11,-1.74,0.11,0.69,0.75,-0.06,-0.34,1.65,16622488
1965925,-0.12,1.02,0.05,4.24,3.36,-1.16,0.11,0.69,0.76,0.21,-0.82,1.16,16626458
1965937,-0.10,1.05,0.04,6.04,1.86,-0.18,0.10,0.70,0.77,-0.21,-2.08,0.40,16629404
1965948,-0.07,1.09,0.03,10.80,-0.34,1.37,0.10,0.71,0.78,-1.19,-1.80,0.34,16635840
1965961,-0.04,1.07,0.02,7.66,-3.60,-1.22,0.10,0.71,0.80,-2.44,-0.76,-0.27,16640769
1965972,-0.05,1.00,0.01,0.64,-3.57,-4.03,0.10,0.71,0.81,-3.63,-0.12,-1.10,16642205
1965983,-0.08,0.95,0.01,-5.04,-1.37,-3.91,0.10,0.71,0.81,-3.33,0.98,-1.31,16640514
1965996,-0.12,0.94,0.02,-6.47,1.98,-2.90,0.10,0.70,0.80,-2.47,1.77,-1.13,16635257
1966007,-0.15,0.95,0.03,-5.55,4.70,0.40,0.11,0.70,0.78,-1.04,2.35,-0.89,16634370
1966019,-0.15,0.98,0.05,-2.56,5.40,3.66,0.11,0.70,0.76,0.49,2.69,0.06,16635920
1966030,-0.13,1.01,0.05,-0.70,4.27,4.70,0.12,0.70,0.75,0.89,2.26,0.37,16635707
1966043,-0.09,1.03,0.05,2.66,2.20,2.93,0.11,0.70,0.76,1.22,1.62,0.43,16638205
1966054,-0.07,1.06,0.04,5.55,0.03,5.55,0.10,0.70,0.77,0.27,0.12,0.21,16643907
1966066,-0.07,1.04,0.02,3.36,0.18,2.32,0.09,0.71,0.79,-0.27,-0.21,-0.43,16648660
1966077,-0.07,1.03,0.02,4.39,0.82,0.76,0.09,0.71,0.80,-1.92,-0.55,-0.52,16652154
1966089,-0.08,1.01,0.00,0.58,1.04,-0.85,0.09,0.71,0.81,-2.59,-0.15,-1.22,16652212
1966101,-0.08,1.01,-0.00,-0.64,1.37,-4.21,0.09,0.70,0.80,-3.14,-0.37,-0.67,16650273
1966112,-0.09,1.03,0.01,1.07,0.31,-1.13,0.10,0.70,0.80,-2.99,0.79,-0.70,16647802
1966125,-0.08,1.04,0.02,3.14,-0.85,0.03,0.11,0.70,0.78,-2.44,1.53,-0.06,16651540
1966136,-0.08,1.05,0.03,7.08,-1.43,1.65,0.11,0.70,0.77,-1.68,0.43,0.58,16655784
1966148,-0.08,1.06,0.04,10.53,-1.65,1.56,0.10,0.71,0.77,-0.98,-0.49,0.64,16655970
1966159,-0.08,1.07,0.04,14.74,0.00,0.09,0.10,0.71,0.77,-0.95,-1.86,0.40,16660225
1966172,-0.09,1.05,0.03,10.99,-1.40,0.64,0.10,0.71,0.78,-0.89,-0.37,0.24,16664334
1966183,-0.11,1.03,0.04,15.47,0.55,2.96,0.10,0.71,0.79,-2.75,-2.01,0.89,16666695
1966194,-0.10,0.97,0.01,6.44,1.86,-3.27,0.10,0.72,0.80,-2.72,0.18,0.00,16671756
1966206,-0.10,0.96,0.02,0.55,0.43,-3.85,0.10,0.72,0.80,-2.69,-0.67,0.06,16669820
1966218,-0.09,0.95,0.01,-3.05,0.52,-6.62,0.11,0.72,0.79,-2.35,0.40,-0.31,16671383
1966230,-0.10,0.98,0.02,-1.31,1.80,-5.04,0.11,0.71,0.78,-1.25,0.61,-0.12,16673368
1966241,-0.11,1.01,0.02,2.38,2.14,-4.39,0.11,0.71,0.78,-0.85,0.79,-0.06,16675370
1966254,-0.12,1.03,0.02,4.85,3.27,-3.63,0.11,0.70,0.77,-0.64,-0.34,0.46,16680232
1966265,-0.15,1.05,0.01,7.05,6.01,0.85,0.12,0.70,0.77,-0.06,-0.55,1.10,16680674
1966277,-0.18,1.06,0.01,7.90,8.33,7.26,0.13,0.69,0.77,0.49,1.89,1.56,16682986
1966288,-0.19,1.06,0.01,9.28,10.44,8.27,0.13,0.69,0.77,1.01,3.78,1.62,16693049
1966301,-0.17,1.08,0.01,17.27,9.22,11.78,0.13,0.69,0.77,-0.43,2.04,2.08,16700908
1966312,-0.12,1.07,-0.03,10.41,10.04,6.99,0.12,0.69,0.78,-0.55,1.01,1.65,16704302
1966323,-0.08,1.02,-0.02,3.27,4.24,7.20,0.11,0.69,0.80,-1.25,1.28,0.49,16708163
1966336,-0.02,1.01,-0.02,14.13,1.59,-10.77,0.11,0.70,0.80,-1.83,1.22,0.49,16710572
1966347,-0.03,1.04,-0.04,17.61,-0.06,-7.72,0.11,0.69,0.80,-3.63,-2.17,0.79,16714288
1966359,-0.05,1.07,-0.04,18.98,-1.56,-5.89,0.11,0.68,0.79,-3.42,-2.99,1.34,16717430
1966370,-0.05,1.08,-0.02,22.03,-2.93,-3.23,0.12,0.69,0.78,-2.20,-0.95,2.62,16722098
1966383,-0.07,1.07,-0.01,23.62,-2.47,0.52,0.13,0.70,0.78,-2.23,-0.98,3.02,16725752
1966394,-0.11,1.07,-0.01,25.18,-0.09,5.65,0.12,0.71,0.78,-1.46,-1.04,3.23,16731361
1966406,-0.15,1.07,-0.03,23.22,4.18,12.02,0.12,0.71,0.79,-0.95,0.95,2.75,16736491
1966417,-0.14,1.06,-0.04,20.66,5.46,12.60,0.11,0.71,0.79,-0.82,2.26,1.19,16743430
1966429,-0.09,1.06,-0.04,22.16,3.63,8.82,0.10,0.72,0.79,-0.92,2.08,0.09,16750493
1966441,-0.03,1.04,-0.03,27.19,0.70,-4.06,0.09,0.71,0.79,0.06,0.49,-0.70,16753096
1966452,-0.00,1.05,-0.04,32.71,-2.01,-8.06,0.09,0.71,0.78,0.64,-1.65,-0.82,16753729
1966465,-0.03,1.08,-0.04,36.19,-2.23,-7.08,0.10,0.70,0.76,1.34,-2.62,0.00,16758438
1966476,-0.07,1.11,-0.04,40.99,-1.59,-3.39,0.11,0.69,0.76,2.01,-2.11,0.95,16764647
1966488,-0.09,1.11,-0.05,44.43,-0.61,-0.67,0.12,0.70,0.77,1.68,-0.98,2.29,16769054
1966499,-0.09,1.08,-0.06,45.29,0.40,-1.59,0.11,0.70,0.77,1.19,0.92,2.23,16773166
1966512,-0.10,1.04,-0.09,43.09,2.87,-2.04,0.09,0.69,0.78,1.01,0.06,1.34,16775771
1966523,-0.11,0.99,-0.11,35.92,4.64,-2.29,0.08,0.69,0.79,0.67,-2.99,0.79,1237
1966534,-0.10,0.95,-0.12,34.24,7.32,-3.88,0.09,0.69,0.80,-0.37,-3.85,0.92,5894
1966546,-0.11,0.94,-0.12,36.13,6.84,-6.41,0.09,0.69,0.80,-1.80,-2.04,0.34,10879
1966558,-0.10,0.92,-0.15,31.80,7.51,-10.93,0.10,0.69,0.81,-3.39,-1.07,0.67,17145
1966570,-0.10,0.92,-0.16,27.10,8.70,-13.24,0.11,0.69,0.80,-3.11,-0.21,0.27,20200
1966581,-0.11,0.92,-0.14,26.18,8.94,-10.99,0.12,0.68,0.79,-2.53,-0.27,0.15,19281
1966594,-0.11,0.94,-0.12,28.84,7.93,-5.68,0.13,0.68,0.77,-0.43,0.67,0.49,19393
1966605,-0.11,0.97,-0.12,32.14,8.24,-2.38,0.13,0.69,0.75,0.49,0.09,1.31,22077
1966617,-0.11,0.99,-0.12,36.01,8.06,0.18,0.13,0.69,0.75,1.92,1.34,1.53,23984
1966628,-0.07,0.98,-0.14,33.54,5.55,-6.81,0.13,0.68,0.76,1.46,-0.49,2.35,29964
1966641,-0.06,1.00,-0.16,35.46,3.48,-5.55,0.13,0.69,0.78,1.13,-1.04,2.84,35089
1966652,-0.05,1.03,-0.18,37.99,2.41,-1.16,0.12,0.69,0.79,-0.52,-0.34,2.38,40429
1966663,-0.03,1.04,-0.18,41.56,-2.20,-6.81,0.12,0.70,0.79,-0.85,-0.43,1.16,50012
1966675,0.01,1.03,-0.19,41.14,-5.34,-13.52,0.12,0.71,0.79,-1.74,-3.27,1.16,57955
1966687,-0.02,1.02,-0.21,40.31,-4.85,-12.94,0.11,0.72,0.80,-1.86,-5.52,1.59,65835
1966699,-0.08,1.02,-0.22,41.53,-1.46,-5.22,0.11,0.72,0.81,-1.80,-4.79,1.68,74107
1966710,-0.12,1.00,-0.22,40.77,1.13,-2.01,0.13,0.71,0.81,-2.26,-0.24,1.13,76230
1966723,-0.12,0.94,-0.22,34.64,1.59,-7.78,0.14,0.71,0.80,-2.41,0.85,1.01,76586
1966734,-0.14,0.89,-0.23,28.08,5.71,-6.16,0.13,0.72,0.80,-2.84,1.01,1.10,79189
1966746,-0.21,0.87,-0.24,23.62,12.70,-0.89,0.12,0.73,0.81,-2.01,1.28,0.24,79052
1966757,-0.22,0.88,-0.24,20.81,17.24,4.21,0.12,0.73,0.80,-1.50,1.37,-0.46,85553
1966769,-0.22,0.93,-0.25,23.25,20.75,13.70,0.13,0.73,0.79,-0.92,5.83,-0.89,94206
1966781,-0.17,0.99,-0.24,30.24,18.49,13.70,0.14,0.72,0.78,-0.55,9.00,-1.25,97401
1966792,-0.06,1.02,-0.24,37.14,9.46,5.77,0.14,0.70,0.77,-0.61,8.54,-0.85,96961
1966804,0.03,1.01,-0.24,38.57,0.12,-5.98,0.13,0.69,0.76,-1.28,3.08,-0.27,100033
1966816,0.05,0.99,-0.26,36.96,-3.69,-9.28,0.12,0.70,0.77,-1.68,0.06,-0.03,104555
1966828,-0.02,0.99,-0.28,37.84,-1.80,-4.67,0.11,0.70,0.79,-2.47,-2.01,0.52,110583
1966839,-0.09,0.98,-0.31,38.02,1.68,3.97,0.12,0.70,0.80,-4.46,-2.90,1.34,118713
1966852,-0.13,0.97,-0.33,37.08,5.65,6.90,0.12,0.70,0.81,-6.04,0.24,1.37,124638
1966863,-0.13,0.94,-0.35,35.19,6.16,3.85,0.12,0.69,0.81,-7.26,0.98,0.43,132573
1966875,-0.09,0.89,-0.35,29.88,4.73,-3.81,0.12,0.69,0.81,-8.15,1.34,-0.09,135729
1966886,-0.07,0.84,-0.36,25.27,4.61,-9.31,0.11,0.69,0.81,-8.36,-0.43,0.06,143582
1966898,-0.09,0.83,-0.36,23.44,5.55,-7.11,0.11,0.69,0.81,-9.19,0.09,0.27,150105
1966910,-0.10,0.85,-0.37,21.36,7.42,-6.10,0.12,0.69,0.81,-9.89,1.95,-0.18,154627
1966921,-0.14,0.89,-0.37,21.48,9.77,4.52,0.13,0.70,0.81,-9.34,5.55,0.21,158457
1966934,-0.15,0.92,-0.36,24.66,12.66,3.02,0.14,0.70,0.80,-8.24,8.30,-0.43,166049
1966945,-0.12,0.95,-0.34,28.69,8.91,3.63,0.15,0.69,0.78,-8.18,6.29,0.24,173657
1966957,-0.05,0.94,-0.33,29.85,1.65,-6.01,0.15,0.69,0.78,-7.26,5.46,1.46,180362
1966968,-0.02,0.92,-0.35,28.11,-1.83,-8.51,0.14,0.70,0.79,-7.51,2.04,2.44,184302
1966981,-0.04,0.92,-0.37,28.17,-2.44,-10.31,0.13,0.70,0.81,-8.33,-3.75,2.53,187527
1966992,-0.06,0.94,-0.39,29.79,-2.35,-8.36,0.13,0.70,0.82,-9.03,-5.89,2.14,196151
1967003,-0.08,0.95,-0.40,32.29,-2.20,-6.13,0.13,0.69,0.82,-9.22,-2.78,1.83,203668
1967015,-0.09,0.95,-0.41,33.72,-2.11,-1.43,0.15,0.68,0.82,-10.74,0.18,2.38,210868
1967027,-0.11,0.95,-0.42,33.72,-0.49,4.91,0.15,0.69,0.83,-11.41,1.43,2.81,223980
1967039,-0.14,0.98,-0.43,38.97,2.53,10.25,0.15,0.69,0.83,-11.81,5.77,1.95,236951
1967050,-0.12,1.00,-0.43,42.85,-0.64,9.34,0.14,0.69,0.83,-11.99,6.77,1.07,245852
1967063,-0.06,0.96,-0.44,41.02,-2.96,1.04,0.14,0.68,0.83,-12.60,5.65,1.16,253380
1967074,-0.07,0.94,-0.43,41.93,-3.85,5.55,0.13,0.69,0.82,-12.88,5.77,1.28,259509
1967086,-0.07,0.92,-0.41,42.42,-5.62,-0.27,0.12,0.69,0.80,-11.81,2.08,1.68,270856
1967097,-0.08,0.90,-0.40,42.48,-2.99,-6.68,0.13,0.69,0.79,-11.05,1.40,2.20,284611
1967109,-0.12,0.88,-0.41,40.56,0.89,-3.94,0.12,0.69,0.79,-9.77,1.92,2.23,301305
1967121,-0.15,0.85,-0.42,36.80,4.27,-3.05,0.12,0.71,0.81,-9.83,1.77,2.01,318002
1967132,-0.13,0.78,-0.44,29.33,4.85,-6.68,0.11,0.73,0.83,-11.17,1.65,1.65,331673
1967144,-0.09,0.72,-0.47,17.91,3.94,-12.30,0.10,0.73,0.84,-11.93,2.38,1.34,338423
1967156,-0.06,0.71,-0.46,13.61,2.59,-15.23,0.09,0.73,0.83,-11.54,0.34,0.95,335263
1967168,-0.05,0.74,-0.46,13.03,3.48,-11.23,0.08,0.71,0.82,-10.56,-3.85,1.25,333572
1967179,-0.07,0.82,-0.44,20.94,2.47,-0.18,0.09,0.69,0.80,-9.06,-1.34,1.07,340159
1967192,-0.03,0.88,-0.42,27.47,-1.07,-6.38,0.10,0.65,0.77,-7.17,-0.43,0.95,342809
1967203,0.01,0.91,-0.41,34.03,-5.74,-14.28,0.11,0.63,0.76,-5.74,1.37,1.16,346560
1967215,0.03,0.93,-0.41,36.59,-9.80,-15.69,0.10,0.64,0.76,-5.83,-0.79,2.56,361603
1967226,0.01,0.92,-0.44,39.79,-10.86,-10.83,0.10,0.65,0.77,-6.74,-5.92,2.53,378255
1967238,-0.01,0.88,-0.47,39.52,-12.21,-7.54,0.10,0.66,0.80,-8.12,-6.96,3.02,392656
1967250,-0.01,0.83,-0.50,33.11,-13.95,-7.14,0.10,0.66,0.81,-9.43,-7.23,2.32,403616
1967261,-0.02,0.79,-0.50,31.68,-15.56,-9.98,0.09,0.66,0.82,-9.34,-10.41,1.59,411203
1967273,-0.04,0.73,-0.51,27.62,-13.31,-14.53,0.09,0.66,0.82,-8.70,-10.19,1.16,421686
1967285,-0.10,0.68,-0.51,20.36,-6.90,-18.55,0.10,0.66,0.81,-8.03,-7.48,-0.15,428156
1967297,-0.18,0.65,-0.50,15.63,5.62,-14.68,0.10,0.64,0.80,-5.37,-4.33,-0.46,430462
1967308,-0.34,0.70,-0.47,22.40,19.07,-0.03,0.12,0.61,0.77,-1.74,-0.06,-1.80,428845
1967321,-0.42,0.78,-0.45,28.20,39.37,15.44,0.16,0.59,0.75,2.01,6.81,-0.64,432786
1967332,-0.50,0.90,-0.43,43.40,42.57,52.76,0.18,0.60,0.75,4.70,24.63,-3.08,441655
1967343,-0.28,0.94,-0.41,48.16,33.39,42.54,0.19,0.60,0.73,6.96,29.85,-5.13,449712
1967355,0.03,0.89,-0.41,50.26,12.45,5.37,0.16,0.60,0.73,7.42,22.71,-5.43,460628
1967367,0.23,0.78,-0.43,43.95,-6.84,-18.89,0.10,0.64,0.75,6.77,-1.40,-4.43,478960
1967379,0.23,0.71,-0.48,37.05,-17.49,-18.34,0.06,0.67,0.78,4.15,-22.06,-1.71,497544
1967390,0.17,0.62,-0.53,25.63,-19.99,-21.48,0.06,0.67,0.81,1.77,-27.25,-0.24,506533
1967403,0.05,0.58,-0.56,18.49,-17.58,-16.54,0.09,0.66,0.82,1.77,-25.02,1.59,509601
1967414,-0.07,0.59,-0.56,16.33,-11.60,-11.75,0.12,0.65,0.81,3.57,-18.28,2.90,508664
1967426,-0.20,0.68,-0.52,25.27,-2.08,-6.65,0.15,0.62,0.77,7.11,-8.54,3.48,499765
1967437,-0.29,0.81,-0.48,35.64,7.69,0.49,0.17,0.61,0.74,13.15,0.98,3.63,496763
1967450,-0.32,0.90,-0.46,49.35,14.89,3.81,0.18,0.60,0.71,15.50,6.59,3.75,502888
1967461,-0.27,0.91,-0.46,56.61,16.94,0.34,0.17,0.60,0.71,18.16,6.44,3.14,515818
1967472,-0.18,0.86,-0.49,58.81,15.66,3.45,0.16,0.61,0.74,17.55,4.49,2.78,529680
1967484,-0.12,0.73,-0.55,50.05,10.35,3.08,0.13,0.63,0.80,15.17,2.84,1.56,537580
1967496,-0.01,0.57,-0.61,33.45,1.92,-19.62,0.12,0.64,0.82,12.02,-5.00,0.03,543384
1967508,0.06,0.48,-0.66,25.12,-3.20,-24.72,0.11,0.65,0.85,9.46,-12.60,1.16,550550
1967519,0.01,0.46,-0.69,15.84,-5.13,-9.31,0.12,0.65,0.86,7.02,-9.74,0.98,549165
1967532,-0.03,0.44,-0.70,10.22,-3.39,-13.21,0.13,0.65,0.86,5.52,-9.37,-0.61,538754
1967543,-0.11,0.46,-0.70,6.16,3.27,-10.44,0.14,0.65,0.85,6.20,-6.13,-1.28,528890
1967555,-0.24,0.58,-0.67,11.14,13.37,0.64,0.16,0.65,0.82,7.72,0.12,-1.59,518780
1967566,-0.30,0.72,-0.65,21.48,18.01,9.00,0.19,0.66,0.80,9.83,8.85,-1.43,515311
1967578,-0.24,0.82,-0.62,31.10,14.74,10.74,0.21,0.66,0.78,10.47,15.99,-1.13,520870
1967590,-0.13,0.85,-0.60,38.73,5.89,7.32,0.21,0.67,0.77,10.96,14.01,-0.21,532490
1967601,-0.04,0.81,-0.61,39.00,-2.38,4.12,0.18,0.69,0.77,10.07,5.68,0.89,550870
1967613,0.02,0.73,-0.65,33.66,-9.43,-0.64,0.16,0.71,0.80,8.24,-5.77,1.83,568501
1967625,0.04,0.66,-0.70,29.24,-15.69,-4.97,0.14,0.72,0.83,4.58,-14.98,2.96,578254
1967637,0.04,0.59,-0.74,22.55,-20.29,-7.69,0.13,0.71,0.86,2.69,-18.28,4.43,578462
1967648,-0.02,0.57,-0.77,19.17,-19.41,-9.09,0.14,0.70,0.86,0.34,-15.14,4.55,576897
1967661,-0.10,0.63,-0.76,23.56,-15.56,-6.44,0.16,0.69,0.85,0.03,-12.02,4.70,574572
1967672,-0.16,0.73,-0.74,32.93,-10.25,-2.87,0.17,0.68,0.83,1.16,-6.99,4.94,578891
1967683,-0.18,0.80,-0.72,41.20,-7.75,-1.40,0.17,0.68,0.81,2.72,-0.64,3.17,585267
1967695,-0.17,0.79,-0.70,44.74,-6.50,-7.60,0.16,0.70,0.79,2.96,1.86,1.62,601340
1967707,-0.17,0.72,-0.68,43.18,-5.34,-9.46,0.16,0.71,0.79,4.64,5.49,2.41,619319
1967719,-0.20,0.61,-0.67,32.17,-1.89,-8.09,0.17,0.72,0.79,5.49,7.97,3.81,634645
1967730,-0.24,0.51,-0.68,22.95,2.47,-4.12,0.16,0.74,0.79,6.35,2.84,4.73,651661
1967742,-0.25,0.40,-0.71,7.66,7.72,-3.66,0.15,0.75,0.80,5.89,0.15,4.67,668913
1967754,-0.27,0.32,-0.72,-7.93,13.09,-2.04,0.14,0.75,0.80,5.37,0.79,3.91,679933
1967766,-0.28,0.31,-0.70,-18.80,19.17,4.12,0.15,0.73,0.78,7.84,2.96,3.05,681936
1967777,-0.29,0.40,-0.65,-15.32,22.86,8.51,0.17,0.71,0.74,10.99,5.07,1.95,674322
1967789,-0.21,0.52,-0.63,-6.53,20.17,7.05,0.18,0.69,0.73,11.75,11.20,0.98,663895
1967801,-0.10,0.60,-0.64,-0.34,13.55,-0.85,0.18,0.67,0.73,9.55,9.64,-0.31,651217
1967812,-0.01,0.63,-0.68,2.99,3.75,-3.75,0.18,0.66,0.76,7.20,2.78,0.52,641340
1967824,0.02,0.65,-0.74,7.93,-4.70,-0.40,0.18,0.66,0.80,2.08,-4.55,2.53,633702
1967836,0.01,0.67,-0.83,11.35,-10.22,2.99,0.19,0.68,0.86,-7.69,-10.22,4.64,629562
1967848,-0.01,0.68,-0.93,13.95,-14.13,3.63,0.18,0.70,0.93,-17.64,-13.82,5.49,629478
1967859,-0.03,0.71,-0.99,17.67,-16.54,0.58,0.17,0.71,0.96,-23.16,-13.00,4.91,633161
1967872,-0.05,0.74,-0.97,25.60,-17.03,0.18,0.17,0.72,0.95,-22.55,-9.67,3.94,645567
1967883,-0.06,0.76,-0.92,29.97,-17.82,-0.79,0.17,0.72,0.91,-19.53,-5.31,2.84,663621
1967895,-0.07,0.74,-0.86,31.62,-16.78,-5.31,0.15,0.73,0.87,-16.39,-4.85,1.83,685881
1967906,-0.10,0.73,-0.80,32.17,-14.04,-5.83,0.14,0.74,0.82,-13.79,-7.26,1.28,712234
1967918,-0.13,0.71,-0.74,31.52,-10.80,-5.10,0.15,0.74,0.78,-10.07,-7.42,2.08,742429
1967930,-0.15,0.72,-0.67,35.28,-8.21,-4.24,0.16,0.75,0.75,-4.70,-2.26,1.92,767229
1967941,-0.17,0.74,-0.64,38.91,-5.89,-2.29,0.16,0.74,0.72,1.37,-1.80,2.35,787349
1967953,-0.17,0.73,-0.62,40.77,-1.83,-3.97,0.16,0.74,0.72,4.82,-3.11,3.27,804262
1967965,-0.24,0.71,-0.63,40.62,0.06,11.29,0.15,0.76,0.73,5.80,-0.24,2.35,818618
1967977,-0.15,0.62,-0.64,29.82,-1.31,-14.62,0.15,0.74,0.71,8.48,-4.64,-0.24,828453
1967988,-0.16,0.60,-0.64,30.15,0.52,-11.20,0.18,0.71,0.71,7.02,-7.45,3.51,830554
1968001,-0.18,0.66,-0.63,45.56,0.00,-4.52,0.18,0.69,0.70,8.76,-8.58,3.91,830167
1968012,-0.13,0.72,-0.65,54.20,-2.26,-6.81,0.18,0.67,0.70,11.11,-6.29,2.14,826324
1968023,-0.10,0.73,-0.68,59.60,-3.97,-4.15,0.18,0.66,0.72,9.74,-6.23,1.74,822866
1968035,-0.10,0.65,-0.74,57.10,-3.45,-8.21,0.17,0.68,0.77,6.07,-7.75,1.16,828198
1968047,-0.15,0.51,-0.82,46.11,1.04,-7.90,0.16,0.71,0.82,-1.10,-8.12,0.31,834505
1968059,-0.20,0.41,-0.87,40.19,6.01,-11.93,0.17,0.72,0.85,-3.85,-6.32,-0.82,829641
1968070,-0.25,0.36,-0.88,40.50,7.51,-7.26,0.19,0.69,0.87,-4.36,3.23,-1.53,815503
1968082,-0.26,0.36,-0.86,38.12,9.25,-1.40,0.21,0.65,0.85,-4.27,10.99,-0.64,807509
1968094,-0.25,0.36,-0.82,36.68,11.41,6.29,0.22,0.64,0.82,-7.57,9.89,0.89,815305
1968106,-0.22,0.38,-0.77,36.80,9.22,3.23,0.20,0.65,0.78,-7.39,3.45,-0.37,837214
1968117,-0.15,0.39,-0.75,35.89,8.27,-2.41,0.20,0.66,0.76,-8.24,1.01,-0.15,858264
1968129,-0.14,0.39,-0.76,32.35,9.03,-2.59,0.19,0.67,0.75,-5.62,-0.55,-0.55,869502
1968141,-0.15,0.36,-0.75,27.07,12.97,-10.38,0.17,0.68,0.74,-2.04,0.85,-3.48,868940
1968152,-0.20,0.28,-0.75,19.56,21.06,-17.55,0.16,0.68,0.74,3.02,5.00,-5.77,860560
1968164,-0.27,0.24,-0.76,14.59,27.98,-18.52,0.17,0.66,0.76,5.89,10.28,-5.62,841389
1968176,-0.31,0.30,-0.77,18.62,30.06,-8.48,0.21,0.62,0.77,6.38,20.57,-2.96,824731
1968188,-0.25,0.36,-0.78,26.00,24.32,-1.04,0.24,0.59,0.78,5.10,24.78,0.24,820394
1968199,-0.11,0.40,-0.79,31.13,12.88,0.15,0.23,0.59,0.79,1.34,16.97,1.62,823604
1968211,0.01,0.39,-0.81,32.38,3.23,-5.34,0.19,0.60,0.79,0.73,3.30,1.19,832899
1968223,0.02,0.34,-0.82,28.87,0.27,-7.69,0.15,0.62,0.80,0.52,-8.21,0.76,840410
1968234,-0.05,0.28,-0.83,22.98,4.00,-8.79,0.14,0.63,0.80,0.70,-11.41,0.00,844458
1968246,-0.15,0.26,-0.82,20.54,11.23,-5.16,0.15,0.63,0.79,1.25,-4.27,-0.61,844259
1968258,-0.19,0.26,-0.83,19.71,15.35,-2.56,0.18,0.63,0.79,1.89,8.85,-0.95,844399
1968270,-0.15,0.26,-0.84,17.52,13.61,-2.44,0.19,0.63,0.81,-0.40,8.48,-1.74,837647
1968281,-0.08,0.25,-0.84,16.91,8.36,-5.37,0.18,0.63,0.82,0.12,12.18,-1.62,830489
1968293,-0.04,0.23,-0.85,15.29,6.81,-7.54,0.16,0.62,0.82,-1.22,6.65,-1.89,818447
1968305,-0.07,0.22,-0.88,12.51,9.70,-3.33,0.14,0.63,0.84,-2.81,0.58,-2.47,804539
1968317,-0.12,0.22,-0.90,11.78,15.47,0.76,0.13,0.63,0.85,-4.21,0.40,-4.15,787832
1968328,-0.16,0.21,-0.91,7.63,22.00,4.30,0.13,0.64,0.85,-5.95,5.07,-6.50,774732
1968340,-0.16,0.19,-0.92,2.26,25.88,4.39,0.13,0.66,0.85,-6.93,12.42,-9.70,761659
1968352,-0.10,0.19,-0.93,-1.04,24.99,3.23,0.12,0.69,0.85,-8.48,14.65,-11.84,748097
1968363,-0.02,0.21,-0.93,-1.43,19.65,-1.80,0.11,0.69,0.86,-10.01,13.43,-12.02,730899
1968375,0.05,0.21,-0.95,-4.30,11.63,-2.08,0.11,0.69,0.88,-12.05,8.18,-10.59,710416
1968387,0.07,0.19,-0.95,-8.48,5.55,-5.71,0.11,0.69,0.88,-13.34,1.04,-8.79,685899
1968399,0.02,0.20,-0.93,-11.20,5.46,-3.66,0.12,0.67,0.85,-11.69,-4.27,-6.29,663853
1968410,-0.07,0.27,-0.86,-7.81,8.06,3.14,0.13,0.65,0.79,-7.39,-2.59,-4.18,650947
1968422,-0.12,0.35,-0.79,-4.58,10.53,6.35,0.15,0.66,0.74,-2.26,2.78,-3.17,640650
1968434,-0.11,0.40,-0.75,-3.85,11.63,7.63,0.14,0.67,0.71,1.10,7.23,-4.12,637212
1968446,-0.07,0.40,-0.75,-7.08,10.44,6.74,0.13,0.71,0.71,2.78,7.97,-6.01,632679
1968457,-0.01,0.35,-0.78,-13.64,6.38,0.98,0.11,0.74,0.74,2.59,5.52,-6.13,618264
1968468,0.02,0.28,-0.81,-23.04,3.36,-6.53,0.10,0.75,0.75,3.27,-1.01,-5.22,600533
1968481,-0.02,0.22,-0.82,-30.49,3.39,-9.83,0.10,0.73,0.76,4.67,-4.46,-3.14,579105
1968492,-0.10,0.24,-0.81,-31.22,6.87,-4.91,0.12,0.70,0.76,6.41,-2.32,-0.98,549583
1968504,-0.18,0.34,-0.80,-23.93,10.71,3.69,0.15,0.67,0.75,6.20,3.39,0.64,520902
1968516,-0.17,0.43,-0.81,-18.01,10.96,8.64,0.17,0.68,0.75,4.64,7.32,2.01,504570
1968528,-0.11,0.47,-0.83,-14.13,9.28,6.81,0.15,0.70,0.76,2.75,5.16,0.40,503866
1968539,-0.01,0.46,-0.85,-15.96,5.34,-2.14,0.12,0.72,0.76,2.72,-0.21,-2.32,502815
1968551,0.05,0.45,-0.84,-15.56,1.71,-6.71,0.10,0.73,0.76,2.96,-3.69,-4.27,493364
1968563,0.04,0.42,-0.83,-18.10,0.73,-5.55,0.10,0.73,0.75,3.97,-3.94,-4.79,476134
1968575,0.01,0.42,-0.81,-19.04,1.19,-5.25,0.11,0.72,0.74,5.80,-2.44,-4.61,453435
1968586,-0.03,0.46,-0.80,-14.71,1.68,-1.59,0.11,0.71,0.73,7.57,-1.13,-3.39,429126
1968598,-0.07,0.50,-0.79,-11.23,2.23,0.58,0.13,0.72,0.73,8.61,-0.85,-2.44,419832
1968610,-0.09,0.52,-0.80,-9.12,2.69,-1.07,0.14,0.73,0.73,9.09,-0.40,-1.16,419563
1968621,-0.10,0.50,-0.82,-11.17,4.70,-7.51,0.14,0.75,0.75,7.78,-2.56,-0.58,420977
1968633,-0.13,0.46,-0.85,-12.97,7.32,-4.94,0.15,0.76,0.78,7.23,-1.86,0.61,420681
1968645,-0.15,0.38,-0.89,-19.10,9.58,-3.91,0.15,0.76,0.81,4.79,-1.92,-0.58,408869
1968657,-0.12,0.32,-0.93,-23.07,9.09,-6.23,0.15,0.75,0.84,2.47,-1.65,-1.56,386458
1968668,-0.07,0.29,-0.94,-23.83,5.65,-6.53,0.16,0.71,0.86,0.40,-1.56,-2.17,355734
1968680,-0.04,0.32,-0.92,-21.12,1.53,-5.68,0.16,0.67,0.85,-0.27,-1.13,-2.20,328048
1968692,-0.01,0.39,-0.88,-16.63,-1.68,-5.16,0.16,0.64,0.81,0.49,-2.47,-3.05,310197
1968703,0.01,0.43,-0.84,-10.28,-3.69,-7.93,0.15,0.64,0.78,1.19,-8.15,-3.75,302833
1968715,-0.06,0.48,-0.82,-5.07,0.37,-1.43,0.14,0.64,0.77,1.43,-8.33,-4.64,301545
1968727,-0.13,0.49,-0.83,-0.67,7.42,0.76,0.14,0.64,0.78,1.28,-4.97,-6.59,301211
1968739,-0.17,0.47,-0.86,-0.18,13.24,2.62,0.15,0.65,0.81,-1.01,2.93,-7.05,299520
1968750,-0.17,0.43,-0.90,-1.04,13.98,-0.49,0.17,0.67,0.84,-3.08,8.97,-6.16,298793
1968762,-0.13,0.39,-0.92,-2.44,11.05,-4.21,0.18,0.68,0.85,-4.43,10.10,-4.24,298605
1968774,-0.10,0.37,-0.91,-3.69,6.65,-0.76,0.19,0.68,0.84,-3.57,6.59,-2.01,299734
1968786,-0.07,0.36,-0.89,-5.77,1.16,2.32,0.18,0.69,0.83,-2.53,0.52,-0.85,298678
1968797,-0.03,0.38,-0.86,-6.29,-4.09,2.53,0.18,0.70,0.80,-1.83,-5.22,-0.12,300516
1968808,-0.02,0.40,-0.84,-6.38,-6.38,-1.19,0.17,0.71,0.79,-1.68,-9.80,-0.67,299543
1968821,-0.04,0.41,-0.83,-6.44,-5.58,-4.30,0.16,0.71,0.78,-0.82,-9.89,-1.13,295486
1968832,-0.09,0.41,-0.83,-7.17,-2.11,-5.49,0.17,0.71,0.78,-0.03,-5.37,-1.40,287023
1968844,-0.16,0.41,-0.83,-8.45,3.45,-6.10,0.18,0.71,0.78,0.95,0.79,-1.28,274624
1968856,-0.21,0.43,-0.83,-4.46,8.76,-5.52,0.18,0.69,0.77,1.80,5.40,-0.92,262298
1968868,-0.23,0.47,-0.83,-0.49,13.09,-4.49,0.18,0.68,0.78,2.14,7.54,-0.55,258992
1968879,-0.21,0.47,-0.85,1.86,15.32,-6.01,0.16,0.69,0.78,0.76,6.56,-0.98,262329
1968891,-0.16,0.45,-0.86,0.73,14.77,-7.57,0.15,0.70,0.79,-0.24,4.97,-0.76,267289
1968903,-0.10,0.40,-0.86,-3.14,11.51,-8.58,0.15,0.71,0.79,-1.80,3.51,-0.24,269517
1968915,-0.05,0.37,-0.85,-6.71,7.14,-10.44,0.15,0.71,0.78,-1.89,1.22,0.67,269223
1968926,-0.01,0.36,-0.83,-9.52,2.78,-10.93,0.15,0.70,0.77,-0.89,-0.55,1.56,258367
1968937,-0.01,0.38,-0.80,-8.42,1.04,-9.49,0.15,0.69,0.75,0.24,-1.65,1.77,245505
1968950,-0.04,0.41,-0.78,-6.44,1.62,-6.99,0.14,0.68,0.74,1.98,-2.87,1.53,234807
1968961,-0.05,0.45,-0.77,-3.97,1.50,-3.51,0.14,0.68,0.73,3.48,-1.59,1.46,226425
1968973,-0.04,0.46,-0.76,-4.15,-0.06,-1.40,0.14,0.68,0.72,4.12,-1.16,1.37,225919
1968985,-0.02,0.46,-0.75,-3.72,-2.59,-1.13,0.14,0.69,0.72,4.52,-1.68,1.46,226689
1968997,-0.00,0.47,-0.76,-2.87,-4.30,-1.22,0.13,0.70,0.72,4.85,-3.20,1.01,226798
1969008,-0.00,0.48,-0.77,-0.82,-4.18,0.12,0.12,0.70,0.73,5.55,-5.13,-0.18,225568
1969020,-0.01,0.49,-0.79,0.12,-3.33,0.18,0.11,0.70,0.74,5.68,-5.07,-1.89,223545
1969032,-0.01,0.46,-0.81,-0.79,-1.95,-2.04,0.09,0.71,0.75,5.16,-5.28,-3.30,219269
1969043,-0.02,0.42,-0.84,-3.45,0.31,-3.23,0.09,0.71,0.77,3.63,-5.25,-4.36,219760
1969055,-0.03,0.39,-0.87,-6.38,2.59,-4.52,0.09,0.71,0.79,1.25,-4.49,-5.34,217590
1969067,-0.05,0.38,-0.88,-7.39,5.86,-3.33,0.09,0.71,0.80,0.55,-1.62,-5.80,212420
1969079,-0.07,0.39,-0.88,-7.11,7.35,-1.74,0.11,0.71,0.80,0.98,1.19,-5.86,207074
1969090,-0.08,0.40,-0.88,-7.32,7.48,-1.04,0.12,0.72,0.80,0.95,2.01,-5.52,205791
1969102,-0.07,0.40,-0.87,-8.48,6.59,-0.95,0.13,0.72,0.79,0.76,1.80,-4.43,205299
1969114,-0.06,0.40,-0.87,-10.07,4.43,-1.22,0.14,0.73,0.79,-0.37,-0.49,-3.57,207627
1969126,-0.05,0.43,-0.86,-7.57,2.20,-2.04,0.15,0.72,0.79,-0.58,-3.14,-2.29,202816
1969137,-0.05,0.47,-0.85,-4.15,-0.27,-1.25,0.16,0.72,0.78,-0.18,-3.51,-1.59,195666
1969148,-0.06,0.49,-0.84,-0.95,-1.50,-0.40,0.16,0.71,0.78,-0.18,-3.66,-1.07,191977
1969161,-0.08,0.49,-0.84,0.67,-1.59,0.09,0.17,0.72,0.78,0.24,-3.85,-0.46,192267
1969172,-0.09,0.47,-0.85,-0.34,-0.85,-0.61,0.16,0.72,0.78,0.24,-4.24,-0.70,192705
1969184,-0.09,0.44,-0.85,-2.14,-0.43,-1.59,0.16,0.73,0.79,0.40,-2.93,-1.13,196960
1969196,-0.09,0.42,-0.86,-4.21,-0.46,-1.77,0.17,0.73,0.79,-0.46,-2.14,-1.71,197925
1969208,-0.08,0.41,-0.86,-4.67,0.06,-2.62,0.16,0.72,0.79,-0.61,-0.70,-2.20,194054
1969219,-0.09,0.41,-0.86,-4.21,0.98,-3.42,0.16,0.71,0.79,-0.37,-0.61,-2.53,191329
1969231,-0.11,0.41,-0.86,-3.63,2.81,-2.99,0.16,0.70,0.79,-0.67,0.03,-2.44,186026
1969243,-0.14,0.42,-0.85,-2.84,5.00,-1.98,0.17,0.70,0.78,-1.22,0.31,-2.11,184666
1969255,-0.14,0.42,-0.85,-2.01,5.13,-2.11,0.18,0.70,0.78,-2.32,1.53,-1.86,187513
1969266,-0.12,0.44,-0.85,-0.37,4.24,-2.47,0.18,0.69,0.78,-2.72,1.37,-1.10,190694
1969277,-0.11,0.45,-0.84,1.46,3.20,-1.28,0.18,0.69,0.77,-2.87,1.25,-0.73,192724
1969290,-0.10,0.44,-0.84,1.59,1.86,0.37,0.18,0.69,0.77,-3.02,-0.34,-0.24,193224
1969301,-0.09,0.42,-0.84,0.55,0.64,-0.15,0.17,0.70,0.77,-3.39,-1.50,0.06,196372
1969313,-0.07,0.40,-0.83,-1.16,-0.27,-1.56,0.16,0.70,0.77,-3.69,-2.78,-0.09,199061
1969325,-0.08,0.39,-0.83,-1.50,1.16,-1.43,0.15,0.70,0.77,-3.02,-2.69,-0.52,197921
1969337,-0.11,0.39,-0.82,-3.72,4.67,-2.41,0.15,0.70,0.76,-2.29,-0.52,-0.98,192001
1969348,-0.13,0.39,-0.82,-4.91,7.35,-1.68,0.15,0.70,0.76,-1.04,2.20,-1.74,185978
1969360,-0.14,0.40,-0.81,-5.80,8.97,0.00,0.16,0.70,0.76,-0.40,5.65,-1.80,181570
1969372,-0.12,0.41,-0.81,-5.43,8.27,0.37,0.17,0.71,0.76,0.34,6.53,-1.43,177445
1969383,-0.09,0.43,-0.81,-5.10,5.62,0.61,0.17,0.71,0.76,0.24,4.43,-0.85,172627
1969395,-0.07,0.45,-0.81,-2.78,2.72,0.98,0.17,0.71,0.76,-0.12,1.28,-0.34,172036
1969406,-0.05,0.46,-0.82,-1.19,-0.03,0.43,0.16,0.71,0.76,-0.64,-1.62,-0.06,172219
1969419,-0.04,0.45,-0.83,-0.95,-0.85,0.15,0.16,0.71,0.77,-1.50,-2.93,-0.21,169194
1969430,-0.05,0.44,-0.85,-1.46,-0.46,0.31,0.15,0.71,0.78,-2.11,-2.93,-0.89,163048
1969442,-0.07,0.44,-0.86,0.24,0.09,1.46,0.15,0.71,0.79,-2.81,-1.68,-0.70,160016
1969454,-0.08,0.45,-0.87,0.43,0.61,1.13,0.15,0.72,0.79,-3.88,0.31,-1.01,158781
1969466,-0.07,0.45,-0.87,0.98,0.40,0.49,0.15,0.72,0.79,-4.76,1.56,-0.73,160931
1969477,-0.07,0.45,-0.87,1.19,0.73,-0.89,0.15,0.73,0.80,-5.25,1.56,-0.67,164812
1969488,-0.06,0.44,-0.87,0.46,0.61,-1.89,0.14,0.73,0.79,-5.04,0.31,-0.79,164250
1969501,-0.06,0.43,-0.87,-0.18,1.25,-2.59,0.13,0.73,0.79,-5.46,-0.52,-1.22,163301
1969512,-0.06,0.43,-0.86,-0.43,2.08,-2.44,0.13,0.73,0.79,-5.22,-0.95,-1.46,160155
1969524,-0.06,0.43,-0.85,-1.62,2.17,-2.32,0.13,0.73,0.78,-4.58,-0.58,-1.56,155698
1969536,-0.06,0.45,-0.84,-0.70,2.53,-1.28,0.13,0.72,0.77,-3.97,0.31,-1.43,157722
1969548,-0.06,0.46,-0.83,0.82,2.14,-0.43,0.13,0.71,0.76,-2.96,0.76,-1.50,156946
1969559,-0.05,0.46,-0.81,1.68,1.34,0.03,0.13,0.71,0.76,-1.83,0.73,-1.92,152600
1969571,-0.05,0.46,-0.81,1.01,1.37,1.31,0.13,0.71,0.75,-0.85,0.89,-1.92,154872
1969583,-0.05,0.44,-0.81,0.49,1.89,1.86,0.13,0.71,0.75,-0.55,0.09,-2.29,158221
1969594,-0.06,0.43,-0.81,-0.52,2.66,1.13,0.12,0.71,0.75,-0.18,-0.58,-2.78,158756
1969606,-0.06,0.41,-0.81,-2.75,3.17,0.43,0.13,0.71,0.76,-0.37,-0.46,-2.96,160769
1969617,-0.07,0.38,-0.82,-4.70,4.12,-0.76,0.13,0.70,0.77,-0.58,0.43,-2.99,161960
1969630,-0.08,0.37,-0.82,-6.35,4.70,-1.50,0.14,0.70,0.76,-0.58,0.49,-2.99,159955
1969641,-0.09,0.37,-0.81,-6.62,4.52,-1.46,0.15,0.69,0.76,-0.12,1.22,-2.53,157798
1969653,-0.08,0.39,-0.80,-6.59,4.33,-1.59,0.15,0.68,0.75,-0.06,1.22,-1.86,148938
1969665,-0.08,0.41,-0.79,-4.58,3.78,-1.37,0.15,0.67,0.75,0.18,0.34,-1.86,141355
1969677,-0.07,0.43,-0.79,-3.30,2.78,-0.43,0.15,0.67,0.75,0.76,-1.01,-1.59,135283
1969688,-0.06,0.43,-0.79,-2.38,1.98,0.24,0.15,0.67,0.75,0.73,-1.92,-1.56,136957
1969700,-0.06,0.43,-0.80,-1.59,1.86,0.82,0.14,0.68,0.75,1.07,-2.47,-1.92,137638
