time,faccx,faccy,faccz,fgyrx,fgyry,fgyrz,saccx,saccy,saccz,sgyrx,sgyry,sgyrz,load
351954,0.04,1.02,0.09,-2.38,2.26,-1.19,-0.09,0.36,1.00,0.03,0.52,-0.46,16645818
351965,0.04,1.02,0.10,-1.74,2.01,-1.25,-0.09,0.36,1.00,0.76,0.37,-0.61,16642782
351975,0.04,1.02,0.09,-2.14,1.98,-1.62,-0.09,0.36,1.00,0.92,-0.18,-0.43,16644603
351985,0.04,1.02,0.10,-2.04,1.68,-1.31,-0.09,0.36,1.00,3.69,-0.58,0.70,16642547
351996,0.04,1.03,0.10,-1.53,2.01,-1.62,-0.09,0.36,1.00,3.69,0.06,0.49,16642385
352008,0.04,1.03,0.10,-0.27,1.74,-1.53,-0.09,0.36,1.00,3.33,0.34,0.40,16642285
352020,0.04,1.02,0.09,-1.71,1.68,-1.37,-0.08,0.36,0.99,0.15,0.18,-0.82,16639719
352031,0.05,1.02,0.09,-1.71,1.16,-1.37,-0.08,0.36,0.99,-0.85,-0.03,-0.61,16637610
352044,0.05,1.03,0.10,-1.10,1.07,-1.53,-0.09,0.36,0.99,1.95,0.24,0.00,16641150
352055,0.04,1.02,0.10,-2.38,2.81,-0.85,-0.09,0.36,0.99,2.96,-0.12,0.15,16637461
352067,0.04,1.02,0.10,-0.67,1.89,-1.07,-0.09,0.36,0.99,0.89,0.73,0.03,16636424
352078,0.04,1.03,0.10,-0.64,2.04,-1.68,-0.08,0.37,0.99,-1.37,-0.09,-1.28,16634746
352090,0.04,1.02,0.09,-3.14,2.59,-1.22,-0.08,0.37,0.99,-2.04,1.07,-0.89,16633627
352102,0.04,1.02,0.09,-3.94,1.98,-0.67,-0.08,0.37,0.99,-5.00,0.09,-2.47,16635218
352113,0.04,1.02,0.09,-1.89,2.20,-1.37,-0.08,0.36,0.99,-1.10,1.86,-0.18,16637672
352125,0.04,1.03,0.10,-1.01,2.32,-1.59,-0.08,0.36,1.00,1.04,1.04,0.43,16637023
352137,0.04,1.02,0.09,-2.41,2.44,-1.62,-0.08,0.36,1.00,1.50,-0.09,-0.24,16635112
352149,0.04,1.02,0.09,-3.20,2.41,-1.53,-0.08,0.36,0.99,1.40,-1.16,-0.89,16634505
352160,0.04,1.02,0.10,-2.26,2.11,-1.19,-0.08,0.37,0.99,-1.28,0.40,-1.34,16634844
352173,0.04,1.03,0.10,-1.40,2.44,-1.62,-0.08,0.37,0.99,-3.27,0.89,-1.31,16633791
352184,0.04,1.02,0.10,-2.11,2.04,-1.37,-0.09,0.36,0.99,-0.98,0.70,-0.58,16634982
352196,0.04,1.02,0.09,-2.81,2.14,-1.07,-0.09,0.36,0.99,1.46,0.27,-0.40,16636134
352207,0.04,1.02,0.10,-1.98,2.17,-1.50,-0.09,0.36,0.99,1.62,-0.15,-0.15,16637882
352219,0.04,1.03,0.10,-1.92,2.29,-1.59,-0.08,0.36,0.99,-0.40,0.64,-0.67,16636308
352231,0.04,1.02,0.09,-2.20,2.20,-1.50,-0.09,0.36,0.99,0.92,-0.31,-0.85,16636094
352242,0.04,1.02,0.09,-3.11,2.23,-1.68,-0.09,0.36,1.00,4.76,0.95,1.22,16635636
352254,0.04,1.02,0.10,-2.41,2.41,-1.43,-0.08,0.36,0.99,4.21,-2.78,-0.52,16635289
352266,0.04,1.02,0.10,-1.83,2.14,-1.28,-0.08,0.36,1.00,8.06,-0.92,1.16,16634697
352278,0.04,1.02,0.09,-2.41,2.04,-1.10,-0.08,0.37,0.99,-3.63,1.07,-1.13,16634530
352289,0.04,1.02,0.09,-2.84,1.86,-1.31,-0.08,0.38,0.98,-13.06,3.97,-3.02,16634904
352302,0.04,1.02,0.10,-2.08,2.17,-1.19,-0.08,0.37,0.99,-8.30,4.88,-0.98,16634088
352313,0.04,1.02,0.10,-1.92,2.17,-1.25,-0.09,0.36,1.00,1.56,1.13,0.18,16633696
352324,0.04,1.02,0.10,-2.23,2.47,-1.50,-0.09,0.36,1.00,6.04,-0.40,1.28,16634147
352336,0.04,1.02,0.09,-2.56,2.20,-1.40,-0.09,0.36,0.99,3.05,0.12,0.21,16635803
352348,0.04,1.02,0.10,-2.26,2.20,-1.68,-0.08,0.37,0.99,-3.69,0.64,-1.80,16634720
352360,0.04,1.02,0.10,-2.11,2.20,-1.28,-0.08,0.37,0.99,-6.20,2.14,-2.04,16634016
352371,0.04,1.02,0.09,-2.56,2.17,-1.43,-0.08,0.37,0.99,-3.42,0.92,-1.43,16634145
352384,0.04,1.02,0.09,-2.44,2.53,-1.43,-0.08,0.36,1.00,1.62,0.09,-0.31,16635870
352395,0.04,1.02,0.09,-2.08,2.29,-1.46,-0.09,0.36,1.00,3.17,0.09,0.15,16632482
352407,0.04,1.02,0.10,-2.17,2.26,-1.46,-0.08,0.37,0.99,0.18,0.49,-0.43,16632986
352418,0.04,1.02,0.10,-2.20,2.11,-1.40,-0.08,0.37,0.99,-2.96,1.25,-1.22,16633509
352431,0.04,1.02,0.10,-2.41,2.14,-1.50,-0.08,0.37,0.99,-3.81,1.07,-1.43,16632960
352442,0.04,1.02,0.10,-2.29,2.11,-1.40,-0.09,0.37,0.99,-1.50,0.61,-0.76,16634435
352453,0.04,1.02,0.10,-2.11,2.26,-1.40,-0.09,0.36,0.99,1.13,0.37,-0.09,16633399
352465,0.04,1.02,0.10,-2.23,2.32,-1.68,-0.09,0.36,0.99,0.61,0.43,-0.15,16632396
352477,0.04,1.02,0.09,-2.84,2.17,-1.50,-0.08,0.37,0.99,-1.13,0.52,-0.95,16634264
352489,0.04,1.02,0.10,-2.08,2.44,-1.65,-0.08,0.37,0.99,-2.56,1.04,-1.31,16635633
352500,0.04,1.02,0.09,-2.14,2.14,-1.31,-0.08,0.37,0.99,-2.01,0.85,-1.10,16634123
352513,0.04,1.02,0.09,-2.17,2.35,-1.34,-0.08,0.36,0.99,-0.37,0.70,-0.70,16632408
352524,0.04,1.02,0.09,-2.17,2.29,-1.01,-0.08,0.36,0.99,0.43,0.73,-0.09,16632907
352536,0.04,1.02,0.10,-2.01,2.14,-1.43,-0.08,0.37,0.99,-0.67,0.89,-0.58,16635533
352547,0.04,1.02,0.10,-2.08,2.14,-1.22,-0.08,0.37,0.99,-1.92,0.76,-1.04,16637386
352559,0.04,1.02,0.09,-2.26,2.26,-1.16,-0.08,0.37,0.99,-1.98,0.98,-0.85,16634533
352571,0.04,1.02,0.09,-2.32,2.17,-1.37,-0.08,0.37,0.99,-1.25,0.89,-0.67,16634029
352582,0.05,1.02,0.10,-2.17,1.98,-1.50,-0.09,0.36,1.00,-0.15,0.34,-0.40,16634584
352594,0.05,1.02,0.10,-2.20,2.35,-1.16,-0.09,0.36,0.99,0.06,0.52,-0.43,16635039
352606,0.04,1.02,0.10,-2.38,2.32,-1.40,-0.08,0.37,0.99,-1.16,0.73,-0.73,16634116
352618,0.04,1.02,0.10,-2.26,2.29,-1.34,-0.08,0.37,0.99,-1.89,0.92,-1.04,16635229
352629,0.04,1.02,0.10,-2.20,2.20,-1.10,-0.08,0.37,0.99,-1.98,0.76,-1.07,16636756
352642,0.04,1.02,0.10,-2.14,2.23,-1.13,-0.08,0.36,0.99,-0.98,0.85,-1.04,16636292
352653,0.04,1.02,0.09,-2.44,2.29,-1.53,-0.08,0.36,0.99,-0.43,0.85,-0.70,16634919
352664,0.04,1.02,0.09,-2.26,2.32,-1.28,-0.08,0.36,0.99,-0.46,0.64,-0.40,16635211
352676,0.04,1.02,0.09,-2.32,2.26,-1.46,-0.08,0.37,0.99,-1.04,0.76,-0.58,16636221
352688,0.04,1.02,0.10,-2.14,2.11,-1.56,-0.08,0.37,0.99,-1.19,0.85,-0.95,16633756
352700,0.04,1.02,0.10,-2.26,2.29,-1.59,-0.08,0.37,0.99,-1.07,0.73,-0.67,16635359
352711,0.04,1.02,0.10,-2.17,2.11,-1.43,-0.08,0.37,0.99,-0.98,1.01,-0.61,16636344
352723,0.04,1.02,0.10,-2.17,2.14,-1.28,-0.09,0.37,0.99,-0.76,0.70,-0.89,16634222
352735,0.04,1.02,0.10,-2.32,2.14,-1.40,-0.09,0.37,0.99,-0.92,0.52,-0.64,16633753
352747,0.04,1.02,0.09,-1.98,2.26,-1.53,-0.08,0.37,0.99,-1.01,0.76,-0.79,16634113
352758,0.04,1.02,0.09,-2.44,2.26,-1.40,-0.08,0.37,0.99,-0.89,0.52,-0.92,16634147
352771,0.04,1.02,0.09,-2.47,2.23,-1.31,-0.08,0.36,0.99,-0.55,0.58,-0.43,16635179
352782,0.04,1.02,0.09,-2.44,2.29,-1.28,-0.08,0.37,0.99,-0.55,0.79,-0.64,16633443
352793,0.04,1.02,0.09,-2.04,2.23,-1.19,-0.08,0.37,0.99,-0.85,0.73,-0.85,16634189
352805,0.04,1.02,0.09,-2.35,2.29,-1.25,-0.08,0.37,0.99,-1.22,0.76,-0.79,16635963
352817,0.04,1.02,0.10,-2.29,2.04,-1.43,-0.08,0.37,0.99,-1.10,0.95,-0.76,16633687
352829,0.04,1.02,0.10,-2.32,2.26,-1.53,-0.09,0.37,0.99,-0.49,0.67,-0.79,16634451
352840,0.04,1.02,0.09,-2.53,2.17,-1.28,-0.09,0.36,0.99,-0.55,0.64,-0.73,16633132
352852,0.04,1.02,0.10,-2.14,2.20,-1.22,-0.09,0.37,0.99,-0.70,0.61,-0.70,16633371
352864,0.04,1.02,0.10,-2.38,2.14,-1.37,-0.09,0.37,0.99,-0.82,0.46,-0.82,16633272
352876,0.04,1.02,0.10,-2.20,2.26,-1.56,-0.08,0.37,0.99,-0.85,0.52,-0.82,16637668
352887,0.04,1.02,0.10,-2.14,2.14,-1.28,-0.08,0.37,0.99,-1.28,0.82,-0.98,16638420
352899,0.04,1.02,0.09,-2.17,2.04,-1.31,-0.08,0.37,0.99,-1.04,0.67,-0.92,16634114
352911,0.04,1.02,0.09,-2.35,2.20,-1.53,-0.08,0.37,0.99,-1.01,0.89,-0.79,16631947
352922,0.04,1.02,0.09,-2.32,2.26,-1.53,-0.08,0.37,0.99,-1.16,0.61,-0.76,16631274
352934,0.04,1.02,0.09,-2.29,2.20,-1.25,-0.08,0.37,0.99,-0.98,0.64,-0.58,16632399
352946,0.04,1.02,0.09,-2.14,2.23,-1.43,-0.08,0.37,0.99,-0.85,0.79,-0.52,16631736
352958,0.04,1.02,0.10,-2.20,2.35,-1.25,-0.08,0.37,0.99,-0.89,0.79,-0.95,16632443
352969,0.04,1.02,0.10,-2.29,2.14,-1.43,-0.08,0.37,0.99,-0.98,0.67,-0.49,16635629
352982,0.04,1.02,0.10,-2.47,2.11,-1.37,-0.08,0.37,0.99,-1.28,0.79,-0.95,16635908
352993,0.04,1.02,0.09,-2.56,2.32,-1.56,-0.08,0.37,0.99,-1.43,0.76,-1.01,16635256
353004,0.04,1.02,0.09,-2.04,2.44,-1.59,-0.08,0.37,0.99,-1.22,0.70,-0.70,16635784
353016,0.04,1.02,0.09,-1.98,2.14,-1.37,-0.08,0.36,0.99,-0.34,0.37,-0.73,16636454
353028,0.04,1.02,0.09,-2.44,2.35,-1.25,-0.08,0.37,0.99,-0.43,0.61,-0.76,16636920
353040,0.04,1.02,0.09,-2.35,2.29,-1.28,-0.08,0.37,0.99,-0.37,0.73,-0.76,16635355
353051,0.04,1.02,0.09,-2.32,2.32,-1.37,-0.08,0.37,0.99,-0.92,0.98,-0.55,16637928
353063,0.04,1.02,0.09,-2.23,2.11,-1.56,-0.08,0.37,0.99,-1.68,0.82,-1.04,16637576
353075,0.04,1.02,0.09,-2.11,2.11,-1.19,-0.08,0.37,0.99,-1.74,0.95,-0.82,16635666
353087,0.04,1.02,0.09,-2.32,2.17,-1.53,-0.08,0.37,0.99,-1.19,0.67,-0.70,16634457
353098,0.04,1.02,0.09,-2.50,2.08,-1.04,-0.08,0.37,0.99,-0.09,0.55,-0.46,16634572
353111,0.04,1.02,0.09,-2.08,2.17,-1.34,-0.08,0.37,0.99,-0.09,0.55,-0.49,16635526
353122,0.04,1.02,0.09,-2.26,2.29,-1.43,-0.08,0.37,0.99,-1.19,0.95,-0.73,16636494
353133,0.04,1.02,0.10,-2.50,2.38,-1.40,-0.09,0.37,0.99,-1.68,0.70,-1.19,16634847
353145,0.05,1.02,0.10,-2.44,2.04,-1.43,-0.09,0.37,0.99,-1.40,0.73,-1.07,16630895
353157,0.05,1.02,0.10,-2.26,2.32,-1.37,-0.09,0.37,0.99,-0.37,0.82,-0.46,16631803
353169,0.04,1.02,0.10,-2.23,2.23,-1.53,-0.09,0.37,0.99,-0.06,0.52,-0.52,16634061
353180,0.04,1.02,0.10,-2.26,2.29,-1.56,-0.09,0.37,0.99,-0.43,0.73,-0.73,16635185
353192,0.04,1.02,0.10,-2.66,2.29,-1.19,-0.08,0.37,0.99,-1.53,0.55,-0.79,16633435
353204,0.04,1.02,0.09,-2.26,2.29,-1.59,-0.08,0.37,0.99,-1.68,0.70,-0.82,16634551
353216,0.04,1.02,0.09,-2.26,2.23,-1.25,-0.08,0.37,0.99,-1.13,0.85,-0.95,16633520
353227,0.04,1.02,0.09,-1.95,2.29,-1.43,-0.08,0.36,0.99,-0.40,0.52,-0.61,16634170
353239,0.04,1.02,0.10,-2.53,2.29,-1.37,-0.08,0.36,0.99,0.03,0.18,-0.70,16635130
353251,0.04,1.02,0.10,-2.14,2.11,-1.43,-0.08,0.37,0.99,-0.06,0.37,-0.58,16633961
353262,0.04,1.02,0.10,-2.32,2.26,-1.25,-0.08,0.37,0.99,-0.46,0.61,-0.37,16631870
353274,0.04,1.02,0.10,-2.14,2.35,-1.50,-0.08,0.37,0.99,-1.19,0.76,-0.82,16632071
353286,0.04,1.02,0.10,-2.35,2.44,-1.43,-0.08,0.37,0.99,-1.22,0.89,-0.89,16633529
353298,0.05,1.02,0.10,-2.35,2.08,-1.34,-0.08,0.37,0.99,-1.07,0.49,-1.01,16633002
353309,0.04,1.02,0.09,-2.11,2.35,-1.40,-0.08,0.36,0.99,-0.64,0.46,-0.79,16631825
353321,0.04,1.02,0.09,-2.14,2.38,-1.65,-0.08,0.36,0.99,-0.55,0.58,-0.40,16633406
353333,0.04,1.02,0.09,-2.38,2.01,-1.50,-0.08,0.37,0.99,-0.73,0.82,-0.46,16633660
353344,0.04,1.02,0.09,-2.41,2.14,-1.53,-0.08,0.37,0.99,-0.89,0.73,-0.85,16634508
353356,0.04,1.02,0.09,-2.41,2.20,-1.31,-0.08,0.37,0.99,-1.50,0.85,-1.04,16633638
353368,0.04,1.02,0.10,-2.38,2.23,-1.37,-0.08,0.37,0.99,-1.68,0.79,-0.76,16632474
353380,0.04,1.02,0.10,-2.26,2.11,-1.07,-0.09,0.37,0.99,-1.34,0.73,-0.70,16636402
353391,0.04,1.02,0.09,-2.26,2.08,-1.46,-0.09,0.37,0.99,-0.89,0.64,-0.70,16637306
353403,0.04,1.02,0.09,-2.04,2.26,-1.25,-0.09,0.37,0.99,-0.82,0.52,-0.76,16634722
353415,0.04,1.02,0.09,-2.47,2.17,-1.22,-0.09,0.37,0.99,-0.52,0.64,-0.34,16634938
353427,0.04,1.02,0.09,-2.11,2.44,-1.40,-0.08,0.37,0.99,-0.27,0.70,-0.70,16635034
353438,0.04,1.02,0.09,-2.14,2.17,-1.53,-0.08,0.37,0.99,-0.40,0.73,-0.85,16634546
353451,0.04,1.02,0.09,-2.14,2.08,-1.43,-0.08,0.37,0.99,-1.10,0.64,-0.85,16635021
353462,0.04,1.02,0.09,-2.35,2.23,-1.31,-0.08,0.37,0.99,-1.68,0.89,-0.82,16633385
353473,0.04,1.02,0.10,-2.35,2.29,-1.34,-0.08,0.37,0.99,-1.59,1.04,-0.85,16633533
353485,0.04,1.02,0.10,-2.32,1.95,-1.43,-0.08,0.37,0.99,-1.19,0.58,-0.92,16635100
353497,0.04,1.02,0.10,-2.66,2.11,-1.56,-0.09,0.37,0.99,-0.52,0.67,-0.55,16633733
353509,0.04,1.02,0.10,-2.23,2.08,-1.65,-0.09,0.37,0.99,-0.15,0.49,-0.89,16634417
353520,0.04,1.02,0.10,-1.98,2.20,-1.34,-0.09,0.37,0.99,-0.70,0.82,-0.46,16636546
353532,0.04,1.02,0.10,-2.17,2.14,-1.31,-0.08,0.37,0.99,-0.98,0.64,-0.76,16635936
353544,0.04,1.02,0.10,-2.62,2.38,-1.19,-0.08,0.37,0.99,-1.28,0.95,-0.58,16635817
353556,0.04,1.02,0.09,-2.20,2.32,-1.46,-0.08,0.37,0.99,-1.31,0.70,-0.92,16634913
353567,0.04,1.02,0.09,-2.29,2.17,-1.50,-0.08,0.37,0.99,-1.04,0.61,-0.58,16632359
353579,0.04,1.02,0.09,-2.50,2.32,-1.34,-0.08,0.37,0.99,-0.95,0.82,-0.95,16633280
353591,0.04,1.02,0.09,-2.44,2.17,-1.28,-0.08,0.37,0.99,-0.76,0.82,-0.79,16633801
353602,0.04,1.02,0.10,-2.32,2.20,-1.34,-0.08,0.37,0.99,-0.73,0.61,-0.46,16635684
353614,0.04,1.02,0.10,-1.98,2.26,-1.53,-0.08,0.37,0.99,-1.01,1.01,-0.43,16636706
353626,0.04,1.02,0.10,-2.35,1.98,-1.40,-0.08,0.37,0.99,-1.19,0.43,-0.73,16636156
353638,0.04,1.02,0.10,-2.08,2.32,-1.50,-0.08,0.37,0.99,-1.28,0.79,-0.64,16635404
353649,0.04,1.02,0.10,-2.29,2.14,-1.53,-0.08,0.37,0.99,-1.56,0.49,-0.79,16636233
353661,0.04,1.02,0.09,-2.23,2.23,-1.53,-0.08,0.37,0.99,-0.73,0.73,-0.76,16634662
353673,0.04,1.02,0.09,-2.41,2.17,-1.59,-0.08,0.36,0.99,-0.58,0.82,-0.61,16632182
353684,0.04,1.02,0.09,-2.32,2.20,-1.37,-0.08,0.37,0.99,-0.37,0.73,-0.40,16632989
353696,0.04,1.02,0.10,-1.95,2.01,-1.40,-0.08,0.37,0.99,-0.95,0.85,-0.64,16633486
353708,0.04,1.02,0.10,-2.17,2.01,-1.43,-0.08,0.37,0.99,-1.71,1.01,-0.79,16633683
353720,0.04,1.02,0.10,-2.50,2.17,-1.34,-0.08,0.37,0.99,-1.62,0.89,-0.55,16634057
353731,0.04,1.02,0.10,-1.98,2.26,-1.37,-0.08,0.37,0.99,-1.22,0.79,-0.95,16633563
353743,0.04,1.02,0.10,-2.32,2.23,-1.28,-0.09,0.37,0.99,-0.85,0.67,-0.70,16633357
353755,0.04,1.02,0.09,-2.29,2.11,-1.37,-0.08,0.37,0.99,-0.49,0.61,-0.92,16634286
353767,0.04,1.02,0.10,-2.26,2.17,-1.13,-0.08,0.37,0.99,-0.64,0.79,-0.70,16635235
353778,0.04,1.02,0.09,-2.20,2.26,-1.46,-0.08,0.37,0.99,-1.19,0.61,-0.52,16635697
353790,0.04,1.02,0.09,-2.11,2.11,-1.65,-0.08,0.37,0.99,-1.01,0.73,-1.10,16633865
353802,0.04,1.02,0.09,-2.29,2.23,-1.40,-0.08,0.37,0.99,-1.40,0.79,-0.85,16633849
353813,0.04,1.02,0.09,-2.32,2.35,-1.50,-0.08,0.37,0.99,-1.25,0.89,-0.64,16637072
353825,0.04,1.02,0.09,-2.35,2.14,-1.28,-0.08,0.37,0.99,-0.89,0.79,-0.64,16636534
353837,0.04,1.02,0.10,-2.17,2.26,-1.43,-0.08,0.37,0.99,-1.16,0.55,-0.92,16636149
353849,0.04,1.02,0.10,-2.35,2.26,-1.37,-0.08,0.37,0.99,-1.43,0.73,-0.76,16635863
353860,0.04,1.02,0.10,-2.29,2.01,-1.34,-0.08,0.37,0.99,-0.95,0.52,-0.70,16633508
353872,0.04,1.02,0.10,-2.20,2.20,-1.31,-0.08,0.37,0.99,-0.79,0.67,-0.98,16632629
353884,0.04,1.02,0.10,-2.08,2.29,-1.43,-0.08,0.37,0.99,-0.89,0.67,-0.61,16633292
353896,0.04,1.02,0.10,-2.20,2.29,-1.59,-0.08,0.37,0.99,-1.04,0.73,-0.89,16633392
353907,0.04,1.02,0.10,-2.23,2.20,-1.40,-0.08,0.37,0.99,-1.40,0.79,-0.61,16632623
353918,0.04,1.02,0.10,-2.23,2.20,-1.56,-0.08,0.37,0.99,-1.22,0.64,-0.67,16630782
353931,0.04,1.02,0.10,-2.26,2.20,-1.40,-0.08,0.37,0.99,-1.07,0.73,-0.89,16634253
353942,0.04,1.02,0.09,-2.32,2.01,-1.22,-0.08,0.37,0.99,-0.61,0.70,-0.76,16637958
353954,0.04,1.02,0.09,-2.23,2.38,-1.46,-0.08,0.37,0.99,-0.52,0.67,-0.89,16634571
353966,0.04,1.02,0.09,-2.14,2.26,-1.25,-0.08,0.37,0.99,-0.98,0.43,-0.76,16634964
353978,0.04,1.02,0.09,-2.41,2.32,-1.31,-0.08,0.37,0.99,-0.76,0.55,-0.76,16635479
353989,0.04,1.02,0.09,-2.17,2.26,-1.43,-0.08,0.37,0.99,-0.85,0.64,-0.64,16636386
354001,0.04,1.02,0.09,-2.32,2.04,-1.25,-0.08,0.37,0.99,-1.31,0.67,-0.89,16634601
354013,0.04,1.02,0.10,-2.38,2.23,-1.43,-0.08,0.37,0.99,-1.28,1.04,-0.82,16632405
354024,0.04,1.02,0.10,-2.26,2.26,-1.50,-0.08,0.37,0.99,-1.16,0.85,-0.82,16635134
354036,0.04,1.02,0.10,-2.32,2.26,-1.40,-0.08,0.37,0.99,-0.46,0.58,-0.73,16635180
354048,0.04,1.02,0.10,-2.14,2.29,-1.37,-0.09,0.37,0.99,-0.24,0.55,-0.52,16631991
354060,0.04,1.02,0.10,-2.08,2.41,-1.19,-0.09,0.37,0.99,-0.61,0.79,-0.79,16632187
354071,0.04,1.02,0.10,-2.29,1.95,-1.34,-0.08,0.37,0.99,-1.31,0.64,-0.89,16634392
354083,0.04,1.02,0.10,-2.29,2.35,-1.37,-0.08,0.37,0.99,-1.25,0.79,-1.01,16636814
354095,0.04,1.02,0.10,-2.23,2.01,-1.25,-0.08,0.37,0.99,-1.50,0.73,-0.95,16637034
354107,0.04,1.02,0.09,-2.41,2.08,-1.50,-0.08,0.37,0.99,-1.01,0.76,-0.79,16635562
354118,0.04,1.02,0.09,-2.41,2.20,-1.28,-0.08,0.37,0.99,-0.58,0.55,-0.64,16636099
354130,0.04,1.02,0.09,-2.35,1.98,-1.34,-0.08,0.37,0.99,-0.67,0.76,-0.76,16635163
354142,0.04,1.02,0.09,-2.20,2.08,-1.28,-0.08,0.37,0.99,-0.64,0.76,-0.85,16635233
354153,0.04,1.02,0.10,-2.17,2.35,-1.28,-0.08,0.37,0.99,-1.10,0.73,-0.64,16634837
354165,0.04,1.00,0.10,2.69,2.56,-2.04,-0.08,0.37,0.99,0.03,-0.12,-0.64,16638710
354177,0.04,1.04,0.13,16.97,1.34,-1.62,-0.09,0.36,0.99,2.81,-1.92,-1.25,16676321
354189,0.04,1.00,0.08,-2.87,1.16,0.34,-0.09,0.37,0.99,5.00,-4.49,-0.92,16684928
354200,0.04,1.02,0.07,-11.81,2.99,-0.52,-0.08,0.37,0.99,0.00,-1.07,-1.37,16641679
354212,0.04,1.05,0.11,-5.19,2.66,-0.61,-0.08,0.37,0.99,-2.84,1.34,-0.70,16632700
354224,0.04,1.03,0.11,0.55,2.44,-1.28,-0.08,0.37,0.99,-3.45,1.95,-0.82,16633278
354236,0.04,1.02,0.10,3.60,2.11,-1.10,-0.08,0.37,0.99,-3.14,2.44,-1.01,16647168
354247,0.04,1.01,0.08,-5.00,1.83,-1.01,-0.08,0.37,0.99,-0.15,0.82,-0.18,16669666
354258,0.04,1.02,0.09,-4.76,2.53,-1.74,-0.09,0.36,0.99,1.98,-0.18,-0.49,16657203
354271,0.04,1.05,0.11,2.35,2.78,-2.04,-0.08,0.37,0.99,0.70,0.40,-0.43,16656671
354282,0.04,1.02,0.10,-2.84,2.56,-0.92,-0.08,0.37,0.99,-2.56,1.07,-1.04,16674397
354294,0.04,1.00,0.08,-5.95,1.98,-1.16,-0.08,0.37,0.99,-4.79,1.59,-1.62,16682520
354306,0.05,1.03,0.10,0.58,2.08,-1.62,-0.09,0.37,0.99,-1.98,1.10,-0.82,16691126
354318,0.05,1.04,0.10,1.74,2.14,-2.20,-0.09,0.36,0.99,1.80,0.06,0.09,16698016
354329,0.04,1.02,0.09,-3.66,2.35,-1.16,-0.09,0.36,0.99,1.40,0.27,-0.27,16708553
354341,0.04,1.01,0.08,-6.20,2.35,-1.10,-0.08,0.37,0.99,-1.01,1.04,-0.49,16720123
354353,0.04,1.03,0.10,0.00,2.32,-1.53,-0.08,0.37,0.99,-2.93,1.01,-1.28,16725854
354364,0.04,1.03,0.10,1.04,2.29,-1.86,-0.08,0.37,0.99,-1.95,0.85,-0.89,16729257
354376,0.04,1.02,0.09,-2.78,2.20,-1.19,-0.08,0.37,0.99,-0.61,0.46,-0.82,16736934
354387,0.04,1.02,0.09,-3.33,2.20,-1.43,-0.08,0.37,0.99,-0.49,0.67,-0.49,16744909
354400,0.04,1.03,0.10,-0.85,2.32,-1.25,-0.08,0.37,0.99,-0.61,0.76,-0.73,16746957
354411,0.04,1.03,0.10,-1.68,2.20,-1.53,-0.08,0.37,0.99,-0.98,0.82,-0.76,16746910
354423,0.04,1.02,0.09,-3.42,2.26,-1.10,-0.08,0.37,0.99,-1.25,0.73,-0.76,16745119
354435,0.04,1.02,0.10,-1.80,2.35,-1.62,-0.08,0.37,0.99,-1.43,0.55,-0.82,16748016
354447,0.04,1.03,0.10,-0.73,2.38,-1.62,-0.08,0.37,0.99,-0.98,0.58,-0.76,16750472
354458,0.04,1.02,0.09,-2.38,2.17,-1.22,-0.08,0.37,0.99,-0.58,0.52,-0.64,16751711
354470,0.04,1.02,0.09,-3.45,2.23,-1.07,-0.08,0.37,0.99,-1.04,0.76,-0.70,16751383
354482,0.04,1.03,0.10,-1.59,2.11,-1.56,-0.08,0.37,0.99,-1.50,0.67,-1.04,16750670
354493,0.04,1.03,0.10,-1.07,2.47,-1.62,-0.08,0.37,0.99,-1.40,0.92,-0.92,16752632
354505,0.04,1.02,0.09,-3.11,2.20,-1.37,-0.08,0.37,0.99,-1.43,0.76,-0.76,16752787
354516,0.04,1.02,0.09,-2.38,2.32,-1.37,-0.08,0.37,0.99,-0.95,0.46,-0.89,16755175
354529,0.04,1.03,0.10,-1.50,2.38,-1.46,-0.08,0.37,0.99,-0.31,1.10,-0.70,16754792
354540,0.04,1.02,0.09,-2.23,2.56,-1.25,-0.08,0.37,0.99,-0.49,0.52,-0.31,16755690
354552,0.04,1.02,0.09,-2.75,2.26,-1.25,-0.08,0.37,0.99,-1.07,0.82,-0.79,16756169
354564,0.04,1.02,0.10,-1.89,2.20,-1.46,-0.08,0.37,0.99,-1.46,0.73,-0.85,16752670
354576,0.04,1.02,0.10,-1.83,2.17,-1.37,-0.08,0.37,0.99,-1.74,0.89,-0.85,16754454
354587,0.04,1.02,0.09,-2.44,2.01,-1.28,-0.08,0.37,0.99,-1.40,0.67,-0.85,16754162
354598,0.04,1.02,0.09,-2.35,2.23,-1.16,-0.08,0.36,0.99,-0.67,0.76,-0.61,16756013
354611,0.04,1.02,0.09,-1.92,2.20,-1.56,-0.08,0.37,0.99,-0.24,0.40,-0.46,16757213
354622,0.04,1.02,0.09,-2.32,1.89,-1.34,-0.08,0.37,0.99,-0.21,0.34,-0.70,16754266
354634,0.04,1.02,0.09,-2.69,2.04,-1.28,-0.08,0.37,0.99,-0.85,0.76,-0.76,16752161
354646,0.04,1.02,0.10,-2.38,2.20,-1.22,-0.09,0.37,0.99,-1.43,0.76,-0.79,16753944
354658,0.04,1.02,0.10,-2.08,2.47,-1.40,-0.09,0.37,0.99,-1.71,0.92,-0.82,16755276
354669,0.04,1.02,0.10,-2.17,2.23,-1.28,-0.09,0.37,0.99,-1.53,0.67,-0.67,16753665
354681,0.04,1.02,0.09,-2.23,2.20,-1.37,-0.08,0.37,0.99,-1.19,0.95,-0.76,16754374
354693,0.04,1.02,0.09,-2.14,2.47,-1.71,-0.08,0.37,0.99,-0.64,0.52,-0.64,16752916
354704,0.04,1.02,0.09,-2.44,2.14,-1.37,-0.08,0.37,0.99,-0.03,0.79,-0.64,16751419
354716,0.04,1.02,0.09,-2.50,2.20,-1.46,-0.08,0.37,0.99,-0.46,0.82,-0.64,16752590
354727,0.04,1.02,0.09,-2.04,2.26,-1.46,-0.08,0.37,0.99,-1.25,0.76,-0.76,16754371
354740,0.04,1.02,0.09,-2.11,2.14,-1.77,-0.08,0.37,0.99,-1.74,0.79,-1.07,16755234
354751,0.04,1.02,0.09,-2.56,2.32,-1.37,-0.08,0.37,0.99,-1.50,0.58,-0.85,16753886
354763,0.04,1.02,0.09,-2.38,1.89,-1.40,-0.08,0.37,0.99,-0.85,0.98,-0.85,16751567
354775,0.04,1.02,0.09,-2.20,2.17,-1.53,-0.09,0.37,0.99,-0.76,0.67,-1.04,16752785
354787,0.05,1.02,0.09,-2.41,2.17,-1.25,-0.09,0.37,0.99,-0.27,0.76,-0.46,16752466
354798,0.04,1.02,0.09,-2.53,2.26,-1.34,-0.08,0.37,0.99,-0.76,0.52,-0.76,16752885
354810,0.04,1.02,0.09,-2.29,2.35,-1.43,-0.08,0.37,0.99,-1.04,0.64,-0.85,16751400
354822,0.04,1.02,0.09,-2.23,2.26,-1.40,-0.08,0.37,0.99,-1.34,0.85,-0.95,16751193
354833,0.04,1.02,0.09,-2.59,2.50,-1.46,-0.08,0.37,0.99,-1.34,0.98,-0.89,16756512
354845,0.04,1.02,0.09,-2.17,2.17,-1.31,-0.08,0.37,0.99,-1.40,0.61,-0.85,16753302
354856,0.04,1.02,0.09,-2.14,2.14,-1.19,-0.08,0.37,0.99,-0.98,0.89,-0.79,16749674
354869,0.04,1.02,0.09,-2.47,2.11,-1.56,-0.08,0.37,0.99,-0.79,0.73,-0.55,16747792
354880,0.04,1.02,0.09,-2.56,2.20,-1.62,-0.08,0.37,0.99,-0.98,0.49,-0.61,16752167
354892,0.04,1.02,0.09,-2.29,2.20,-1.22,-0.08,0.37,0.99,-0.52,0.73,-0.70,16752254
354904,0.04,1.02,0.09,-2.20,2.23,-1.16,-0.09,0.37,0.99,-0.67,0.70,-0.58,16749540
354916,0.04,1.02,0.10,-2.29,2.14,-1.16,-0.08,0.37,0.99,-1.16,0.76,-0.73,16754172
354927,0.04,1.02,0.09,-2.32,2.20,-1.13,-0.08,0.37,0.99,-1.34,0.79,-0.73,16752932
354938,0.04,1.02,0.09,-2.29,2.04,-1.37,-0.08,0.37,0.99,-1.04,0.89,-0.55,16749849
354951,0.04,1.02,0.09,-2.38,2.11,-1.74,-0.08,0.37,0.99,-1.04,0.92,-0.61,16749292
354962,0.04,1.02,0.09,-2.69,2.35,-1.34,-0.08,0.37,0.99,-0.61,0.37,-0.40,16748450
354974,0.04,1.02,0.09,-2.32,2.29,-1.43,-0.08,0.37,0.99,-0.52,0.58,-0.55,16748607
354985,0.04,1.02,0.09,-2.44,2.14,-1.53,-0.08,0.37,0.99,-1.07,0.73,-0.70,16751145
354998,0.04,1.02,0.09,-2.26,2.47,-1.43,-0.08,0.37,0.99,-1.43,0.85,-0.61,16752696
355009,0.04,1.02,0.09,-2.35,2.29,-1.16,-0.08,0.37,0.99,-1.34,0.79,-1.01,16748697
355021,0.04,1.02,0.09,-2.38,2.26,-1.53,-0.08,0.37,0.99,-1.01,0.82,-0.55,16748160
355033,0.04,1.02,0.09,-1.98,2.41,-1.56,-0.08,0.37,0.99,-0.34,0.43,-0.76,16751602
355044,0.04,1.02,0.09,-2.01,2.17,-1.43,-0.08,0.37,0.99,-0.52,0.55,-0.55,16751687
355056,0.04,1.02,0.09,-2.32,2.29,-1.22,-0.08,0.37,0.99,-0.92,0.70,-0.70,16751756
355067,0.04,1.02,0.09,-2.14,2.11,-1.53,-0.08,0.37,0.99,-1.50,0.82,-0.79,16751661
355080,0.04,1.02,0.09,-2.23,2.35,-1.43,-0.08,0.37,0.99,-1.46,0.40,-0.98,16753501
355091,0.04,1.02,0.09,-2.17,2.14,-1.40,-0.08,0.37,0.99,-1.16,0.70,-0.61,16751207
355103,0.04,1.02,0.09,-2.38,2.35,-1.19,-0.08,0.37,0.99,-0.55,0.58,-0.61,16747991
355115,0.04,1.02,0.09,-2.26,2.11,-1.16,-0.08,0.37,0.99,-0.82,0.58,-0.58,16749600
355127,0.04,1.02,0.09,-2.04,1.95,-1.59,-0.08,0.37,0.99,-0.82,0.73,-0.76,16750927
355138,0.04,1.02,0.09,-2.35,2.47,-1.71,-0.08,0.37,0.99,-1.22,0.76,-0.89,16748916
355150,0.04,1.02,0.09,-2.20,2.08,-1.40,-0.08,0.37,0.99,-1.07,0.58,-0.70,16748735
355162,0.04,1.02,0.09,-2.17,1.95,-1.50,-0.08,0.37,0.99,-0.95,0.55,-0.85,16748608
355173,0.04,1.02,0.09,-2.29,2.29,-1.28,-0.08,0.37,0.99,-0.89,0.55,-0.61,16748806
355185,0.04,1.02,0.09,-2.50,2.23,-1.37,-0.08,0.37,0.99,-0.89,0.82,-0.70,16746598
355196,0.04,1.02,0.09,-2.17,2.35,-1.28,-0.08,0.37,0.99,-1.04,0.52,-0.79,16746207
355209,0.04,1.02,0.09,-2.38,2.32,-1.40,-0.08,0.37,0.99,-1.01,0.79,-0.73,16747828
355220,0.04,1.02,0.09,-2.29,2.08,-1.31,-0.08,0.37,0.99,-1.19,0.73,-0.79,16750982
355232,0.04,1.02,0.09,-2.26,2.35,-1.19,-0.08,0.37,0.99,-0.82,0.95,-0.79,16750549
355244,0.04,1.02,0.09,-2.14,2.29,-1.50,-0.08,0.37,0.99,-0.76,0.95,-0.64,16749646
355256,0.04,1.02,0.09,-2.26,2.32,-1.62,-0.08,0.37,0.99,-0.76,0.92,-0.67,16751268
355267,0.04,1.02,0.09,-2.44,2.29,-1.22,-0.08,0.37,0.99,-1.16,0.64,-0.89,16752291
355278,0.04,1.02,0.09,-2.32,2.14,-1.19,-0.08,0.37,0.99,-0.98,0.76,-0.64,16751572
355291,0.04,1.02,0.09,-1.86,2.04,-1.28,-0.08,0.37,0.99,-1.07,0.64,-0.76,16749090
355302,0.04,1.02,0.09,-2.23,2.20,-1.34,-0.08,0.37,0.99,-0.95,0.76,-0.79,16747242
355314,0.04,1.02,0.09,-2.11,2.32,-1.31,-0.08,0.37,0.99,-0.89,0.85,-0.76,16749623
355325,0.04,1.02,0.09,-2.20,2.32,-1.46,-0.08,0.37,0.99,-0.92,1.01,-0.64,16748469
355338,0.04,1.02,0.09,-2.41,2.08,-1.40,-0.08,0.37,0.99,-1.10,0.52,-0.98,16747804
355349,0.04,1.02,0.09,-2.14,2.32,-1.37,-0.08,0.37,0.99,-1.34,0.92,-0.76,16750173
355361,0.04,1.02,0.09,-2.20,2.35,-1.53,-0.08,0.37,0.99,-1.34,0.79,-0.73,16752230
355373,0.04,1.02,0.09,-2.04,2.20,-1.50,-0.08,0.37,0.99,-1.28,0.85,-0.73,16748225
355384,0.04,1.02,0.09,-2.20,2.26,-1.25,-0.08,0.37,0.99,-1.10,0.76,-0.82,16747969
355396,0.04,1.02,0.09,-2.20,2.23,-1.40,-0.08,0.37,0.99,-0.82,0.67,-0.58,16748385
355407,0.04,1.02,0.09,-2.17,2.17,-1.43,-0.08,0.37,0.99,-0.95,0.58,-0.92,16748430
355420,0.04,1.02,0.09,-2.44,2.20,-1.28,-0.08,0.37,0.99,-0.92,0.61,-0.76,16749186
355431,0.04,1.02,0.09,-2.26,2.14,-1.40,-0.08,0.37,0.99,-1.16,0.70,-0.98,16748466
355443,0.04,1.02,0.09,-2.23,2.11,-1.40,-0.08,0.37,0.99,-1.16,0.52,-0.67,16748864
355454,0.04,1.02,0.09,-2.23,2.14,-1.25,-0.08,0.37,0.99,-1.28,0.92,-0.82,16751606
355467,0.04,1.02,0.09,-2.35,2.41,-1.43,-0.08,0.37,0.99,-1.28,0.89,-0.67,16751411
355478,0.04,1.02,0.09,-2.20,2.17,-1.43,-0.08,0.37,0.99,-1.22,0.89,-0.73,16750106
355490,0.04,1.02,0.09,-2.29,2.38,-1.34,-0.08,0.37,0.99,-0.79,0.55,-0.64,16750003
355502,0.04,1.02,0.09,-2.29,2.20,-1.40,-0.08,0.37,0.99,-0.89,0.67,-0.82,16748575
355513,0.04,1.02,0.10,-2.20,2.11,-1.25,-0.08,0.37,0.99,-1.13,0.76,-0.85,16747723
355525,0.04,1.02,0.09,-2.04,2.14,-1.31,-0.08,0.37,0.99,-1.28,0.73,-0.92,16750611
355536,0.04,1.02,0.09,-2.17,1.98,-1.34,-0.08,0.37,0.99,-1.10,0.61,-1.13,16751816
355549,0.04,1.02,0.09,-2.32,2.23,-1.31,-0.08,0.37,0.99,-0.98,0.85,-0.92,16751634
355560,0.04,1.02,0.09,-1.92,2.26,-1.28,-0.08,0.37,0.99,-0.92,0.70,-0.76,16754531
355572,0.04,1.02,0.09,-2.32,2.11,-1.22,-0.08,0.37,0.99,-1.01,0.82,-0.73,16751890
355584,0.04,1.02,0.09,-2.44,2.38,-1.37,-0.08,0.37,0.99,-1.01,0.52,-0.82,16751100
355596,0.04,1.02,0.09,-2.08,2.20,-1.37,-0.08,0.37,0.99,-1.01,0.64,-0.58,16751146
355607,0.04,1.02,0.09,-2.35,2.35,-1.28,-0.08,0.37,0.99,-0.92,0.64,-0.76,16752392
355618,0.04,1.02,0.09,-2.32,2.35,-1.46,-0.08,0.37,0.99,-0.98,0.61,-0.73,16752540
355631,0.04,1.02,0.09,-2.38,2.04,-1.46,-0.08,0.37,0.99,-1.37,0.73,-0.73,16749033
355642,0.04,1.02,0.09,-2.35,2.17,-1.28,-0.08,0.37,0.99,-1.10,0.58,-0.85,16749262
355654,0.04,1.02,0.09,-2.20,2.38,-1.50,-0.08,0.37,0.99,-1.01,0.76,-0.61,16749045
355665,0.04,1.02,0.09,-2.20,2.41,-1.74,-0.08,0.37,0.99,-0.98,0.58,-0.61,16751095
355678,0.04,1.02,0.09,-2.14,2.35,-1.40,-0.08,0.37,0.99,-0.76,0.76,-0.79,16748476
355689,0.04,1.02,0.09,-2.14,1.98,-1.28,-0.08,0.37,0.99,-0.89,0.85,-0.73,16749887
355701,0.04,1.02,0.09,-2.35,2.23,-1.31,-0.08,0.37,0.99,-1.31,0.95,-0.89,16753661
355713,0.04,1.02,0.09,-2.41,2.17,-1.43,-0.08,0.37,0.99,-1.25,0.76,-0.61,16753455
355724,0.04,1.02,0.09,-2.32,2.32,-1.25,-0.08,0.37,0.99,-1.28,0.82,-0.70,16751470
355736,0.04,1.02,0.09,-2.08,2.38,-1.34,-0.08,0.37,0.99,-0.92,0.67,-0.85,16748853
355747,0.04,1.02,0.09,-2.38,2.17,-1.43,-0.08,0.37,0.99,-0.55,0.67,-0.37,16749253
355760,0.04,1.02,0.09,-2.26,2.35,-1.34,-0.08,0.37,0.99,-0.49,0.46,-0.67,16749639
355771,0.04,1.02,0.09,-2.04,2.32,-1.43,-0.08,0.37,0.99,-0.89,0.61,-0.67,16750779
355783,0.04,1.02,0.09,-2.38,2.14,-1.25,-0.08,0.37,0.99,-1.43,0.89,-1.01,16750131
355794,0.04,1.02,0.09,-2.29,2.08,-1.40,-0.08,0.37,0.99,-1.34,0.73,-0.85,16749833
355807,0.04,1.02,0.09,-2.38,2.35,-1.37,-0.08,0.37,0.99,-1.25,0.89,-0.82,16750729
355818,0.04,1.02,0.09,-2.17,2.32,-1.53,-0.08,0.37,0.99,-0.89,0.70,-0.52,16748174
355829,0.04,1.02,0.09,-2.32,2.26,-1.43,-0.08,0.37,0.99,-0.82,0.79,-0.61,16750036
355842,0.04,1.02,0.09,-2.20,2.20,-1.28,-0.08,0.37,0.99,-1.28,0.64,-0.55,16750452
355853,0.04,1.02,0.09,-2.20,2.14,-1.40,-0.08,0.37,0.99,-1.16,0.70,-0.92,16747700
355865,0.04,1.02,0.09,-2.20,2.08,-1.16,-0.08,0.37,0.99,-0.98,0.61,-0.76,16750376
355876,0.04,1.02,0.09,-2.14,2.20,-1.40,-0.08,0.37,0.99,-0.73,0.55,-0.70,16753595
355889,0.04,1.02,0.09,-2.35,2.23,-1.25,-0.08,0.37,0.99,-0.82,0.52,-0.76,16756495
355900,0.04,1.02,0.09,-2.47,2.35,-1.34,-0.08,0.37,0.99,-1.01,0.52,-0.70,16754725
355912,0.04,1.02,0.09,-2.38,2.38,-1.53,-0.08,0.37,0.99,-1.10,0.92,-0.95,16750861
355923,0.04,1.02,0.09,-2.38,2.20,-1.22,-0.08,0.37,0.99,-1.16,0.64,-1.01,16753508
355936,0.04,1.02,0.09,-2.38,2.35,-1.37,-0.08,0.37,0.99,-1.04,0.79,-0.76,16751452
355947,0.04,1.02,0.09,-2.32,2.20,-1.34,-0.08,0.37,0.99,-0.73,0.76,-0.92,16750966
355958,0.04,1.02,0.09,-2.47,2.38,-1.40,-0.08,0.37,0.99,-0.82,0.89,-0.52,16750512
355971,0.04,1.02,0.09,-2.26,2.41,-1.16,-0.08,0.37,0.99,-1.10,0.64,-0.79,16751404
355982,0.04,1.02,0.09,-2.17,2.26,-1.40,-0.08,0.37,0.99,-1.13,0.79,-0.70,16753689
355994,0.04,1.02,0.09,-2.04,2.44,-1.25,-0.08,0.37,0.99,-0.85,0.64,-0.82,16752619
356005,0.04,1.02,0.09,-2.44,2.08,-1.43,-0.08,0.37,0.99,-0.85,0.37,-0.49,16752525
356018,0.04,1.02,0.09,-2.04,2.20,-1.25,-0.08,0.37,0.99,-1.19,0.82,-0.73,16755758
356029,0.04,1.02,0.09,-2.23,1.98,-1.40,-0.08,0.37,0.99,-0.95,0.82,-0.76,16753674
356041,0.04,1.02,0.09,-2.38,2.04,-1.34,-0.08,0.37,0.99,-0.89,0.95,-0.95,16752072
356052,0.04,1.02,0.09,-2.35,2.11,-1.46,-0.08,0.37,0.99,-0.89,0.85,-0.64,16751015
356064,0.04,1.02,0.09,-2.29,2.23,-1.19,-0.08,0.37,0.99,-0.92,0.52,-0.64,16749957
356076,0.04,1.02,0.09,-2.20,2.29,-1.37,-0.08,0.37,0.99,-1.19,0.89,-0.73,16753227
356087,0.04,1.02,0.09,-2.20,2.11,-1.34,-0.08,0.37,0.99,-1.16,0.61,-0.58,16753473
356100,0.04,1.02,0.09,-2.23,2.26,-1.25,-0.08,0.37,0.99,-1.28,0.89,-0.61,16753805
356111,0.04,1.02,0.09,-2.59,2.11,-1.07,-0.08,0.37,0.99,-1.10,0.85,-0.55,16752171
356123,0.04,1.02,0.09,-2.41,2.20,-1.62,-0.08,0.37,0.99,-0.61,0.79,-0.76,16751192
356134,0.04,1.02,0.09,-2.20,2.08,-1.13,-0.08,0.37,0.99,-0.43,0.85,-0.61,16752156
356147,0.04,1.02,0.09,-2.04,2.14,-1.40,-0.08,0.37,0.99,-0.89,0.64,-0.58,16752692
356158,0.04,1.02,0.09,-2.38,2.32,-1.31,-0.08,0.37,0.99,-1.65,0.67,-0.58,16750545
356169,0.04,1.02,0.09,-2.32,2.20,-1.25,-0.08,0.37,0.99,-1.62,0.82,-0.89,16748249
356182,0.04,1.02,0.09,-2.53,2.29,-1.31,-0.08,0.37,0.99,-0.70,0.67,-1.04,16749249
356193,0.04,1.02,0.09,-2.44,2.14,-1.56,-0.08,0.37,0.99,-0.37,0.24,-0.52,16752179
356205,0.04,1.02,0.09,-2.01,2.20,-1.62,-0.08,0.37,0.99,-0.34,0.43,-0.67,16752649
356216,0.04,1.02,0.09,-2.32,2.20,-1.50,-0.08,0.37,0.99,-1.25,0.79,-0.73,16753294
356229,0.04,1.02,0.09,-2.26,2.11,-1.31,-0.08,0.37,0.99,-1.80,0.76,-0.89,16752798
356240,0.04,1.02,0.09,-2.44,2.01,-1.16,-0.08,0.37,0.99,-1.74,0.89,-0.82,16753584
356252,0.04,1.02,0.09,-2.44,2.29,-1.16,-0.08,0.37,0.99,-0.67,0.73,-0.82,16754378
356263,0.04,1.02,0.09,-2.56,2.14,-1.37,-0.08,0.37,0.99,-0.09,0.58,-0.46,16750194
356276,0.04,1.02,0.09,-2.53,2.35,-1.25,-0.08,0.37,0.99,-0.27,0.58,-0.64,16749038
356287,0.04,1.02,0.09,-2.17,2.38,-1.25,-0.08,0.37,0.99,-0.98,0.73,-1.07,16751117
356298,0.04,1.02,0.09,-2.01,2.23,-1.40,-0.08,0.37,0.99,-1.40,0.95,-0.98,16753847
356311,0.04,1.02,0.09,-2.08,1.89,-1.34,-0.08,0.37,0.99,-1.53,0.73,-0.89,16751555
356322,0.04,1.02,0.09,-2.38,2.29,-1.19,-0.08,0.37,0.99,-0.85,0.67,-0.43,16752373
356334,0.04,1.02,0.09,-2.20,2.41,-1.31,-0.08,0.37,0.99,-0.46,0.85,-0.64,16754050
356345,0.04,1.02,0.09,-2.38,2.17,-1.56,-0.08,0.37,0.99,-0.55,0.67,-0.82,16753598
356358,0.04,1.02,0.09,-2.35,2.32,-1.62,-0.08,0.37,0.99,-0.82,0.73,-0.76,16752668
356369,0.04,1.02,0.10,-2.23,2.11,-1.28,-0.08,0.37,0.99,-1.31,0.82,-0.98,16751547
356381,0.04,1.02,0.10,-2.04,2.44,-1.46,-0.09,0.37,0.99,-1.13,0.67,-1.07,16753059
356392,0.04,1.02,0.10,-2.23,2.35,-1.40,-0.08,0.37,0.99,-0.92,0.70,-0.95,16754451
356404,0.04,1.02,0.09,-2.35,2.23,-1.43,-0.08,0.37,0.99,-0.98,0.70,-0.52,16753827
356416,0.04,1.02,0.09,-2.08,2.26,-1.53,-0.08,0.37,0.99,-0.98,0.85,-1.19,16751974
356427,0.04,1.02,0.09,-2.17,2.50,-1.40,-0.08,0.37,0.99,-1.34,0.55,-0.82,16752792
356440,0.04,1.02,0.09,-2.14,2.35,-1.40,-0.08,0.37,0.99,-1.07,0.79,-0.67,16754442
356451,0.04,1.02,0.09,-2.20,2.44,-1.19,-0.08,0.37,0.99,-0.76,0.67,-0.64,16754917
356463,0.04,1.02,0.09,-2.20,2.44,-1.50,-0.08,0.37,0.99,-0.37,0.58,-0.61,16752424
356474,0.04,1.02,0.09,-2.44,2.23,-1.22,-0.08,0.37,0.99,-0.89,0.76,-0.70,16751384
356487,0.04,1.02,0.10,-2.23,2.20,-1.31,-0.08,0.37,0.99,-1.13,0.67,-0.61,16755103
356498,0.04,1.02,0.10,-2.14,2.23,-1.40,-0.08,0.37,0.99,-1.40,1.01,-0.85,16755261
356509,0.04,1.02,0.09,-2.20,2.04,-1.40,-0.08,0.37,0.99,-1.01,0.64,-0.52,16753309
356521,0.04,1.02,0.09,-2.23,2.32,-1.25,-0.08,0.37,0.99,-0.98,0.61,-0.98,16751416
356533,0.04,1.02,0.09,-2.23,2.29,-1.46,-0.08,0.37,0.99,-0.76,0.67,-0.73,16753979
356545,0.04,1.02,0.09,-2.20,2.35,-1.31,-0.08,0.37,0.99,-1.07,0.64,-0.70,16752732
356556,0.04,1.02,0.09,-2.32,2.17,-1.37,-0.08,0.37,0.99,-1.25,0.85,-0.79,16752514
356569,0.04,1.02,0.09,-2.38,2.17,-1.40,-0.08,0.37,0.99,-1.19,0.43,-0.49,16751012
356580,0.04,1.02,0.09,-2.29,2.23,-1.53,-0.08,0.37,0.99,-0.98,0.61,-0.92,16751661
356592,0.04,1.02,0.09,-2.26,2.20,-1.40,-0.08,0.37,0.99,-0.85,0.70,-0.70,16750273
356603,0.04,1.02,0.09,-1.98,2.32,-1.59,-0.08,0.37,0.99,-0.82,0.85,-0.79,16751155
356616,0.04,1.02,0.09,-2.23,2.20,-1.56,-0.08,0.37,0.99,-1.10,0.67,-0.76,16750171
356627,0.04,1.02,0.09,-2.11,2.08,-1.56,-0.08,0.37,0.99,-1.10,0.55,-0.98,16751702
356638,0.04,1.02,0.09,-2.35,2.50,-1.31,-0.08,0.37,0.99,-1.43,0.92,-0.76,16751252
356651,0.04,1.02,0.09,-2.29,2.38,-1.28,-0.08,0.37,0.99,-0.85,0.70,-0.92,16753280
356662,0.04,1.02,0.09,-2.41,2.29,-1.43,-0.08,0.37,0.99,-0.70,0.73,-0.79,16753010
356674,0.04,1.02,0.09,-2.29,1.95,-1.10,-0.08,0.37,0.99,-0.82,0.79,-0.85,16753293
356685,0.04,1.02,0.09,-2.20,2.32,-1.22,-0.08,0.37,0.99,-1.22,0.58,-0.67,16750122
356698,0.04,1.02,0.09,-2.56,2.32,-1.43,-0.08,0.37,0.99,-1.25,0.76,-0.76,16749415
356709,0.04,1.02,0.09,-2.38,2.38,-1.65,-0.08,0.37,0.99,-0.95,0.64,-0.73,16751229
356721,0.04,1.02,0.10,-2.20,2.26,-1.07,-0.09,0.37,0.99,-0.82,0.49,-0.76,16753814
356732,0.04,1.02,0.10,-2.32,2.14,-1.43,-0.09,0.37,0.99,-0.82,0.61,-0.52,16751994
356744,0.04,1.02,0.10,-2.08,2.14,-1.40,-0.08,0.37,0.99,-0.43,0.82,-0.49,16752334
356756,0.04,1.02,0.09,-2.23,2.14,-1.40,-0.08,0.37,0.99,-1.16,0.43,-0.89,16750858
356767,0.04,1.02,0.09,-2.35,2.17,-1.50,-0.08,0.37,0.99,-1.28,0.55,-0.64,16750237
356780,0.04,1.02,0.09,-2.35,2.35,-1.16,-0.08,0.37,0.99,-1.10,0.85,-0.92,16749353
356791,0.04,1.02,0.09,-2.11,2.23,-1.19,-0.08,0.37,0.99,-1.13,0.79,-0.79,16749333
356803,0.04,1.02,0.09,-2.50,2.41,-1.04,-0.08,0.37,0.99,-1.10,0.67,-0.73,16750829
356814,0.04,1.02,0.09,-2.32,2.32,-1.13,-0.08,0.37,0.99,-0.89,0.49,-0.85,16754054
356827,0.04,1.02,0.09,-2.23,2.20,-1.22,-0.08,0.37,0.99,-1.13,0.73,-0.73,16758894
356838,0.04,1.02,0.09,-2.20,2.29,-1.10,-0.08,0.37,0.99,-1.28,0.79,-0.92,16755343
356849,0.04,1.02,0.09,-2.08,2.08,-1.34,-0.09,0.37,0.99,-0.98,0.58,-0.70,16755544
356861,0.05,1.02,0.09,-2.78,2.14,-1.46,-0.09,0.37,0.99,-0.73,0.61,-0.95,16755510
356873,0.04,1.02,0.09,-2.26,2.17,-1.56,-0.08,0.37,0.99,-0.70,0.52,-0.61,16751635
356885,0.04,1.02,0.09,-2.04,2.11,-1.22,-0.08,0.37,0.99,-0.73,0.43,-0.55,16752238
356896,0.04,1.02,0.09,-2.23,2.26,-1.04,-0.08,0.37,0.99,-1.19,0.79,-0.64,16753793
356909,0.04,1.02,0.09,-2.35,2.32,-1.37,-0.08,0.37,0.99,-1.68,0.85,-0.92,16752414
356920,0.04,1.02,0.09,-2.17,1.95,-1.59,-0.08,0.37,0.99,-1.40,0.85,-0.85,16748948
356932,0.04,1.02,0.09,-2.75,2.11,-1.28,-0.08,0.37,0.99,-1.07,0.79,-0.89,16745081
356943,0.04,1.02,0.09,-3.02,2.26,-1.13,-0.08,0.37,0.99,-0.24,0.73,-0.73,16734976
356955,0.04,1.02,0.09,-3.14,2.29,-1.07,-0.08,0.37,0.99,-0.43,0.70,-0.67,16721124
356967,0.04,1.02,0.09,-3.57,2.11,-1.13,-0.08,0.37,0.99,-1.10,0.76,-0.79,16703649
356978,0.04,1.02,0.09,-3.17,2.17,-1.25,-0.08,0.37,0.99,-1.59,0.79,-0.89,16685096
356990,0.04,1.02,0.09,-3.51,1.86,-1.19,-0.09,0.37,0.99,-1.25,0.89,-0.67,16669354
357002,0.05,1.02,0.09,-4.52,2.01,-1.34,-0.09,0.37,0.99,-0.70,0.52,-0.67,16651785
357014,0.04,1.03,0.10,-2.17,2.59,-1.43,-0.09,0.37,0.99,-0.40,0.46,-0.64,16636893
357025,0.05,1.03,0.10,-0.67,2.38,-1.56,-0.08,0.37,0.99,-0.58,0.61,-0.70,16633182
357038,0.04,1.02,0.10,-2.41,2.29,-1.22,-0.08,0.37,0.99,-1.40,0.89,-1.01,16635526
357049,0.04,1.02,0.09,-3.63,2.11,-1.16,-0.08,0.37,0.99,-1.37,0.82,-1.01,16634912
357061,0.04,1.02,0.10,-2.32,2.26,-1.37,-0.08,0.37,0.99,-1.07,0.58,-0.67,16634422
357072,0.04,1.03,0.10,-1.22,2.17,-1.40,-0.08,0.37,0.99,-0.49,0.73,-0.70,16632496
357084,0.04,1.02,0.09,-2.29,2.35,-1.28,-0.08,0.37,0.99,-0.82,0.79,-0.73,16630129
357096,0.04,1.02,0.09,-3.45,2.14,-1.25,-0.08,0.37,0.99,-1.46,0.64,-0.85,16631876
357107,0.04,1.02,0.10,-2.26,2.08,-1.59,-0.08,0.37,0.99,-1.34,0.73,-0.82,16633361
357120,0.05,1.03,0.10,-1.22,2.26,-1.34,-0.09,0.37,0.99,-0.98,0.67,-0.76,16634417
357131,0.04,1.02,0.10,-2.44,2.29,-1.13,-0.09,0.37,0.99,-1.01,0.67,-1.07,16634195
357143,0.04,1.02,0.09,-3.02,2.35,-1.22,-0.09,0.37,0.99,-1.19,0.82,-1.13,16634125
357154,0.04,1.02,0.10,-2.23,2.23,-1.53,-0.08,0.37,0.99,-0.61,0.70,-0.67,16633644
357167,0.04,1.03,0.10,-1.50,2.14,-1.74,-0.08,0.37,0.99,0.82,-0.58,-0.67,16636225
357178,0.04,1.02,0.09,-3.02,2.04,-0.95,-0.07,0.37,1.00,-2.32,11.93,4.94,16636603
357189,0.04,1.02,0.09,-4.27,2.47,-0.98,-0.10,0.34,1.00,35.55,-13.49,4.49,16633770
357201,0.04,1.02,0.09,-3.02,2.14,-1.07,-0.11,0.32,1.02,59.30,-10.16,9.58,16633996
357213,0.04,1.03,0.10,-1.01,2.14,-1.19,-0.07,0.39,0.99,-6.13,18.19,13.09,16634671
357225,0.04,1.02,0.10,-1.83,1.92,-0.76,-0.08,0.42,0.95,-21.91,-2.90,-10.41,16635116
357236,0.04,1.02,0.09,-2.75,2.35,-1.34,-0.07,0.43,0.95,-35.80,2.75,-10.19,16633216
357249,0.04,1.02,0.10,-2.72,2.23,-1.34,-0.07,0.40,0.97,-27.50,6.68,-6.53,16635737
357260,0.04,1.03,0.10,-2.04,2.20,-1.53,-0.08,0.37,0.99,-5.89,2.14,-1.56,16634717
357272,0.04,1.02,0.10,-2.29,2.17,-1.40,-0.09,0.35,1.00,7.87,-1.98,1.07,16634246
357283,0.04,1.02,0.09,-2.47,2.14,-1.40,-0.09,0.35,1.01,13.98,-1.95,2.87,16635571
357295,0.04,1.02,0.09,-2.20,2.14,-1.19,-0.08,0.37,1.00,2.56,0.73,0.34,16635169
357307,0.04,1.02,0.10,-1.83,2.32,-1.43,-0.08,0.38,0.98,-9.70,2.23,-2.87,16635032
357318,0.04,1.02,0.10,-2.23,2.35,-1.07,-0.08,0.38,0.98,-9.89,2.26,-2.72,16634925
357330,0.04,1.02,0.09,-2.69,2.20,-1.22,-0.08,0.37,0.99,-3.14,1.22,-1.31,16633758
357342,0.04,1.02,0.10,-2.66,2.50,-1.37,-0.08,0.36,1.00,3.78,-0.18,0.12,16634275
357354,0.04,1.02,0.10,-1.65,2.26,-1.43,-0.09,0.36,1.00,5.19,-0.40,0.55,16635909
357365,0.05,1.02,0.10,-1.95,2.29,-1.19,-0.08,0.37,0.99,1.07,0.21,-0.24,16634513
357378,0.04,1.02,0.10,-2.50,1.95,-1.43,-0.08,0.38,0.99,-4.06,1.04,-1.62,16633049
357389,0.04,1.02,0.10,-2.35,2.50,-1.56,-0.08,0.38,0.99,-5.25,1.37,-1.74,16631892
357401,0.04,1.02,0.10,-1.92,2.26,-1.25,-0.08,0.37,0.99,-2.50,0.89,-1.22,16631919
357412,0.04,1.02,0.10,-2.29,2.20,-1.16,-0.08,0.37,0.99,1.25,0.09,-0.12,16635165
357424,0.04,1.02,0.09,-2.53,2.11,-1.19,-0.08,0.37,0.99,2.14,-0.06,0.03,16632003
357436,0.04,1.02,0.09,-2.20,2.32,-1.28,-0.08,0.37,0.99,-0.43,0.61,-0.76,16632947
357447,0.04,1.02,0.10,-2.04,2.47,-1.31,-0.08,0.37,0.99,-3.36,1.28,-1.19,16636997
357459,0.04,1.02,0.09,-2.38,2.23,-1.28,-0.08,0.37,0.99,-3.20,1.25,-1.37,16636326
357471,0.04,1.02,0.09,-2.59,1.98,-1.28,-0.08,0.37,0.99,-0.85,0.64,-0.76,16632808
357483,0.04,1.02,0.10,-2.29,2.32,-1.50,-0.08,0.37,0.99,1.34,0.21,-0.24,16631954
357494,0.04,1.02,0.10,-1.92,2.41,-1.31,-0.08,0.37,0.99,0.58,0.43,-0.06,16634077
357507,0.04,1.02,0.10,-2.04,2.20,-1.59,-0.08,0.37,0.99,-1.74,0.70,-0.85,16635160
357518,0.04,1.02,0.10,-2.35,2.35,-1.25,-0.08,0.38,0.99,-3.14,1.13,-1.07,16634833
357529,0.04,1.02,0.10,-1.98,2.23,-1.28,-0.08,0.37,0.99,-2.41,0.79,-0.76,16632701
357541,0.04,1.02,0.09,-1.98,2.01,-1.25,-0.08,0.37,0.99,0.06,0.55,-0.55,16629312
357553,0.04,1.02,0.09,-2.04,2.47,-1.56,-0.08,0.37,0.99,0.79,0.49,-0.21,16632545
357565,0.04,1.02,0.09,-2.50,2.23,-1.19,-0.08,0.37,0.99,0.00,0.52,-0.70,16634147
357576,0.04,1.02,0.09,-2.35,2.35,-1.50,-0.08,0.37,0.99,-1.25,0.70,-1.01,16632314
357588,0.04,1.02,0.10,-2.11,2.04,-1.34,-0.08,0.37,0.99,-2.56,1.22,-1.34,16632600
357600,0.04,1.02,0.10,-2.38,2.29,-1.10,-0.08,0.37,0.99,-2.11,0.61,-0.79,16633363
357612,0.04,1.02,0.10,-2.53,2.26,-1.46,-0.08,0.37,0.99,-0.95,0.76,-0.58,16634838
357623,0.04,1.02,0.10,-2.04,2.20,-1.40,-0.08,0.37,0.99,-0.27,0.67,-0.64,16637112
357635,0.04,1.02,0.10,-2.47,2.75,-1.34,-0.08,0.37,0.99,-0.27,0.76,-0.82,16637277
357647,0.05,1.02,0.09,-3.17,2.26,-1.62,-0.08,0.37,0.99,-1.19,0.52,-0.82,16634962
357658,0.04,1.02,0.09,-2.99,2.29,-1.13,-0.08,0.37,0.99,-1.43,1.10,-0.92,16633247
357670,0.04,1.03,0.10,-1.28,2.08,-1.34,-0.08,0.37,0.99,-1.07,1.04,-0.61,16634379
357682,0.04,1.03,0.10,-0.67,2.20,-1.37,-0.08,0.37,0.99,-0.92,0.67,-0.58,16634959
357694,0.04,1.02,0.09,-2.50,1.86,-0.98,-0.08,0.37,0.99,-1.28,0.85,-1.04,16635405
357705,0.04,1.02,0.10,-0.55,2.04,-1.40,-0.08,0.37,0.99,-1.46,0.95,-0.92,16634015
357718,0.04,1.02,0.09,-2.75,2.14,-1.10,-0.08,0.37,0.99,-0.58,0.55,-0.79,16636257
357729,0.04,1.02,0.09,-3.02,2.08,-1.22,-0.08,0.37,0.99,-0.49,0.67,-0.64,16636790
357741,0.05,1.03,0.10,-1.31,2.23,-1.62,-0.08,0.37,0.99,-0.55,0.58,-0.49,16633271
357752,0.05,1.03,0.10,-1.43,1.56,-1.50,-0.09,0.37,0.99,-0.49,0.70,-0.52,16632149
357764,0.05,1.02,0.09,-2.01,0.92,-1.40,-0.09,0.37,0.99,0.58,0.27,-0.27,16633287
357776,0.04,1.02,0.09,-4.03,1.53,-1.10,-0.08,0.37,0.99,0.40,0.21,-0.52,16636422
357787,0.04,1.02,0.10,-3.02,2.41,-1.28,-0.08,0.37,0.99,-0.49,0.58,-0.70,16635080
357799,0.04,1.03,0.10,-0.92,2.32,-1.80,-0.08,0.37,0.99,-1.77,1.19,-0.95,16634007
357811,0.04,1.02,0.09,-2.81,2.20,-1.22,-0.08,0.37,0.99,-2.62,0.89,-1.43,16631891
357823,0.04,1.01,0.09,-4.97,2.26,-0.89,-0.08,0.37,0.99,-1.53,0.79,-0.89,16632821
357834,0.04,1.02,0.09,-3.20,2.56,-1.22,-0.08,0.37,0.99,0.15,0.76,-0.40,16634191
357847,0.04,1.03,0.10,-0.98,3.72,-1.37,-0.08,0.37,0.99,0.67,0.15,-0.40,16637336
357858,0.03,1.03,0.10,0.85,4.52,-1.40,-0.08,0.37,0.99,-0.24,0.61,-0.55,16635009
357869,0.04,1.01,0.09,-2.93,4.61,-1.22,-0.08,0.38,0.99,-2.84,0.82,-1.19,16634894
357881,0.03,1.01,0.09,-2.96,5.52,-1.25,-0.09,0.38,0.99,-3.54,1.56,-1.22,16633109
357893,0.03,1.04,0.10,1.65,7.23,-1.62,-0.09,0.37,0.99,-2.04,0.70,-0.95,16631953
357905,0.03,1.03,0.10,0.85,7.26,-2.29,-0.08,0.37,0.99,-0.82,0.58,-0.67,16632718
357916,0.03,1.01,0.09,-3.51,6.93,-0.95,-0.08,0.37,0.99,-2.99,0.76,-1.28,16632355
357928,0.04,1.01,0.09,-4.79,6.32,-1.50,-0.08,0.37,0.99,-5.34,1.37,-2.04,16635015
357940,0.05,1.02,0.09,-2.53,5.16,-1.40,-0.08,0.37,0.99,-4.85,1.43,-1.86,16636566
357952,0.05,1.03,0.10,-1.46,3.20,-1.53,-0.08,0.37,0.99,-0.89,0.49,-0.98,16634946
357963,0.05,1.02,0.09,-3.39,2.62,-1.13,-0.08,0.37,1.00,1.83,0.18,0.24,16635484
357975,0.05,1.02,0.09,-3.72,2.32,-1.10,-0.08,0.37,0.99,0.98,0.70,-0.40,16633506
357987,0.05,1.03,0.10,-1.71,1.92,-2.11,-0.08,0.37,0.99,-1.62,1.07,-1.04,16633560
357998,0.05,1.03,0.10,-1.13,1.80,-1.71,-0.09,0.37,0.99,-2.20,0.85,-1.13,16636663
358010,0.05,1.02,0.09,-2.62,1.46,-1.50,-0.09,0.37,0.99,-0.24,0.46,-0.58,16633786
358022,0.05,1.02,0.09,-3.54,1.37,-1.04,-0.09,0.37,0.99,1.83,-0.03,-0.03,16629934
358034,0.04,1.02,0.09,-3.75,2.29,-0.92,-0.08,0.37,0.99,2.26,-0.03,0.03,16632338
358045,0.04,1.02,0.10,-3.69,2.87,-0.89,-0.08,0.37,0.99,0.64,0.21,-0.12,16632607
358057,0.04,1.02,0.10,-2.66,2.81,-1.13,-0.08,0.38,0.99,-2.53,1.07,-0.98,16631809
358069,0.04,1.03,0.10,-1.95,2.90,-1.40,-0.08,0.38,0.99,-3.57,1.37,-1.65,16634986
358081,0.04,1.03,0.10,-2.59,2.81,-1.16,-0.08,0.37,0.99,-2.53,1.13,-1.10,16635539
358092,0.04,1.02,0.09,-2.78,2.87,-1.34,-0.08,0.37,0.99,0.31,0.49,-0.52,16636483
358104,0.04,1.02,0.09,-2.81,2.78,-1.37,-0.08,0.37,0.99,1.89,0.15,-0.03,16633258
358116,0.05,1.02,0.10,-2.72,2.72,-1.19,-0.08,0.37,0.99,0.55,0.55,-0.52,16634625
358127,0.05,1.02,0.10,-2.01,2.41,-1.40,-0.08,0.37,0.99,-1.80,0.98,-1.04,16635585
358139,0.04,1.02,0.10,-2.23,3.05,-1.34,-0.08,0.37,0.99,-2.75,0.95,-1.31,16638016
358151,0.04,1.02,0.09,-2.62,3.45,-1.34,-0.08,0.37,0.99,-1.31,1.01,-1.01,16637511
358163,0.04,1.02,0.09,-2.75,4.30,-1.19,-0.08,0.37,0.99,0.49,0.27,-0.46,16638216
358174,0.04,1.02,0.10,-1.89,4.09,-1.34,-0.08,0.37,0.99,1.10,0.06,-0.18,16637173
358187,0.04,1.03,0.10,-1.31,2.96,-1.34,-0.08,0.37,0.99,-0.03,0.55,-0.55,16633536
358198,0.05,1.02,0.10,-2.41,2.29,-1.25,-0.08,0.37,0.99,-1.86,1.04,-0.76,16631588
358209,0.05,1.02,0.10,-2.62,2.59,-1.59,-0.08,0.37,0.99,-2.56,0.76,-1.01,16633766
358221,0.05,1.03,0.10,-1.37,2.72,-1.46,-0.08,0.37,0.99,-1.65,0.92,-1.04,16633103
358233,0.04,1.03,0.10,-1.34,3.30,-1.56,-0.08,0.37,0.99,-0.46,0.31,-0.73,16632066
358245,0.04,1.02,0.10,-1.68,2.69,-1.74,-0.08,0.37,0.99,-0.92,1.01,-0.95,16632159
358256,0.05,1.02,0.10,-1.80,2.11,-1.68,-0.08,0.37,0.99,-1.59,0.89,-0.92,16633916
358268,0.04,1.02,0.09,-3.30,2.32,-1.10,-0.08,0.37,0.99,-2.11,0.67,-0.95,16632970
358280,0.04,1.01,0.09,-5.65,2.78,-0.92,-0.08,0.37,0.99,-1.01,0.73,-0.64,16634273
358292,0.04,1.02,0.09,-4.91,2.38,-1.65,-0.08,0.37,0.99,-0.09,0.82,-0.46,16635679
