time,faccx,faccy,faccz,fgyrx,fgyry,fgyrz,saccx,saccy,saccz,sgyrx,sgyry,sgyrz,load
639734,-0.14,0.79,-0.52,-5.55,3.45,-1.83,0.12,0.84,0.62,-0.58,1.13,-1.10,16625302
639745,-0.14,0.78,-0.52,-3.27,4.00,-1.62,0.12,0.84,0.62,-1.53,1.16,-0.73,16625572
639755,-0.15,0.78,-0.53,-5.28,4.79,-2.11,0.12,0.84,0.63,-1.46,0.89,-0.64,16627190
639765,-0.16,0.78,-0.53,-5.71,5.65,-1.86,0.12,0.83,0.63,-1.53,0.76,-0.76,16626959
639777,-0.16,0.78,-0.53,-6.10,6.38,-1.07,0.12,0.83,0.63,-1.37,1.01,-0.82,16625099
639789,-0.16,0.79,-0.52,-6.35,6.90,-0.55,0.13,0.83,0.63,-1.31,1.68,-1.16,16623328
639801,-0.16,0.80,-0.52,-5.13,7.48,-0.79,0.13,0.83,0.62,-0.92,1.83,-0.89,16624263
639812,-0.15,0.81,-0.51,-4.61,7.75,0.24,0.13,0.83,0.62,-0.76,1.59,-1.16,16622523
639824,-0.15,0.81,-0.51,-4.64,7.60,0.21,0.13,0.83,0.62,-0.49,2.59,-1.31,16622442
639836,-0.14,0.81,-0.51,-4.09,7.14,-0.37,0.13,0.83,0.62,-0.64,2.90,-1.28,16621266
639848,-0.13,0.82,-0.51,-2.78,6.29,-0.31,0.13,0.83,0.62,-0.55,2.62,-1.04,16623304
639859,-0.12,0.82,-0.51,-2.35,4.79,0.49,0.13,0.83,0.62,-0.85,2.14,-1.13,16624183
639870,-0.11,0.81,-0.52,-2.62,3.91,0.21,0.13,0.83,0.63,-1.53,2.17,-0.82,16623426
639883,-0.11,0.81,-0.52,-2.44,3.30,-0.24,0.12,0.83,0.63,-1.80,1.13,-0.58,16625951
639894,-0.11,0.81,-0.53,-1.95,2.87,0.64,0.12,0.84,0.63,-2.32,-0.18,-0.31,16625333
639906,-0.11,0.81,-0.53,-2.56,2.93,1.04,0.12,0.84,0.63,-2.96,-0.79,-0.37,16622815
639918,-0.12,0.80,-0.53,-3.85,3.88,0.55,0.12,0.84,0.63,-3.36,0.15,-0.67,16618196
639930,-0.14,0.80,-0.53,-3.75,5.31,-0.03,0.12,0.84,0.63,-2.53,1.28,-0.85,16617087
639941,-0.15,0.81,-0.53,-2.99,6.13,-0.18,0.12,0.84,0.63,-2.20,1.77,-0.79,16619705
639953,-0.15,0.82,-0.53,-2.32,6.41,-0.03,0.13,0.84,0.63,-2.56,2.75,-0.73,16619451
639965,-0.14,0.82,-0.53,-1.28,6.41,-0.27,0.13,0.84,0.63,-2.87,3.02,-0.82,16616719
639976,-0.13,0.83,-0.52,-1.01,4.79,2.08,0.13,0.84,0.63,-2.81,2.29,-0.37,16615918
639988,-0.11,0.83,-0.52,-0.70,3.94,0.58,0.12,0.84,0.63,-3.02,1.77,-0.64,16616338
640000,-0.10,0.82,-0.52,-0.82,3.33,0.61,0.12,0.84,0.63,-2.99,0.82,-0.73,16613429
640012,-0.11,0.80,-0.52,-2.50,3.23,2.62,0.11,0.84,0.63,-3.08,0.37,-1.01,16612159
640023,-0.12,0.78,-0.52,-4.18,3.42,2.41,0.12,0.83,0.63,-3.20,0.18,-0.73,16614394
640035,-0.13,0.77,-0.52,-5.49,4.58,3.33,0.12,0.83,0.63,-3.36,0.73,-0.46,16613289
640047,-0.14,0.78,-0.51,-5.62,5.83,3.02,0.12,0.83,0.62,-2.93,1.50,-0.64,16608637
640059,-0.14,0.80,-0.51,-4.43,7.08,3.85,0.12,0.83,0.62,-2.90,1.86,-0.85,16608936
640070,-0.14,0.81,-0.51,-4.30,7.48,4.70,0.12,0.83,0.62,-2.59,2.17,-0.98,16611605
640081,-0.13,0.81,-0.50,-4.21,6.84,3.94,0.12,0.83,0.62,-1.95,2.41,-1.56,16610119
640094,-0.11,0.81,-0.50,-4.55,5.46,3.02,0.12,0.83,0.62,-1.89,2.53,-1.50,16609558
640105,-0.09,0.81,-0.50,-3.60,4.06,2.32,0.12,0.83,0.62,-2.11,2.38,-1.31,16608727
640117,-0.08,0.82,-0.50,-2.93,2.35,2.35,0.12,0.83,0.62,-1.80,1.77,-0.92,16608349
640129,-0.08,0.84,-0.49,-0.55,1.34,1.50,0.12,0.83,0.62,-1.74,1.01,-0.73,16608342
640141,-0.08,0.85,-0.50,0.64,1.13,0.46,0.12,0.83,0.61,-1.77,0.52,-0.82,16608795
640152,-0.09,0.84,-0.50,1.22,1.34,-0.31,0.11,0.83,0.62,-1.74,-0.31,-0.58,16609122
640164,-0.11,0.83,-0.51,0.64,2.41,-1.74,0.11,0.83,0.62,-2.26,0.09,-0.82,16609473
640176,-0.12,0.81,-0.52,-0.40,3.91,-1.53,0.11,0.83,0.63,-2.75,0.37,-1.10,16608966
640187,-0.13,0.80,-0.53,-1.31,5.22,-1.22,0.11,0.83,0.64,-3.48,0.92,-1.34,16605915
640199,-0.13,0.81,-0.54,-0.85,6.26,-0.34,0.11,0.84,0.64,-3.69,1.50,-1.50,16605454
640210,-0.12,0.82,-0.54,-0.12,6.10,-0.67,0.11,0.84,0.65,-3.97,1.89,-2.01,16608662
640223,-0.11,0.83,-0.54,0.58,5.71,-0.76,0.11,0.84,0.65,-3.97,2.66,-1.92,16610750
640234,-0.10,0.83,-0.54,0.76,4.85,0.82,0.11,0.84,0.65,-4.18,2.50,-1.86,16609977
640246,-0.10,0.82,-0.54,0.18,4.73,1.40,0.12,0.84,0.65,-4.33,2.84,-1.92,16609664
640258,-0.10,0.81,-0.54,-1.16,4.94,1.65,0.11,0.84,0.65,-4.00,2.56,-1.80,16611809
640270,-0.11,0.80,-0.54,-1.80,5.40,2.38,0.11,0.84,0.65,-4.46,2.08,-2.08,16611248
640281,-0.12,0.81,-0.53,-0.85,6.26,3.60,0.11,0.83,0.64,-4.73,1.37,-1.95,16607830
640293,-0.11,0.82,-0.53,0.95,6.68,2.72,0.11,0.83,0.64,-4.43,2.26,-2.08,16607547
640305,-0.11,0.83,-0.53,1.80,6.10,3.20,0.11,0.83,0.64,-4.82,2.32,-1.53,16610783
640316,-0.10,0.82,-0.53,1.80,5.31,2.75,0.11,0.82,0.64,-5.43,1.40,-1.68,16612181
640328,-0.09,0.81,-0.53,2.11,3.72,1.50,0.12,0.82,0.63,-5.49,1.68,-1.40,16610376
640339,-0.08,0.81,-0.52,2.35,1.92,2.08,0.12,0.82,0.63,-5.34,2.11,-0.79,16610783
640352,-0.08,0.82,-0.51,3.11,1.28,2.41,0.12,0.82,0.62,-4.61,1.19,-0.61,16610116
640363,-0.09,0.82,-0.50,3.30,1.46,2.50,0.12,0.82,0.62,-3.85,0.43,-0.55,16610183
640375,-0.11,0.80,-0.50,2.41,2.53,1.80,0.12,0.82,0.62,-3.14,-0.21,-0.70,16609900
640387,-0.12,0.79,-0.50,0.70,4.27,0.27,0.12,0.82,0.62,-2.75,-0.15,-1.07,16608025
640399,-0.13,0.77,-0.50,-0.95,5.34,-0.52,0.12,0.82,0.62,-2.53,0.64,-1.13,16607840
640410,-0.13,0.76,-0.51,-2.50,6.13,-0.70,0.12,0.82,0.63,-2.72,1.65,-1.43,16609383
640421,-0.13,0.76,-0.51,-2.99,6.20,-0.82,0.12,0.82,0.63,-2.62,2.26,-0.98,16607379
640434,-0.12,0.77,-0.52,-2.47,6.47,-0.61,0.12,0.81,0.63,-3.17,2.93,-1.13,16608907
640445,-0.11,0.79,-0.52,-1.40,6.44,-1.37,0.12,0.81,0.63,-3.11,3.54,-1.04,16608379
640457,-0.11,0.80,-0.52,-1.07,6.84,-1.46,0.12,0.82,0.63,-3.11,2.93,-1.13,16608557
640468,-0.10,0.80,-0.52,-0.92,6.68,-1.95,0.11,0.82,0.64,-2.75,1.65,-1.19,16609880
640481,-0.10,0.80,-0.52,-1.16,6.10,-1.92,0.11,0.83,0.64,-2.53,1.65,-1.43,16609954
640492,-0.09,0.80,-0.52,-1.65,5.22,-1.28,0.11,0.83,0.64,-2.59,1.80,-1.31,16608396
640504,-0.08,0.80,-0.53,-1.62,4.27,-0.92,0.12,0.83,0.65,-2.62,1.62,-0.95,16610119
640516,-0.08,0.81,-0.53,-1.62,3.23,-1.22,0.12,0.83,0.65,-2.75,1.43,-0.76,16609802
640527,-0.08,0.81,-0.53,-0.79,2.20,-1.40,0.12,0.82,0.65,-2.62,1.53,-0.15,16609738
640539,-0.07,0.81,-0.53,-0.21,0.55,-1.62,0.12,0.82,0.64,-3.23,0.58,0.03,16608259
640550,-0.07,0.81,-0.53,0.34,-0.37,-1.40,0.12,0.82,0.64,-3.14,0.43,0.49,16608818
640563,-0.08,0.81,-0.53,0.61,-0.40,-1.04,0.12,0.82,0.64,-2.99,-0.70,0.73,16610211
640574,-0.08,0.82,-0.52,1.59,-0.15,-2.66,0.12,0.82,0.64,-2.84,-0.46,0.31,16608201
640586,-0.08,0.83,-0.52,3.08,-1.34,-2.29,0.11,0.82,0.63,-2.87,-1.19,0.24,16609082
640598,-0.06,0.83,-0.52,4.49,-2.81,-2.59,0.11,0.82,0.64,-2.75,-1.56,0.15,16609756
640610,-0.06,0.82,-0.52,4.79,-3.48,-5.80,0.11,0.82,0.64,-2.59,-1.13,0.00,16610807
640621,-0.06,0.81,-0.52,4.27,-4.49,-5.58,0.11,0.82,0.64,-2.44,-1.04,0.37,16613621
640633,-0.08,0.80,-0.52,3.66,-4.30,-4.58,0.11,0.82,0.64,-2.50,-1.34,0.40,16614294
640645,-0.09,0.79,-0.53,2.01,-4.06,-3.17,0.11,0.82,0.64,-2.75,-0.79,1.10,16614314
640656,-0.11,0.77,-0.52,0.31,-2.69,-1.98,0.11,0.82,0.64,-2.14,-0.98,1.22,16615110
640668,-0.13,0.76,-0.52,-1.68,-1.28,-2.44,0.11,0.82,0.64,-1.65,-1.16,1.28,16615305
640679,-0.14,0.75,-0.52,-2.84,1.25,-4.85,0.11,0.82,0.64,-1.65,-1.40,1.07,16614501
640692,-0.15,0.75,-0.53,-4.03,3.27,-4.30,0.11,0.82,0.64,-1.40,-1.04,0.95,16617160
640703,-0.15,0.76,-0.53,-3.88,5.00,-4.00,0.12,0.82,0.64,-1.04,0.64,0.61,16620083
640715,-0.14,0.78,-0.53,-3.54,5.46,-3.78,0.12,0.81,0.64,-1.40,1.59,0.31,16620762
640727,-0.12,0.79,-0.53,-2.59,4.64,-3.36,0.12,0.81,0.64,-1.10,1.37,-0.12,16619289
640739,-0.10,0.80,-0.53,-1.56,3.85,-2.99,0.12,0.82,0.64,-1.10,1.86,-0.52,16618878
640750,-0.10,0.82,-0.53,-0.24,3.27,-1.77,0.12,0.82,0.64,-1.10,1.98,-0.76,16618407
640761,-0.09,0.83,-0.53,1.16,3.02,-1.34,0.12,0.82,0.64,-1.31,1.98,-0.82,16618543
640774,-0.09,0.83,-0.54,1.34,2.14,-0.43,0.11,0.82,0.65,-1.46,1.56,-0.79,16619095
640785,-0.08,0.81,-0.54,0.85,1.74,-0.76,0.11,0.82,0.65,-1.62,1.04,-0.67,16620139
640797,-0.07,0.80,-0.55,0.18,1.37,-1.65,0.10,0.82,0.66,-2.01,0.37,-0.67,16623847
640808,-0.07,0.79,-0.55,-0.46,0.92,-1.43,0.10,0.82,0.66,-2.20,-0.24,-1.16,16623093
640821,-0.07,0.79,-0.55,-1.04,0.58,-1.46,0.10,0.82,0.66,-2.56,-0.15,-1.40,16622638
640832,-0.07,0.80,-0.54,-0.24,0.55,-0.95,0.10,0.82,0.65,-2.26,-0.31,-1.74,16624605
640844,-0.08,0.80,-0.54,-0.24,0.43,0.31,0.10,0.82,0.65,-2.08,-0.21,-1.28,16625735
640856,-0.09,0.80,-0.54,-0.34,0.58,1.34,0.11,0.82,0.65,-1.95,0.95,-1.31,16626196
640867,-0.09,0.79,-0.54,-1.37,0.49,1.16,0.11,0.82,0.65,-2.04,1.10,-1.56,16624682
640879,-0.09,0.78,-0.54,-2.66,0.61,1.59,0.11,0.82,0.65,-2.08,0.73,-1.40,16623741
640890,-0.10,0.76,-0.54,-4.21,1.50,1.53,0.11,0.82,0.65,-2.04,0.18,-1.65,16621479
640903,-0.11,0.76,-0.54,-5.43,2.38,1.95,0.11,0.82,0.65,-1.68,0.18,-1.74,16622630
640914,-0.12,0.76,-0.54,-6.10,3.54,1.65,0.11,0.82,0.65,-1.74,0.40,-1.95,16626575
640926,-0.12,0.78,-0.53,-4.39,4.15,2.26,0.11,0.81,0.64,-1.10,0.34,-1.92,16622121
640937,-0.12,0.80,-0.53,-2.62,4.64,2.08,0.12,0.81,0.64,-1.28,0.52,-1.86,16616951
640950,-0.12,0.81,-0.54,-1.46,4.61,2.26,0.12,0.81,0.65,-1.50,1.28,-1.80,16618749
640961,-0.11,0.81,-0.54,-1.68,4.39,-0.09,0.12,0.82,0.65,-1.50,1.98,-1.50,16616561
640972,-0.11,0.80,-0.54,-1.68,3.81,0.12,0.12,0.82,0.65,-1.74,1.92,-1.40,16616504
640985,-0.10,0.80,-0.54,-1.62,4.00,-1.22,0.12,0.82,0.66,-1.98,1.56,-1.22,16617443
640996,-0.10,0.80,-0.55,-1.50,4.03,-2.14,0.12,0.82,0.65,-2.38,0.43,-1.22,16617275
641008,-0.11,0.81,-0.55,-0.31,3.75,-2.84,0.12,0.82,0.65,-2.38,-0.76,-0.76,16618783
641019,-0.11,0.83,-0.55,2.56,3.97,-4.33,0.12,0.82,0.65,-2.44,-0.61,-0.82,16623546
641032,-0.12,0.84,-0.55,5.07,3.91,-4.94,0.13,0.82,0.65,-2.78,-0.18,-0.24,16626939
641043,-0.12,0.84,-0.55,5.31,3.63,-4.67,0.13,0.82,0.65,-2.78,0.18,0.06,16632388
641055,-0.11,0.84,-0.55,6.90,3.57,-6.81,0.13,0.82,0.65,-2.38,0.21,-0.31,16635960
641067,-0.10,0.86,-0.55,10.38,2.38,-6.99,0.13,0.82,0.65,-2.56,-0.76,0.18,16639398
641078,-0.08,0.86,-0.55,12.33,0.18,-9.12,0.13,0.82,0.66,-3.48,-1.10,0.46,16644102
641090,-0.07,0.83,-0.56,10.89,-1.83,-9.83,0.13,0.83,0.66,-4.12,-1.37,0.95,16650794
641101,-0.08,0.81,-0.56,11.02,-2.47,-8.45,0.13,0.83,0.66,-3.75,-2.14,1.40,16657682
641114,-0.10,0.82,-0.55,13.00,-2.17,-7.72,0.13,0.82,0.65,-3.51,-2.50,1.40,16662653
641125,-0.11,0.81,-0.55,13.28,-2.38,-5.43,0.13,0.82,0.65,-3.97,-2.81,1.86,16669020
641137,-0.11,0.80,-0.55,13.31,-3.54,-6.26,0.13,0.82,0.65,-4.33,-3.45,2.26,16675184
641148,-0.10,0.79,-0.56,11.75,-3.75,-7.29,0.13,0.82,0.65,-4.24,-3.05,2.23,16676325
641161,-0.10,0.79,-0.56,11.44,-4.70,-6.13,0.13,0.81,0.65,-5.22,-3.33,2.53,16677736
641172,-0.11,0.80,-0.55,12.88,-4.33,-6.10,0.13,0.81,0.65,-4.88,-2.66,2.50,16683013
641184,-0.11,0.84,-0.53,17.76,-3.88,-6.01,0.13,0.81,0.64,-3.51,-1.71,1.80,16688584
641196,-0.12,0.86,-0.52,21.88,-3.14,-7.11,0.13,0.80,0.63,-1.74,-0.49,1.86,16697341
641207,-0.12,0.86,-0.52,24.38,-2.87,-7.51,0.12,0.80,0.62,-0.79,-0.95,1.53,16705097
641219,-0.12,0.85,-0.52,28.96,-1.04,-11.96,0.12,0.80,0.62,-0.24,-1.37,0.73,16706176
641230,-0.13,0.85,-0.53,30.76,1.92,-12.02,0.11,0.80,0.62,-0.31,-2.17,0.79,16709205
641243,-0.15,0.84,-0.54,33.69,3.23,-12.21,0.11,0.80,0.63,-0.79,-2.53,0.55,16718727
641254,-0.14,0.84,-0.54,34.76,1.92,-12.45,0.11,0.80,0.63,0.18,-1.98,0.64,16725392
641266,-0.13,0.84,-0.54,39.95,2.56,-11.87,0.12,0.80,0.62,1.31,-1.53,1.53,16732472
641277,-0.13,0.84,-0.55,41.26,3.63,-14.65,0.12,0.81,0.62,1.71,-0.43,1.13,16738773
641290,-0.12,0.84,-0.55,43.00,2.53,-12.33,0.11,0.81,0.63,1.68,-2.84,0.49,16748607
641301,-0.10,0.82,-0.57,43.15,1.50,-14.10,0.11,0.82,0.63,0.27,-4.64,0.12,16754901
641312,-0.08,0.80,-0.57,47.30,-0.06,-17.21,0.11,0.81,0.64,-1.19,-4.21,0.03,16755240
641325,-0.08,0.79,-0.59,48.55,0.12,-19.35,0.11,0.81,0.64,-1.19,-4.00,-0.18,16759996
641336,-0.10,0.79,-0.60,49.68,1.37,-17.82,0.11,0.81,0.65,-1.34,-3.54,-0.46,16768164
641348,-0.12,0.78,-0.61,50.35,2.20,-13.79,0.11,0.81,0.65,-1.25,-3.97,-0.73,16773201
641359,-0.13,0.78,-0.61,53.07,1.07,-12.15,0.12,0.82,0.65,-3.45,-4.43,-0.03,957
641372,-0.13,0.77,-0.62,55.45,1.74,-12.18,0.13,0.83,0.64,-3.72,-3.08,0.03,10128
641383,-0.15,0.76,-0.63,53.34,3.72,-14.25,0.13,0.82,0.64,-2.47,-1.65,-0.21,15892
641395,-0.17,0.73,-0.63,53.77,4.43,-14.92,0.12,0.82,0.65,-2.01,-3.20,-0.31,18664
641406,-0.18,0.70,-0.65,53.44,6.50,-17.70,0.12,0.82,0.65,-2.50,-5.98,-0.34,21226
641418,-0.19,0.68,-0.65,55.66,9.40,-19.04,0.12,0.82,0.65,-5.10,-5.71,-0.58,26826
641430,-0.19,0.66,-0.67,56.52,10.99,-23.53,0.13,0.82,0.65,-9.09,-5.46,-0.18,33663
641441,-0.19,0.66,-0.66,57.22,13.92,-26.46,0.13,0.81,0.64,-11.05,-7.08,-0.40,35245
641454,-0.22,0.70,-0.65,60.30,14.92,-20.26,0.13,0.79,0.63,-5.95,-6.50,-0.95,37538
641465,-0.22,0.72,-0.64,66.04,16.14,-12.51,0.14,0.78,0.62,-1.53,-7.14,-0.73,40012
641477,-0.20,0.70,-0.63,69.34,14.16,-10.99,0.15,0.79,0.61,-0.21,-3.69,-1.28,38881
641488,-0.17,0.68,-0.63,70.34,14.37,-7.81,0.16,0.79,0.62,-0.92,-3.97,-0.89,42050
641501,-0.15,0.67,-0.64,73.15,10.99,-5.58,0.16,0.78,0.62,0.70,-1.07,-0.98,43855
641512,-0.11,0.62,-0.66,71.90,8.91,-8.97,0.16,0.78,0.63,3.05,-4.39,-1.28,39956
641524,-0.10,0.56,-0.68,65.67,6.99,-6.50,0.15,0.79,0.65,2.38,-5.52,-0.55,44002
641536,-0.09,0.51,-0.71,63.08,4.55,-0.43,0.15,0.81,0.67,0.67,-7.45,0.46,56893
641547,-0.10,0.45,-0.74,57.40,1.53,0.43,0.15,0.82,0.68,0.61,-6.01,0.40,64200
641559,-0.10,0.40,-0.75,51.54,1.80,-1.40,0.14,0.82,0.69,0.37,-8.27,0.18,65863
641570,-0.12,0.37,-0.76,44.59,2.66,0.55,0.15,0.82,0.68,1.53,-5.68,0.15,71630
641583,-0.13,0.36,-0.77,44.95,2.04,2.01,0.15,0.83,0.68,2.01,-8.03,-1.28,74432
641594,-0.14,0.36,-0.78,42.85,3.11,1.10,0.15,0.82,0.68,1.74,-4.36,0.52,76674
641606,-0.15,0.38,-0.78,42.14,5.19,1.56,0.15,0.81,0.67,2.90,-2.29,0.27,81009
641617,-0.17,0.40,-0.77,38.76,5.52,6.10,0.15,0.81,0.65,4.30,-0.43,0.18,83087
641630,-0.17,0.41,-0.76,37.72,5.83,3.78,0.15,0.80,0.64,6.44,0.00,-1.34,85261
641641,-0.14,0.40,-0.75,41.81,7.97,-4.46,0.13,0.81,0.63,6.65,-1.95,-2.75,89382
641653,-0.13,0.37,-0.76,37.38,8.00,-3.36,0.12,0.81,0.64,6.56,-1.50,-3.20,102721
641665,-0.12,0.34,-0.78,31.62,8.70,-5.95,0.12,0.81,0.64,6.81,-0.52,-3.97,113004
641676,-0.13,0.34,-0.79,29.51,6.62,-0.21,0.13,0.82,0.64,6.62,2.47,-2.99,124380
641688,-0.10,0.33,-0.81,24.44,5.25,2.41,0.14,0.82,0.65,5.19,4.27,-2.04,135089
641699,-0.07,0.33,-0.81,23.10,0.46,4.46,0.14,0.82,0.66,4.39,2.47,-1.31,143344
641712,-0.05,0.34,-0.83,23.96,-4.21,9.40,0.14,0.82,0.67,2.81,-0.95,0.21,146953
641723,-0.04,0.35,-0.84,21.58,-7.69,12.42,0.14,0.82,0.67,2.26,-4.82,0.73,147418
641735,-0.06,0.37,-0.84,22.22,-9.09,13.52,0.14,0.82,0.66,2.84,-7.78,0.31,152442
641746,-0.07,0.39,-0.83,24.11,-10.50,11.84,0.14,0.82,0.65,2.90,-9.98,-0.27,155368
641759,-0.08,0.40,-0.84,19.59,-11.11,7.39,0.14,0.82,0.65,3.17,-8.21,-0.92,161150
641770,-0.10,0.40,-0.84,26.03,-11.08,8.54,0.14,0.83,0.65,3.30,-5.89,-0.61,168340
641781,-0.15,0.34,-0.86,20.51,-7.54,8.67,0.15,0.83,0.66,1.89,-1.86,0.06,174666
641794,-0.19,0.30,-0.87,15.11,-3.54,8.58,0.15,0.83,0.66,1.22,-0.64,-0.34,180345
641805,-0.22,0.28,-0.87,13.98,0.43,6.16,0.15,0.83,0.66,1.16,1.13,-1.13,185303
641817,-0.22,0.27,-0.88,12.42,3.08,2.66,0.15,0.83,0.66,1.46,1.89,-1.40,187947
641828,-0.20,0.26,-0.88,9.61,3.97,0.06,0.15,0.83,0.67,-0.03,2.87,-1.46,191592
641841,-0.20,0.24,-0.89,6.20,5.19,0.31,0.16,0.83,0.67,-0.21,4.27,-1.10,190239
641852,-0.20,0.23,-0.89,2.56,5.68,-0.37,0.17,0.82,0.68,-1.43,5.19,-0.76,184555
641864,-0.19,0.24,-0.89,2.59,6.84,-1.77,0.17,0.81,0.68,-2.62,5.19,-1.34,175535
641875,-0.19,0.26,-0.89,3.54,7.20,-2.20,0.17,0.81,0.68,-2.62,4.52,-1.19,166801
641887,-0.17,0.28,-0.88,3.94,5.86,-0.34,0.18,0.81,0.67,-2.96,4.46,-0.89,160945
641899,-0.15,0.30,-0.87,4.21,4.09,2.17,0.18,0.81,0.66,-2.59,4.21,-0.58,157747
641910,-0.13,0.32,-0.85,3.60,1.56,5.74,0.18,0.81,0.65,-1.13,3.63,-0.61,155079
641923,-0.11,0.34,-0.83,3.27,-1.62,8.12,0.17,0.81,0.64,0.58,2.56,-0.82,155385
641934,-0.08,0.35,-0.81,3.69,-4.36,4.09,0.16,0.80,0.62,1.83,0.40,-0.92,156614
641946,-0.08,0.35,-0.80,3.33,-5.46,4.85,0.15,0.81,0.62,2.23,-0.58,-0.76,158945
641957,-0.10,0.33,-0.81,2.08,-4.64,3.94,0.14,0.80,0.62,3.02,-1.16,-0.61,157431
641970,-0.14,0.31,-0.82,0.06,-2.14,1.65,0.14,0.80,0.62,2.53,-0.06,-0.95,153597
641981,-0.17,0.30,-0.83,-1.19,1.13,-0.18,0.14,0.80,0.62,2.23,1.34,-0.73,152255
641992,-0.19,0.29,-0.84,-2.29,4.18,-0.61,0.14,0.81,0.63,1.46,3.23,-0.79,151551
642004,-0.20,0.29,-0.85,-3.36,6.07,-1.16,0.15,0.81,0.64,0.98,4.61,-1.16,148983
642016,-0.19,0.29,-0.86,-5.04,6.81,-1.31,0.15,0.82,0.65,0.55,5.19,-1.68,145929
642028,-0.17,0.29,-0.87,-6.56,6.26,-1.62,0.15,0.82,0.65,0.64,4.12,-1.80,141985
642039,-0.15,0.31,-0.87,-6.16,5.34,-1.10,0.15,0.83,0.65,0.40,3.39,-2.14,137267
642052,-0.13,0.33,-0.87,-5.34,4.43,-0.61,0.15,0.83,0.65,0.15,2.69,-2.75,129304
642063,-0.12,0.35,-0.87,-4.24,4.03,-1.04,0.15,0.83,0.64,0.34,2.66,-2.72,125601
642075,-0.13,0.36,-0.86,-3.78,4.03,0.52,0.15,0.83,0.64,0.37,2.90,-2.72,124136
642086,-0.13,0.36,-0.86,-3.57,3.69,0.95,0.14,0.83,0.64,-0.15,3.02,-2.23,126039
642098,-0.13,0.36,-0.86,-2.90,3.05,0.79,0.14,0.83,0.64,-0.55,2.23,-1.74,127818
642110,-0.13,0.37,-0.86,-1.77,2.38,0.52,0.14,0.83,0.64,-0.58,1.65,-0.89,127147
642121,-0.13,0.37,-0.87,-1.43,2.20,-0.70,0.14,0.83,0.64,-1.04,0.79,-0.46,125648
642134,-0.14,0.36,-0.87,-2.14,2.47,-1.86,0.14,0.84,0.64,-1.68,0.15,0.06,121222
642145,-0.14,0.35,-0.87,-1.98,2.81,-3.48,0.14,0.84,0.64,-1.77,0.06,0.24,115576
642157,-0.15,0.35,-0.88,-2.20,3.60,-3.54,0.14,0.84,0.65,-2.47,0.37,0.03,115893
642168,-0.15,0.35,-0.88,-0.85,3.36,-2.56,0.15,0.83,0.65,-2.44,1.07,0.21,114887
642181,-0.14,0.37,-0.87,0.21,2.17,-1.34,0.15,0.83,0.64,-2.69,1.28,0.03,115333
642192,-0.13,0.37,-0.87,0.37,0.58,-0.58,0.15,0.84,0.64,-2.62,-0.03,0.12,118096
642203,-0.12,0.36,-0.86,-0.34,-0.64,-0.85,0.15,0.83,0.64,-2.56,-1.43,0.18,117559
642215,-0.12,0.34,-0.86,-2.14,-0.61,-0.37,0.14,0.83,0.63,-2.20,-2.14,0.09,119049
642227,-0.13,0.33,-0.85,-3.20,-0.12,-1.19,0.14,0.83,0.63,-2.62,-1.25,0.34,118743
642239,-0.14,0.34,-0.85,-2.44,0.70,-1.95,0.14,0.82,0.63,-2.44,-0.18,0.27,112907
642250,-0.14,0.34,-0.84,-2.56,1.86,-3.11,0.14,0.82,0.63,-2.04,0.43,0.18,108776
642263,-0.15,0.34,-0.83,-3.45,2.90,-3.75,0.14,0.81,0.62,-1.34,0.55,-0.15,106941
642274,-0.15,0.34,-0.83,-4.27,3.94,-4.09,0.13,0.81,0.62,-0.92,0.55,-0.89,111939
642286,-0.15,0.34,-0.83,-4.94,4.85,-4.06,0.13,0.81,0.62,-0.55,0.76,-0.95,109277
642297,-0.15,0.34,-0.83,-4.91,5.19,-4.24,0.13,0.81,0.62,-0.40,1.31,-1.28,106572
642310,-0.15,0.35,-0.83,-4.97,5.55,-3.14,0.14,0.81,0.62,0.15,3.05,-1.89,104601
642321,-0.14,0.35,-0.84,-5.07,5.92,-2.41,0.14,0.82,0.62,0.31,3.51,-2.11,100119
642332,-0.14,0.36,-0.84,-5.04,5.83,-1.74,0.14,0.82,0.63,1.13,3.36,-2.69,96532
642344,-0.13,0.36,-0.84,-4.82,5.16,-1.31,0.14,0.82,0.63,1.22,2.62,-2.44,94819
642356,-0.12,0.36,-0.84,-4.46,3.88,-1.25,0.14,0.82,0.63,0.89,2.35,-2.29,96267
642368,-0.11,0.36,-0.85,-4.82,2.72,-0.76,0.14,0.82,0.64,0.06,0.67,-2.08,99927
642379,-0.11,0.35,-0.85,-4.52,1.86,-1.07,0.14,0.82,0.64,0.06,-0.21,-1.59,100661
642392,-0.12,0.35,-0.86,-4.43,1.83,-1.77,0.14,0.82,0.64,-0.67,0.03,-0.98,93943
642403,-0.13,0.35,-0.86,-3.42,2.17,-1.83,0.14,0.82,0.64,-0.76,0.12,-0.85,88384
642415,-0.14,0.35,-0.87,-3.02,2.62,-1.68,0.15,0.82,0.65,-0.76,0.31,-0.76,87492
642426,-0.14,0.35,-0.87,-3.75,2.11,-1.71,0.15,0.83,0.65,-1.37,0.34,-0.64,84124
642438,-0.14,0.35,-0.88,-2.99,1.98,-1.62,0.15,0.83,0.65,-1.53,0.27,-0.58,83616
642450,-0.14,0.34,-0.88,-3.36,2.11,-1.86,0.15,0.83,0.65,-1.77,0.49,-0.55,83987
642461,-0.15,0.35,-0.87,-2.84,2.78,-1.37,0.15,0.83,0.65,-1.65,1.07,-0.73,80951
642473,-0.15,0.36,-0.87,-1.86,3.05,-0.76,0.15,0.83,0.64,-1.34,1.71,-0.89,77805
642485,-0.14,0.36,-0.86,-2.59,2.93,-0.52,0.15,0.83,0.64,-1.04,1.86,-1.34,78410
642497,-0.14,0.35,-0.85,-3.33,3.05,-0.43,0.14,0.83,0.63,-0.95,2.08,-1.53,79140
642508,-0.14,0.35,-0.85,-4.03,3.23,-0.73,0.14,0.82,0.63,-0.64,2.72,-1.62,73518
642521,-0.14,0.35,-0.84,-3.97,3.30,-0.76,0.14,0.82,0.63,-0.37,2.29,-1.43,69505
642532,-0.14,0.35,-0.84,-3.81,3.69,-2.11,0.14,0.82,0.63,-0.98,2.35,-1.04,67293
642543,-0.15,0.36,-0.84,-2.78,4.33,-3.54,0.14,0.82,0.63,-0.98,2.29,-0.82,65734
642555,-0.15,0.35,-0.84,-3.05,4.91,-4.27,0.14,0.82,0.63,-0.98,2.32,-0.46,61023
642567,-0.16,0.35,-0.85,-2.81,5.37,-3.97,0.15,0.82,0.63,-1.31,2.35,-0.27,61406
642579,-0.15,0.35,-0.85,-2.81,4.88,-3.97,0.15,0.82,0.63,-1.22,2.69,-0.31,61754
642590,-0.14,0.36,-0.85,-2.69,4.24,-2.87,0.15,0.82,0.63,-0.46,2.38,-0.12,58370
642603,-0.13,0.37,-0.84,-2.84,3.02,-1.53,0.15,0.83,0.63,-0.58,2.04,-0.27,55664
642614,-0.12,0.37,-0.84,-2.29,2.47,-0.58,0.15,0.83,0.63,-0.24,0.82,-0.43,56676
642626,-0.12,0.37,-0.84,-1.56,1.40,-0.15,0.14,0.83,0.63,-0.24,0.95,-0.27,60352
642637,-0.12,0.37,-0.85,-1.83,0.79,0.70,0.15,0.83,0.63,-0.37,0.49,0.00,59081
642649,-0.12,0.37,-0.85,-0.89,0.00,0.92,0.15,0.83,0.63,-0.70,0.52,0.37,56744
642661,-0.12,0.37,-0.86,-0.58,-0.12,0.09,0.14,0.83,0.64,-1.22,0.12,0.52,54760
642672,-0.13,0.37,-0.86,-0.12,1.34,-0.06,0.14,0.83,0.64,-1.86,-0.55,0.55,55169
642684,-0.14,0.37,-0.87,0.27,1.74,0.31,0.14,0.83,0.64,-2.04,-0.34,0.40,55562
642696,-0.13,0.36,-0.86,-0.09,1.37,0.15,0.14,0.83,0.64,-1.80,0.37,0.15,55756
642708,-0.13,0.36,-0.86,-0.89,1.65,0.64,0.13,0.83,0.64,-1.56,0.64,-0.24,60354
642719,-0.13,0.35,-0.86,-2.08,2.50,-0.34,0.13,0.83,0.64,-1.40,0.61,-1.13,59362
642732,-0.13,0.34,-0.85,-3.27,3.78,-1.16,0.13,0.83,0.63,-0.61,2.14,-1.46,56484
642743,-0.14,0.34,-0.85,-3.23,4.67,-1.65,0.13,0.82,0.63,-0.40,2.56,-1.92,55183
642755,-0.14,0.34,-0.85,-4.24,5.49,-2.62,0.13,0.82,0.63,-0.27,3.23,-2.20,53328
642766,-0.13,0.34,-0.84,-4.39,5.86,-2.35,0.12,0.82,0.63,-0.46,2.81,-2.29,52813
642778,-0.13,0.34,-0.84,-5.10,5.98,-2.72,0.12,0.82,0.63,-0.46,2.72,-2.41,52568
642790,-0.13,0.34,-0.85,-5.98,6.35,-2.08,0.13,0.82,0.63,-0.46,3.11,-2.26,51005
642801,-0.13,0.34,-0.85,-6.26,6.81,-1.83,0.13,0.82,0.63,-0.24,2.41,-2.78,46229
642813,-0.12,0.34,-0.85,-7.02,6.56,-2.32,0.13,0.82,0.64,0.06,2.99,-3.14,41088
642825,-0.12,0.35,-0.85,-6.96,5.80,-2.32,0.13,0.82,0.63,0.52,3.05,-2.90,35403
642837,-0.13,0.35,-0.85,-6.81,5.71,-2.53,0.14,0.82,0.64,0.46,3.51,-2.35,29548
642848,-0.15,0.35,-0.85,-6.41,6.87,-2.26,0.14,0.83,0.64,0.18,3.91,-1.95,28244
642861,-0.16,0.35,-0.87,-6.16,7.87,-3.36,0.14,0.83,0.65,-0.61,4.39,-1.68,24892
642872,-0.16,0.34,-0.88,-5.62,8.45,-4.94,0.15,0.82,0.65,-1.43,5.00,-1.50,20444
642883,-0.16,0.35,-0.88,-4.33,9.25,-4.12,0.15,0.82,0.66,-2.11,5.25,-1.34,15176
642895,-0.16,0.34,-0.88,-4.94,9.43,-4.12,0.15,0.82,0.66,-2.59,4.85,-1.50,11906
642907,-0.13,0.33,-0.88,-5.74,8.03,-4.67,0.15,0.83,0.66,-3.30,3.05,-1.68,7575
642919,-0.11,0.34,-0.88,-5.16,5.80,-5.00,0.15,0.83,0.66,-3.75,2.62,-1.43,8405
642930,-0.10,0.35,-0.87,-3.94,3.94,-4.18,0.15,0.82,0.66,-4.15,1.50,-0.58,5503
642942,-0.10,0.36,-0.86,-3.23,2.75,-1.83,0.15,0.82,0.65,-3.78,0.61,-0.12,499
642954,-0.10,0.38,-0.85,-1.71,1.10,-2.17,0.15,0.82,0.64,-2.81,1.22,0.70,16774373
642966,-0.12,0.41,-0.84,0.58,1.16,-0.92,0.15,0.82,0.62,-1.59,0.00,0.89,16774113
642977,-0.12,0.42,-0.83,2.62,0.92,-0.40,0.14,0.82,0.61,-0.89,-0.27,0.67,1868
642989,-0.12,0.42,-0.82,2.99,0.24,-1.01,0.14,0.82,0.61,0.00,-0.21,0.15,11604
643001,-0.10,0.39,-0.82,1.10,-0.76,-0.85,0.13,0.83,0.61,0.12,-1.04,0.46,24812
643012,-0.09,0.37,-0.82,-1.16,-2.29,-0.34,0.13,0.83,0.61,0.12,-1.37,0.76,34604
643024,-0.09,0.34,-0.82,-4.61,-2.81,1.01,0.12,0.83,0.61,-0.06,-1.16,0.82,36836
643036,-0.10,0.32,-0.82,-6.68,-1.92,1.68,0.12,0.82,0.62,-0.21,-1.83,0.64,36619
643048,-0.11,0.32,-0.83,-7.75,-0.64,1.19,0.12,0.82,0.62,-0.55,-0.58,-0.43,33086
643059,-0.11,0.32,-0.84,-8.70,1.43,0.18,0.11,0.82,0.63,-1.40,-1.62,-1.34,29818
643072,-0.12,0.34,-0.84,-7.63,3.39,-0.58,0.11,0.82,0.63,-0.95,-0.06,-2.23,25420
643083,-0.13,0.35,-0.85,-7.87,4.39,-1.53,0.11,0.82,0.63,-1.04,1.40,-2.44,20197
643094,-0.12,0.36,-0.85,-8.42,4.55,-2.47,0.11,0.83,0.63,-0.92,1.34,-2.72,14397
643106,-0.13,0.35,-0.85,-9.58,4.97,-1.98,0.12,0.83,0.64,-0.18,1.31,-2.26,9255
643118,-0.13,0.34,-0.85,-12.08,5.16,-1.92,0.12,0.84,0.64,-0.21,1.62,-2.08,5272
643130,-0.14,0.32,-0.86,-14.53,5.52,-2.17,0.12,0.84,0.65,0.06,0.27,-2.38,16776018
643141,-0.13,0.30,-0.86,-17.24,5.55,-4.43,0.13,0.84,0.65,0.03,1.16,-2.35,16770551
643153,-0.13,0.28,-0.86,-20.39,6.01,-3.91,0.13,0.83,0.66,-0.64,1.71,-2.26,16762305
643165,-0.13,0.27,-0.87,-22.22,6.07,-6.07,0.13,0.82,0.66,-1.31,1.71,-2.17,16748786
643177,-0.13,0.28,-0.87,-22.74,6.38,-6.77,0.14,0.81,0.67,-2.56,1.71,-1.77,16734268
643188,-0.14,0.29,-0.87,-22.06,7.69,-9.09,0.15,0.80,0.67,-3.42,2.75,-0.98,16719213
643201,-0.16,0.32,-0.87,-20.20,9.61,-7.84,0.15,0.80,0.67,-4.49,2.59,-1.43,16704034
643212,-0.17,0.35,-0.87,-17.33,10.99,-8.27,0.15,0.79,0.67,-4.61,3.45,-1.37,16689587
643224,-0.16,0.39,-0.87,-14.16,11.54,-6.90,0.16,0.80,0.66,-4.85,5.46,-1.65,16675233
643235,-0.16,0.41,-0.87,-11.69,11.44,-4.67,0.16,0.80,0.67,-5.13,4.85,-2.01,16663139
643247,-0.14,0.40,-0.88,-13.24,9.19,-2.66,0.16,0.81,0.68,-5.34,5.13,-1.98,16653184
643259,-0.09,0.38,-0.87,-13.70,5.13,-3.78,0.17,0.82,0.68,-5.28,4.64,-1.31,16645631
643270,-0.09,0.41,-0.87,-10.25,1.95,1.16,0.17,0.82,0.68,-4.94,4.03,-0.15,16640872
643282,-0.09,0.42,-0.87,-7.78,-0.18,2.14,0.17,0.83,0.68,-5.86,1.37,0.76,16633903
643294,-0.10,0.41,-0.88,-8.00,-1.22,2.44,0.17,0.83,0.68,-6.38,1.19,2.44,16625246
643306,-0.13,0.40,-0.88,-7.57,-0.52,0.55,0.17,0.83,0.69,-7.84,0.34,3.42,16617978
643317,-0.15,0.38,-0.88,-8.30,0.67,-0.31,0.17,0.83,0.68,-8.09,0.24,3.63,16615900
643329,-0.15,0.40,-0.87,-6.13,1.62,-2.69,0.16,0.82,0.67,-8.51,1.13,3.60,16613200
643341,-0.14,0.41,-0.86,-5.07,1.59,-2.08,0.15,0.82,0.65,-8.36,0.49,3.33,16611093
643352,-0.13,0.42,-0.84,-4.82,0.64,-0.15,0.15,0.82,0.64,-8.09,0.43,3.02,16610243
643364,-0.11,0.41,-0.83,-7.84,-0.85,0.89,0.14,0.82,0.64,-8.00,0.21,2.99,16610272
643376,-0.10,0.41,-0.81,-7.20,-1.59,0.43,0.13,0.82,0.63,-6.99,-0.67,2.75,16611296
643388,-0.11,0.42,-0.80,-7.57,-1.98,2.50,0.13,0.82,0.62,-7.11,-1.65,2.41,16611430
643399,-0.10,0.38,-0.80,-12.30,-2.62,1.01,0.13,0.82,0.62,-6.47,-0.55,2.35,16611410
643411,-0.11,0.39,-0.80,-13.43,-1.74,-0.95,0.12,0.81,0.62,-5.95,0.31,2.47,16610824
643423,-0.13,0.42,-0.79,-11.08,0.12,1.01,0.12,0.81,0.61,-5.19,1.80,1.74,16610752
643435,-0.13,0.43,-0.79,-11.72,1.01,2.50,0.12,0.82,0.61,-4.58,2.96,1.37,16608438
643446,-0.11,0.40,-0.79,-16.08,0.43,0.85,0.11,0.82,0.62,-4.64,2.75,0.79,16609427
643458,-0.09,0.38,-0.79,-20.42,-1.13,-0.55,0.10,0.83,0.62,-4.55,1.59,0.55,16611509
643470,-0.08,0.42,-0.78,-17.82,-1.86,-1.86,0.10,0.82,0.61,-3.14,0.70,0.85,16610280
643481,-0.08,0.45,-0.78,-17.33,-2.69,0.58,0.11,0.82,0.61,-2.66,-0.09,1.40,16608747
643493,-0.09,0.46,-0.78,-16.48,-2.66,-1.89,0.11,0.82,0.61,-1.74,-1.22,1.56,16606566
643505,-0.10,0.45,-0.78,-18.43,-2.11,0.27,0.10,0.82,0.63,-1.37,-2.66,1.40,16606679
643517,-0.10,0.39,-0.80,-24.78,-1.59,-1.46,0.10,0.82,0.64,-1.25,-1.80,0.49,16607366
643528,-0.11,0.33,-0.81,-30.67,-0.21,0.76,0.11,0.82,0.66,-2.50,-1.10,-0.34,16608488
643540,-0.11,0.30,-0.83,-38.36,0.06,2.38,0.11,0.82,0.67,-4.73,1.65,-0.18,16609228
643552,-0.11,0.37,-0.83,-34.24,2.11,-4.24,0.12,0.81,0.67,-5.19,3.94,-0.40,16609871
643563,-0.13,0.51,-0.82,-21.33,5.34,-6.29,0.12,0.80,0.66,-3.69,3.30,-1.25,16609423
643575,-0.14,0.60,-0.81,-13.24,5.37,-0.09,0.12,0.80,0.65,-2.11,2.56,-1.31,16610408
643587,-0.11,0.56,-0.81,-16.42,3.11,2.75,0.12,0.81,0.66,-1.83,2.78,-2.04,16607600
643599,-0.06,0.46,-0.82,-23.99,-0.12,1.56,0.11,0.82,0.68,-2.81,0.79,-2.14,16606590
643610,-0.05,0.42,-0.82,-27.74,-1.62,-0.40,0.11,0.82,0.69,-3.51,-0.18,-1.80,16609375
643622,-0.08,0.46,-0.82,-24.14,-0.76,0.24,0.12,0.81,0.68,-4.52,0.12,-1.53,16610855
643634,-0.11,0.52,-0.82,-17.06,0.85,0.09,0.13,0.80,0.68,-4.09,0.18,-1.16,16609455
643646,-0.13,0.59,-0.82,-9.83,1.74,-0.55,0.13,0.79,0.67,-4.58,0.92,-1.01,16607793
643657,-0.12,0.62,-0.81,-3.72,0.76,-0.40,0.14,0.79,0.67,-4.46,0.34,-0.89,16608798
643668,-0.10,0.60,-0.81,-2.29,-1.53,0.95,0.14,0.80,0.67,-4.46,-1.13,-0.70,16610107
643681,-0.08,0.57,-0.80,-2.56,-3.08,1.28,0.13,0.80,0.67,-4.36,-2.93,-0.70,16611908
643692,-0.09,0.56,-0.80,-0.76,-3.66,1.19,0.13,0.79,0.66,-4.33,-4.12,-0.61,16613062
643704,-0.11,0.55,-0.78,1.10,-2.35,-1.46,0.13,0.79,0.66,-3.23,-4.24,-1.19,16609621
643716,-0.14,0.52,-0.78,-0.15,-0.06,-1.50,0.13,0.79,0.65,-2.20,-3.63,-0.95,16610424
643728,-0.16,0.49,-0.77,-1.89,1.98,-2.75,0.14,0.79,0.65,-1.22,-0.37,-1.62,16609686
643739,-0.17,0.47,-0.77,-3.69,3.20,-3.30,0.14,0.79,0.65,-0.98,1.71,-1.31,16608322
643751,-0.17,0.46,-0.77,-5.95,4.18,-5.19,0.14,0.79,0.65,-0.76,2.29,-1.40,16611766
643763,-0.17,0.46,-0.77,-6.23,5.10,-6.68,0.14,0.79,0.64,-0.27,1.68,-1.43,16610237
643774,-0.16,0.48,-0.77,-4.97,5.43,-5.43,0.14,0.79,0.64,0.15,0.98,-1.46,16608283
643786,-0.14,0.48,-0.77,-4.73,4.03,-2.41,0.14,0.79,0.65,0.03,0.79,-0.89,16608332
643798,-0.11,0.48,-0.77,-5.19,1.56,-1.62,0.14,0.79,0.65,-0.18,0.06,-0.95,16611188
643810,-0.09,0.47,-0.78,-6.26,-0.58,-0.03,0.14,0.80,0.65,0.03,-1.01,-1.19,16608601
643821,-0.10,0.46,-0.78,-7.90,-0.73,0.43,0.14,0.80,0.66,-0.15,-1.53,-1.34,16607819
643833,-0.12,0.45,-0.78,-6.59,0.15,0.82,0.14,0.81,0.66,-0.34,-1.59,-1.16,16607706
643845,-0.13,0.48,-0.79,-7.08,1.13,-0.85,0.14,0.81,0.66,0.12,0.09,-1.86,16607695
643857,-0.14,0.52,-0.79,-6.29,2.01,0.00,0.14,0.81,0.66,-0.09,0.46,-1.56,16609121
643868,-0.13,0.50,-0.80,-6.20,0.18,-0.67,0.14,0.81,0.67,-0.82,0.67,-1.31,16608143
643879,-0.12,0.51,-0.80,-1.07,0.00,-1.68,0.14,0.81,0.67,-1.92,-0.24,-0.67,16608178
643892,-0.12,0.55,-0.81,-0.64,-1.01,-0.55,0.14,0.81,0.67,-2.44,-0.89,-0.27,16607777
643903,-0.12,0.54,-0.82,-0.61,-1.46,-0.58,0.14,0.81,0.67,-2.87,-1.68,-0.21,16609221
643915,-0.12,0.51,-0.82,-1.50,-1.31,-1.98,0.13,0.82,0.68,-3.02,-2.96,-0.21,16612987
643927,-0.12,0.48,-0.82,-3.14,-1.16,-0.37,0.13,0.82,0.68,-2.44,-3.11,-0.40,16610316
643939,-0.13,0.47,-0.81,-3.81,-1.53,2.32,0.14,0.81,0.68,-2.01,-2.01,-0.21,16611078
643950,-0.12,0.44,-0.81,-5.80,-2.72,4.49,0.14,0.82,0.68,-2.81,-1.28,-0.52,16611690
643962,-0.11,0.44,-0.81,-8.85,-2.93,1.59,0.14,0.81,0.68,-2.75,-0.27,-0.09,16611368
643974,-0.13,0.46,-0.80,-8.73,-1.71,1.13,0.14,0.81,0.68,-3.30,-0.92,-0.15,16607977
643985,-0.14,0.46,-0.80,-10.10,-0.40,-2.29,0.14,0.81,0.67,-3.42,-1.34,-0.43,16608318
643997,-0.16,0.48,-0.80,-7.84,1.16,-4.12,0.14,0.80,0.67,-3.42,-0.24,-0.27,16610363
644008,-0.16,0.49,-0.80,-6.77,1.68,-2.66,0.14,0.80,0.67,-3.42,-0.03,0.06,16611554
