time,faccx,faccy,faccz,fgyrx,fgyry,fgyrz,saccx,saccy,saccz,sgyrx,sgyry,sgyrz,load
2004355,0.12,1.05,0.02,2.41,-3.85,-7.32,-0.01,1.02,0.03,-2.96,-0.70,-0.15,16634210
2004365,0.11,1.04,0.01,0.89,-3.17,-6.38,-0.01,1.03,0.03,-4.30,-0.40,0.76,16635371
2004375,0.09,1.01,0.00,-3.66,-2.20,-6.01,-0.01,1.03,0.03,-3.57,-0.95,-1.59,16634209
2004385,0.08,0.99,0.00,-7.05,-0.34,-6.62,-0.01,1.02,0.03,-1.98,-2.53,-2.99,16634221
2004397,0.06,0.98,0.00,-9.40,1.28,-6.13,-0.01,1.01,0.03,-2.44,-1.43,-1.13,16633310
2004409,0.05,0.98,0.01,-10.04,3.11,-6.10,0.00,1.00,0.04,-3.02,-0.89,1.65,16634311
2004420,0.04,0.99,0.02,-8.85,4.21,-5.77,0.01,0.99,0.04,-2.53,-1.04,1.80,16633505
2004431,0.04,0.99,0.03,-7.42,4.55,-4.27,0.01,0.99,0.04,-0.95,-1.50,1.56,16635128
2004444,0.04,0.99,0.03,-5.80,3.54,-1.83,0.02,0.99,0.05,0.12,-0.03,-0.31,16636656
2004455,0.04,0.99,0.03,-4.88,2.87,1.19,0.02,0.99,0.05,1.19,-0.70,-1.77,16636175
2004467,0.05,1.00,0.04,-3.42,1.98,2.17,0.02,0.99,0.05,1.25,-0.37,-1.92,16637378
2004478,0.05,1.01,0.04,-2.78,1.50,2.62,0.02,0.99,0.05,1.10,-0.27,-0.70,16636942
2004491,0.06,1.02,0.04,-2.44,1.22,1.56,0.02,0.99,0.05,0.98,-0.15,0.85,16638283
2004502,0.06,1.02,0.04,-2.08,1.68,0.79,0.02,1.00,0.04,0.37,0.52,1.31,16640501
2004514,0.06,1.03,0.03,-2.29,1.86,-0.18,0.02,1.01,0.04,-0.27,0.92,1.62,16641185
2004526,0.06,1.03,0.03,-2.72,2.47,-0.89,0.02,1.02,0.04,0.09,0.61,-0.64,16639044
2004537,0.06,1.03,0.03,-3.88,2.90,-1.59,0.02,1.03,0.03,0.43,1.19,-2.08,16638671
2004549,0.06,1.03,0.02,-4.55,2.87,-1.74,0.02,1.03,0.03,0.12,1.37,-2.72,16639537
2004560,0.07,1.04,0.02,-4.85,2.90,-2.32,0.02,1.03,0.03,-0.73,0.89,-2.26,16641898
2004573,0.07,1.04,0.02,-4.46,2.75,-3.39,0.02,1.03,0.03,-2.14,0.61,-1.40,16639703
2004584,0.07,1.05,0.03,-3.36,2.47,-3.42,0.02,1.02,0.03,-1.71,1.37,-0.46,16638009
2004596,0.07,1.05,0.03,-2.35,2.08,-3.66,0.01,1.01,0.03,-1.40,0.15,-0.09,16637310
2004608,0.07,1.05,0.03,-1.01,1.95,-3.30,0.01,1.01,0.04,-2.14,-0.03,0.89,16638316
2004620,0.06,1.04,0.03,-0.82,1.50,-1.98,0.01,1.01,0.04,-2.26,-0.06,1.10,16637268
2004631,0.06,1.03,0.03,-0.52,1.59,-1.22,0.01,1.01,0.04,-2.72,0.03,-0.03,16636528
2004643,0.06,1.02,0.03,-0.34,1.37,-0.43,0.01,1.01,0.04,-1.89,0.37,-0.03,16637233
2004655,0.06,1.02,0.03,-0.43,1.59,0.24,0.02,1.01,0.05,-1.22,2.14,-0.82,16638910
2004666,0.06,1.01,0.03,-0.70,1.80,-0.03,0.02,1.01,0.05,-0.12,2.23,-1.68,16638374
2004678,0.06,1.01,0.03,-1.56,1.95,0.03,0.02,1.01,0.05,-0.34,1.98,-1.10,16635894
2004689,0.07,1.01,0.03,-2.32,1.95,-0.06,0.02,1.00,0.04,0.55,2.56,-1.62,16636248
2004702,0.07,1.00,0.03,-2.87,1.62,-0.89,0.01,1.01,0.04,0.15,1.37,-0.98,16635325
2004713,0.07,1.01,0.03,-3.91,1.74,-1.13,0.01,1.01,0.04,-1.16,0.52,-0.34,16636206
2004725,0.07,1.01,0.03,-4.21,1.71,-1.59,0.01,1.01,0.03,-0.64,0.58,-0.18,16637185
2004737,0.07,1.01,0.03,-4.09,1.83,-1.56,0.00,1.01,0.03,-0.43,-0.21,-0.76,16638160
2004749,0.07,1.02,0.03,-3.88,2.11,-1.80,0.01,1.01,0.03,-1.46,-0.27,0.43,16636051
2004760,0.07,1.02,0.03,-3.57,2.26,-2.29,0.01,1.02,0.03,-1.34,0.31,-0.92,16636188
2004771,0.07,1.03,0.03,-2.99,2.14,-2.32,0.01,1.02,0.03,-0.92,0.00,-2.50,16638150
2004784,0.07,1.03,0.03,-2.72,2.08,-1.95,0.01,1.02,0.03,-0.24,0.52,-2.96,16637756
2004795,0.07,1.03,0.03,-1.80,1.83,-1.50,0.01,1.01,0.03,-0.46,0.40,-2.17,16636174
2004807,0.07,1.03,0.03,-1.53,1.86,-0.58,0.01,1.01,0.03,-1.25,-0.15,-1.16,16637082
2004818,0.07,1.03,0.03,-1.31,1.65,-0.55,0.01,1.01,0.03,-1.95,-0.12,-0.70,16637389
2004831,0.07,1.03,0.03,-1.25,1.50,-0.73,0.01,1.01,0.04,-0.92,0.21,-0.61,16640048
2004842,0.07,1.03,0.03,-1.19,1.56,-1.10,0.01,1.00,0.04,-1.31,-0.43,1.22,16640496
2004854,0.06,1.02,0.03,-1.22,1.56,-1.40,0.01,1.01,0.04,-1.43,-0.92,1.22,16638460
2004866,0.06,1.02,0.03,-1.37,1.71,-1.46,0.01,1.01,0.04,-1.86,0.00,0.03,16637786
2004878,0.06,1.02,0.03,-2.23,2.11,-1.65,0.02,1.02,0.04,-0.95,0.31,-2.26,16639013
2004889,0.06,1.01,0.03,-2.62,2.53,-1.86,0.02,1.02,0.04,-0.43,1.43,-2.84,16639088
2004900,0.05,1.01,0.03,-2.78,2.50,-1.71,0.02,1.02,0.04,-0.43,1.28,-2.78,16638620
2004913,0.05,1.01,0.03,-3.05,2.78,-1.43,0.02,1.01,0.04,-1.07,1.04,-1.40,16638590
2004924,0.05,1.01,0.03,-3.51,2.47,-1.34,0.02,1.00,0.04,-0.95,1.19,-0.55,16639448
2004936,0.06,1.02,0.03,-2.96,2.29,-0.73,0.02,1.00,0.04,-0.76,1.01,-0.61,16639737
2004947,0.06,1.02,0.03,-2.59,2.14,-0.98,0.02,1.00,0.04,-0.98,1.37,-0.21,16639095
2004960,0.06,1.02,0.03,-2.69,1.62,-0.61,0.02,1.00,0.04,-0.98,1.07,-0.24,16637674
2004971,0.06,1.02,0.03,-2.14,1.71,-1.04,0.01,1.01,0.04,-1.28,0.79,-0.27,16637003
2004983,0.06,1.02,0.03,-2.66,1.68,-0.61,0.01,1.01,0.04,-1.43,0.67,0.24,16638329
2004995,0.06,1.02,0.03,-2.38,2.01,-0.52,0.01,1.01,0.04,-1.25,0.98,-0.18,16637618
2005007,0.06,1.02,0.03,-2.56,2.47,-0.98,0.01,1.01,0.04,-0.67,1.10,-0.64,16638304
2005018,0.06,1.02,0.03,-2.81,2.81,-1.40,0.02,1.01,0.04,-0.46,1.28,-0.61,16637298
2005029,0.06,1.02,0.03,-3.33,2.47,-1.56,0.02,1.01,0.04,-0.82,1.16,-0.24,16636397
2005042,0.07,1.02,0.03,-3.69,2.59,-1.46,0.02,1.01,0.04,-1.53,0.76,-0.09,16636745
2005053,0.07,1.02,0.03,-3.75,1.95,-1.50,0.02,1.01,0.04,-1.77,0.52,-0.31,16637034
2005065,0.07,1.02,0.03,-3.54,2.11,-2.01,0.01,1.01,0.04,-1.80,0.98,0.52,16637742
2005076,0.07,1.02,0.03,-3.66,2.08,-1.98,0.01,1.01,0.04,-1.77,0.55,0.24,16636798
2005089,0.07,1.02,0.03,-3.54,1.77,-1.34,0.01,1.01,0.04,-2.32,0.34,1.13,16637974
2005100,0.07,1.02,0.03,-3.17,1.71,-1.28,0.01,1.01,0.04,-1.74,0.64,-0.21,16638300
2005112,0.07,1.02,0.03,-3.72,1.40,-1.83,0.02,1.01,0.04,-0.70,2.56,-1.16,16635271
2005124,0.07,1.02,0.03,-4.18,1.46,-2.50,0.01,1.01,0.04,0.09,1.37,-2.72,16635848
2005136,0.07,1.01,0.03,-5.04,1.28,-4.12,0.01,1.00,0.04,-1.13,0.64,0.24,16638135
2005147,0.07,1.01,0.03,-6.41,1.01,-5.13,0.01,1.00,0.04,-1.22,1.71,2.29,16636773
2005158,0.07,1.01,0.02,-8.12,1.22,-6.93,0.02,1.01,0.04,-1.40,5.58,0.58,16635933
2005171,0.07,1.00,0.02,-11.23,0.49,-7.45,0.01,1.03,0.04,-0.70,5.49,-4.43,16635597
2005182,0.07,0.99,0.02,-14.74,-0.46,-6.81,-0.00,1.03,0.03,-1.37,2.47,-3.78,16636258
2005194,0.07,0.99,0.02,-17.49,-0.92,-8.39,-0.02,1.00,0.02,0.89,0.52,3.05,16638244
2005206,0.08,0.99,0.02,-19.47,-1.92,-10.35,-0.02,0.99,0.02,-2.87,-1.28,6.01,16637752
2005218,0.08,1.00,0.02,-20.17,-2.29,-11.96,-0.02,0.99,0.02,-0.82,-1.83,6.13,16638272
2005229,0.08,1.01,0.03,-19.07,-2.32,-13.43,-0.01,1.00,0.03,-1.62,-2.99,5.37,16638011
2005241,0.08,1.03,0.04,-16.69,-2.01,-14.13,0.01,1.00,0.04,-2.11,2.81,5.83,16639856
2005253,0.06,1.04,0.05,-14.95,-1.34,-13.55,0.02,1.01,0.05,-0.12,7.93,-0.98,16641746
2005265,0.02,1.04,0.08,-11.32,2.11,-7.66,0.02,1.03,0.05,-6.50,7.32,3.63,16641264
2005276,-0.01,1.04,0.09,-7.97,5.89,-1.83,-0.01,1.06,0.03,-10.44,1.37,-8.00,16640011
2005287,-0.03,1.04,0.10,-5.37,8.03,3.23,-0.01,1.02,0.03,-2.78,-1.74,2.01,16640827
2005300,-0.04,1.04,0.10,-3.69,9.40,6.90,0.02,1.01,0.04,-13.40,5.49,11.60,16640235
2005311,-0.03,1.03,0.10,-2.47,10.22,10.16,0.02,1.02,0.04,-12.66,-1.40,7.45,16640958
2005323,-0.02,1.03,0.10,-2.23,10.53,12.63,0.03,1.03,0.04,-11.60,0.46,3.08,16636736
2005335,-0.01,1.03,0.09,-1.40,11.14,13.06,0.03,1.03,0.04,-9.61,-3.27,-3.60,16638298
2005347,0.01,1.03,0.09,-0.89,11.26,10.59,0.03,1.03,0.04,-13.06,-7.72,-2.29,16640820
2005358,0.03,1.03,0.09,-0.61,11.17,7.26,0.03,1.02,0.04,-14.22,-9.22,-0.03,16640039
2005370,0.05,1.03,0.08,-0.79,10.56,4.21,0.03,1.02,0.05,-16.54,-10.38,-1.34,16639548
2005382,0.07,1.03,0.07,-1.65,10.01,1.31,0.04,1.01,0.06,-17.91,-7.05,5.07,16639604
2005393,0.07,1.02,0.06,-3.27,8.97,0.03,0.05,1.01,0.07,-14.80,1.28,6.62,16639436
2005405,0.08,1.01,0.05,-5.58,7.97,-1.10,0.06,1.03,0.08,-16.11,3.60,6.01,16636995
2005416,0.09,1.00,0.05,-8.30,6.59,-2.26,0.06,1.06,0.07,-20.05,2.47,1.46,16638749
2005429,0.09,0.99,0.04,-11.02,5.37,-2.78,0.05,1.08,0.07,-21.94,2.78,-3.85,16640365
2005440,0.09,0.99,0.04,-13.82,4.46,-3.57,0.04,1.08,0.06,-24.41,-0.09,-6.23,16640393
2005452,0.09,0.98,0.03,-17.70,3.72,-4.03,0.03,1.06,0.06,-25.15,-2.93,-3.20,16639179
2005464,0.09,0.98,0.04,-21.64,3.81,-4.55,0.02,1.04,0.06,-29.33,-6.93,1.65,16640595
2005476,0.08,0.98,0.04,-24.54,3.85,-5.49,0.01,1.03,0.06,-31.07,-10.25,0.92,16640475
2005487,0.08,0.98,0.05,-27.59,4.58,-6.62,0.02,1.03,0.07,-31.16,-9.12,-0.49,16641508
2005499,0.08,0.98,0.05,-28.75,5.37,-6.84,0.04,1.01,0.09,-30.09,-3.45,2.62,16641724
2005511,0.07,0.99,0.06,-29.11,5.68,-7.17,0.05,0.99,0.10,-29.88,-0.89,6.84,16637769
2005522,0.08,1.00,0.07,-28.29,5.77,-8.76,0.05,0.98,0.11,-31.49,-2.75,9.03,16639888
2005534,0.08,1.01,0.08,-27.19,5.28,-10.44,0.05,0.97,0.11,-30.94,-3.05,10.07,16640877
2005545,0.08,1.02,0.09,-26.64,3.94,-11.38,0.04,0.98,0.11,-35.64,-7.29,14.10,16641846
2005558,0.08,1.02,0.09,-26.82,2.62,-10.93,0.03,1.01,0.11,-44.04,-17.76,8.45,16640508
2005569,0.07,1.01,0.10,-28.87,1.34,-9.58,0.04,1.01,0.12,-48.37,-12.12,9.55,16641282
2005581,0.07,1.00,0.10,-30.43,0.03,-6.32,0.05,1.00,0.14,-39.67,-5.10,10.65,16640488
2005593,0.06,0.98,0.10,-32.59,-0.40,-1.77,0.05,0.98,0.15,-43.88,-6.50,21.48,16638566
2005605,0.04,0.96,0.11,-35.13,0.00,3.91,0.04,1.01,0.14,-70.19,-21.97,35.68,16638559
2005616,0.03,0.94,0.11,-39.18,1.04,10.53,0.05,1.05,0.15,-69.76,-20.72,18.07,16637904
2005628,0.02,0.92,0.11,-43.95,2.14,18.49,0.06,1.04,0.18,-50.11,-7.69,9.98,16638431
2005640,0.01,0.90,0.12,-48.19,3.97,24.29,0.05,1.01,0.18,-41.14,-10.04,13.98,16639466
2005651,0.02,0.89,0.13,-51.73,5.83,27.19,0.04,1.01,0.18,-48.58,-17.70,20.94,16640828
2005663,0.03,0.88,0.14,-54.47,6.90,27.25,0.05,1.02,0.19,-45.62,-16.72,10.93,16638759
2005675,0.04,0.88,0.16,-57.46,8.06,24.87,0.07,1.02,0.21,-37.26,-8.76,4.91,16638815
2005687,0.06,0.88,0.17,-60.82,9.25,18.34,0.09,1.03,0.23,-44.98,-4.58,4.97,16640503
2005698,0.08,0.88,0.18,-65.34,9.03,11.20,0.09,1.03,0.24,-50.48,-0.98,7.08,16640271
2005710,0.09,0.88,0.19,-70.59,8.27,4.52,0.09,1.00,0.25,-51.18,0.34,12.12,16637767
2005722,0.10,0.88,0.20,-75.41,7.35,-1.46,0.07,0.97,0.25,-61.86,-5.07,26.52,16639253
2005734,0.10,0.89,0.21,-79.90,6.41,-5.25,0.06,0.98,0.25,-63.87,-10.59,21.21,16640797
2005745,0.10,0.90,0.23,-82.61,5.07,-6.96,0.06,0.97,0.26,-51.88,-7.63,15.93,16638721
2005757,0.09,0.93,0.25,-82.82,4.33,-9.22,0.05,0.96,0.26,-44.74,-14.07,13.24,16640392
2005769,0.09,0.95,0.27,-80.87,4.15,-11.17,0.05,0.95,0.27,-35.61,-19.01,7.11,16642330
2005780,0.08,0.98,0.30,-78.00,4.67,-14.19,0.07,0.95,0.29,-36.80,-17.36,5.68,16643785
2005792,0.08,1.01,0.32,-74.62,4.85,-18.62,0.11,0.97,0.32,-36.83,-9.74,-0.37,16642662
2005804,0.08,1.02,0.35,-70.56,5.07,-20.39,0.14,0.97,0.34,-36.10,2.59,3.57,16645422
2005816,0.07,1.03,0.36,-66.86,5.28,-19.35,0.14,0.94,0.35,-36.10,7.45,10.35,16646861
2005827,0.06,1.05,0.38,-63.75,5.19,-16.69,0.11,0.92,0.35,-41.02,4.73,14.71,16648316
2005839,0.05,1.05,0.39,-59.66,5.22,-15.90,0.09,0.92,0.34,-35.28,-4.15,13.49,16651265
2005851,0.05,1.07,0.40,-55.33,5.46,-14.07,0.08,0.90,0.34,-24.63,-7.45,15.72,16648506
2005863,0.04,1.08,0.42,-50.75,4.24,-11.17,0.08,0.88,0.35,-17.73,-10.04,16.63,16647669
2005874,0.04,1.10,0.44,-45.35,3.08,-8.24,0.10,0.89,0.36,-11.14,-9.52,17.52,16647611
2005885,0.04,1.11,0.46,-38.02,1.40,-5.83,0.12,0.93,0.36,-8.24,-6.93,-0.92,16645205
2005898,0.04,1.13,0.47,-30.27,0.09,-3.57,0.14,0.96,0.37,-15.29,-5.19,-0.89,16647761
2005909,0.04,1.14,0.49,-21.48,-0.40,-1.95,0.16,0.99,0.38,-15.26,2.29,-8.24,16647989
2005921,0.04,1.15,0.50,-13.58,-0.31,-1.13,0.16,0.97,0.38,-11.38,5.13,-6.96,16646268
2005933,0.03,1.15,0.51,-6.68,0.55,-0.46,0.14,0.92,0.38,-15.47,3.08,7.90,16646923
2005945,0.03,1.14,0.51,-2.29,0.67,0.37,0.12,0.90,0.38,-6.77,2.04,7.54,16646300
2005956,0.03,1.12,0.51,0.37,0.31,1.10,0.11,0.90,0.38,-7.23,-1.10,10.77,16646679
2005968,0.03,1.11,0.50,2.04,-0.03,1.59,0.12,0.93,0.38,-8.36,-4.33,5.22,16647185
2005980,0.03,1.09,0.49,3.23,-0.06,1.40,0.13,0.96,0.39,-4.12,-1.25,-6.04,16646615
2005991,0.04,1.07,0.48,4.15,0.34,-0.24,0.14,0.97,0.39,-4.85,1.01,-5.52,16647716
2006003,0.05,1.05,0.48,5.89,0.43,-1.77,0.15,0.97,0.39,-5.92,0.85,-6.84,16649096
2006014,0.05,1.04,0.48,7.66,0.43,-2.01,0.15,0.98,0.39,-8.15,1.10,-6.01,16646886
2006027,0.04,1.02,0.47,9.00,0.64,-1.86,0.15,0.98,0.40,-8.85,5.16,-6.13,16643627
2006038,0.04,1.01,0.46,9.83,1.16,-1.01,0.15,0.97,0.40,-8.27,6.96,-5.28,16642787
2006050,0.04,0.99,0.46,9.86,1.56,0.64,0.13,0.95,0.39,-7.84,3.23,-0.70,16642926
2006062,0.03,0.97,0.45,8.61,1.98,2.08,0.11,0.93,0.39,-6.87,-0.18,1.95,16643076
2006074,0.03,0.96,0.44,7.29,2.04,3.08,0.10,0.92,0.38,-6.50,-3.91,3.39,16641143
2006085,0.04,0.95,0.44,5.95,2.44,2.50,0.11,0.93,0.39,-6.56,-5.77,2.93,16644168
2006097,0.04,0.94,0.43,4.79,2.72,0.31,0.13,0.95,0.39,-6.44,-2.47,0.00,16644228
2006109,0.05,0.93,0.43,3.20,2.81,-2.08,0.14,0.96,0.40,-8.91,0.37,-2.59,16642284
2006120,0.05,0.93,0.42,1.86,3.23,-3.60,0.15,0.98,0.41,-6.01,4.61,-7.11,16643787
2006132,0.05,0.93,0.42,0.82,2.69,-4.67,0.15,0.97,0.41,-5.00,5.13,-5.55,16643590
2006144,0.05,0.93,0.42,0.00,2.96,-5.25,0.14,0.96,0.41,-5.92,3.51,-3.14,16642834
2006156,0.05,0.93,0.42,-0.55,3.33,-5.22,0.13,0.95,0.41,-8.12,1.92,0.12,16642524
2006167,0.04,0.92,0.42,-1.68,3.27,-3.39,0.12,0.93,0.40,-6.04,0.40,1.13,16642452
2006179,0.04,0.92,0.42,-2.81,3.42,-1.07,0.11,0.93,0.40,-6.68,-1.62,0.37,16640914
2006191,0.04,0.92,0.41,-4.43,3.20,0.24,0.12,0.93,0.40,-6.81,-3.05,0.76,16641834
2006203,0.04,0.93,0.41,-5.58,3.42,0.92,0.13,0.94,0.41,-8.18,-1.40,0.70,16642887
2006214,0.04,0.93,0.41,-6.41,3.66,0.24,0.15,0.96,0.42,-6.16,3.02,-5.04,16643621
2006226,0.05,0.94,0.42,-6.47,4.27,-0.95,0.15,0.96,0.42,-6.59,6.90,-4.70,16641436
2006238,0.05,0.95,0.42,-5.92,3.85,-2.04,0.14,0.95,0.42,-4.24,5.71,-6.53,16642461
2006249,0.05,0.96,0.42,-4.76,3.42,-2.35,0.13,0.94,0.41,-7.63,1.50,0.73,16643033
2006261,0.06,0.97,0.42,-3.72,2.96,-3.36,0.12,0.94,0.41,-7.90,-0.52,1.04,16643892
2006273,0.06,0.97,0.43,-3.48,1.46,-3.51,0.12,0.94,0.42,-8.73,0.37,0.79,16645397
2006285,0.06,0.97,0.43,-3.30,0.58,-2.50,0.11,0.95,0.41,-15.78,-2.53,6.99,16645109
2006296,0.05,0.97,0.43,-2.99,0.09,-1.46,0.11,0.94,0.42,-12.57,-2.56,4.73,16643713
2006308,0.05,0.98,0.43,-2.59,-0.09,-0.79,0.12,0.94,0.42,-13.15,-2.53,5.52,16641379
2006320,0.05,0.98,0.43,-2.32,0.27,0.61,0.13,0.95,0.42,-12.45,-0.40,0.95,16641291
2006332,0.05,0.98,0.43,-1.83,0.31,0.67,0.14,0.95,0.43,-11.84,3.75,0.37,16642921
2006343,0.05,0.98,0.43,-1.37,1.01,0.09,0.14,0.94,0.43,-10.16,2.47,-2.08,16646463
2006354,0.05,0.98,0.43,-1.04,1.74,-1.65,0.14,0.95,0.43,-8.82,1.89,-6.71,16645767
2006367,0.05,0.98,0.43,-1.43,2.17,-2.75,0.14,0.95,0.43,-11.26,2.20,-2.72,16644658
2006378,0.05,0.97,0.43,-1.83,2.23,-3.36,0.13,0.93,0.43,-15.63,0.79,6.38,16645715
2006390,0.05,0.97,0.43,-1.98,1.89,-3.42,0.12,0.93,0.43,-14.89,-1.40,7.48,16644021
2006402,0.05,0.97,0.43,-1.92,1.53,-3.11,0.12,0.93,0.43,-12.45,-2.04,7.14,16641096
2006414,0.05,0.97,0.43,-1.74,1.25,-3.02,0.13,0.92,0.44,-8.51,-0.64,6.87,16642928
2006425,0.05,0.97,0.43,-1.40,1.22,-3.33,0.13,0.90,0.45,-3.85,1.53,5.77,16646438
2006437,0.05,0.97,0.43,-1.16,1.04,-3.48,0.14,0.90,0.45,1.01,2.81,-0.09,16647065
2006449,0.05,0.97,0.43,-0.49,1.28,-3.63,0.14,0.91,0.45,5.55,4.67,-5.98,16645306
2006461,0.05,0.98,0.43,0.09,1.43,-4.24,0.15,0.90,0.45,10.31,6.41,-9.46,16644888
2006472,0.04,0.98,0.43,1.07,2.04,-4.94,0.14,0.92,0.44,3.45,1.71,-8.64,16645881
2006483,0.04,0.99,0.43,1.98,2.84,-5.46,0.14,0.92,0.44,0.89,2.32,-3.85,16646819
2006496,0.04,1.00,0.44,3.57,3.33,-5.49,0.14,0.91,0.44,4.88,2.23,-2.96,16645967
2006507,0.03,1.01,0.44,6.56,3.85,-7.14,0.13,0.91,0.44,7.60,-0.15,-2.96,16645199
2006519,0.03,1.03,0.44,10.25,3.97,-9.74,0.12,0.89,0.44,13.18,1.10,-1.50,16648873
2006531,0.04,1.04,0.44,14.37,3.81,-11.29,0.12,0.88,0.44,19.96,3.48,0.27,16647733
2006543,0.04,1.05,0.44,17.94,3.11,-11.14,0.12,0.88,0.44,28.26,3.97,-4.18,16645999
2006554,0.04,1.05,0.44,20.63,1.89,-8.76,0.12,0.89,0.43,39.70,4.82,-13.82,16645351
2006566,0.03,1.04,0.44,23.32,0.21,-4.24,0.13,0.92,0.43,47.36,9.70,-22.64,16644950
2006578,0.03,1.04,0.43,25.33,-1.01,1.04,0.14,0.95,0.43,42.36,10.44,-26.89,16645727
2006590,0.02,1.04,0.43,28.20,-1.80,5.25,0.15,0.93,0.43,50.93,16.82,-24.48,16648393
2006601,0.02,1.05,0.43,31.43,-1.71,7.29,0.14,0.90,0.42,64.45,21.09,-22.16,16648582
2006612,0.03,1.05,0.42,35.55,-0.73,4.30,0.11,0.89,0.40,62.44,17.15,-14.40,16645748
2006625,0.04,1.07,0.42,40.22,-0.06,-1.10,0.09,0.88,0.38,49.96,11.57,0.73,16645986
2006636,0.05,1.08,0.42,45.10,0.61,-7.75,0.07,0.87,0.36,55.91,6.20,5.55,16649525
2006648,0.05,1.08,0.41,49.32,0.76,-12.45,0.06,0.88,0.34,61.07,2.26,7.11,16650131
2006660,0.05,1.08,0.41,52.31,0.03,-12.30,0.08,0.93,0.34,55.18,4.94,3.20,16649057
2006672,0.04,1.07,0.39,53.77,-1.28,-8.06,0.12,1.00,0.34,54.75,16.57,-12.88,16646094
2006683,0.03,1.05,0.38,55.11,-2.53,-2.84,0.14,1.02,0.34,78.37,34.12,-28.59,16645804
2006695,0.03,1.05,0.37,56.67,-3.75,1.31,0.14,1.01,0.34,109.71,47.64,-38.91,16646108
2006707,0.03,1.04,0.36,59.33,-5.04,3.17,0.12,1.00,0.32,114.44,50.51,-39.67,16644763
2006719,0.03,1.05,0.35,62.07,-5.83,3.30,0.10,0.98,0.30,100.01,43.52,-27.13,16645009
2006730,0.03,1.05,0.34,65.16,-5.89,2.01,0.09,0.97,0.28,85.21,38.91,-9.86,16648373
2006742,0.04,1.05,0.33,67.32,-5.77,1.59,0.09,0.97,0.27,81.94,45.56,-4.24,16647186
2006754,0.03,1.05,0.32,69.43,-4.82,1.43,0.08,1.00,0.24,82.64,44.59,-9.09,16646361
2006765,0.04,1.05,0.31,72.69,-3.08,-1.01,0.06,1.05,0.21,83.89,32.01,-22.95,16644450
2006777,0.04,1.05,0.30,76.08,-2.32,-2.69,0.06,1.09,0.18,95.49,27.65,-39.61,16646465
2006789,0.04,1.05,0.29,79.62,-1.22,-2.84,0.06,1.09,0.16,112.82,32.23,-50.93,16649589
2006801,0.03,1.05,0.27,82.49,-0.34,-1.59,0.05,1.08,0.15,102.36,26.92,-47.88,16651052
2006812,0.03,1.05,0.25,84.78,0.49,-0.61,0.04,1.06,0.13,81.73,17.43,-39.86,16648003
2006824,0.03,1.04,0.24,85.63,0.21,3.39,0.03,1.04,0.12,71.17,16.14,-24.41,16645077
2006836,0.02,1.03,0.22,85.66,1.01,6.44,0.02,1.01,0.11,55.45,15.78,-7.05,16644181
2006847,0.01,1.02,0.20,84.44,1.53,11.75,0.02,0.97,0.10,59.08,22.67,3.94,16643324
2006859,0.01,1.01,0.17,83.40,2.44,14.22,0.02,0.97,0.08,55.97,26.34,5.58,16642539
2006871,0.01,1.00,0.16,82.52,4.24,12.82,0.03,1.00,0.07,43.49,29.02,5.58,16642929
2006883,0.02,1.00,0.14,82.18,5.71,10.86,0.04,1.02,0.06,40.37,28.29,-0.24,16645097
2006894,0.03,0.99,0.12,81.27,7.51,6.62,0.03,1.03,0.04,41.96,18.46,-8.30,16645365
2006906,0.03,0.97,0.10,78.03,8.27,3.97,0.01,1.02,0.02,49.53,11.41,-7.81,16645666
2006918,0.04,0.95,0.08,72.36,8.09,5.52,-0.01,1.02,-0.00,43.82,2.87,-9.89,16643884
2006930,0.03,0.92,0.04,64.21,7.75,9.28,-0.02,1.01,-0.01,29.82,-2.87,-5.25,16641806
2006941,0.03,0.89,0.00,54.14,6.84,14.01,-0.01,1.01,-0.01,15.05,-0.49,-0.09,16641373
2006953,0.02,0.86,-0.03,43.40,6.26,17.55,0.00,1.02,-0.01,3.78,2.56,1.07,16641114
2006965,0.02,0.85,-0.05,33.26,5.80,18.22,0.00,1.02,-0.01,-5.16,2.59,2.93,16639186
2006976,0.03,0.84,-0.07,23.77,7.78,13.95,-0.00,1.02,-0.02,-9.00,0.46,5.28,16637905
2006988,0.04,0.83,-0.08,13.76,9.52,7.14,-0.01,1.01,-0.02,-15.66,-1.40,8.51,16637705
2007000,0.06,0.82,-0.09,3.51,11.47,-0.06,-0.01,1.01,-0.02,-21.42,-2.32,10.47,16639991
2007012,0.07,0.82,-0.09,-5.37,12.60,-7.26,-0.00,1.02,-0.02,-16.48,-2.47,4.30,16639022
2007023,0.08,0.82,-0.10,-12.33,13.52,-13.00,0.00,1.02,-0.02,-12.79,-1.19,0.34,16638918
2007035,0.09,0.84,-0.09,-16.63,12.94,-17.46,0.00,1.02,-0.02,-14.01,-6.87,0.46,16642325
2007047,0.09,0.86,-0.09,-18.71,12.02,-19.78,0.00,1.01,-0.01,-6.23,-6.16,0.12,16641109
2007059,0.10,0.89,-0.08,-20.08,10.10,-19.65,0.01,1.01,-0.01,-0.92,-5.07,-0.43,16641459
2007070,0.10,0.91,-0.08,-21.30,7.32,-16.33,0.00,1.02,-0.01,-1.95,-6.87,-1.68,16640607
2007083,0.09,0.93,-0.08,-21.33,4.52,-11.72,0.01,1.03,-0.01,-6.99,-9.86,-4.18,16639399
2007094,0.09,0.95,-0.07,-20.63,2.41,-7.78,0.01,1.03,-0.01,-7.69,-5.43,-4.49,16641952
2007105,0.08,0.97,-0.07,-18.92,1.65,-5.71,0.01,1.02,-0.00,-5.77,-1.34,-2.50,16640878
2007117,0.08,0.99,-0.06,-16.48,1.04,-3.94,0.01,1.00,-0.01,-7.17,-2.11,1.01,16643140
2007129,0.07,1.01,-0.05,-13.89,1.50,-3.11,0.00,1.00,-0.01,-11.17,-3.05,3.08,16644976
2007141,0.07,1.02,-0.04,-11.60,1.80,-2.96,0.00,1.00,-0.00,-10.31,-3.02,1.37,16642081
2007152,0.07,1.03,-0.04,-10.71,2.29,-1.95,0.01,1.00,0.00,-8.15,-0.73,1.56,16642008
2007164,0.07,1.04,-0.04,-10.16,2.04,-0.89,0.02,1.01,0.01,-12.51,-2.14,1.28,16642145
2007176,0.07,1.04,-0.03,-9.40,1.56,0.34,0.01,1.02,0.00,-18.59,-5.77,0.58,16641894
2007188,0.07,1.04,-0.03,-8.24,1.10,0.12,0.01,1.02,0.00,-19.84,-8.03,-0.09,16643152
2007199,0.07,1.05,-0.03,-6.81,0.31,0.40,0.02,1.00,0.01,-13.52,-4.64,2.72,16642439
2007211,0.07,1.06,-0.02,-5.80,0.34,0.27,0.02,0.99,0.02,-6.65,-1.07,3.39,16643554
2007223,0.07,1.06,-0.02,-4.94,0.06,0.09,0.01,1.00,0.02,-5.34,-2.08,1.98,16646029
2007234,0.07,1.05,-0.02,-4.97,-0.43,-0.67,0.01,1.01,0.02,-5.46,-2.08,0.73,16644939
2007246,0.07,1.05,-0.02,-4.85,-0.79,-2.08,0.02,1.01,0.02,-2.78,0.43,-2.69,16640913
2007258,0.07,1.05,-0.02,-4.49,-1.16,-3.97,0.02,1.01,0.02,-0.43,0.98,-5.98,16641487
2007270,0.07,1.05,-0.02,-4.43,-0.49,-6.38,0.02,1.02,0.02,-0.58,0.73,-8.27,16643215
2007281,0.07,1.04,-0.01,-3.81,-0.24,-9.31,0.02,1.02,0.02,-3.45,0.55,-5.22,16642107
2007293,0.06,1.04,-0.01,-3.36,0.00,-10.35,0.01,1.01,0.02,-5.83,-0.06,-0.37,16640038
2007305,0.05,1.04,-0.01,-3.63,0.52,-9.77,0.01,1.01,0.01,-4.46,-1.31,-0.55,16640725
2007317,0.05,1.03,-0.02,-4.09,0.58,-8.33,0.00,1.00,0.01,-2.56,-1.28,0.82,16642054
2007328,0.04,1.02,-0.02,-4.88,0.85,-6.90,0.00,1.00,0.02,-2.59,-0.76,3.08,16641340
2007340,0.04,1.02,-0.02,-5.25,0.89,-4.88,0.00,1.00,0.02,-3.81,-2.01,2.38,16640312
2007352,0.04,1.02,-0.02,-5.22,0.92,-2.66,0.01,1.01,0.02,-4.00,-1.28,1.16,16643962
2007363,0.04,1.02,-0.02,-4.36,0.70,-2.32,0.01,1.01,0.02,-3.97,0.24,-1.25,16643843
2007375,0.04,1.02,-0.01,-2.84,0.79,-2.75,0.02,1.01,0.03,-4.43,0.82,-3.36,16640417
2007387,0.04,1.02,-0.01,-1.92,1.50,-2.81,0.02,1.01,0.03,-5.34,-0.06,-3.45,16641428
2007399,0.04,1.02,-0.01,-1.13,2.20,-2.87,0.02,1.01,0.03,-4.82,0.09,-1.80,16645533
2007410,0.04,1.02,-0.01,-0.34,2.93,-2.69,0.01,1.00,0.03,-5.13,-1.22,1.68,16645321
2007422,0.04,1.02,-0.01,-0.34,2.41,-1.65,0.01,0.99,0.03,-2.62,-2.32,2.72,16643207
2007434,0.04,1.01,-0.01,-0.70,1.50,-0.40,0.00,0.99,0.02,0.79,-2.93,4.61,16643409
2007445,0.04,1.01,-0.01,-0.95,0.89,0.12,0.00,0.99,0.03,1.19,-2.78,4.30,16642423
2007457,0.04,1.01,-0.01,-1.31,0.67,0.00,0.01,1.00,0.03,0.85,-2.66,1.74,16641655
2007469,0.04,1.01,-0.01,-1.77,1.19,-0.43,0.02,1.02,0.03,0.52,-1.10,-1.86,16641551
2007481,0.04,1.01,-0.01,-2.47,1.80,-0.55,0.02,1.02,0.03,-0.27,1.10,-3.94,16638854
2007492,0.04,1.01,-0.01,-3.30,1.89,-0.06,0.02,1.02,0.03,-2.56,0.40,-1.71,16641833
2007504,0.04,1.01,-0.02,-3.39,2.81,-0.27,0.02,1.01,0.03,-3.05,0.61,1.56,16643724
2007516,0.04,1.02,-0.01,-3.20,2.87,-1.01,0.02,1.01,0.03,-0.95,1.22,1.10,16644361
2007528,0.04,1.02,-0.01,-2.87,2.84,-2.08,0.01,1.00,0.03,-0.73,-0.03,2.78,16642568
2007539,0.04,1.03,-0.01,-1.62,2.81,-2.90,0.01,1.00,0.03,0.31,-2.84,2.04,16641814
2007552,0.04,1.03,-0.01,-0.34,2.66,-2.59,0.01,1.00,0.03,2.93,-2.53,-0.21,16643857
2007563,0.04,1.03,-0.01,0.37,2.84,-1.68,0.01,1.01,0.03,1.56,-3.48,-0.49,16644404
2007574,0.04,1.03,-0.01,1.10,2.44,-1.31,0.02,1.01,0.02,-0.12,-2.96,-0.82,16643164
2007586,0.05,1.04,-0.01,1.56,1.98,-1.95,0.02,1.02,0.02,1.13,-2.14,-3.14,16640396
2007598,0.05,1.04,-0.01,2.38,1.37,-3.02,0.02,1.02,0.02,0.09,-1.19,-1.43,16644605
2007610,0.05,1.04,-0.02,3.60,1.28,-3.17,0.02,1.01,0.02,4.18,-0.46,-0.46,16646902
2007621,0.05,1.04,-0.02,5.31,1.28,-3.27,0.01,1.01,0.02,8.97,-1.10,-0.92,16641682
2007633,0.05,1.05,-0.02,6.99,1.62,-2.14,0.01,1.01,0.01,11.41,-3.45,-0.55,16643291
2007645,0.04,1.05,-0.02,9.00,2.44,-1.83,0.01,1.00,0.01,16.42,-3.14,0.18,16647405
2007657,0.04,1.06,-0.02,12.82,3.11,-3.02,0.01,1.00,0.01,22.43,-3.78,-2.62,16648468
2007668,0.04,1.08,-0.01,18.25,3.20,-4.33,0.02,1.01,0.01,27.25,-2.90,-4.00,16643095
2007681,0.05,1.09,-0.01,23.71,3.11,-3.81,0.03,1.00,0.01,34.55,-0.49,-6.44,16645829
2007692,0.05,1.09,-0.01,27.62,2.90,-1.53,0.03,1.00,0.01,44.25,-0.98,-8.94,16647821
2007703,0.04,1.10,-0.02,32.20,2.38,2.56,0.03,0.99,0.01,59.84,-0.21,-7.97,16649768
2007715,0.04,1.10,-0.02,36.65,1.65,4.79,0.03,0.96,0.01,84.53,7.20,-10.53,16648727
2007727,0.05,1.10,-0.02,41.99,0.18,5.10,0.03,0.94,0.01,96.59,9.86,-6.74,16650222
2007739,0.05,1.11,-0.02,48.22,-0.98,3.85,0.02,0.91,-0.00,102.05,6.77,1.95,16651622
2007750,0.06,1.11,-0.03,53.86,-1.95,1.89,0.01,0.90,-0.02,110.90,5.86,5.71,16651674
2007762,0.07,1.11,-0.03,59.69,-3.30,0.64,0.00,0.89,-0.05,135.86,1.37,1.40,16650146
2007774,0.06,1.11,-0.04,64.97,-4.58,2.90,-0.01,0.94,-0.09,136.60,-8.67,-20.20,16648148
2007786,0.06,1.11,-0.05,71.14,-5.40,5.46,-0.01,1.00,-0.14,120.48,-10.01,-32.87,16645416
2007797,0.04,1.11,-0.06,77.30,-5.31,7.66,0.01,1.02,-0.16,126.86,2.56,-22.86,16645735
2007810,0.04,1.10,-0.07,82.67,-4.67,10.93,0.03,1.02,-0.17,113.04,9.43,-23.01,16649305
2007821,0.03,1.08,-0.08,84.99,-3.72,15.59,0.02,0.99,-0.18,114.11,20.23,-8.27,16648494
2007832,0.02,1.06,-0.10,86.27,-2.32,20.66,-0.00,0.95,-0.20,126.83,14.83,-8.94,16648485
2007844,0.02,1.04,-0.11,87.98,0.06,19.07,-0.03,0.92,-0.23,107.33,2.62,1.13,16649211
2007856,0.02,1.02,-0.15,86.30,1.53,21.85,-0.05,0.91,-0.27,80.29,-3.11,29.17,16649128
2007868,0.02,0.99,-0.18,82.70,2.99,21.36,-0.05,0.94,-0.31,58.17,-5.95,29.79,16646067
2007879,0.02,0.95,-0.20,77.27,3.27,24.05,-0.03,0.98,-0.33,53.86,-5.46,12.97,16644025
2007891,0.02,0.92,-0.23,71.93,4.64,23.32,-0.01,0.99,-0.34,43.09,2.47,9.98,16641524
2007903,0.03,0.90,-0.26,65.22,6.68,20.08,0.01,0.99,-0.33,53.16,3.30,2.08,16641330
2007915,0.05,0.88,-0.26,58.87,7.42,18.74,0.02,1.00,-0.34,45.47,6.07,-4.00,16639896
2007926,0.06,0.86,-0.28,52.06,7.66,14.89,0.02,0.98,-0.34,35.64,5.19,-1.65,16640754
2007939,0.08,0.85,-0.29,47.03,8.12,9.03,0.01,0.95,-0.35,41.41,3.14,-1.83,16643413
2007950,0.10,0.85,-0.31,43.40,7.63,1.62,-0.01,0.93,-0.37,45.01,2.14,-2.75,16644037
2007961,0.12,0.85,-0.31,39.58,4.91,-1.86,-0.01,0.94,-0.39,53.01,0.43,-10.77,16646346
2007973,0.12,0.84,-0.32,34.30,1.83,-2.53,-0.01,0.94,-0.40,54.57,2.38,-17.67,16643628
2007985,0.11,0.84,-0.33,31.68,0.31,-1.86,-0.03,0.95,-0.41,39.64,-0.64,-47.94,16640002
2007997,0.11,0.85,-0.34,30.76,-0.34,-2.84,0.00,0.93,-0.40,36.35,9.49,-8.36,16642214
2008008,0.10,0.85,-0.34,29.39,-0.03,-1.74,0.00,0.90,-0.39,27.68,5.07,-3.85,16647022
2008020,0.10,0.86,-0.35,27.44,-0.21,1.80,-0.00,0.89,-0.39,18.74,4.33,2.87,16647341
2008032,0.09,0.85,-0.37,24.20,0.09,4.88,0.00,0.88,-0.39,8.39,8.15,5.49,16646711
2008044,0.09,0.83,-0.39,18.19,0.21,7.72,0.00,0.88,-0.40,3.51,11.17,8.12,16645752
2008055,0.08,0.83,-0.40,12.73,0.58,7.29,-0.00,0.88,-0.42,-0.98,7.08,8.79,16643916
2008067,0.09,0.83,-0.40,10.62,1.77,1.68,-0.02,0.89,-0.44,4.73,-0.12,4.36,16642282
2008079,0.10,0.85,-0.40,9.03,2.41,-3.33,-0.02,0.90,-0.45,11.78,-0.73,-0.95,16643753
2008090,0.11,0.85,-0.40,7.05,3.27,-6.50,-0.02,0.91,-0.45,15.35,-1.25,-4.18,16645172
2008102,0.11,0.85,-0.40,3.42,3.66,-6.56,-0.01,0.91,-0.45,13.58,-0.73,-4.06,16646151
2008114,0.10,0.84,-0.41,1.86,3.48,-4.97,-0.00,0.91,-0.45,10.07,1.43,-3.69,16646186
2008126,0.10,0.84,-0.41,0.40,2.01,-0.76,-0.00,0.90,-0.44,4.36,0.89,-2.66,16646248
2008137,0.10,0.84,-0.41,-1.86,0.43,3.51,0.00,0.90,-0.44,-0.15,1.59,-1.68,16646336
2008150,0.10,0.84,-0.41,-4.03,-0.24,4.82,0.00,0.89,-0.44,-3.91,2.17,-1.28,16646281
2008161,0.11,0.84,-0.41,-6.32,0.40,3.02,-0.00,0.88,-0.44,0.79,0.73,-2.32,16644152
2008173,0.11,0.85,-0.41,-7.84,1.13,-0.89,-0.01,0.87,-0.44,4.88,0.67,-1.43,16642757
2008184,0.11,0.86,-0.41,-9.00,2.11,-4.03,-0.01,0.86,-0.45,7.39,1.04,-1.10,16644248
2008196,0.11,0.87,-0.40,-10.31,2.29,-5.19,-0.01,0.87,-0.45,3.97,1.56,-0.70,16643887
2008208,0.10,0.87,-0.41,-12.12,2.53,-4.88,-0.01,0.88,-0.45,0.76,1.25,-0.49,16643455
2008219,0.10,0.88,-0.40,-13.06,2.20,-3.85,-0.00,0.88,-0.45,-1.98,-0.15,-2.26,16643899
2008231,0.10,0.88,-0.40,-13.09,1.56,-2.81,-0.00,0.89,-0.45,-6.90,-0.37,-2.29,16645051
2008243,0.10,0.90,-0.39,-11.63,0.82,-3.30,-0.00,0.89,-0.45,-6.99,-0.34,-2.53,16645916
2008255,0.10,0.91,-0.38,-9.83,0.09,-3.30,-0.00,0.88,-0.45,1.46,2.08,-3.42,16645428
2008266,0.10,0.92,-0.38,-8.18,-0.03,-2.62,-0.01,0.87,-0.45,3.27,2.17,-1.22,16642463
2008279,0.10,0.92,-0.38,-7.81,-0.09,-3.14,-0.01,0.86,-0.45,1.92,1.25,0.55,16642328
2008290,0.10,0.92,-0.38,-8.42,0.58,-3.05,-0.02,0.86,-0.45,-3.14,-0.55,3.81,16641444
2008302,0.09,0.91,-0.38,-10.25,1.98,-3.08,-0.02,0.86,-0.45,-6.01,-0.49,4.43,16638778
2008313,0.09,0.90,-0.39,-12.15,2.56,-3.97,-0.02,0.87,-0.45,-7.54,-0.67,2.11,16642339
2008325,0.08,0.89,-0.39,-14.04,2.62,-3.08,-0.01,0.89,-0.46,-14.07,-2.08,-1.10,16643899
2008337,0.08,0.89,-0.39,-16.51,2.47,-2.08,-0.01,0.90,-0.45,-22.55,-2.35,-0.61,16644296
2008348,0.09,0.87,-0.39,-20.51,2.69,-1.31,-0.00,0.88,-0.43,-29.88,-2.78,0.15,16641056
2008360,0.09,0.86,-0.39,-24.87,2.62,-1.01,-0.00,0.87,-0.43,-38.76,-2.01,7.69,16637271
2008372,0.09,0.86,-0.39,-29.39,2.72,-1.53,-0.00,0.87,-0.42,-42.54,-2.41,11.41,16637088
2008384,0.09,0.85,-0.39,-34.85,3.66,-2.75,-0.00,0.88,-0.42,-42.66,-2.96,10.50,16636749
2008395,0.08,0.83,-0.39,-41.63,5.16,-6.10,-0.00,0.89,-0.42,-47.45,-4.88,11.11,16633933
2008408,0.08,0.82,-0.39,-49.41,6.56,-9.58,-0.00,0.90,-0.42,-60.30,-6.62,11.54,16633255
2008419,0.08,0.80,-0.39,-58.65,8.36,-12.36,-0.00,0.92,-0.42,-80.44,-11.44,13.85,16632110
2008431,0.08,0.79,-0.38,-66.62,9.06,-14.43,0.01,0.92,-0.40,-109.86,-4.88,19.41,16628487
2008442,0.09,0.78,-0.37,-74.83,9.03,-15.29,0.01,0.93,-0.38,-122.74,-3.51,16.66,16628441
2008454,0.08,0.77,-0.36,-83.80,9.46,-15.41,0.02,0.93,-0.37,-133.58,-2.11,18.49,16631188
2008466,0.08,0.77,-0.34,-92.71,9.98,-14.28,0.01,0.93,-0.36,-135.22,-2.99,21.76,16633098
2008477,0.08,0.78,-0.32,-99.98,10.96,-17.15,0.00,0.93,-0.34,-125.52,-8.61,21.03,16633416
2008489,0.08,0.80,-0.29,-105.90,12.27,-20.51,-0.01,0.94,-0.34,-114.69,-15.69,20.32,16633000
2008501,0.08,0.81,-0.26,-108.67,13.49,-23.83,-0.01,0.96,-0.32,-110.96,-22.49,19.68,16631417
2008513,0.08,0.83,-0.23,-110.93,13.52,-25.85,-0.01,0.97,-0.30,-112.03,-25.33,23.28,16632780
2008524,0.08,0.85,-0.20,-110.57,12.70,-28.17,-0.00,0.98,-0.28,-109.53,-27.25,22.80,16634784
2008537,0.08,0.87,-0.17,-110.32,10.74,-28.38,0.02,0.99,-0.25,-95.37,-17.49,22.92,16633839
2008548,0.09,0.90,-0.14,-106.72,7.35,-26.70,0.04,0.97,-0.21,-70.47,-9.37,26.12,16634514
2008559,0.08,0.93,-0.12,-102.14,3.81,-22.55,0.04,0.97,-0.18,-80.81,-5.46,24.48,16636738
2008571,0.07,0.97,-0.09,-96.28,-0.27,-16.08,0.04,0.96,-0.16,-79.99,2.47,33.02,16642078
2008583,0.07,1.00,-0.07,-90.06,-4.06,-12.02,0.04,0.96,-0.16,-59.17,2.17,29.60,16641455
2008595,0.06,1.03,-0.04,-83.01,-6.50,-8.61,0.04,0.97,-0.15,-47.67,-1.46,20.17,16641188
2008606,0.06,1.06,-0.02,-76.32,-8.24,-6.20,0.05,1.01,-0.13,-58.93,-5.55,18.34,16640813
2008619,0.06,1.07,-0.00,-69.76,-7.54,-5.58,0.06,1.04,-0.12,-68.18,-9.19,15.56,16640506
2008630,0.05,1.08,0.01,-64.85,-7.54,-3.72,0.07,1.04,-0.10,-71.78,-10.10,17.79,16640562
2008642,0.04,1.09,0.02,-61.10,-6.41,-2.56,0.08,1.02,-0.08,-64.15,-5.04,18.43,16640650
2008653,0.03,1.08,0.02,-59.36,-5.34,0.52,0.10,1.02,-0.06,-65.61,0.61,20.54,16642540
2008666,0.02,1.07,0.02,-59.30,-4.24,3.91,0.10,1.02,-0.04,-66.31,5.25,19.23,16642213
2008677,0.02,1.07,0.03,-58.99,-3.54,4.49,0.09,1.03,-0.04,-74.19,0.61,19.99,16638740
2008688,0.03,1.09,0.04,-57.25,-2.75,2.23,0.08,1.00,-0.03,-66.13,-4.27,15.56,16638913
2008700,0.03,1.11,0.06,-52.76,-0.79,-3.51,0.08,0.99,-0.02,-48.40,-1.89,8.51,16642036
2008712,0.04,1.13,0.09,-46.36,0.24,-10.86,0.09,1.00,0.00,-41.53,0.06,3.23,16643406
2008724,0.05,1.15,0.11,-39.22,0.27,-16.66,0.10,1.00,0.01,-35.22,0.85,-2.01,16645999
2008735,0.06,1.17,0.12,-32.68,0.27,-20.57,0.10,1.00,0.02,-34.42,2.26,-1.50,16646363
2008748,0.05,1.17,0.12,-28.14,-0.21,-22.25,0.10,1.00,0.03,-39.06,-0.67,-0.09,16647838
2008759,0.04,1.16,0.12,-25.27,-0.52,-19.90,0.10,0.98,0.04,-39.95,-1.22,6.16,16648740
2008771,0.02,1.16,0.12,-21.97,-0.06,-17.36,0.10,0.97,0.05,-40.25,-0.46,9.70,16645056
2008782,0.01,1.17,0.13,-17.12,1.16,-16.08,0.09,0.96,0.06,-39.37,0.24,15.90,16644883
2008795,-0.00,1.17,0.14,-11.17,2.69,-14.01,0.09,0.95,0.06,-28.56,2.32,12.48,16642519
2008806,-0.01,1.16,0.15,-4.94,4.00,-10.89,0.09,0.98,0.07,-27.37,0.46,7.48,16644327
2008817,-0.01,1.15,0.15,0.58,5.19,-7.75,0.10,1.02,0.07,-26.64,0.24,-0.40,16647013
2008829,-0.01,1.14,0.15,4.00,4.79,-4.79,0.11,1.04,0.08,-21.00,1.07,-9.37,16645069
2008841,-0.01,1.11,0.14,6.23,4.39,-1.13,0.11,1.05,0.08,-22.80,0.98,-10.38,16642836
2008853,-0.02,1.09,0.13,7.26,4.00,2.32,0.11,1.03,0.09,-21.55,0.34,-8.30,16642460
2008864,-0.02,1.07,0.12,7.39,3.91,4.94,0.10,1.01,0.09,-12.79,-0.03,-8.09,16644780
2008877,-0.01,1.05,0.12,8.15,4.03,5.86,0.10,0.99,0.09,-10.04,-0.06,-4.67,16646792
2008888,-0.01,1.04,0.12,7.54,4.73,4.79,0.10,0.97,0.10,-12.54,0.40,3.45,16646016
2008900,-0.00,1.02,0.11,6.68,5.28,3.02,0.10,0.98,0.10,-16.66,-2.26,5.65,16642256
2008911,0.01,1.01,0.11,5.37,5.22,0.98,0.11,1.02,0.11,-17.97,-2.56,-2.72,16639959
2008923,0.01,1.00,0.11,4.36,5.07,-0.85,0.12,1.04,0.11,-24.26,-0.18,-4.79,16641445
2008935,0.01,0.99,0.10,2.84,4.79,-1.59,0.12,1.03,0.12,-21.88,0.82,-4.18,16643810
2008946,0.01,0.99,0.10,0.52,4.27,-0.89,0.12,1.01,0.13,-16.78,1.89,-1.83,16642685
2008958,0.01,0.99,0.09,-0.34,4.43,-1.34,0.11,1.01,0.13,-13.82,1.62,-4.00,16640434
2008970,0.01,0.99,0.09,-0.92,4.46,-2.14,0.11,1.01,0.13,-11.99,0.79,-6.16,16643153
2008982,0.02,0.99,0.09,-1.28,4.15,-2.29,0.11,0.99,0.14,-5.86,3.60,-3.94,16643337
2008993,0.02,1.00,0.09,-1.92,4.06,-2.14,0.10,0.97,0.14,2.20,3.14,-3.97,16641624
2009006,0.01,1.00,0.09,-2.72,4.18,-0.55,0.09,0.96,0.14,-0.46,-1.34,0.95,16642068
2009017,0.01,1.00,0.09,-2.72,3.94,0.37,0.10,0.97,0.14,-1.40,-0.34,-1.28,16644450
2009029,0.01,1.01,0.09,-2.84,3.91,1.59,0.12,1.00,0.15,-5.40,3.42,-4.94,16644305
2009040,0.02,1.02,0.09,-2.35,4.12,1.77,0.12,1.02,0.16,-9.58,4.94,-7.17,16645892
2009052,0.02,1.02,0.09,-2.01,4.15,1.43,0.12,1.02,0.16,-8.21,5.83,-8.64,16646424
2009064,0.02,1.02,0.09,-1.71,4.03,0.85,0.11,1.01,0.15,-6.59,5.04,-6.47,16644542
2009075,0.02,1.03,0.09,-1.68,3.72,-0.40,0.10,1.00,0.15,-7.02,2.90,-3.33,16642628
2009088,0.03,1.03,0.09,-2.04,3.30,-1.01,0.09,1.00,0.15,-2.53,1.16,-3.30,16643066
2009099,0.03,1.03,0.08,-1.77,2.75,-2.35,0.08,0.99,0.14,-0.58,-1.56,-0.58,16643264
2009111,0.03,1.03,0.08,-1.77,2.08,-2.81,0.08,0.98,0.14,1.50,-1.74,-1.04,16642974
2009122,0.03,1.03,0.09,-1.50,1.59,-3.11,0.09,0.99,0.15,2.32,0.06,-2.29,16640776
2009135,0.03,1.03,0.09,-1.86,1.34,-3.08,0.10,1.00,0.15,0.31,2.14,-3.97,16641600
2009146,0.03,1.03,0.09,-1.28,1.37,-2.90,0.11,1.00,0.15,-3.08,1.74,-2.75,16643171
2009157,0.02,1.03,0.09,-0.89,1.22,-2.47,0.11,1.00,0.16,-3.60,2.99,-3.78,16646655
2009169,0.02,1.03,0.09,-0.55,0.82,-1.98,0.11,1.01,0.15,-3.81,3.81,-3.45,16651078
2009181,0.02,1.04,0.09,0.03,0.79,-1.86,0.10,1.00,0.15,-3.51,3.36,-2.56,16648667
2009193,0.02,1.04,0.09,0.85,1.04,-1.71,0.09,1.00,0.15,-3.85,0.06,-0.37,16643507
2009204,0.01,1.03,0.09,1.46,1.31,-1.92,0.08,0.99,0.14,-3.66,-1.62,1.62,16644268
2009217,0.01,1.03,0.09,1.68,2.17,-2.26,0.08,1.00,0.14,-2.47,-2.32,1.53,16644439
2009228,0.01,1.02,0.09,1.43,3.14,-1.37,0.09,1.00,0.15,-2.38,-1.71,0.79,16643065
2009240,0.01,1.02,0.09,0.76,3.14,-0.03,0.10,1.01,0.16,-1.16,1.25,-3.33,16646045
2009251,0.01,1.02,0.09,0.31,2.93,0.40,0.10,1.01,0.16,2.08,3.42,-7.14,16648075
2009264,0.01,1.01,0.09,0.24,2.41,0.52,0.10,1.01,0.16,0.85,1.83,-6.90,16646762
2009275,0.01,1.01,0.09,0.00,2.23,-0.18,0.10,1.00,0.15,1.04,2.20,-4.52,16644762
2009286,0.01,1.02,0.09,0.12,1.83,-0.40,0.10,0.98,0.15,-3.30,1.31,3.39,16642417
2009298,0.01,1.02,0.09,0.00,1.86,-0.52,0.09,0.98,0.15,-1.28,-1.16,2.17,16644050
2009310,0.01,1.01,0.09,-0.58,1.95,0.12,0.09,0.99,0.15,0.79,-0.64,1.95,16645042
2009322,0.01,1.01,0.09,-0.79,2.38,0.49,0.09,1.00,0.15,0.61,-1.46,-0.70,16643419
2009333,0.01,1.01,0.08,-1.43,2.75,0.09,0.09,1.02,0.15,-3.14,-2.08,-1.95,16643848
2009346,0.01,1.01,0.09,-1.68,3.14,-0.37,0.10,1.01,0.15,-2.50,1.40,-0.34,16641895
2009357,0.01,1.02,0.08,-1.77,3.54,-0.64,0.09,1.02,0.15,-1.07,-0.12,-3.08,16640417
2009369,0.01,1.02,0.08,-1.98,3.30,-0.76,0.09,1.02,0.15,-1.71,-0.58,-4.43,16640391
2009380,0.01,1.02,0.08,-2.08,3.30,-1.43,0.10,1.01,0.16,2.20,2.38,-4.39,16641908
2009393,0.01,1.02,0.08,-2.35,2.93,-0.89,0.10,1.00,0.16,0.85,1.13,-2.04,16643255
2009404,0.02,1.02,0.08,-2.04,2.29,-0.31,0.10,1.00,0.16,-0.40,0.67,0.12,16643883
2009415,0.02,1.02,0.08,-1.77,2.20,-0.12,0.10,1.00,0.16,0.43,1.37,-1.25,16645002
2009427,0.02,1.03,0.08,-0.27,1.92,-0.46,0.10,1.00,0.15,-1.74,0.40,-0.89,16644155
2009439,0.02,1.03,0.09,0.79,1.46,-0.55,0.09,1.00,0.15,-0.09,0.82,-1.13,16643309
2009451,0.02,1.04,0.09,1.83,1.59,0.18,0.09,1.00,0.15,0.06,0.37,-1.92,16642505
2009462,0.02,1.04,0.09,2.26,2.14,1.83,0.10,1.01,0.15,-2.38,0.98,-1.13,16644638
2009475,0.01,1.04,0.08,2.62,2.56,1.53,0.10,1.01,0.15,-2.17,1.92,-0.79,16643107
2009486,0.01,1.03,0.09,2.90,3.05,1.13,0.09,1.01,0.15,-1.10,0.85,-2.44,16643064
2009498,0.01,1.03,0.08,2.29,3.75,0.64,0.09,1.02,0.15,-1.56,0.49,-3.17,16644327
2009509,0.01,1.03,0.08,1.19,4.33,-0.40,0.09,1.01,0.15,-1.40,1.95,-0.95,16642821
2009521,0.00,1.01,0.08,-0.79,5.98,0.00,0.09,1.00,0.15,-1.86,1.22,0.49,16641480
2009533,-0.01,1.00,0.08,-3.97,8.09,0.73,0.08,1.00,0.15,-0.43,-0.70,-1.71,16641438
2009544,-0.02,0.99,0.08,-4.67,9.55,0.67,0.09,1.00,0.15,1.22,0.34,-2.53,16645228
2009556,-0.01,1.01,0.09,-4.21,9.25,-0.15,0.09,1.01,0.15,0.06,0.95,-3.57,16644768
2009568,-0.00,1.01,0.09,-2.96,8.51,-0.73,0.09,1.01,0.15,-0.34,2.14,-5.52,16643643
2009580,0.01,1.02,0.09,-2.08,7.20,-0.43,0.09,1.01,0.15,0.27,2.20,-3.78,16642670
2009591,0.02,1.03,0.08,-1.98,5.22,0.37,0.09,1.01,0.15,-0.64,0.31,-3.08,16643201
2009604,0.03,1.03,0.08,-0.85,2.81,1.01,0.08,1.00,0.15,-3.27,-0.24,0.12,16644177
2009615,0.04,1.03,0.07,0.15,1.56,0.92,0.09,1.00,0.15,-0.89,1.53,-0.79,16645936
2009627,0.05,1.03,0.07,0.95,0.43,-0.09,0.09,1.00,0.15,-0.95,0.89,-0.34,16645983
2009638,0.05,1.03,0.07,1.22,0.85,-1.62,0.09,1.00,0.15,1.31,0.58,-2.41,16644835
2009650,0.05,1.03,0.07,1.16,0.95,-2.87,0.09,1.00,0.15,0.21,-0.79,-1.13,16647310
2009662,0.05,1.03,0.06,0.61,1.16,-2.84,0.09,1.00,0.15,-1.92,0.31,0.37,16645085
2009673,0.04,1.03,0.06,0.00,1.13,-2.14,0.10,1.01,0.15,-1.50,2.93,-2.59,16644836
2009686,0.03,1.03,0.06,-0.27,1.62,-1.16,0.09,1.01,0.15,-0.43,2.35,-4.27,16643067
2009697,0.03,1.03,0.06,-0.98,1.95,0.52,0.09,1.02,0.15,-0.34,1.86,-5.46,16643134
