time,faccx,faccy,faccz,fgyrx,fgyry,fgyrz,saccx,saccy,saccz,sgyrx,sgyry,sgyrz,load
662526,0.05,1.02,0.09,-2.66,3.69,-1.50,-0.03,1.00,0.01,-1.01,1.13,-1.07,16631351
662537,0.06,1.02,0.09,-1.83,2.29,-1.65,-0.03,1.00,0.01,-0.03,0.92,-0.40,16632071
662547,0.06,1.02,0.09,-2.99,1.86,-1.37,-0.03,1.00,0.01,0.24,0.61,-0.09,16632281
662557,0.05,1.02,0.08,-4.24,2.23,-1.04,-0.03,1.00,0.01,0.24,0.15,0.24,16632907
662568,0.05,1.02,0.09,-4.46,1.89,-1.22,-0.03,1.00,0.01,0.46,0.03,-0.15,16633556
662580,0.06,1.02,0.09,-4.21,1.46,-1.07,-0.03,1.01,0.01,0.64,-0.09,0.52,16632452
662591,0.06,1.02,0.09,-3.57,0.82,-1.25,-0.03,1.01,0.01,-0.55,0.58,0.55,16633525
662603,0.06,1.03,0.09,-2.59,0.70,-0.98,-0.02,1.01,0.01,-0.85,0.31,0.00,16635711
662615,0.06,1.03,0.10,-1.65,0.89,-1.01,-0.02,1.01,0.01,-1.34,0.31,0.00,16633861
662627,0.05,1.03,0.10,-1.89,1.46,-1.10,-0.02,1.01,0.00,-1.16,0.46,-0.89,16631718
662638,0.05,1.02,0.10,-2.41,1.83,-0.92,-0.02,1.01,0.00,-0.95,-0.31,-0.98,16631179
662650,0.05,1.02,0.09,-2.38,1.92,-1.34,-0.02,1.01,0.00,-1.50,-0.61,-1.59,16629631
662662,0.05,1.02,0.09,-2.35,2.08,-1.43,-0.02,1.01,0.00,-1.37,-0.61,-2.14,16631015
662674,0.05,1.02,0.09,-2.56,1.98,-1.25,-0.02,1.01,-0.00,-1.62,0.06,-1.01,16633265
662685,0.05,1.02,0.09,-2.47,1.59,-1.28,-0.02,1.01,-0.00,-1.22,1.16,-0.37,16632431
662696,0.06,1.02,0.09,-2.72,1.10,-1.34,-0.01,1.01,-0.00,-1.04,1.50,0.73,16631991
662709,0.06,1.02,0.09,-2.32,0.85,-1.25,-0.02,1.01,-0.00,-2.01,1.01,-0.73,16633166
662720,0.05,1.02,0.09,-2.81,0.79,-1.31,-0.02,1.01,-0.00,-1.86,0.64,-1.53,16632570
662732,0.05,1.02,0.09,-3.72,0.92,-1.07,-0.03,1.01,0.00,-2.11,0.12,-2.14,16630785
662744,0.05,1.02,0.09,-3.78,0.18,-1.07,-0.03,1.00,0.01,-0.95,-0.43,-1.13,16630907
662756,0.06,1.02,0.09,-2.99,-0.21,-1.10,-0.03,1.00,0.01,-0.76,-0.64,0.12,16634635
662767,0.06,1.03,0.10,-1.95,-0.43,-1.43,-0.02,1.00,0.01,-0.24,0.12,-0.03,16634385
662779,0.06,1.03,0.10,-2.14,-0.52,-1.40,-0.02,1.00,0.01,0.34,0.31,0.06,16635328
662791,0.06,1.02,0.10,-3.02,0.21,-1.34,-0.01,1.00,0.01,0.43,0.85,-0.31,16634506
662803,0.05,1.02,0.10,-2.96,1.13,-1.37,-0.01,1.00,0.01,-0.43,0.82,-0.70,16632796
662814,0.05,1.02,0.10,-2.90,0.92,-1.62,-0.02,1.01,0.01,-1.80,0.67,-2.04,16630536
662825,0.05,1.03,0.10,-1.98,1.40,-1.56,-0.02,1.01,0.00,-1.77,0.24,-3.27,16630132
662838,0.05,1.03,0.10,-2.23,1.77,-1.37,-0.02,1.00,0.01,-0.89,0.76,-2.11,16632323
662849,0.05,1.02,0.10,-3.33,1.74,-1.25,-0.02,1.00,0.01,-0.24,0.40,-0.95,16634496
662861,0.05,1.02,0.09,-3.88,2.26,-1.34,-0.02,1.00,0.01,0.73,0.85,-0.27,16634728
662873,0.05,1.02,0.10,-2.87,2.08,-1.13,-0.02,1.00,0.00,1.34,0.76,1.10,16635157
662885,0.05,1.03,0.10,-1.68,2.11,-1.13,-0.02,1.01,-0.00,0.52,1.16,0.21,16636458
662896,0.05,1.03,0.10,-1.50,2.11,-1.31,-0.02,1.02,-0.00,-0.64,0.89,-0.61,16639464
662908,0.05,1.02,0.10,-2.56,2.04,-1.19,-0.02,1.02,-0.00,-2.14,0.49,-2.29,16636415
662920,0.05,1.02,0.09,-2.90,2.20,-1.31,-0.02,1.02,-0.00,-2.08,0.34,-2.59,16633860
662931,0.05,1.02,0.10,-2.59,2.08,-1.34,-0.02,1.02,-0.00,-2.17,0.89,-1.34,16635027
662943,0.05,1.03,0.10,-1.80,2.20,-1.13,-0.02,1.01,-0.00,-1.46,1.10,0.40,16633852
662955,0.05,1.03,0.10,-2.26,2.11,-1.43,-0.02,1.01,-0.00,-0.95,1.68,0.40,16633619
662967,0.05,1.02,0.09,-3.20,2.08,-1.25,-0.03,1.02,-0.00,-1.13,1.43,0.40,16633802
662978,0.05,1.02,0.10,-3.42,2.32,-1.04,-0.03,1.02,-0.00,-2.04,0.79,-1.56,16634190
662990,0.05,1.03,0.10,-2.14,2.20,-1.40,-0.03,1.02,0.00,-2.29,0.27,-1.95,16633193
663002,0.05,1.03,0.10,-1.86,2.11,-1.19,-0.03,1.01,0.01,-1.46,0.27,-0.31,16634392
663014,0.05,1.02,0.10,-2.72,2.20,-1.01,-0.03,1.01,0.01,-1.53,0.40,0.76,16635444
663025,0.05,1.02,0.09,-3.02,2.11,-1.16,-0.03,1.01,0.01,-1.43,-0.09,0.58,16633628
663037,0.05,1.02,0.10,-2.53,2.11,-1.19,-0.02,1.01,0.01,-2.20,0.06,-2.04,16632510
663049,0.05,1.03,0.10,-1.89,1.98,-1.22,-0.02,1.02,0.01,-2.78,-0.46,-1.04,16633810
663060,0.05,1.02,0.10,-2.08,1.92,-1.07,-0.02,1.01,0.01,-3.48,0.73,-0.89,16634218
663072,0.06,1.02,0.10,-2.41,2.04,-1.19,-0.02,1.00,0.01,-2.81,0.34,-0.61,16635277
663084,0.06,1.02,0.10,-2.56,1.98,-1.37,-0.02,0.99,0.01,-1.92,0.52,-0.12,16635742
663096,0.06,1.02,0.10,-2.38,2.11,-1.46,-0.02,0.99,0.00,-0.34,0.82,0.18,16635052
663107,0.06,1.02,0.10,-2.59,2.17,-1.62,-0.02,0.99,0.00,0.06,0.85,0.37,16632745
663119,0.06,1.02,0.09,-2.78,2.04,-1.34,-0.02,1.00,0.00,-0.55,0.55,-0.85,16634738
663131,0.06,1.02,0.09,-2.47,1.95,-1.43,-0.02,1.01,0.00,-0.95,0.03,-1.77,16635620
663143,0.05,1.02,0.10,-1.98,2.11,-1.68,-0.02,1.01,0.01,-1.86,0.49,-2.11,16634633
663154,0.05,1.02,0.10,-1.95,2.20,-1.46,-0.02,1.00,0.01,-1.28,0.61,-0.89,16635680
663165,0.05,1.02,0.10,-2.01,1.95,-1.10,-0.01,1.00,0.01,-0.40,1.22,0.98,16635097
663178,0.05,1.02,0.10,-2.14,2.26,-1.04,-0.01,1.00,0.01,-0.46,0.79,0.18,16635564
663189,0.05,1.02,0.10,-2.26,1.92,-1.01,-0.02,1.01,0.01,-1.37,0.43,-0.76,16636214
663201,0.05,1.02,0.10,-2.41,2.11,-1.34,-0.02,1.01,0.00,-1.40,0.15,-1.53,16634606
663213,0.05,1.02,0.10,-2.20,1.89,-1.19,-0.02,1.01,0.00,-1.19,0.43,-2.04,16633685
663225,0.05,1.02,0.10,-2.29,2.08,-1.13,-0.02,1.01,-0.00,-2.50,0.43,-0.82,16633099
663236,0.05,1.02,0.10,-2.50,1.98,-1.13,-0.02,1.01,-0.00,-2.87,0.95,-0.46,16632818
663248,0.05,1.02,0.10,-2.56,2.29,-1.28,-0.02,1.01,-0.00,-1.92,1.43,-1.50,16632929
663260,0.05,1.02,0.10,-2.35,2.08,-1.43,-0.02,1.00,0.00,-1.07,2.04,0.34,16634960
663272,0.05,1.02,0.10,-2.04,1.92,-1.25,-0.02,1.00,0.01,-0.27,2.04,1.43,16636405
663283,0.05,1.02,0.10,-2.08,2.01,-1.19,-0.02,1.01,0.01,-0.34,1.56,1.07,16637541
663294,0.05,1.02,0.10,-2.26,2.01,-1.40,-0.02,1.02,0.01,-2.08,0.92,0.15,16636895
663307,0.05,1.02,0.09,-2.26,2.23,-1.13,-0.03,1.02,0.01,-2.78,0.03,-1.28,16635625
663318,0.05,1.02,0.09,-2.38,1.98,-1.16,-0.03,1.02,0.01,-2.99,-0.09,-1.43,16637404
663330,0.05,1.02,0.09,-2.41,1.98,-1.16,-0.03,1.01,0.01,-2.32,0.24,-1.25,16635297
663342,0.05,1.02,0.10,-2.20,2.20,-1.16,-0.03,1.00,0.01,-1.07,0.15,0.06,16631485
663354,0.05,1.02,0.10,-2.20,2.08,-1.28,-0.02,1.00,0.01,-0.64,0.06,1.04,16634414
663365,0.05,1.02,0.10,-2.29,1.98,-1.28,-0.02,1.00,0.01,-0.64,0.06,0.18,16634227
663377,0.05,1.02,0.10,-2.29,2.20,-1.01,-0.02,1.00,0.01,-0.61,0.52,-0.34,16634047
663389,0.05,1.02,0.10,-2.11,2.11,-1.25,-0.01,1.00,0.01,-0.31,0.70,0.40,16634094
663400,0.05,1.02,0.10,-2.04,2.23,-0.85,-0.01,1.00,0.01,-0.12,0.95,1.13,16635814
663412,0.05,1.02,0.10,-2.14,1.98,-0.92,-0.01,1.00,0.01,-1.25,0.27,-0.12,16636737
663424,0.05,1.02,0.10,-2.41,2.14,-1.01,-0.01,1.01,0.01,-1.43,0.03,-1.16,16635661
663436,0.06,1.02,0.10,-2.44,1.98,-1.31,-0.01,1.01,0.01,-1.95,-0.15,-2.72,16636575
663447,0.06,1.02,0.10,-2.26,1.95,-1.19,-0.01,1.01,0.00,-1.43,0.64,-1.37,16635365
663459,0.06,1.02,0.10,-2.29,2.14,-1.37,-0.01,1.01,0.00,-1.50,1.71,-0.09,16632242
663471,0.06,1.02,0.10,-2.29,1.98,-1.43,-0.01,1.00,0.00,-1.13,1.71,1.46,16632992
663483,0.06,1.02,0.10,-2.20,2.04,-1.37,-0.01,1.01,0.00,-2.38,0.82,-1.77,16634889
663494,0.06,1.02,0.10,-2.50,1.89,-1.56,-0.02,1.01,0.00,-2.81,-0.15,-3.33,16632726
663506,0.06,1.02,0.10,-2.50,2.08,-1.46,-0.02,1.01,0.01,-3.02,-0.27,-4.09,16632407
663518,0.05,1.02,0.10,-2.53,1.83,-1.13,-0.01,1.00,0.01,-1.19,0.76,-1.86,16632996
663529,0.05,1.02,0.10,-2.23,2.11,-1.19,-0.01,0.99,0.01,1.34,1.92,2.01,16632622
663541,0.05,1.02,0.10,-2.11,1.98,-1.56,-0.01,0.99,0.01,0.92,1.28,0.98,16631870
663553,0.05,1.02,0.10,-1.98,1.98,-1.10,-0.02,1.00,0.01,-0.27,0.27,-1.89,16631070
663565,0.05,1.02,0.10,-2.17,1.98,-1.10,-0.02,1.01,0.01,-1.34,0.15,-2.01,16633437
663576,0.05,1.02,0.10,-2.26,2.17,-1.01,-0.02,1.01,0.01,-1.25,0.89,-1.46,16637189
663588,0.05,1.02,0.10,-2.78,2.04,-1.01,-0.02,1.01,0.01,-1.19,0.95,0.21,16636256
663600,0.05,1.02,0.09,-2.44,1.92,-1.19,-0.03,1.01,0.01,-1.22,0.73,0.06,16635889
663612,0.05,1.02,0.10,-2.47,1.92,-1.13,-0.03,1.02,0.01,-2.32,-0.34,-1.56,16634434
663623,0.05,1.02,0.10,-2.26,2.14,-1.28,-0.03,1.01,0.01,-2.14,-0.49,-2.62,16635137
663634,0.05,1.02,0.10,-2.47,2.20,-1.13,-0.03,1.01,0.01,-1.16,-0.34,-1.25,16635878
663647,0.05,1.02,0.10,-2.35,2.01,-1.01,-0.02,1.00,0.01,0.43,1.10,1.16,16634342
663658,0.05,1.02,0.10,-2.32,2.04,-1.25,-0.01,1.00,0.01,0.58,1.10,1.50,16633907
663670,0.05,1.02,0.10,-1.86,2.14,-1.50,-0.01,1.00,0.01,-1.56,0.49,-1.37,16632371
663682,0.05,1.02,0.10,-1.95,1.89,-1.16,-0.01,1.01,0.01,-2.29,0.09,-1.74,16633493
663694,0.05,1.02,0.10,-2.53,2.17,-0.85,-0.01,1.02,0.01,-3.23,0.67,-2.90,16632748
663705,0.05,1.02,0.10,-2.62,2.01,-1.37,-0.00,1.01,0.01,-2.69,1.40,-0.76,16635555
663717,0.05,1.02,0.10,-2.41,2.26,-0.89,-0.00,1.00,0.01,-3.88,1.10,0.09,16636838
663729,0.05,1.02,0.10,-2.11,1.95,-1.19,-0.00,1.00,0.01,-5.80,-0.31,-0.21,16636276
663741,0.05,1.02,0.10,-2.01,2.38,-1.25,-0.01,1.00,0.01,-4.30,0.21,-2.99,16633240
663752,0.05,1.02,0.10,-2.11,2.29,-0.73,-0.01,1.01,0.01,-4.97,0.21,-1.83,16634130
663763,0.05,1.02,0.10,-2.66,2.20,-0.85,-0.01,1.02,0.01,-7.32,-0.24,-1.07,16635994
663776,0.05,1.02,0.10,-2.32,1.98,-1.07,-0.02,1.02,0.01,-10.99,-0.61,-3.91,16637565
663787,0.05,1.02,0.10,-2.41,2.20,-1.07,-0.02,1.04,0.02,-20.54,-5.58,-1.62,16637098
663799,0.06,1.02,0.10,-1.95,2.26,-1.34,-0.03,1.04,0.02,-22.67,-6.38,-3.78,16634122
663811,0.06,1.02,0.09,-2.11,2.29,-1.16,-0.03,1.03,0.02,-23.22,-5.89,-3.69,16634643
663823,0.05,1.02,0.09,-2.26,2.20,-1.19,-0.02,1.04,0.02,-28.08,-6.20,-5.19,16635202
663834,0.05,1.02,0.09,-2.29,2.17,-1.13,-0.03,1.04,0.02,-27.83,-3.69,-8.97,16633333
663846,0.05,1.02,0.10,-2.14,2.41,-1.16,-0.03,1.05,0.03,-36.59,-4.33,-10.99,16632851
663858,0.05,1.02,0.10,-1.80,2.14,-0.92,-0.04,1.04,0.05,-41.60,-11.17,-10.19,16633259
663870,0.05,1.03,0.10,-1.92,1.83,-1.01,-0.05,1.03,0.05,-43.00,-12.63,-11.08,16633403
663881,0.05,1.02,0.10,-1.80,1.50,-1.01,-0.05,1.02,0.05,-44.22,-9.19,-11.66,16631717
663892,0.06,1.02,0.09,-2.20,1.62,-1.22,-0.03,1.01,0.05,-48.71,-6.41,-5.07,16631997
663905,0.07,1.02,0.09,-2.78,1.56,-1.59,-0.03,1.00,0.06,-54.57,-3.91,-3.85,16632177
663916,0.07,1.02,0.09,-2.59,2.01,-1.80,-0.02,1.01,0.06,-63.29,-7.78,-1.92,16632284
663928,0.07,1.02,0.09,-2.26,2.32,-1.92,-0.01,1.02,0.07,-71.47,-2.35,4.33,16631949
663940,0.06,1.02,0.10,-2.20,2.66,-1.53,-0.01,1.03,0.07,-77.45,-1.68,9.89,16637306
663952,0.05,1.02,0.10,-2.11,2.32,-1.40,-0.01,1.02,0.08,-76.05,-0.27,8.85,16636342
663963,0.04,1.02,0.10,-1.92,2.11,-0.98,-0.02,1.02,0.10,-76.11,-0.40,11.47,16635313
663975,0.03,1.02,0.10,-2.29,1.65,-0.55,-0.03,1.01,0.12,-74.58,-2.23,14.68,16634030
663987,0.04,1.02,0.10,-2.23,1.83,-0.24,-0.04,1.01,0.15,-68.57,-8.33,8.76,16633854
663999,0.04,1.02,0.09,-2.23,1.89,-0.61,-0.06,1.02,0.16,-69.46,-13.31,5.80,16634905
664010,0.05,1.02,0.09,-2.20,1.77,-0.82,-0.06,1.03,0.18,-74.71,-14.62,2.59,16632993
664022,0.06,1.02,0.09,-2.29,2.17,-1.37,-0.05,1.04,0.19,-80.72,-14.04,5.65,16631936
664034,0.07,1.02,0.10,-2.62,2.50,-1.50,-0.03,1.05,0.21,-91.52,-7.69,5.89,16635093
664045,0.07,1.02,0.10,-2.35,2.26,-1.22,-0.01,1.01,0.20,-83.95,-1.53,7.72,16633287
664057,0.06,1.02,0.10,-2.38,2.01,-1.34,0.01,0.98,0.22,-75.84,9.61,2.66,16631085
664069,0.06,1.02,0.10,-2.04,1.77,-1.37,0.02,0.99,0.25,-81.57,9.06,-0.31,16630764
664081,0.05,1.02,0.10,-2.23,2.20,-1.40,0.02,0.97,0.26,-79.04,7.72,-7.29,16633092
664092,0.05,1.02,0.10,-2.56,2.01,-1.19,0.01,0.94,0.28,-72.63,1.74,-6.47,16635673
664104,0.05,1.02,0.09,-2.20,1.92,-1.07,-0.01,0.91,0.29,-65.86,-3.42,-7.78,16632947
664116,0.05,1.02,0.09,-2.53,2.11,-1.34,-0.03,0.94,0.32,-73.12,-9.12,-17.88,16632938
664127,0.05,1.02,0.09,-2.14,2.14,-1.28,-0.03,0.97,0.33,-83.19,-12.12,-16.78,16634854
664139,0.05,1.02,0.09,-2.23,1.95,-1.19,-0.02,0.98,0.34,-86.52,-10.89,-12.08,16633084
664151,0.05,1.02,0.10,-2.17,2.01,-1.22,0.00,0.98,0.34,-89.72,-7.11,-10.86,16632829
664163,0.05,1.02,0.10,-2.72,2.04,-1.22,0.02,0.97,0.35,-88.50,-1.98,-1.31,16631690
664174,0.05,1.02,0.10,-2.38,1.77,-1.46,0.03,0.94,0.36,-84.05,3.91,3.72,16633665
664186,0.06,1.02,0.10,-2.04,2.11,-1.31,0.02,0.91,0.38,-83.40,8.94,3.78,16632059
664198,0.06,1.02,0.10,-2.14,1.89,-1.50,-0.00,0.89,0.40,-76.08,6.71,-0.09,16632458
664210,0.06,1.02,0.09,-2.53,2.14,-1.40,-0.04,0.88,0.43,-73.88,2.59,-4.58,16634757
664221,0.06,1.02,0.09,-2.47,2.32,-1.65,-0.06,0.89,0.46,-76.45,-6.32,0.37,16632133
664233,0.06,1.02,0.09,-2.29,2.01,-1.22,-0.07,0.91,0.48,-81.57,-8.51,-1.74,16632110
664245,0.05,1.02,0.09,-1.95,2.26,-1.34,-0.05,0.91,0.49,-86.24,-2.90,-0.15,16631151
664256,0.05,1.02,0.09,-2.23,2.26,-1.40,-0.02,0.89,0.50,-85.17,3.17,7.48,16632095
664268,0.05,1.02,0.10,-2.20,2.20,-1.31,0.02,0.84,0.50,-81.85,4.55,20.94,16632865
664280,0.05,1.02,0.09,-2.38,2.01,-1.22,0.04,0.82,0.52,-76.63,4.36,33.87,16632237
664292,0.05,1.02,0.10,-2.44,1.98,-1.10,0.04,0.82,0.54,-81.12,5.34,37.02,16633244
664303,0.05,1.02,0.10,-2.08,2.01,-0.92,0.02,0.83,0.56,-73.36,4.88,23.13,16633471
664315,0.05,1.02,0.10,-2.20,2.14,-0.85,-0.03,0.86,0.58,-68.15,-3.39,15.96,16632825
664327,0.05,1.02,0.10,-2.56,1.92,-1.22,-0.06,0.89,0.62,-77.58,-7.60,16.54,16634280
664339,0.05,1.02,0.10,-2.35,2.20,-1.28,-0.06,0.92,0.64,-87.10,-4.64,8.00,16632936
664350,0.05,1.02,0.10,-1.98,2.38,-1.10,-0.03,0.91,0.65,-88.35,3.94,6.56,16632834
664361,0.06,1.02,0.10,-2.01,2.01,-1.31,-0.01,0.88,0.65,-83.44,12.18,5.00,16635331
664374,0.06,1.02,0.10,-2.35,2.11,-1.40,0.01,0.84,0.66,-76.97,18.62,5.62,16634694
664385,0.06,1.02,0.09,-2.66,2.08,-1.59,0.02,0.81,0.67,-72.08,20.36,5.80,16632423
664397,0.06,1.02,0.09,-2.23,2.08,-1.37,0.02,0.77,0.67,-70.34,16.75,13.58,16631971
664409,0.06,1.02,0.09,-2.41,2.11,-1.46,0.02,0.76,0.68,-80.32,7.29,21.82,16633347
664421,0.05,1.02,0.10,-2.32,2.17,-1.34,0.01,0.76,0.71,-94.33,2.56,21.91,16632570
664432,0.05,1.02,0.10,-2.38,2.20,-1.10,0.01,0.75,0.71,-86.73,1.10,13.98,16632839
664444,0.05,1.02,0.10,-2.59,2.04,-1.10,0.02,0.74,0.73,-78.34,3.14,4.97,16632044
664456,0.05,1.02,0.10,-2.62,1.92,-0.95,0.02,0.73,0.74,-77.39,4.43,2.87,16631222
664468,0.05,1.02,0.10,-2.23,2.04,-1.01,0.03,0.73,0.75,-82.76,-0.61,7.81,16633319
664479,0.05,1.02,0.10,-2.26,2.01,-1.19,0.02,0.74,0.76,-74.40,2.72,4.12,16634654
664491,0.05,1.02,0.10,-2.04,2.17,-1.01,0.04,0.75,0.78,-76.48,11.63,-2.14,16634550
664503,0.05,1.02,0.10,-2.26,2.01,-1.13,0.05,0.76,0.79,-81.18,18.34,-5.95,16635289
664514,0.06,1.02,0.10,-2.41,1.95,-1.28,0.04,0.77,0.81,-95.92,15.14,-1.53,16634029
664526,0.06,1.02,0.10,-2.50,2.20,-1.22,0.05,0.77,0.83,-109.80,13.21,-0.58,16635035
664538,0.06,1.02,0.10,-2.38,1.98,-1.28,0.05,0.73,0.83,-107.51,13.73,7.66,16636896
664550,0.06,1.02,0.09,-2.01,2.20,-1.31,0.06,0.68,0.83,-103.64,8.12,10.62,16636283
664561,0.05,1.02,0.09,-2.23,2.23,-1.46,0.03,0.64,0.84,-97.87,1.46,10.07,16633998
664573,0.05,1.02,0.09,-2.32,1.92,-1.22,-0.01,0.61,0.86,-85.33,0.15,-6.23,16633660
664585,0.05,1.02,0.10,-2.17,2.14,-1.31,-0.04,0.58,0.87,-80.66,-3.36,-17.21,16634714
664596,0.05,1.02,0.10,-2.08,1.92,-1.34,-0.05,0.55,0.89,-77.24,-4.85,-22.89,16633435
664608,0.05,1.02,0.10,-2.23,2.11,-1.43,-0.02,0.53,0.89,-77.00,-4.52,-16.51,16633584
664620,0.05,1.02,0.10,-2.17,2.11,-1.10,0.02,0.52,0.88,-81.79,-2.17,-4.52,16634030
664632,0.05,1.02,0.10,-2.66,2.01,-1.04,0.05,0.51,0.89,-80.38,5.16,5.77,16632741
664643,0.05,1.02,0.10,-2.23,2.11,-0.82,0.05,0.53,0.91,-77.79,6.96,2.08,16631609
664655,0.05,1.02,0.10,-2.11,1.95,-1.01,0.03,0.54,0.94,-87.40,11.14,-5.74,16634010
664667,0.05,1.02,0.10,-2.35,2.01,-1.16,-0.01,0.55,0.97,-108.18,8.91,-9.52,16632301
664679,0.05,1.02,0.10,-2.81,1.92,-1.13,-0.03,0.52,0.97,-102.94,3.39,-20.17,16631604
664690,0.05,1.02,0.09,-2.26,1.83,-1.31,-0.03,0.46,0.97,-88.90,-0.95,-15.41,16632044
664702,0.05,1.02,0.10,-2.23,1.89,-1.34,-0.00,0.41,0.96,-71.72,-6.77,-2.78,16633619
664714,0.05,1.02,0.10,-2.14,2.08,-1.34,0.01,0.38,0.96,-60.64,-11.41,10.68,16633578
664725,0.05,1.02,0.10,-2.23,2.11,-1.01,0.03,0.39,0.97,-58.87,-6.07,8.85,16633393
664737,0.05,1.02,0.10,-2.62,2.14,-1.22,0.02,0.42,1.00,-70.07,3.23,1.65,16633352
664749,0.05,1.02,0.10,-2.47,2.23,-1.10,0.01,0.45,1.02,-89.84,11.81,-2.44,16632015
664761,0.05,1.02,0.10,-2.47,2.08,-1.19,0.01,0.44,1.04,-109.01,13.18,-6.87,16630895
664772,0.05,1.02,0.10,-2.26,2.26,-1.19,0.02,0.41,1.03,-105.80,17.27,-18.59,16632238
664784,0.05,1.02,0.10,-2.20,1.95,-0.92,0.03,0.35,1.02,-94.88,20.20,-16.02,16636435
664796,0.05,1.02,0.10,-2.29,1.77,-0.79,0.03,0.29,1.00,-80.32,14.10,-4.58,16637007
664808,0.05,1.02,0.10,-2.14,2.20,-1.10,0.02,0.26,1.00,-73.09,7.57,-1.50,16631977
664819,0.05,1.02,0.10,-2.04,2.11,-1.07,-0.01,0.25,1.01,-64.76,3.30,-6.87,16628343
664830,0.05,1.02,0.10,-2.44,1.80,-1.10,-0.04,0.23,1.01,-69.12,1.56,-19.17,16630614
664843,0.05,1.02,0.09,-2.38,2.17,-1.01,-0.05,0.20,1.00,-71.59,-1.34,-21.30,16632133
664854,0.06,1.02,0.10,-2.47,2.01,-1.19,-0.05,0.17,0.99,-66.80,-9.74,-14.34,16634015
664866,0.06,1.02,0.10,-2.08,2.26,-1.28,-0.04,0.15,1.00,-48.77,-7.32,-19.35,16633884
664878,0.05,1.02,0.10,-2.26,1.92,-1.31,-0.02,0.17,1.02,-48.74,4.12,-28.50,16631447
664890,0.05,1.02,0.10,-2.56,2.11,-1.37,0.01,0.19,1.02,-48.25,16.54,-29.45,16631636
664901,0.05,1.02,0.10,-2.69,2.17,-1.50,0.01,0.19,1.01,-46.81,12.42,-15.14,16632279
664913,0.05,1.02,0.10,-2.32,2.04,-1.13,0.00,0.20,1.02,-47.58,1.98,-5.13,16630430
664925,0.05,1.02,0.10,-1.80,2.53,-1.43,-0.02,0.21,1.03,-49.93,-11.93,-4.88,16631782
664937,0.05,1.02,0.10,-1.83,2.08,-1.10,-0.03,0.20,1.03,-51.88,-18.55,-9.98,16633613
664948,0.05,1.02,0.10,-2.08,1.83,-0.89,-0.02,0.18,1.04,-46.36,-17.30,-13.73,16635173
664960,0.05,1.02,0.09,-2.32,2.01,-1.13,-0.00,0.16,1.04,-38.76,-8.45,-12.33,16634119
664972,0.05,1.02,0.09,-2.32,2.08,-1.07,0.02,0.17,1.03,-35.10,-11.78,8.45,16631891
664983,0.05,1.02,0.09,-2.26,1.98,-1.59,0.04,0.19,1.05,-39.18,0.06,15.32,16633305
664995,0.06,1.02,0.09,-2.44,2.20,-1.19,0.04,0.20,1.06,-50.42,7.72,16.27,16633480
665007,0.06,1.02,0.09,-2.44,2.29,-1.43,0.02,0.20,1.08,-58.07,13.49,1.40,16631929
665019,0.06,1.02,0.09,-2.47,1.86,-1.50,-0.01,0.18,1.10,-64.12,13.18,-5.83,16632793
665030,0.06,1.02,0.10,-2.35,1.92,-1.28,-0.03,0.15,1.11,-67.50,10.59,-3.20,16631024
665042,0.05,1.02,0.10,-2.35,2.23,-1.25,-0.04,0.09,1.09,-56.15,7.93,-0.58,16631987
665054,0.05,1.02,0.10,-2.41,2.14,-1.19,-0.04,0.03,1.06,-41.96,-0.64,9.46,16634404
665065,0.05,1.02,0.10,-2.29,1.95,-1.19,-0.03,-0.01,1.04,-22.80,-1.98,12.48,16634967
665077,0.05,1.02,0.10,-2.26,2.01,-0.76,-0.01,-0.02,1.03,-11.96,-3.05,24.69,16633895
665089,0.05,1.02,0.10,-2.04,2.11,-1.13,-0.01,-0.01,1.04,-13.76,1.31,19.62,16632611
665101,0.05,1.02,0.10,-2.35,2.17,-1.16,-0.02,0.02,1.06,-21.58,9.03,7.29,16633498
665112,0.05,1.02,0.09,-2.66,2.14,-1.22,-0.02,0.03,1.06,-30.73,10.99,7.90,16634650
665124,0.05,1.02,0.10,-2.41,2.14,-0.92,-0.04,0.02,1.06,-32.81,7.42,5.71,16634635
665136,0.06,1.02,0.10,-1.98,2.08,-1.22,-0.05,0.01,1.07,-27.04,5.68,-6.84,16632082
665148,0.06,1.02,0.10,-1.80,2.04,-1.04,-0.05,-0.01,1.07,-16.27,3.85,-10.96,16631176
665159,0.06,1.02,0.10,-2.20,2.26,-1.16,-0.04,-0.03,1.05,-4.67,-1.19,-4.64,16631831
665171,0.06,1.02,0.10,-2.56,2.26,-1.25,-0.03,-0.02,1.05,1.83,-10.89,9.89,16633360
665183,0.06,1.02,0.09,-2.59,1.92,-1.43,-0.01,-0.01,1.05,4.94,-9.31,14.50,16634329
665194,0.06,1.02,0.10,-2.23,2.11,-1.46,-0.00,0.01,1.06,3.30,-8.82,13.55,16633893
665206,0.05,1.02,0.09,-2.32,1.86,-1.65,0.00,0.04,1.08,-0.85,0.64,-0.52,16634132
665218,0.05,1.02,0.09,-2.53,2.08,-0.92,0.00,0.05,1.09,-4.85,3.39,-5.92,16633274
665230,0.05,1.02,0.10,-2.59,2.04,-1.07,-0.00,0.05,1.08,-5.40,1.71,-8.58,16633906
665241,0.05,1.02,0.10,-2.50,2.04,-1.25,-0.01,0.04,1.08,-2.11,-1.07,-7.87,16633104
665253,0.05,1.02,0.10,-2.14,2.14,-1.04,-0.00,0.02,1.07,3.75,-5.07,-0.82,16632046
665265,0.05,1.02,0.10,-2.44,1.98,-1.22,-0.00,0.00,1.07,9.67,-8.03,5.28,16631775
665277,0.05,1.02,0.10,-2.44,1.86,-1.19,0.00,-0.00,1.06,13.21,-8.18,11.29,16633204
665288,0.05,1.02,0.10,-2.41,2.23,-1.10,0.00,0.01,1.06,10.50,-10.93,13.43,16634165
665299,0.05,1.02,0.10,-2.14,2.01,-1.13,-0.00,0.03,1.08,2.35,-4.58,6.35,16637890
665312,0.06,1.02,0.09,-2.08,2.08,-1.07,-0.00,0.04,1.08,-4.18,2.11,-0.15,16634382
665323,0.06,1.02,0.09,-2.35,2.04,-1.40,-0.00,0.03,1.08,-4.73,5.37,-4.43,16632206
665335,0.05,1.02,0.09,-2.23,2.08,-1.25,-0.01,0.02,1.08,-2.72,6.10,-7.66,16632786
665347,0.05,1.02,0.09,-2.01,2.14,-1.16,-0.02,-0.00,1.07,0.06,3.27,-2.66,16632342
665359,0.05,1.02,0.10,-2.35,2.04,-1.43,-0.02,-0.02,1.06,5.19,-3.72,6.44,16631914
665370,0.05,1.02,0.10,-2.47,1.98,-1.04,-0.02,-0.02,1.05,6.93,-4.76,10.07,16631327
665382,0.05,1.02,0.09,-2.20,2.17,-1.28,-0.02,-0.01,1.05,4.06,-8.82,11.20,16632001
665394,0.05,1.02,0.10,-2.44,2.23,-1.19,-0.02,0.01,1.07,-2.23,-2.44,3.39,16632757
665406,0.05,1.02,0.10,-2.62,2.11,-1.37,-0.01,0.02,1.07,-5.10,0.15,0.52,16633416
665417,0.05,1.02,0.10,-2.35,2.23,-1.10,-0.01,0.01,1.07,-3.48,-1.86,1.40,16636450
665428,0.05,1.02,0.10,-2.23,2.04,-1.07,-0.01,0.01,1.07,-2.44,-0.03,-4.03,16636467
665441,0.05,1.02,0.10,-2.38,2.08,-1.13,-0.00,0.01,1.07,-0.55,0.06,-5.10,16634991
665452,0.05,1.02,0.10,-2.32,2.08,-1.37,-0.00,0.01,1.06,1.95,1.59,-3.75,16633627
665464,0.05,1.02,0.10,-2.20,2.01,-1.37,0.00,0.00,1.05,3.97,2.14,-3.72,16635844
665476,0.05,1.02,0.10,-2.01,1.98,-1.43,0.01,-0.00,1.05,1.31,1.16,-2.23,16635329
665488,0.05,1.02,0.10,-2.53,2.14,-1.40,0.00,0.01,1.05,-2.81,-2.59,1.25,16634099
665499,0.05,1.02,0.10,-2.53,2.14,-1.37,0.00,0.00,1.05,-1.89,-4.06,3.94,16632761
665511,0.05,1.02,0.10,-2.29,2.26,-1.22,-0.00,0.00,1.05,-1.01,-6.41,6.74,16632640
665523,0.05,1.02,0.10,-2.23,2.35,-1.37,-0.00,0.01,1.06,-1.34,-3.45,2.47,16633542
665534,0.05,1.02,0.10,-2.14,1.92,-0.76,-0.01,0.01,1.06,-3.23,-1.28,2.81,16634768
665546,0.05,1.02,0.10,-2.35,2.32,-1.28,-0.01,0.00,1.06,-0.46,1.65,0.12,16634188
665558,0.05,1.02,0.10,-2.44,2.04,-0.92,-0.00,0.00,1.06,3.05,1.56,0.06,16633245
665570,0.05,1.02,0.10,-2.53,2.29,-0.82,0.00,0.00,1.06,2.72,3.60,-3.05,16633753
665581,0.05,1.02,0.10,-2.38,2.44,-1.19,0.00,0.02,1.06,-1.68,3.05,-1.80,16632917
665593,0.05,1.02,0.10,-2.26,2.38,-1.19,-0.01,0.03,1.07,-4.21,4.46,-2.66,16632383
665605,0.05,1.02,0.10,-2.35,2.11,-1.40,-0.01,0.03,1.07,-4.06,2.11,-1.13,16634294
665617,0.06,1.02,0.09,-2.41,2.08,-1.13,-0.00,0.03,1.08,-3.63,0.18,0.95,16634070
665628,0.06,1.02,0.09,-2.32,2.04,-1.28,-0.00,0.02,1.07,-0.64,-1.53,2.53,16632589
665640,0.06,1.02,0.09,-2.41,1.98,-1.40,-0.00,0.02,1.08,0.46,-2.75,1.43,16634436
665652,0.06,1.02,0.09,-2.53,1.77,-1.37,0.01,0.02,1.07,1.53,-0.40,-0.58,16634132
665663,0.05,1.02,0.10,-2.72,1.95,-1.10,0.02,0.02,1.07,1.22,1.68,1.50,16632976
665675,0.05,1.02,0.10,-2.23,2.11,-1.25,0.03,0.02,1.06,0.89,1.89,3.05,16636020
665687,0.05,1.02,0.10,-2.38,2.01,-1.43,0.02,0.02,1.06,-0.73,1.74,1.77,16633082
665699,0.05,1.02,0.10,-2.23,1.86,-1.28,0.01,0.02,1.07,-2.01,5.74,-2.93,16633162
665710,0.05,1.02,0.10,-2.20,2.14,-1.56,0.01,0.01,1.06,-1.40,2.32,2.66,16633383
665722,0.05,1.02,0.10,-2.08,2.29,-1.34,0.00,0.01,1.06,-2.20,1.77,1.71,16633396
665734,0.05,1.02,0.10,-2.08,2.17,-1.13,-0.01,0.02,1.07,-3.57,2.50,-1.68,16633068
665746,0.05,1.02,0.09,-2.41,1.80,-1.01,-0.01,0.01,1.07,-2.35,1.53,-2.04,16631275
665757,0.05,1.02,0.09,-2.38,2.11,-0.92,-0.01,0.01,1.07,-1.04,-0.52,0.24,16631519
665768,0.05,1.02,0.09,-2.66,2.23,-1.19,-0.01,0.01,1.07,0.46,-1.77,1.19,16631008
665781,0.05,1.02,0.09,-2.41,2.14,-1.25,-0.01,0.02,1.07,0.00,1.34,0.40,16632705
665792,0.05,1.02,0.10,-2.32,2.14,-1.22,0.00,0.02,1.07,-1.16,3.02,-1.19,16632745
665804,0.05,1.02,0.10,-2.56,2.23,-1.01,0.00,0.02,1.07,-1.86,2.90,-0.73,16633593
665816,0.05,1.02,0.10,-2.20,2.14,-1.19,0.00,0.03,1.07,-3.57,1.10,0.31,16634823
665828,0.05,1.02,0.10,-2.04,2.08,-1.40,-0.00,0.02,1.07,-3.11,2.17,-2.66,16636725
665839,0.05,1.02,0.10,-2.20,2.20,-1.25,-0.01,0.01,1.06,-1.01,0.09,-1.65,16633779
665851,0.05,1.02,0.09,-2.53,1.92,-1.19,-0.01,-0.01,1.05,1.83,-1.28,1.31,16631568
665863,0.05,1.02,0.09,-2.59,2.11,-1.22,-0.01,-0.01,1.05,3.48,-1.77,2.11,16633051
665875,0.05,1.02,0.09,-2.72,1.89,-1.31,-0.00,-0.01,1.05,3.20,0.24,0.40,16634164
665886,0.05,1.02,0.09,-2.38,2.17,-1.37,0.01,0.00,1.05,1.83,0.06,5.86,16634016
665897,0.05,1.02,0.10,-1.89,2.26,-1.31,0.01,0.02,1.06,-0.18,1.22,4.85,16635998
665910,0.05,1.02,0.10,-2.20,2.11,-1.31,0.00,0.03,1.08,-3.57,4.55,-2.69,16633379
665921,0.05,1.02,0.10,-2.17,2.32,-0.70,-0.01,0.04,1.08,-4.58,3.66,-4.39,16633166
665933,0.05,1.02,0.10,-2.26,2.11,-1.22,-0.02,0.03,1.09,-3.23,3.45,-6.41,16633252
665945,0.05,1.02,0.10,-1.89,2.01,-1.19,-0.02,0.03,1.08,-1.56,1.77,-3.54,16633360
665957,0.05,1.02,0.10,-1.95,2.14,-1.19,-0.02,0.01,1.07,-1.43,-0.18,-1.50,16632399
665968,0.05,1.02,0.09,-2.14,2.26,-1.13,-0.02,0.01,1.07,-2.44,2.35,-3.60,16634450
665980,0.05,1.02,0.09,-2.38,2.11,-1.10,-0.01,0.00,1.07,-1.13,2.84,-1.46,16634739
665992,0.05,1.02,0.09,-2.32,2.01,-1.16,0.00,-0.00,1.06,0.76,0.70,4.64,16635989
666003,0.05,1.02,0.10,-2.26,2.04,-1.31,0.00,-0.00,1.06,1.25,-0.31,5.13,16634541
666015,0.05,1.02,0.10,-2.08,1.77,-1.25,-0.00,0.01,1.07,-0.67,2.32,-1.25,16634067
666027,0.05,1.02,0.10,-2.50,2.01,-1.10,-0.00,0.02,1.08,-1.83,2.47,-2.53,16633633
666039,0.05,1.02,0.10,-2.66,2.11,-1.04,-0.00,0.02,1.07,-0.89,2.11,-3.54,16634139
666050,0.05,1.02,0.10,-2.14,2.08,-1.22,-0.01,0.02,1.07,-0.27,1.07,-5.25,16633748
666062,0.05,1.02,0.10,-1.83,2.26,-1.01,-0.01,0.02,1.07,-1.01,2.78,-7.02,16631580
666074,0.05,1.02,0.10,-2.20,2.26,-1.01,-0.01,0.01,1.07,-0.09,0.73,-3.30,16633454
666086,0.05,1.02,0.10,-2.47,2.01,-1.28,-0.01,0.01,1.06,1.86,-1.86,1.50,16635083
666097,0.05,1.02,0.09,-2.47,1.98,-1.01,-0.00,0.01,1.06,0.98,-1.86,3.81,16634256
666108,0.05,1.02,0.09,-2.14,1.98,-1.43,-0.00,0.02,1.07,0.37,0.12,1.10,16635184
666121,0.05,1.02,0.10,-2.47,2.04,-1.01,-0.01,0.03,1.08,-1.01,1.89,-1.07,16634251
666132,0.05,1.02,0.10,-1.98,2.23,-1.34,-0.01,0.03,1.08,-0.95,2.66,-2.93,16631607
666144,0.05,1.02,0.10,-2.23,2.04,-1.31,-0.01,0.03,1.08,-1.34,2.62,-2.99,16632398
666156,0.05,1.02,0.10,-2.32,1.95,-1.16,-0.01,0.01,1.07,-0.09,2.62,-4.21,16630819
666168,0.05,1.02,0.10,-2.08,1.95,-1.46,-0.01,0.00,1.06,1.65,0.18,-2.72,16630207
666179,0.05,1.02,0.10,-2.32,2.08,-1.07,-0.01,0.01,1.06,1.77,-0.61,-1.89,16629966
666191,0.05,1.02,0.09,-2.38,1.86,-1.13,-0.01,0.01,1.06,1.83,-1.25,-0.73,16631724
666203,0.05,1.02,0.09,-2.38,2.14,-1.19,-0.00,0.01,1.06,2.38,0.06,-1.28,16634918
666215,0.05,1.02,0.09,-2.47,1.95,-0.92,-0.00,0.01,1.06,3.48,0.89,0.06,16631461
666226,0.05,1.02,0.09,-2.20,2.23,-1.10,-0.00,0.00,1.06,5.86,-2.87,5.19,16631188
666238,0.05,1.02,0.10,-2.20,2.11,-1.07,-0.01,0.01,1.06,6.50,-3.81,4.15,16632447
666250,0.05,1.02,0.10,-2.11,2.23,-1.40,-0.01,0.02,1.07,4.12,0.34,-1.34,16632658
666261,0.05,1.02,0.10,-2.29,2.17,-1.56,-0.01,0.02,1.07,3.20,0.31,-2.75,16632480
666273,0.05,1.02,0.10,-2.29,2.04,-1.19,-0.01,0.03,1.07,2.72,-1.19,0.46,16634580
666285,0.05,1.02,0.10,-2.47,2.20,-1.16,-0.00,0.03,1.08,3.45,-1.56,2.44,16633966
666297,0.05,1.02,0.10,-2.32,2.08,-0.98,0.01,0.04,1.08,2.96,-0.82,3.91,16632420
666308,0.05,1.02,0.10,-2.17,1.95,-1.10,0.01,0.05,1.08,-0.46,1.34,0.82,16633519
666320,0.05,1.02,0.09,-2.59,1.98,-1.07,0.01,0.05,1.08,-1.53,3.08,-1.28,16633461
666332,0.05,1.02,0.09,-2.66,2.17,-0.89,0.00,0.04,1.07,0.43,1.53,1.40,16634195
666344,0.05,1.02,0.09,-2.23,1.92,-1.13,-0.00,0.02,1.06,3.97,-0.12,0.95,16633438
666355,0.05,1.02,0.09,-2.14,2.08,-1.31,-0.01,0.01,1.05,7.48,-1.37,1.34,16633164
666366,0.06,1.02,0.09,-2.66,2.08,-1.19,-0.01,-0.01,1.05,12.45,-2.44,2.17,16632067
666379,0.06,1.02,0.09,-2.23,2.14,-1.28,-0.01,-0.01,1.04,15.17,-4.55,2.62,16632273
666390,0.05,1.02,0.10,-2.20,2.11,-1.50,-0.01,0.01,1.05,17.94,-2.26,3.60,16635911
666402,0.05,1.02,0.10,-2.01,1.86,-1.28,-0.00,0.02,1.06,20.20,-0.15,5.43,16633166
666414,0.05,1.02,0.10,-2.47,1.92,-1.53,0.00,0.04,1.06,19.65,3.27,1.16,16631604
666426,0.05,1.02,0.10,-2.62,2.26,-1.13,-0.00,0.05,1.08,20.69,11.93,-7.72,16633478
666437,0.05,1.02,0.10,-2.29,2.01,-1.40,-0.00,0.04,1.08,24.69,15.75,-10.99,16634069
666449,0.05,1.02,0.10,-2.20,2.11,-1.07,0.00,0.03,1.07,28.08,18.46,-10.59,16633735
666461,0.05,1.02,0.10,-2.59,1.92,-1.04,-0.01,0.03,1.06,33.20,15.90,-12.51,16629425
666473,0.05,1.02,0.10,-2.32,2.14,-1.31,-0.04,0.03,1.07,33.84,15.78,-17.82,16630885
666484,0.05,1.02,0.10,-2.29,2.26,-1.46,-0.05,0.05,1.07,34.94,9.89,-15.84,16635024
666496,0.05,1.02,0.10,-2.01,2.08,-1.37,-0.04,0.06,1.07,38.30,6.44,-7.97,16635384
666508,0.05,1.02,0.10,-2.62,2.04,-1.25,-0.03,0.06,1.05,42.69,-4.03,3.05,16634874
666519,0.05,1.02,0.10,-2.20,1.98,-1.37,-0.02,0.05,1.04,48.58,-10.19,7.26,16635072
666531,0.05,1.02,0.10,-1.86,1.77,-1.01,-0.02,0.05,1.04,55.76,-12.82,8.18,16631962
666543,0.05,1.02,0.10,-1.89,2.14,-1.07,-0.01,0.06,1.03,64.54,-17.88,8.27,16632587
666555,0.05,1.02,0.10,-2.14,2.01,-1.13,-0.00,0.07,1.03,70.47,-19.90,8.33,16633609
666566,0.05,1.02,0.10,-2.41,2.08,-1.13,0.01,0.11,1.05,71.17,-13.89,1.68,16630463
666578,0.05,1.02,0.09,-2.47,2.11,-1.37,0.02,0.16,1.06,66.19,-3.51,-4.76,16630167
666590,0.05,1.02,0.10,-2.14,2.17,-1.34,0.02,0.18,1.07,63.48,4.79,-11.60,16632167
666601,0.05,1.02,0.09,-1.92,2.17,-1.34,0.02,0.19,1.07,58.41,3.54,-9.46,16632169
666613,0.05,1.02,0.09,-2.38,2.35,-1.34,0.01,0.19,1.07,55.79,0.85,-8.42,16631944
666625,0.05,1.02,0.09,-2.29,2.04,-1.28,0.00,0.18,1.06,59.88,-3.88,-5.40,16633247
666637,0.05,1.02,0.10,-2.56,2.14,-1.31,-0.01,0.18,1.06,68.08,-8.58,-2.87,16635901
666648,0.05,1.02,0.10,-2.32,1.83,-1.13,-0.01,0.17,1.05,77.42,-9.31,0.58,16635739
666660,0.05,1.02,0.10,-2.29,2.20,-1.04,0.00,0.17,1.04,83.95,-11.87,5.04,16634977
666672,0.05,1.02,0.10,-2.35,2.17,-1.10,0.01,0.21,1.03,85.21,-13.21,8.03,16634725
666684,0.05,1.02,0.10,-2.29,2.20,-1.13,0.01,0.26,1.03,82.46,-22.31,16.51,16630948
666695,0.05,1.02,0.10,-2.17,1.92,-1.37,0.01,0.31,1.04,76.87,-17.24,10.99,16628580
666707,0.05,1.02,0.10,-2.29,2.04,-1.31,0.01,0.32,1.02,76.81,-19.10,5.58,16634005
666719,0.05,1.02,0.10,-2.35,1.98,-1.43,0.02,0.34,1.01,79.19,-19.04,2.44,16635383
666730,0.05,1.02,0.09,-2.29,2.14,-1.28,0.02,0.35,1.01,85.17,-14.22,-1.10,16632604
666742,0.06,1.02,0.09,-2.29,1.92,-1.28,0.04,0.35,0.99,91.55,-13.95,5.22,16630956
666754,0.06,1.02,0.09,-2.38,2.01,-1.22,0.06,0.35,0.97,98.66,-5.31,2.75,16630831
666766,0.06,1.02,0.10,-2.17,2.14,-1.43,0.10,0.36,0.95,101.01,1.89,8.03,16634134
666777,0.05,1.02,0.10,-2.29,2.08,-1.25,0.10,0.40,0.94,92.35,-4.79,19.23,16631868
666789,0.05,1.02,0.10,-2.38,2.32,-1.25,0.06,0.47,0.95,79.50,-15.96,23.25,16634138
666801,0.05,1.02,0.10,-2.35,2.23,-1.31,0.03,0.51,0.97,77.97,-13.85,7.66,16635386
666813,0.05,1.02,0.10,-2.38,2.14,-1.13,0.02,0.50,0.96,79.96,-14.22,6.65,16634120
666824,0.05,1.02,0.10,-2.26,2.01,-1.28,0.03,0.48,0.94,84.72,-17.88,10.89,16631678
666835,0.05,1.02,0.10,-2.23,2.04,-1.01,0.04,0.47,0.93,86.58,-13.52,10.35,16631266
666848,0.05,1.02,0.09,-2.47,2.04,-1.13,0.05,0.45,0.92,95.15,-7.17,12.08,16633383
666859,0.05,1.02,0.10,-2.56,1.98,-1.34,0.07,0.42,0.89,112.27,-2.99,11.44,16633916
666871,0.05,1.02,0.10,-2.53,1.95,-1.50,0.05,0.46,0.88,110.53,-11.08,13.31,16633170
666883,0.05,1.02,0.10,-2.17,2.17,-1.22,0.01,0.56,0.91,92.22,-18.13,4.79,16632049
666895,0.05,1.02,0.10,-2.14,2.23,-1.53,-0.01,0.62,0.93,82.61,-8.12,-15.78,16630760
666906,0.06,1.02,0.10,-2.59,2.08,-1.16,0.00,0.62,0.91,83.65,-4.97,-19.59,16631511
666918,0.05,1.02,0.10,-2.35,2.20,-1.28,0.02,0.60,0.89,86.09,-6.38,-7.29,16632368
666930,0.05,1.02,0.10,-2.50,2.35,-1.37,0.02,0.59,0.88,90.15,-3.27,-10.56,16635396
666941,0.05,1.02,0.10,-2.23,2.11,-1.28,0.03,0.58,0.87,92.47,-1.46,-14.37,16634753
666953,0.05,1.02,0.10,-2.26,2.01,-1.16,0.04,0.59,0.86,92.77,-4.03,-10.62,16632473
666964,0.05,1.02,0.10,-2.47,2.20,-1.19,0.03,0.62,0.85,90.24,-1.59,-5.40,16629745
666977,0.05,1.02,0.10,-2.35,2.11,-1.22,0.03,0.65,0.84,83.65,1.37,-1.80,16630525
666988,0.05,1.02,0.10,-2.26,2.01,-0.92,0.03,0.67,0.83,82.34,4.58,-2.23,16631545
667000,0.05,1.02,0.10,-2.04,2.29,-0.95,0.04,0.69,0.82,82.06,3.08,-4.88,16633172
667012,0.05,1.02,0.10,-2.29,1.98,-1.01,0.03,0.71,0.81,78.37,-1.19,-6.62,16634840
667024,0.05,1.02,0.10,-2.26,2.20,-0.95,0.02,0.73,0.81,81.51,0.46,-8.94,16634494
667035,0.05,1.02,0.10,-2.26,2.23,-1.22,0.03,0.74,0.79,82.49,3.14,-8.76,16632870
667047,0.05,1.02,0.09,-2.20,2.23,-1.04,0.04,0.74,0.78,74.95,1.31,6.26,16632940
667059,0.05,1.02,0.09,-2.47,2.32,-1.10,0.03,0.75,0.77,72.05,1.13,1.80,16632960
667070,0.05,1.02,0.10,-2.29,2.11,-1.28,0.03,0.74,0.75,73.52,7.14,-9.43,16631814
667082,0.05,1.02,0.10,-2.01,2.04,-1.22,0.04,0.75,0.73,76.66,8.79,-13.58,16632594
667094,0.05,1.02,0.10,-2.35,2.11,-1.10,0.04,0.78,0.72,75.26,9.19,-14.19,16634778
667106,0.05,1.02,0.10,-2.35,2.14,-1.25,0.04,0.81,0.71,71.04,14.59,-16.91,16635033
667117,0.05,1.02,0.10,-2.35,2.01,-1.13,0.04,0.83,0.70,68.51,18.86,-15.59,16633786
667129,0.05,1.02,0.10,-2.44,2.08,-1.01,0.03,0.83,0.69,67.41,15.08,-19.62,16631706
667141,0.05,1.02,0.10,-2.56,1.95,-1.19,0.01,0.84,0.68,69.18,10.89,-26.55,16630778
667153,0.06,1.02,0.09,-2.44,2.26,-1.16,0.00,0.84,0.66,77.06,9.25,-32.87,16631150
667164,0.06,1.02,0.09,-2.29,1.98,-1.13,0.02,0.84,0.65,67.05,-0.82,-14.19,16632909
667175,0.06,1.02,0.09,-2.59,2.01,-1.07,0.04,0.84,0.63,69.06,-5.98,0.92,16632401
667188,0.05,1.02,0.09,-2.38,2.23,-1.16,0.03,0.85,0.61,71.04,-6.01,10.56,16633043
667199,0.05,1.02,0.10,-2.17,1.95,-1.37,0.03,0.87,0.60,71.23,-2.87,3.91,16629844
667211,0.05,1.02,0.10,-2.23,2.17,-1.07,0.03,0.88,0.59,71.50,4.73,-5.80,16631761
667223,0.05,1.02,0.10,-2.17,2.23,-0.85,0.04,0.87,0.57,73.79,11.38,-14.56,16634814
667235,0.05,1.02,0.10,-2.29,2.08,-1.22,0.03,0.88,0.56,71.14,13.12,-19.71,16635843
667246,0.05,1.02,0.09,-2.14,1.98,-1.34,0.02,0.89,0.55,65.77,9.37,-9.25,16634783
667258,0.05,1.02,0.09,-2.69,2.23,-1.34,0.02,0.90,0.53,70.10,9.80,-5.37,16632070
667270,0.05,1.02,0.09,-2.11,2.04,-1.22,0.01,0.90,0.51,69.61,11.35,-5.49,16632511
667282,0.05,1.02,0.09,-2.32,2.04,-1.53,0.01,0.90,0.50,66.07,11.35,-7.57,16631042
667293,0.06,1.02,0.09,-2.41,2.14,-1.28,0.02,0.90,0.48,67.44,11.78,-7.48,16631362
667304,0.06,1.02,0.10,-2.59,1.98,-1.40,0.01,0.91,0.47,60.00,8.09,-2.11,16633185
667317,0.06,1.02,0.10,-2.29,2.17,-1.28,0.01,0.94,0.46,54.72,3.51,5.04,16635503
667328,0.05,1.02,0.10,-2.23,2.17,-1.31,0.01,0.94,0.45,55.08,0.95,9.86,16633406
667340,0.05,1.02,0.10,-2.17,2.20,-1.25,0.01,0.95,0.43,55.02,4.88,5.92,16635039
667352,0.05,1.02,0.10,-2.32,2.23,-1.16,0.02,0.96,0.42,55.76,9.61,0.40,16634145
667364,0.05,1.02,0.10,-2.35,2.32,-1.34,-0.00,0.96,0.41,60.39,13.95,-4.21,16634393
667375,0.05,1.02,0.10,-2.44,2.04,-0.98,-0.01,0.95,0.40,58.29,14.53,0.03,16635481
667387,0.05,1.02,0.10,-2.41,2.14,-1.07,-0.01,0.94,0.39,57.07,15.87,8.12,16634758
667399,0.05,1.02,0.10,-2.29,2.01,-1.25,0.02,0.94,0.37,59.20,19.41,7.97,16633090
667410,0.05,1.02,0.10,-2.17,2.20,-1.19,0.02,0.95,0.36,57.04,21.51,1.83,16631991
667422,0.05,1.02,0.09,-2.35,2.04,-1.31,-0.00,0.98,0.36,46.88,18.68,-9.09,16631702
667433,0.06,1.02,0.10,-2.23,2.01,-1.19,-0.02,1.00,0.35,39.98,13.49,-13.64,16631605
667446,0.06,1.02,0.10,-2.01,2.14,-1.25,0.00,0.97,0.34,36.87,13.28,-7.63,16633510
667457,0.06,1.02,0.10,-2.29,1.95,-1.04,0.02,0.94,0.33,37.26,13.21,5.68,16633054
667469,0.06,1.02,0.10,-2.08,2.04,-1.40,0.03,0.91,0.31,47.88,18.86,8.42,16635503
667481,0.05,1.02,0.10,-2.08,1.98,-1.34,0.02,0.91,0.29,59.69,27.68,9.28,16633619
667493,0.05,1.02,0.10,-2.32,1.98,-1.34,0.03,0.92,0.28,65.31,34.09,-3.48,16631875
667504,0.05,1.02,0.10,-2.56,1.80,-1.37,0.01,0.96,0.28,56.27,30.98,-14.68,16629385
667516,0.05,1.02,0.10,-2.44,2.04,-1.25,-0.01,0.98,0.28,46.42,22.55,-21.91,16633094
667528,0.05,1.02,0.10,-2.47,2.11,-1.19,-0.03,0.99,0.27,45.32,18.34,-18.95,16636485
667539,0.05,1.02,0.10,-2.38,2.11,-1.43,-0.03,0.97,0.25,55.51,21.24,-15.32,16636678
667551,0.05,1.02,0.10,-2.38,1.98,-1.22,-0.02,0.97,0.24,52.89,15.53,-1.56,16634175
667563,0.05,1.02,0.10,-2.29,1.95,-1.16,-0.03,0.99,0.23,49.74,11.17,1.68,16632928
667575,0.05,1.02,0.10,-2.23,1.77,-1.19,-0.04,1.01,0.22,37.81,5.74,-0.06,16632333
667586,0.05,1.02,0.10,-2.23,2.14,-1.22,-0.03,1.03,0.21,31.71,5.49,-5.43,16630653
667598,0.05,1.02,0.10,-2.35,2.08,-1.34,-0.01,1.03,0.19,31.65,13.00,-14.71,16631246
667610,0.05,1.02,0.09,-2.53,2.04,-1.34,-0.00,1.01,0.19,32.17,14.65,-19.01,16633074
667622,0.05,1.02,0.09,-2.38,2.04,-1.31,-0.00,0.97,0.18,38.97,13.21,-21.76,16632413
667633,0.05,1.02,0.10,-2.04,2.04,-1.34,-0.02,0.97,0.18,30.58,5.43,-16.63,16634407
667644,0.05,1.02,0.10,-2.32,2.08,-0.89,-0.04,0.99,0.17,22.22,-0.03,-6.20,16633352
667657,0.05,1.02,0.10,-2.53,2.17,-0.95,-0.05,1.02,0.16,14.37,-1.59,0.89,16634263
667668,0.05,1.02,0.10,-2.38,2.29,-1.16,-0.05,1.04,0.15,9.80,0.95,4.24,16632212
667680,0.05,1.02,0.10,-2.35,2.20,-1.19,-0.05,1.04,0.15,3.51,1.31,5.16,16632945
667692,0.05,1.02,0.10,-2.20,2.32,-1.28,-0.06,1.05,0.14,-0.95,1.98,0.70,16635073
667704,0.05,1.02,0.10,-1.95,2.26,-1.50,-0.06,1.05,0.14,-4.55,5.37,-2.23,16635686
667715,0.05,1.02,0.10,-2.20,2.17,-1.19,-0.04,1.04,0.14,-4.18,8.27,1.95,16632183
667727,0.05,1.02,0.09,-2.32,2.04,-1.28,-0.03,1.02,0.13,-2.23,9.86,4.79,16632893
667739,0.05,1.02,0.09,-2.47,2.26,-1.25,-0.04,1.01,0.14,-2.99,5.89,7.05,16634456
667751,0.05,1.02,0.10,-2.32,2.08,-1.10,-0.04,1.00,0.14,-4.12,3.36,3.20,16635133
667762,0.05,1.02,0.10,-2.47,2.01,-1.01,-0.04,0.99,0.15,-4.00,3.39,-0.43,16634310
667773,0.05,1.02,0.10,-2.56,2.04,-1.10,-0.05,0.99,0.15,-5.16,2.66,-6.59,16634558
667786,0.05,1.02,0.10,-2.44,2.17,-1.25,-0.07,1.00,0.15,-8.09,-0.43,-9.31,16633269
667797,0.05,1.02,0.10,-2.47,2.23,-1.19,-0.07,1.00,0.15,-7.11,-0.64,-6.35,16634205
667809,0.05,1.02,0.10,-2.14,1.98,-1.25,-0.05,0.98,0.15,-0.06,3.72,-3.94,16631523
667821,0.05,1.02,0.10,-2.11,2.08,-1.25,-0.04,0.97,0.15,4.09,5.34,-1.83,16628357
667833,0.05,1.02,0.10,-2.32,1.95,-1.28,-0.04,0.98,0.15,5.37,5.92,-1.28,16629345
667844,0.05,1.02,0.10,-2.50,2.04,-1.28,-0.04,1.00,0.15,0.95,3.63,-0.64,16630927
667856,0.05,1.02,0.10,-2.17,1.98,-1.31,-0.03,1.00,0.16,0.43,0.98,4.39,16632983
667868,0.05,1.02,0.10,-2.20,2.01,-1.28,-0.03,1.00,0.15,-0.15,0.52,5.46,16635564
667879,0.05,1.02,0.10,-2.35,2.01,-1.13,-0.04,1.00,0.15,-2.90,-1.71,4.30,16635706
667891,0.05,1.02,0.10,-2.44,2.23,-1.19,-0.05,1.01,0.16,-5.74,-3.48,-1.46,16635288
667902,0.05,1.02,0.10,-2.47,1.92,-1.34,-0.06,1.01,0.16,-4.79,-4.33,-3.94,16634043
667915,0.05,1.02,0.10,-2.66,2.11,-1.16,-0.05,1.00,0.15,-2.84,-3.81,2.20,16633480
667926,0.05,1.02,0.10,-2.17,2.35,-1.31,-0.04,0.98,0.15,4.24,-2.75,5.89,16632797
667938,0.05,1.02,0.10,-2.01,2.11,-1.34,-0.04,0.98,0.14,6.04,-2.56,6.93,16632710
667950,0.05,1.02,0.10,-2.29,2.08,-1.31,-0.04,0.99,0.14,4.64,-1.10,1.68,16630780
667962,0.05,1.02,0.10,-2.56,1.98,-1.22,-0.03,1.00,0.14,3.88,-0.92,5.46,16631888
667973,0.05,1.02,0.10,-2.23,1.92,-1.19,-0.03,1.00,0.14,2.78,-2.01,8.27,16635764
667984,0.05,1.02,0.10,-2.08,2.04,-1.16,-0.04,1.01,0.15,0.43,-4.21,3.72,16638099
667997,0.05,1.02,0.10,-1.71,2.17,-0.73,-0.04,1.02,0.14,-1.71,-4.97,0.58,16633846
668008,0.05,1.02,0.10,-1.68,2.04,-1.01,-0.04,1.03,0.14,-3.51,-5.52,1.46,16632471
668020,0.05,1.02,0.10,-1.65,2.17,-1.16,-0.03,1.02,0.14,-1.10,-2.78,8.42,16635036
668032,0.05,1.02,0.09,-1.89,2.04,-1.04,-0.02,1.01,0.13,2.17,0.64,12.54,16633507
668044,0.05,1.02,0.10,-1.98,2.17,-1.13,-0.02,1.01,0.13,2.69,2.56,11.05,16631627
668055,0.05,1.02,0.10,-1.92,2.14,-0.85,-0.02,1.02,0.13,3.85,3.11,4.85,16629964
668067,0.05,1.02,0.10,-1.83,2.20,-1.22,-0.02,1.01,0.13,4.61,3.63,6.23,16634544
668079,0.05,1.02,0.10,-2.38,2.32,-0.85,-0.02,1.00,0.14,5.37,0.49,12.60,16636891
668091,0.05,1.02,0.10,-2.11,2.23,-1.31,-0.03,1.01,0.14,3.81,-1.07,11.63,16634658
668102,0.05,1.02,0.10,-2.29,2.20,-1.13,-0.04,1.03,0.14,-0.31,-2.08,3.78,16631971
668113,0.05,1.02,0.10,-2.66,2.08,-1.10,-0.04,1.03,0.14,-3.14,-2.23,-4.21,16631387
668126,0.05,1.02,0.10,-2.29,2.11,-1.28,-0.04,1.03,0.14,-3.69,-3.33,-1.68,16633421
668137,0.05,1.02,0.09,-2.35,2.08,-1.25,-0.03,1.01,0.14,-0.76,-1.68,2.81,16633407
668149,0.05,1.02,0.09,-2.53,2.20,-1.07,-0.03,1.00,0.14,-0.52,-0.46,3.39,16632979
668161,0.05,1.02,0.10,-2.26,2.08,-1.10,-0.02,0.99,0.14,-0.27,-0.24,4.76,16631798
668173,0.05,1.02,0.10,-2.41,2.11,-1.04,-0.02,0.99,0.14,1.40,-1.43,5.65,16630287
668184,0.05,1.02,0.10,-2.26,2.35,-1.22,-0.02,0.99,0.14,1.80,-1.92,4.09,16630188
668196,0.05,1.02,0.10,-2.47,2.08,-1.46,-0.02,0.99,0.14,1.07,-2.81,3.05,16630833
668208,0.05,1.02,0.10,-2.50,2.01,-1.34,-0.02,0.99,0.14,0.73,-2.44,3.94,16633410
668219,0.05,1.02,0.10,-2.04,2.11,-1.16,-0.01,0.99,0.14,0.76,-0.73,3.48,16631684
668231,0.05,1.02,0.10,-1.89,2.04,-1.31,-0.01,1.00,0.14,0.24,-0.31,1.98,16629817
668242,0.05,1.02,0.10,-1.80,1.95,-1.07,-0.01,1.00,0.13,0.55,0.82,1.89,16631743
668255,0.05,1.02,0.09,-2.35,2.32,-1.56,-0.02,1.01,0.13,1.04,0.82,1.25,16632763
668266,0.05,1.02,0.09,-2.41,2.01,-1.13,-0.02,1.01,0.13,1.34,-0.67,0.37,16633031
668278,0.05,1.02,0.10,-2.01,2.08,-1.10,-0.02,1.01,0.13,1.07,-0.73,-2.72,16634288
668290,0.05,1.02,0.10,-1.98,2.17,-1.43,-0.01,1.00,0.13,1.40,0.49,-2.14,16634047
668302,0.05,1.02,0.10,-2.17,2.08,-1.25,0.00,0.99,0.13,1.04,0.58,0.95,16631954
668313,0.05,1.02,0.10,-2.75,2.01,-1.13,0.00,0.99,0.13,0.79,0.03,3.69,16634717
668325,0.05,1.02,0.10,-2.32,2.04,-1.16,-0.00,0.99,0.13,1.07,0.12,1.80,16633605
668337,0.05,1.02,0.10,-1.80,1.95,-1.04,0.00,0.99,0.13,1.22,1.01,0.34,16632694
668348,0.05,1.03,0.10,-1.46,2.20,-0.82,0.00,1.00,0.13,0.55,1.68,-1.46,16634982
668360,0.05,1.02,0.10,-1.71,1.92,-1.43,-0.00,1.01,0.13,-0.64,0.89,-1.86,16632419
668371,0.05,1.02,0.09,-2.17,2.11,-1.37,-0.01,1.02,0.13,-2.14,1.46,-2.44,16631961
668384,0.06,1.02,0.10,-2.29,2.11,-1.19,-0.00,1.02,0.12,-1.92,3.02,-3.27,16632406
668395,0.06,1.02,0.10,-1.95,2.04,-1.43,-0.00,1.02,0.13,-0.55,2.38,-1.34,16635778
668407,0.05,1.02,0.10,-1.95,1.98,-1.46,-0.01,1.01,0.13,1.16,1.59,0.58,16634228
668419,0.05,1.02,0.09,-1.92,2.20,-1.43,-0.00,1.01,0.13,1.43,1.95,2.44,16633409
668431,0.05,1.02,0.10,-1.89,1.95,-1.07,0.00,1.00,0.13,1.07,2.04,6.07,16632301
668442,0.05,1.02,0.10,-1.86,2.32,-1.62,-0.00,1.00,0.13,1.50,1.98,3.27,16632545
668453,0.05,1.02,0.09,-2.38,1.83,-1.13,-0.01,1.01,0.13,-0.21,0.82,-3.85,16632944
668466,0.05,1.02,0.10,-2.14,2.08,-1.10,-0.02,1.01,0.13,-1.80,0.46,-7.39,16630611
668477,0.05,1.02,0.10,-1.74,2.01,-1.19,-0.02,1.01,0.13,-0.85,-0.21,-5.46,16630054
668489,0.05,1.02,0.10,-1.62,2.01,-1.28,-0.01,1.00,0.13,1.74,-0.76,0.67,16632716
668500,0.05,1.02,0.09,-1.80,2.14,-1.50,-0.00,0.99,0.13,4.49,0.76,1.77,16633443
668513,0.05,1.02,0.09,-1.83,2.20,-1.37,0.00,0.99,0.13,5.19,0.76,2.17,16632340
668524,0.05,1.02,0.09,-2.14,1.98,-1.31,0.00,1.00,0.12,3.57,1.89,-1.37,16629752
668536,0.05,1.02,0.09,-1.92,2.20,-1.22,0.00,1.01,0.13,1.16,2.04,0.31,16630934
668548,0.05,1.02,0.09,-2.11,2.32,-1.31,-0.01,1.02,0.13,0.34,2.47,-0.98,16629054
668559,0.05,1.02,0.10,-2.11,2.11,-1.31,-0.02,1.02,0.13,-0.61,0.98,-0.15,16630246
668571,0.05,1.02,0.10,-1.98,2.11,-1.19,-0.03,1.02,0.13,-0.95,-0.89,-1.71,16631428
668582,0.05,1.02,0.10,-1.62,1.80,-1.10,-0.03,1.01,0.13,0.12,-1.53,-1.89,16632114
668595,0.05,1.02,0.10,-1.71,2.11,-1.28,-0.02,1.02,0.13,0.82,-0.79,-1.37,16633213
668606,0.06,1.02,0.09,-1.40,2.29,-1.37,-0.01,1.01,0.13,-0.27,-0.27,3.60,16632963
668618,0.06,1.03,0.09,-1.10,2.04,-1.28,-0.00,1.01,0.13,1.37,0.40,4.03,16632997
668630,0.06,1.02,0.09,-1.46,2.20,-1.43,-0.00,1.00,0.13,-0.34,0.52,1.59,16632306
668642,0.06,1.02,0.09,-1.37,2.01,-1.31,-0.01,1.00,0.13,-0.34,0.55,0.73,16631657
668653,0.06,1.02,0.09,-1.59,2.14,-1.56,-0.01,1.00,0.13,1.10,0.21,1.62,16629306
668665,0.05,1.02,0.09,-2.04,1.92,-1.37,-0.01,1.00,0.13,1.56,0.61,1.89,16627372
668677,0.05,1.02,0.09,-2.17,2.14,-1.22,-0.00,1.00,0.13,0.24,0.15,2.23,16629677
668688,0.05,1.02,0.09,-2.01,1.89,-1.28,-0.01,1.00,0.13,-0.21,-0.18,-0.61,16629375
668700,0.05,1.02,0.09,-1.83,1.98,-0.95,-0.01,1.01,0.13,-0.49,-0.52,-1.80,16627785
668711,0.05,1.03,0.09,-1.16,2.01,-1.19,-0.01,1.01,0.13,0.27,0.31,-2.47,16629009
668724,0.05,1.03,0.09,-1.25,2.17,-1.19,-0.00,1.01,0.12,0.46,0.24,0.95,16631376
668735,0.05,1.03,0.09,-1.43,2.04,-1.13,-0.00,1.01,0.12,0.18,-0.06,3.36,16630176
668747,0.05,1.02,0.09,-1.77,2.23,-0.95,-0.01,1.02,0.12,-0.37,0.31,1.40,16629081
668759,0.06,1.02,0.09,-2.20,2.04,-1.13,0.00,1.02,0.12,-0.76,2.01,-0.37,16631384
668771,0.06,1.02,0.09,-2.01,1.95,-1.43,0.01,1.01,0.12,-0.82,1.77,0.15,16631261
668782,0.06,1.02,0.09,-2.01,2.01,-1.50,0.00,1.01,0.12,-1.10,1.01,-0.09,16630037
668793,0.06,1.02,0.09,-1.34,2.26,-1.62,-0.00,1.00,0.12,-1.74,0.89,0.82,16630320
668806,0.05,1.03,0.09,-1.10,2.23,-1.31,-0.00,1.00,0.13,-1.13,0.24,0.40,16629870
668817,0.05,1.03,0.09,-0.43,2.08,-1.22,-0.01,0.99,0.13,-0.61,-0.73,-1.59,16631273
668829,0.05,1.03,0.09,-0.82,1.95,-1.46,-0.01,0.99,0.13,-1.40,-0.95,-4.12,16633072
668840,0.05,1.02,0.09,-0.92,1.77,-1.13,-0.01,0.99,0.13,-1.19,-0.15,-4.12,16633034
668853,0.05,1.02,0.09,-1.56,2.23,-1.25,-0.01,0.99,0.12,0.00,-0.43,-2.04,16632620
668864,0.05,1.02,0.09,-2.08,1.98,-0.76,-0.00,0.99,0.12,0.34,0.31,-0.89,16632350
668876,0.05,1.02,0.09,-2.66,1.89,-0.95,-0.00,1.00,0.12,0.00,0.27,-0.61,16631605
668888,0.05,1.02,0.09,-2.32,1.89,-0.89,-0.00,1.01,0.12,1.07,0.18,-0.89,16629566
668900,0.05,1.02,0.09,-2.17,2.08,-1.31,0.00,1.01,0.12,-0.15,0.12,-0.21,16628896
668911,0.05,1.02,0.09,-1.98,2.23,-1.19,0.01,1.02,0.12,-1.46,0.21,-1.56,16630297
668922,0.06,1.02,0.09,-1.83,1.77,-1.04,0.01,1.02,0.12,-2.35,0.18,-2.53,16628716
668935,0.06,1.02,0.09,-1.71,1.98,-1.25,0.00,1.01,0.12,-1.53,0.12,-1.92,16628558
668946,0.06,1.02,0.09,-1.56,2.17,-1.25,0.00,1.01,0.11,-0.76,0.24,-2.29,16629056
668958,0.05,1.02,0.09,-2.04,1.95,-1.53,0.00,1.01,0.11,-0.40,1.04,-0.61,16626726
668969,0.05,1.02,0.09,-1.74,2.04,-1.31,0.00,1.01,0.11,0.43,1.62,0.31,16628092
668982,0.05,1.02,0.09,-2.08,1.92,-1.25,0.01,1.01,0.11,-0.67,1.65,2.59,16628891
668993,0.05,1.02,0.09,-2.11,1.74,-1.19,0.00,1.02,0.12,-0.89,1.80,1.31,16631173
669005,0.05,1.02,0.09,-1.86,1.92,-1.28,0.00,1.03,0.12,-1.92,2.20,1.34,16630586
669017,0.05,1.02,0.09,-1.46,1.98,-1.07,-0.00,1.03,0.12,-3.30,1.74,-0.92,16629748
669029,0.05,1.02,0.09,-1.46,2.14,-1.10,-0.01,1.03,0.12,-3.45,1.65,-2.50,16629509
669040,0.05,1.02,0.09,-1.59,2.17,-1.10,-0.01,1.02,0.12,-3.48,0.73,-0.61,16630041
669051,0.05,1.02,0.09,-1.83,1.95,-1.16,-0.02,1.00,0.13,-1.80,0.15,-0.37,16629462
669064,0.05,1.02,0.09,-1.89,1.89,-1.22,-0.02,0.99,0.13,0.03,-0.70,-0.34,16628927
669075,0.05,1.02,0.09,-1.95,2.26,-1.07,-0.01,0.99,0.13,1.19,-0.46,0.34,16629051
669087,0.05,1.02,0.09,-1.86,2.32,-1.43,-0.00,0.99,0.12,1.01,0.09,-0.27,16629764
669099,0.05,1.02,0.09,-1.37,2.01,-1.40,-0.00,1.00,0.12,-0.89,0.58,-1.77,16628419
669111,0.05,1.03,0.09,-0.82,2.08,-1.46,0.00,1.01,0.12,-2.14,1.62,-1.62,16628861
669122,0.05,1.03,0.09,-0.40,2.32,-1.31,0.01,1.01,0.12,-1.50,1.86,0.24,16631842
669134,0.05,1.03,0.09,-0.31,2.11,-1.74,0.01,1.01,0.12,-1.07,1.31,0.73,16631567
669146,0.05,1.02,0.09,-0.89,2.20,-1.22,0.00,1.01,0.12,-2.35,0.95,-0.95,16630974
669157,0.05,1.02,0.08,-1.28,1.80,-1.10,-0.00,1.01,0.12,-1.83,0.24,0.15,16629670
669169,0.05,1.02,0.08,-1.80,2.20,-1.25,-0.00,1.00,0.12,-0.61,-0.03,0.82,16627510
669180,0.05,1.02,0.08,-2.29,2.04,-1.07,-0.00,1.00,0.12,0.12,0.37,0.89,16626889
669193,0.05,1.02,0.08,-2.38,2.08,-1.28,-0.00,1.00,0.12,0.03,0.43,-1.83,16629086
669204,0.05,1.02,0.08,-2.59,1.89,-0.92,0.00,1.01,0.12,-0.58,1.01,-3.23,16630568
669216,0.06,1.02,0.09,-3.45,0.79,-1.25,0.01,1.02,0.12,-2.04,1.65,-0.06,16630283
669228,0.06,1.02,0.09,-3.63,-0.12,-1.16,0.01,1.02,0.12,-2.99,2.38,0.52,16631083
