time,faccx,faccy,faccz,fgyrx,fgyry,fgyrz,saccx,saccy,saccz,sgyrx,sgyry,sgyrz,load
136220,0.07,1.03,0.10,1.95,3.27,-1.31,1.04,-0.01,0.12,4.76,30.33,1.56,16639674
136229,0.04,1.03,0.09,1.92,6.13,-1.59,1.03,-0.03,0.13,8.45,29.91,1.71,16636883
136240,0.02,1.03,0.08,3.39,8.97,-0.40,1.04,-0.04,0.12,6.47,31.62,2.69,16636476
136250,0.02,1.04,0.09,3.94,11.57,-1.68,1.04,-0.03,0.12,11.54,31.07,3.63,16636606
136260,0.04,1.03,0.10,-0.73,9.98,-1.68,1.03,-0.00,0.14,10.01,24.23,1.43,16636284
136271,0.07,1.01,0.10,-5.22,5.86,-1.28,1.02,0.01,0.15,-0.21,10.13,-2.84,16636665
136283,0.09,1.00,0.09,-6.44,1.46,-1.43,1.02,0.01,0.17,-0.73,-2.47,-2.69,16634983
136295,0.07,1.02,0.11,-1.56,2.29,-0.73,1.01,-0.02,0.16,9.58,-24.54,0.70,16637088
136306,0.07,1.04,0.11,1.46,1.56,-1.77,1.00,-0.11,0.12,18.04,-55.15,9.64,16638769
136318,0.06,1.02,0.10,-0.76,1.86,-1.13,1.02,-0.10,0.12,12.63,-72.57,-14.59,16635917
136330,0.06,1.01,0.09,-5.28,2.23,-0.79,1.02,-0.02,0.09,23.93,-85.85,-23.96,16636129
136342,0.06,1.02,0.09,-3.51,2.23,-1.25,1.03,-0.01,0.05,45.26,12.63,-6.16,16636804
136353,0.05,1.03,0.11,-0.73,2.41,-1.89,1.05,0.00,0.11,29.14,-9.83,-6.90,16634939
136365,0.05,1.03,0.10,-0.64,2.23,-1.22,1.05,0.05,0.16,9.58,-5.13,-8.09,16634888
136377,0.05,1.02,0.09,-3.85,1.89,-1.16,1.04,0.04,0.15,10.10,0.46,0.21,16635849
136388,0.05,1.01,0.09,-4.82,2.01,-1.28,1.04,0.02,0.13,-6.99,12.85,12.82,16639274
136400,0.05,1.03,0.10,-1.83,2.38,-1.40,1.03,0.03,0.12,-28.56,20.81,14.68,16638104
136412,0.05,1.03,0.10,-0.06,2.08,-1.40,1.03,0.03,0.09,-20.60,14.59,12.63,16639614
136424,0.05,1.02,0.10,-2.08,2.20,-1.65,1.04,0.04,0.08,-24.29,1.46,-1.98,16638090
136435,0.05,1.01,0.09,-4.58,2.17,-1.22,1.04,0.02,0.08,-12.05,-0.67,-2.50,16635470
136448,0.05,1.02,0.10,-2.90,2.08,-1.46,1.04,0.00,0.08,-9.28,1.80,-0.64,16635643
136459,0.05,1.03,0.10,-0.82,2.23,-1.22,1.04,-0.00,0.08,-5.04,5.10,0.09,16634593
136470,0.05,1.03,0.10,-1.53,1.95,-1.28,1.04,-0.01,0.07,7.48,16.05,0.34,16636314
136482,0.05,1.02,0.10,-3.08,2.08,-1.53,1.04,-0.02,0.05,31.37,7.54,-1.07,16638113
136494,0.05,1.02,0.10,-3.63,1.86,-1.22,1.02,-0.02,0.04,28.59,-15.29,-0.40,16637508
136506,0.05,1.03,0.10,-1.95,1.98,-1.16,1.00,-0.03,0.05,10.22,-45.10,-1.62,16637096
136517,0.05,1.03,0.10,-1.19,2.38,-1.28,1.04,0.01,0.11,-3.23,0.43,-0.27,16638453
136529,0.05,1.02,0.09,-2.35,2.04,-1.19,1.04,0.01,0.13,-14.62,2.41,-2.35,16637343
136541,0.05,1.02,0.09,-3.72,2.17,-0.89,1.04,-0.00,0.12,-9.09,-1.10,-2.47,16636455
136553,0.05,1.02,0.09,-2.66,1.92,-1.31,1.04,-0.01,0.11,-1.89,-0.76,-0.98,16638319
136564,0.05,1.03,0.10,-1.16,2.01,-1.25,1.04,-0.01,0.11,-1.59,-1.10,-3.69,16636405
136577,0.05,1.03,0.10,-1.59,1.92,-1.53,1.04,-0.02,0.11,-10.44,-13.15,-18.01,16635496
136588,0.05,1.02,0.09,-3.33,1.95,-0.92,1.04,-0.02,0.10,-13.40,-15.20,-22.25,16634391
136599,0.05,1.02,0.10,-3.05,2.01,-1.19,1.04,-0.01,0.08,-17.73,-12.91,-15.23,16635275
136611,0.05,1.03,0.10,-1.92,1.98,-1.40,1.04,0.01,0.07,-15.11,-9.25,-11.32,16637569
136623,0.05,1.03,0.10,-1.34,2.11,-1.37,1.03,0.02,0.06,15.47,-4.09,-5.49,16637667
136635,0.05,1.02,0.10,-2.75,2.20,-1.25,1.03,0.02,0.07,5.86,5.07,6.59,16635421
136646,0.05,1.02,0.09,-2.99,1.98,-0.98,1.03,0.03,0.06,6.13,2.26,0.55,16636524
136658,0.05,1.02,0.10,-2.20,2.08,-1.31,1.03,0.03,0.07,-9.43,4.70,7.32,16634851
136670,0.05,1.03,0.10,-1.25,2.11,-1.25,1.03,0.01,0.08,-1.80,11.29,12.82,16633313
136682,0.05,1.02,0.10,-1.92,1.86,-1.25,1.04,0.01,0.08,7.51,3.42,4.82,16635733
136693,0.05,1.02,0.09,-2.81,2.26,-1.04,1.04,0.00,0.08,6.04,-14.04,-20.14,16634150
136706,0.05,1.02,0.09,-2.93,2.08,-1.19,1.04,-0.01,0.07,18.46,-17.97,-29.42,16635152
136717,0.05,1.02,0.10,-2.29,1.80,-1.56,1.04,-0.01,0.07,-0.70,-16.36,-24.66,16636176
136728,0.05,1.03,0.10,-1.77,2.26,-1.16,1.04,-0.01,0.06,3.97,-7.81,-22.28,16632612
136740,0.05,1.02,0.10,-2.23,2.11,-1.37,1.05,0.02,0.04,22.40,-5.04,-39.37,16634080
136752,0.05,1.02,0.09,-2.81,2.11,-1.25,1.06,0.03,0.05,27.25,-4.06,-50.93,16635880
136764,0.05,1.02,0.10,-2.72,2.14,-1.34,1.07,0.05,0.05,26.67,-9.00,-61.98,16636265
136775,0.05,1.02,0.10,-2.17,2.14,-1.28,1.08,0.06,0.06,23.22,-7.05,-75.10,16635637
136787,0.05,1.02,0.10,-1.68,2.08,-1.31,1.06,0.08,0.07,29.24,-8.45,-70.34,16635613
136799,0.05,1.02,0.10,-2.44,1.86,-1.37,1.05,0.08,0.10,28.17,-1.46,-79.35,16635995
136811,0.05,1.02,0.10,-2.53,1.89,-1.28,1.06,0.07,0.13,13.64,30.27,-93.35,16634215
136822,0.05,1.02,0.10,-2.14,2.01,-1.43,1.05,0.09,0.12,-11.51,35.89,-97.05,16635009
136834,0.05,1.02,0.10,-1.95,2.11,-1.37,1.03,0.10,0.08,-15.78,28.87,-71.01,16633604
136846,0.05,1.02,0.10,-2.47,2.11,-1.34,1.07,0.07,0.03,9.98,39.61,-32.29,16631199
136857,0.05,1.02,0.10,-2.78,2.04,-1.40,0.98,0.10,-0.01,63.32,47.82,-51.33,16635309
136869,0.05,1.02,0.09,-2.11,2.04,-0.89,0.98,0.10,0.03,53.83,24.63,-15.20,16638520
136881,0.05,1.02,0.10,-2.01,2.23,-1.19,0.98,0.13,0.11,16.91,5.46,2.01,16634367
136893,0.05,1.02,0.10,-2.29,2.08,-1.10,0.99,0.18,0.14,2.44,1.46,27.71,16632330
136904,0.05,1.02,0.09,-2.66,2.11,-1.16,1.00,0.20,0.14,-10.71,20.23,-6.47,16633928
136916,0.05,1.02,0.10,-2.17,2.17,-1.40,1.05,0.16,0.12,-17.73,22.77,-29.66,16633837
136928,0.05,1.02,0.10,-2.20,2.14,-1.10,1.06,0.15,0.10,12.39,17.76,-28.11,16633642
136940,0.05,1.02,0.10,-2.38,2.04,-1.40,1.07,0.16,0.08,57.04,20.42,-73.39,16633399
136951,0.05,1.02,0.10,-2.32,1.74,-1.56,1.08,0.18,0.11,80.11,38.70,-114.17,16633060
136963,0.05,1.02,0.10,-2.35,1.98,-1.22,1.07,0.25,0.16,75.62,69.24,-154.42,16632941
136975,0.05,1.02,0.10,-2.08,2.23,-1.25,1.05,0.29,0.20,51.09,101.14,-193.88,16634005
136986,0.05,1.02,0.10,-1.65,1.95,-1.13,1.07,0.27,0.20,33.60,123.81,-182.59,16634328
136998,0.05,1.02,0.10,-2.35,1.95,-1.40,1.14,0.21,0.15,36.41,107.15,-127.96,16633012
137010,0.05,1.02,0.10,-2.38,2.17,-1.10,1.19,0.17,0.13,46.14,112.76,-106.99,16633339
137022,0.05,1.02,0.10,-2.47,2.14,-1.31,1.18,0.19,0.13,17.33,136.35,-93.57,16634864
137033,0.05,1.02,0.10,-1.89,2.17,-1.19,1.13,0.21,0.13,60.09,133.73,-66.19,16633702
137046,0.05,1.02,0.09,-2.20,2.01,-1.28,1.04,0.27,0.21,98.51,91.52,-19.84,16633678
137057,0.05,1.02,0.09,-2.35,1.92,-1.28,0.98,0.40,0.37,30.79,66.96,-50.08,16634556
137069,0.05,1.02,0.09,-2.66,2.11,-1.37,1.01,0.47,0.44,0.67,112.64,-104.19,16636941
137080,0.05,1.02,0.10,-2.32,2.08,-1.19,1.08,0.49,0.44,9.55,182.86,-121.89,16637029
137092,0.05,1.02,0.10,-2.47,2.23,-1.31,1.10,0.49,0.39,-0.64,195.25,-119.81,16635484
137104,0.05,1.02,0.10,-2.66,2.01,-1.34,1.09,0.49,0.35,-14.89,199.58,-137.45,16636075
137115,0.05,1.02,0.10,-2.47,2.01,-1.40,1.05,0.49,0.26,4.24,220.98,-189.97,16635965
137127,0.05,1.02,0.10,-1.98,1.77,-1.16,0.98,0.49,0.16,3.91,222.99,-231.93,16636670
137139,0.05,1.02,0.10,-1.40,1.95,-1.37,0.94,0.48,0.06,97.14,227.78,-251.59,16635801
137151,0.05,1.02,0.10,-2.20,2.04,-1.40,0.90,0.51,0.12,170.56,212.68,-203.43,16633692
137162,0.05,1.02,0.10,-2.26,2.20,-1.22,0.89,0.60,0.31,103.33,182.10,-146.61,16634059
137175,0.05,1.02,0.10,-2.41,2.04,-1.46,0.94,0.70,0.45,38.33,181.15,-99.12,16635813
137186,0.05,1.02,0.10,-2.04,2.08,-1.22,0.89,0.79,0.54,-16.48,215.09,-111.27,16633932
137197,0.05,1.02,0.10,-1.86,1.92,-1.10,0.78,0.86,0.52,-55.97,188.39,-161.62,16634628
137209,0.05,1.02,0.10,-2.17,1.95,-1.31,0.71,0.79,0.42,-42.14,113.95,-68.08,16635244
137221,0.05,1.02,0.10,-2.26,2.08,-1.31,0.56,0.69,0.23,98.75,151.76,-135.96,16634631
137233,0.05,1.02,0.10,-2.20,1.71,-1.10,0.39,0.62,0.19,83.56,83.13,-105.38,16634403
137244,0.05,1.02,0.10,-1.98,2.17,-1.59,0.30,0.64,0.15,104.86,23.65,-180.05,16633177
137256,0.05,1.02,0.09,-3.14,1.77,-0.64,0.14,0.87,0.49,-235.60,-209.72,-291.17,16634032
137268,0.05,1.02,0.10,-2.29,1.89,-0.85,-0.07,0.76,0.58,-90.39,-276.55,-233.89,16635384
137280,0.05,1.03,0.10,-1.31,2.04,-1.28,0.15,0.31,0.29,223.85,-351.99,-101.72,16635398
137291,0.05,1.03,0.10,-1.83,1.95,-1.19,0.37,0.13,0.15,463.50,-402.53,-165.31,16635025
137304,0.05,1.02,0.10,-3.02,2.08,-1.04,0.49,0.58,0.20,68.66,-274.75,-133.73,16633841
137315,0.05,1.02,0.09,-3.72,1.92,-1.43,0.54,0.76,0.27,-24.87,-241.21,-82.52,16632789
137326,0.05,1.02,0.10,-1.80,1.98,-1.10,0.49,0.90,0.21,-51.97,-247.86,-154.69,16632920
137338,0.05,1.03,0.10,-0.89,2.01,-1.07,0.43,1.00,0.19,-41.96,-235.02,-255.46,16634852
137350,0.05,1.02,0.10,-1.53,2.08,-1.10,0.46,0.92,0.26,5.37,-150.24,-308.20,16633771
137362,0.05,1.02,0.09,-3.48,2.17,-0.95,0.49,0.82,0.41,-24.60,5.95,-234.38,16636828
137373,0.05,1.02,0.09,-3.05,2.04,-1.37,0.38,0.72,0.49,-21.91,66.07,-141.91,16634243
137385,0.05,1.03,0.10,-1.98,2.23,-1.50,0.22,0.70,0.44,-23.96,16.69,-83.13,16634740
137397,0.05,1.02,0.10,-1.56,2.29,-1.40,0.07,0.74,0.39,-58.59,-57.86,-58.11,16635946
137409,0.05,1.02,0.09,-2.75,1.92,-0.95,0.00,0.79,0.37,-93.48,-120.73,-60.49,16635079
137420,0.05,1.02,0.09,-2.44,2.11,-1.01,0.03,0.83,0.38,-139.22,-151.92,-68.21,16633838
137433,0.05,1.02,0.10,-2.04,2.04,-1.25,0.12,0.77,0.44,-114.69,-149.26,-39.55,16634822
137444,0.05,1.02,0.10,-1.71,1.80,-1.59,0.18,0.73,0.56,-62.74,-107.60,25.85,16635905
137455,0.05,1.02,0.10,-2.59,2.11,-1.19,0.25,0.82,0.63,-46.48,-82.73,14.22,16634289
137467,0.05,1.02,0.10,-2.78,2.04,-1.25,0.36,0.94,0.61,-41.23,-62.07,-29.39,16634672
137479,0.05,1.02,0.10,-1.98,2.11,-1.31,0.51,1.03,0.58,-21.94,2.69,-58.93,16632093
137491,0.05,1.02,0.10,-1.80,2.17,-1.13,0.66,1.04,0.56,28.05,116.79,-6.23,16636064
137502,0.05,1.02,0.10,-2.35,2.29,-1.19,0.59,1.10,0.55,24.69,209.56,-9.64,16636121
137515,0.05,1.02,0.10,-2.99,1.83,-1.43,0.54,1.17,0.49,48.03,229.49,-6.50,16632285
137526,0.05,1.02,0.10,-2.50,1.89,-1.13,0.41,1.28,0.49,44.10,227.69,-37.11,16632864
137538,0.05,1.03,0.10,-2.17,2.20,-1.25,0.24,1.41,0.53,14.65,224.21,-101.56,16637753
137549,0.05,1.02,0.10,-2.20,1.98,-1.31,0.05,1.44,0.54,23.22,235.96,-204.90,16639407
137561,0.05,1.02,0.10,-2.32,2.01,-1.25,0.02,1.27,0.55,27.28,298.71,-250.34,16633846
137573,0.05,1.02,0.10,-2.66,2.01,-1.25,0.07,1.01,0.51,76.97,346.56,-235.63,16630757
137584,0.05,1.02,0.10,-1.86,2.01,-1.56,0.11,0.87,0.46,58.78,335.33,-190.40,16631887
137596,0.05,1.02,0.10,-1.71,2.08,-1.37,0.10,0.82,0.41,44.16,252.47,-172.27,16633865
137608,0.05,1.02,0.10,-1.89,1.98,-1.19,-0.00,0.72,0.38,71.29,206.79,-195.40,16633358
137620,0.05,1.02,0.10,-2.11,1.86,-0.70,-0.09,0.54,0.38,63.42,190.34,-71.01,16634365
137631,0.05,1.02,0.10,-2.41,2.17,-0.82,-0.11,0.48,0.35,15.75,135.38,100.74,16636536
137644,0.05,1.02,0.09,-0.03,0.98,-0.06,-0.22,0.59,0.30,41.02,129.43,72.39,16635979
137655,0.05,1.02,0.09,-2.87,1.89,-0.03,-0.39,0.76,0.28,20.02,88.59,-2.69,16633974
137667,0.05,1.03,0.09,-4.09,2.44,-1.65,-0.50,0.77,0.14,-41.20,-74.65,-17.94,16635541
137678,0.05,1.03,0.10,-3.36,2.47,-1.86,-0.36,0.58,0.01,-22.98,-147.00,57.68,16634512
137690,0.05,1.02,0.10,-2.26,2.59,-4.39,-0.20,0.47,0.07,13.46,-77.55,145.29,16632873
137702,0.02,1.02,0.06,-5.52,6.87,-3.94,-0.14,0.78,0.10,-42.63,-93.44,162.75,16640365
137713,0.01,1.03,0.05,-13.00,8.70,6.50,-0.12,1.10,0.13,-99.91,-100.40,157.29,16650441
137725,0.01,1.04,0.06,-11.66,10.96,5.13,-0.12,1.20,0.18,-103.55,-50.23,131.23,16647585
137737,0.00,1.02,0.04,-8.48,16.33,-0.15,-0.17,1.21,0.19,-83.19,-29.91,93.41,16646885
137749,-0.02,1.01,-0.05,-12.08,21.39,-2.01,-0.30,1.17,0.15,-75.10,-36.01,79.90,16655920
137760,-0.03,1.03,-0.01,-3.36,22.58,0.12,-0.37,1.06,0.14,-49.13,-60.58,72.45,16668510
137773,-0.01,1.03,0.09,0.24,22.98,-1.19,-0.31,0.92,0.15,-34.67,-62.93,98.54,16667237
137784,0.03,1.00,0.18,-7.11,18.07,-0.34,-0.20,0.85,0.19,-17.15,-53.41,94.82,16674869
137796,0.08,0.99,0.17,-10.16,10.07,-2.32,-0.11,0.92,0.29,-12.82,-25.27,60.06,16692284
137807,0.16,1.02,0.18,-4.27,0.43,-5.00,0.00,0.95,0.36,-3.88,-0.61,38.91,16727402
137819,0.12,1.04,0.17,0.40,1.83,-2.66,0.09,0.93,0.38,-0.82,8.00,37.84,16769861
137831,0.09,1.04,0.15,-2.84,2.32,-1.86,0.14,0.93,0.39,0.67,30.94,30.91,31707
137842,0.08,1.00,0.12,-11.20,2.26,-1.89,0.14,0.96,0.38,5.83,37.51,-0.79,68599
137854,0.07,1.00,0.10,-11.66,2.44,-1.83,0.14,0.97,0.38,27.28,47.85,-34.85,107242
137866,0.07,1.03,0.12,-4.36,2.17,-1.86,0.11,0.94,0.40,40.83,77.09,-41.29,145845
137878,0.06,1.04,0.12,-2.41,2.04,-0.49,0.02,0.89,0.38,30.12,58.26,-85.54,174087
137889,0.05,1.00,0.09,-9.74,2.44,-1.83,0.05,0.70,0.28,79.83,25.27,-41.29,194321
137902,0.05,1.00,0.08,-10.89,2.81,-1.86,0.01,0.80,0.28,70.95,-8.36,-52.70,214727
137913,0.05,1.03,0.10,-5.19,2.14,-1.13,0.10,1.16,0.38,39.37,1.31,-144.23,241803
137924,0.05,1.04,0.11,-3.54,0.89,-0.24,0.26,1.37,0.51,14.86,79.38,-195.40,274007
137936,0.05,1.02,0.10,-6.44,3.42,-3.51,0.38,1.41,0.59,6.87,185.00,-218.84,300251
137948,0.05,1.02,0.11,-6.77,2.78,-2.17,0.33,1.30,0.60,17.88,268.37,-195.13,323241
137960,0.05,1.04,0.12,-4.46,1.68,-1.07,0.12,0.92,0.47,7.35,230.16,-108.64,344602
137971,0.05,1.03,0.12,-6.13,2.62,-1.19,-0.21,0.55,0.19,-7.17,-46.78,29.79,360731
137984,0.05,1.02,0.11,-7.48,3.75,-0.67,-0.28,0.39,0.09,-19.78,-129.21,112.21,376436
137995,0.04,1.03,0.12,-4.18,5.62,0.21,-0.24,0.44,0.20,35.92,-103.00,162.99,393059
138007,0.03,1.02,0.11,-5.28,7.29,0.73,-0.27,0.82,0.32,-41.29,-72.88,157.56,411627
138018,0.03,1.02,0.10,-6.10,8.36,-0.34,-0.22,1.15,0.48,-68.79,0.73,119.90,428650
138030,0.04,1.04,0.12,-0.61,7.29,-0.76,-0.29,1.24,0.49,-56.49,23.19,85.30,444116
138042,0.04,1.05,0.12,3.05,8.39,-0.92,-0.35,1.21,0.42,12.66,12.33,-3.97,453219
138053,0.04,1.04,0.10,1.22,12.02,-1.43,-0.36,1.13,0.36,37.41,4.79,-15.11,447823
138065,0.04,1.02,0.08,-3.30,14.13,-1.04,-0.27,1.05,0.34,46.63,17.03,-18.25,429581
138077,0.03,1.02,0.07,-2.26,19.50,-1.65,-0.19,0.99,0.33,45.17,31.77,-24.54,408919
138089,0.03,1.03,0.08,-1.22,22.37,-2.26,-0.10,0.86,0.27,30.15,37.29,3.48,392599
138100,0.06,1.02,0.11,-2.99,12.79,1.28,-0.04,0.69,0.15,67.72,35.80,46.51,380433
138113,0.09,1.01,0.15,-3.02,1.25,0.34,-0.06,0.64,0.01,44.65,-0.76,90.00,371778
138124,0.08,1.04,0.17,4.09,2.53,-2.26,-0.10,0.78,-0.04,60.88,-20.02,75.10,376111
138136,0.06,1.05,0.18,6.90,1.68,0.31,-0.07,0.93,-0.01,18.98,-0.70,37.38,380939
138147,0.06,1.02,0.16,2.04,2.35,-0.89,-0.04,0.91,0.00,22.80,-3.97,78.83,378411
138159,0.06,1.01,0.15,-1.04,3.20,-2.47,-0.08,1.01,0.01,-6.53,-22.34,98.39,376597
138171,0.03,1.02,0.19,-0.79,10.89,-0.34,-0.19,1.12,0.01,-21.82,-28.20,47.42,375158
138182,-0.03,1.00,0.34,2.20,27.44,-1.22,-0.22,1.15,0.05,27.65,-14.40,43.33,380011
138194,-0.04,0.99,0.48,-4.00,32.35,1.16,-0.13,1.28,0.18,-22.13,-5.58,2.62,390940
138206,-0.01,1.00,0.56,-0.89,24.75,-2.01,-0.00,1.33,0.25,-38.70,-7.42,-23.07,408653
138218,0.00,1.03,0.47,6.50,9.64,0.49,0.11,1.18,0.34,-33.78,16.30,-0.37,426744
138229,0.05,1.03,0.27,3.88,0.24,-1.19,0.10,1.02,0.39,11.23,23.16,-5.58,447381
138242,0.12,1.03,-0.03,-0.34,-1.71,-1.46,-0.02,0.87,0.43,40.56,-10.10,11.81,466770
138253,0.13,1.03,-0.32,-9.83,4.73,-2.14,-0.07,0.77,0.58,45.41,4.12,11.78,481083
138265,0.10,0.96,-0.26,-19.41,1.98,1.65,-0.05,0.66,0.63,37.87,-51.61,80.84,494026
138276,0.09,0.99,-0.19,-13.31,1.10,0.73,0.01,0.75,0.66,29.24,-87.65,81.79,511395
138288,0.08,1.05,-0.12,2.81,3.02,-1.56,0.18,0.97,0.61,60.06,-69.37,33.94,527079
138300,0.09,1.07,-0.16,10.50,-3.11,-4.03,0.31,1.19,0.56,75.99,-34.39,-45.68,537813
138311,0.09,1.02,-0.27,-9.74,-13.64,-0.15,0.32,1.30,0.49,23.16,-39.28,-74.31,541473
138323,0.12,1.00,-0.18,-11.57,-16.60,-3.51,0.31,1.15,0.42,-6.99,18.77,-34.67,529296
138335,0.06,1.07,-0.08,5.04,-12.24,-3.30,0.18,0.87,0.21,-9.61,37.41,29.69,513712
138347,-0.03,1.07,0.03,6.99,0.34,0.27,-0.08,0.69,-0.02,5.80,29.08,90.03,514940
138358,-0.08,1.01,0.12,-10.80,14.74,-1.34,-0.16,0.88,-0.09,-47.79,-19.50,124.97,526603
138371,0.01,1.00,0.29,-12.12,16.05,0.31,-0.17,1.13,-0.16,-37.81,-97.90,43.61,540701
138382,0.11,1.07,0.37,9.74,2.44,-3.45,-0.01,1.09,-0.12,-36.07,-78.34,44.86,547759
138393,0.10,1.05,0.34,10.10,2.66,-2.99,0.04,1.08,0.02,-57.25,-5.34,40.41,545264
138405,0.09,0.98,0.27,-6.01,1.83,-1.89,0.04,1.05,0.10,-73.33,35.43,57.43,539887
138417,0.08,1.01,0.27,3.85,2.41,-3.11,0.03,1.00,0.11,-27.50,36.10,66.89,536462
138429,0.06,1.06,0.28,16.11,2.69,-1.59,0.03,1.07,0.18,-73.82,49.29,60.88,529452
138440,0.05,1.02,0.20,5.10,5.86,-1.62,0.08,1.04,0.21,-38.06,74.19,37.99,508953
138452,0.01,1.00,0.18,1.56,20.94,-0.43,0.15,1.01,0.26,-32.47,73.18,58.69,472957
138464,-0.03,1.04,0.21,9.70,34.91,1.28,0.19,1.08,0.26,135.25,103.30,-34.00,423144
138476,-0.01,1.05,0.26,12.66,35.19,0.24,0.15,1.28,0.29,-36.01,66.47,-56.21,368619
138487,0.04,1.01,0.29,4.58,22.86,-2.04,0.19,1.25,0.27,-12.27,55.45,-54.20,313177
138500,0.07,1.00,0.29,1.83,7.23,-1.86,0.24,1.16,0.26,-14.62,47.00,-44.74,257232
138511,0.08,1.01,0.29,-0.31,-2.41,-0.98,0.22,1.05,0.22,1.16,17.55,-30.18,194954
138522,0.08,1.05,0.24,6.77,-10.96,-2.41,0.18,1.06,0.23,-20.11,11.26,-26.55,133206
138534,0.08,1.07,0.09,14.04,-16.97,-1.62,0.13,1.03,0.29,-37.05,47.67,-24.38,91594
138546,0.09,1.04,0.03,12.88,-20.97,-0.98,0.09,1.06,0.32,-47.39,12.82,-33.75,68361
138558,0.12,1.08,0.08,26.73,-32.65,-4.70,0.16,1.11,0.38,-86.52,3.20,-27.71,54763
138569,0.16,1.02,0.13,-0.21,-42.57,-4.49,0.18,1.21,0.47,-164.49,2.17,-2.29,48955
138582,0.16,0.96,0.20,1.83,-44.37,-1.83,0.14,1.17,0.43,-153.69,-36.93,12.82,18520
138593,0.18,1.04,0.16,5.77,-47.03,-2.96,0.09,1.06,0.42,-149.23,-51.97,2.87,16749212
138605,0.20,1.10,0.10,23.93,-54.84,-2.41,0.00,0.95,0.41,-147.03,-69.95,10.35,16713823
138616,0.15,1.22,0.04,41.90,-59.51,-3.57,-0.08,0.83,0.37,-122.92,-97.29,18.95,16693446
138629,0.15,1.33,0.08,76.48,-59.51,-10.41,-0.20,0.77,0.37,-78.52,-136.23,13.43,16691879
138640,0.13,1.41,0.14,104.06,-64.21,-12.94,-0.16,0.77,0.41,-79.41,-162.81,43.06,16690126
138652,0.09,1.37,0.14,116.82,-67.96,-5.95,-0.07,0.90,0.52,-82.98,-136.05,39.22,16687149
138663,0.22,0.61,-0.20,-56.82,-64.61,-61.13,0.21,1.02,0.67,-88.90,-27.71,24.38,16664148
138675,0.16,0.68,-0.20,-90.21,-71.41,4.91,0.36,1.16,0.84,-83.47,153.14,-132.11,16628992
138687,0.12,0.91,-0.05,-36.22,-56.73,-9.67,0.34,0.80,0.65,-4.39,93.51,-123.11,16633195
138698,0.04,0.91,-0.10,-2.99,-41.29,-14.37,0.17,0.70,0.59,-16.24,69.73,-20.08,16640881
138711,-0.06,0.88,-0.15,-7.11,-33.51,-22.61,-0.02,0.77,0.53,-15.53,60.79,-50.38,16627127
138722,-0.10,0.97,-0.16,7.42,-16.30,-30.82,-0.12,0.72,0.42,-5.52,-0.52,-21.88,16618712
138734,-0.08,0.98,-0.14,4.12,-7.66,-36.38,-0.13,0.73,0.39,-14.59,-43.43,5.89,16616862
138745,-0.02,0.99,-0.09,3.57,-6.84,-41.14,-0.11,0.78,0.41,-12.63,-55.36,-11.60,16613094
138758,-0.00,1.01,-0.05,6.74,-0.24,-34.58,-0.05,0.76,0.41,3.33,-64.67,-2.35,16612220
138769,-0.02,0.99,-0.04,0.24,5.25,-26.34,-0.02,0.75,0.45,17.33,-53.01,-15.99,16613652
138780,-0.06,0.97,-0.01,2.66,3.78,0.09,-0.04,0.73,0.47,27.31,-73.24,-45.07,16614061
138792,-0.11,0.97,0.00,0.06,3.60,20.14,-0.03,0.65,0.46,49.59,-85.21,-49.38,16608450
138804,-0.15,0.96,-0.01,-1.68,3.94,38.67,0.05,0.62,0.48,37.05,-82.95,10.86,16605534
138816,-0.15,0.98,-0.05,-8.21,4.09,51.70,0.17,0.77,0.54,1.86,-69.49,32.56,16609155
138827,-0.12,1.04,-0.09,-11.23,3.39,51.88,0.32,0.90,0.58,5.13,-11.57,-9.19,16610904
138840,-0.10,1.11,-0.11,-12.66,6.07,52.43,0.36,0.91,0.60,16.82,46.08,-11.38,16610290
138851,-0.13,1.17,-0.10,-10.10,11.57,65.83,0.21,0.93,0.53,27.44,10.99,-25.21,16607604
138863,-0.14,1.22,-0.03,-1.19,19.41,75.81,0.07,0.93,0.49,12.97,-8.70,-13.49,16606450
138874,-0.11,1.24,0.04,14.07,27.50,74.37,0.02,0.91,0.49,9.58,-7.42,7.32,16607915
138886,-0.06,1.23,0.04,24.23,30.58,75.68,0.00,0.93,0.49,14.56,-39.76,10.01,16608959
138898,-0.01,1.20,-0.00,30.15,29.57,74.95,0.11,0.97,0.52,5.43,-48.03,3.66,16607132
138909,0.04,1.17,-0.06,34.30,30.00,67.38,0.24,0.98,0.61,10.89,-2.75,-6.29,16607959
138921,0.04,1.17,-0.10,38.02,30.00,68.85,0.25,1.05,0.66,7.66,16.51,-26.64,16607792
138933,0.05,1.19,-0.10,44.80,34.52,61.22,0.21,1.14,0.67,-11.54,2.59,-14.10,16607483
138945,0.12,1.25,-0.07,56.12,37.78,45.87,0.21,1.24,0.68,-40.53,14.13,-15.11,16607395
138956,0.22,1.30,-0.02,72.51,33.14,22.03,0.17,1.29,0.68,-47.94,32.99,-31.13,16608656
138969,0.28,1.32,0.02,88.81,21.94,0.82,0.07,1.30,0.65,-62.62,13.09,-36.22,16607726
138980,0.32,1.29,0.04,101.53,5.22,-19.13,0.01,1.23,0.61,-69.67,21.33,-35.00,16608706
138992,0.36,1.22,0.05,108.80,-11.78,-33.08,-0.08,1.06,0.54,-67.69,10.16,-54.57,16607252
139003,0.37,1.09,0.04,105.71,-21.36,-39.61,-0.16,0.87,0.45,-34.85,-27.68,-34.94,16605200
139015,0.35,0.96,0.02,100.89,-26.37,-46.63,-0.12,0.76,0.44,-12.08,-47.58,-14.31,16608885
139027,0.30,0.83,-0.04,89.51,-26.58,-56.06,-0.02,0.74,0.44,-3.85,-63.14,-8.64,16609373
139038,0.24,0.73,-0.10,112.79,-25.02,-58.99,0.05,0.74,0.47,2.81,-61.16,-0.34,16612694
139051,0.18,0.59,-0.15,83.56,-20.97,-56.88,0.13,0.77,0.50,2.78,-52.76,16.97,16611961
139062,0.12,0.65,-0.15,56.92,-15.41,-47.03,0.14,0.82,0.52,-9.40,-39.70,-9.67,16612338
139074,0.09,0.70,-0.16,36.16,-10.28,-39.06,0.16,0.79,0.53,5.62,-18.01,-23.86,16609155
139085,0.03,0.75,-0.16,20.14,-3.81,-28.38,0.16,0.74,0.53,5.37,7.20,-13.06,16609466
139098,-0.04,0.75,-0.16,6.13,0.24,-13.37,0.13,0.63,0.50,26.28,17.55,-10.74,16611416
139109,-0.09,0.72,-0.19,-11.51,3.72,4.18,0.09,0.53,0.46,14.62,-9.52,18.83,16609505
139121,-0.14,0.68,-0.23,-31.52,7.45,25.39,0.10,0.44,0.43,33.69,-14.22,56.73,16607047
139132,-0.14,0.64,-0.27,-51.15,13.95,45.65,0.09,0.47,0.45,49.19,-24.20,50.96,16608306
139144,-0.09,0.62,-0.30,-69.31,18.65,62.01,0.13,0.59,0.44,64.76,-29.42,-9.06,16609997
139156,-0.02,0.60,-0.29,-85.85,19.13,73.73,0.26,0.85,0.58,101.10,100.86,-133.58,16610090
139167,0.06,0.60,-0.26,-105.19,18.68,79.83,0.31,0.85,0.59,142.30,138.85,-157.07,16611385
139180,0.11,0.62,-0.23,-124.57,19.01,79.68,0.18,0.87,0.51,93.29,64.30,-123.93,16609693
139191,0.14,0.64,-0.21,-142.85,21.24,64.88,0.11,0.83,0.48,110.05,64.79,-83.22,16607187
139203,0.16,0.64,-0.16,-158.69,22.98,41.08,0.05,0.80,0.46,125.40,75.35,-48.34,16606419
139214,0.18,0.64,-0.09,-173.58,21.39,17.18,0.00,0.81,0.42,141.69,96.62,-55.63,16607236
139227,0.16,0.66,-0.05,-192.47,15.93,21.33,-0.05,0.94,0.42,120.12,139.25,-57.65,16609004
139238,0.16,0.69,-0.02,-208.65,16.30,21.24,-0.11,1.07,0.39,76.57,123.11,-23.44,16608853
139249,0.18,0.76,0.04,-215.24,18.80,21.09,-0.16,1.10,0.34,27.34,55.51,58.99,16609541
139261,0.22,0.86,0.15,-201.20,21.15,-2.53,-0.15,1.01,0.25,87.55,-38.33,63.63,16610494
139273,0.25,0.98,0.29,-173.43,21.06,-29.75,-0.05,0.95,0.20,102.33,-103.42,93.84,16607888
139285,0.22,1.03,0.31,-164.43,22.89,-45.17,0.04,1.00,0.18,89.72,-118.19,56.18,16608567
139296,0.17,1.01,0.28,-163.85,24.38,-44.53,0.09,1.06,0.28,80.78,-44.80,1.07,16609749
139309,0.10,0.97,0.25,-166.93,25.57,-25.76,0.18,1.02,0.33,92.90,36.13,33.63,16608655
139320,0.02,0.95,0.28,-164.83,33.05,-1.98,0.16,1.10,0.38,70.47,66.59,62.77,16609811
139332,-0.01,0.97,0.37,-148.28,41.96,13.64,0.02,1.32,0.40,3.17,61.43,30.91,16610802
139343,-0.01,1.03,0.48,-124.54,48.86,23.38,-0.10,1.38,0.38,-31.52,57.31,-1.68,16610375
139356,-0.02,1.05,0.53,-108.86,53.56,29.39,-0.17,1.25,0.31,-32.35,35.28,16.88,16610310
139367,-0.01,1.04,0.53,-102.33,53.99,32.81,-0.20,1.07,0.24,-14.50,10.25,44.89,16611127
139378,0.02,1.00,0.53,-100.34,52.70,27.86,-0.20,0.96,0.21,29.69,-9.98,54.26,16610487
139390,0.07,0.96,0.52,-100.31,48.16,19.26,-0.12,0.95,0.21,32.56,-57.68,79.83,16610439
139402,0.13,0.94,0.52,-96.95,44.19,6.87,0.00,1.02,0.29,7.23,-70.19,125.37,16609187
139414,0.16,0.93,0.52,-89.66,37.48,1.46,0.14,1.18,0.36,-51.94,-49.38,109.13,16605612
139425,0.16,0.98,0.51,-72.51,31.59,-0.64,0.23,1.29,0.41,-89.45,-0.40,90.42,16608163
139438,0.15,1.05,0.52,-48.13,26.12,5.28,0.27,1.29,0.40,-103.39,51.97,38.51,16610950
139449,0.15,1.13,0.54,-23.22,23.32,13.15,0.24,1.16,0.34,-59.72,96.10,19.44,16608875
139461,0.17,1.18,0.55,1.80,19.71,18.65,0.17,1.02,0.24,-23.56,116.85,-12.42,16607280
139472,0.21,1.21,0.54,23.04,13.24,24.60,0.04,0.90,0.16,7.26,92.80,-35.22,16606952
139485,0.27,1.24,0.52,44.19,1.40,32.29,-0.04,0.81,0.08,24.54,27.50,-50.48,16607723
139496,0.33,1.25,0.50,65.67,-16.24,40.62,-0.01,0.70,0.04,73.73,-14.89,-19.26,16609509
139507,0.40,1.26,0.47,86.03,-36.80,47.85,0.06,0.69,0.06,106.60,-31.89,-0.31,16608724
139520,0.51,1.36,0.41,63.75,-22.19,-24.63,0.16,0.73,0.08,145.72,14.16,10.89,16608462
139531,0.43,1.43,0.36,70.89,-49.68,3.66,0.15,0.84,0.21,161.83,57.07,-28.17,16607267
139543,0.38,1.29,0.35,97.96,-72.14,27.86,0.13,0.92,0.17,182.83,60.42,-78.40,16608333
139554,0.36,1.21,0.39,114.14,-71.96,18.25,0.06,0.89,0.11,226.84,68.05,-94.54,16610151
139567,0.33,1.16,0.42,119.66,-70.98,19.26,0.01,0.83,0.02,259.22,80.38,-64.64,16607673
139578,0.31,1.15,0.43,125.34,-64.79,14.50,-0.02,0.87,-0.03,228.58,70.74,-11.20,16606590
139590,0.31,1.16,0.44,123.38,-55.27,-6.93,-0.07,1.01,-0.02,172.67,4.39,-11.81,16604951
139601,0.29,1.17,0.41,122.13,-46.20,-19.90,-0.03,1.12,-0.09,136.51,-99.61,-33.23,16606114
139614,0.22,1.16,0.33,128.85,-44.43,-15.35,0.02,1.13,-0.11,130.98,-135.16,-57.07,16606454
139625,0.17,1.16,0.28,134.77,-42.69,-15.05,0.05,1.10,-0.07,120.42,-94.42,-59.33,16607271
139636,0.20,1.17,0.28,140.93,-35.61,-25.57,0.10,1.02,-0.00,102.54,-22.16,-22.43,16605405
139649,0.23,1.17,0.31,141.54,-27.98,-29.27,0.11,0.87,0.03,84.11,11.05,59.57,16605059
139660,0.24,1.18,0.30,142.76,-24.23,-23.19,0.02,0.81,-0.04,50.29,-28.66,110.47,16608347
139672,0.23,1.20,0.26,145.90,-25.27,-13.00,-0.12,0.89,-0.08,11.38,-39.55,88.93,16605474
139683,0.21,1.20,0.22,149.17,-27.95,-5.00,-0.22,0.94,-0.11,2.32,-42.42,55.73,16603981
139696,0.20,1.20,0.19,149.54,-30.30,-0.61,-0.27,0.98,-0.16,16.48,-67.90,-0.03,16604194
139707,0.22,1.17,0.18,147.31,-30.52,-8.33,-0.23,0.97,-0.18,37.45,-82.70,-48.92,16604604
139719,0.23,1.12,0.16,139.53,-29.33,-18.55,-0.09,0.90,-0.15,37.54,-75.56,-42.36,16603481
139730,0.21,1.08,0.12,129.67,-26.52,-26.40,0.07,0.79,-0.09,13.95,-38.09,32.75,16603782
139743,0.28,0.90,0.02,127.26,1.43,-148.32,0.18,0.73,-0.06,-7.29,-5.77,95.06,16604922
139754,0.33,1.00,0.02,53.34,-15.87,-129.12,0.15,0.79,-0.06,-27.83,4.67,133.88,16603920
139765,0.33,1.02,-0.00,52.03,-16.20,-129.43,0.08,0.92,-0.10,-66.19,-22.74,130.77,16609452
139778,0.30,1.01,-0.02,64.67,-20.63,-116.06,-0.00,1.01,-0.14,-93.08,-80.38,140.29,16612752
139789,0.23,0.97,-0.07,73.27,-24.96,-102.23,-0.06,1.10,-0.19,-188.23,-109.71,194.98,16608173
139801,0.15,0.95,-0.12,72.85,-24.20,-89.69,0.01,1.05,-0.17,-131.56,-83.04,202.76,16605139
139812,0.08,0.93,-0.13,73.61,-19.01,-76.63,0.12,1.06,-0.12,-75.99,-61.19,131.35,16604836
139825,0.03,0.91,-0.13,69.55,-9.95,-62.56,0.22,1.11,-0.08,-80.81,-62.84,60.94,16603744
139836,-0.02,0.89,-0.12,64.36,-1.37,-42.21,0.28,1.10,-0.02,-112.70,-19.90,47.36,16603310
139848,-0.04,0.86,-0.16,57.07,5.37,-19.44,0.26,1.02,-0.02,-121.67,5.58,63.63,16606566
139859,-0.07,0.84,-0.20,54.63,7.02,6.20,0.19,0.98,-0.07,-90.97,2.78,52.73,16607349
139872,-0.07,0.82,-0.23,46.17,8.12,23.71,0.17,1.30,-0.05,-75.62,-0.24,-160.10,16607404
139883,-0.05,0.77,-0.23,39.28,8.30,33.14,0.14,1.24,-0.01,-53.13,7.75,-84.20,16607835
139894,-0.04,0.72,-0.25,26.06,13.24,38.42,0.22,1.13,0.00,-39.00,-7.11,2.14,16607067
139907,-0.04,0.66,-0.27,8.03,18.68,36.74,0.43,1.21,0.10,-40.25,17.00,-23.59,16607345
139918,-0.06,0.60,-0.31,-13.79,24.90,35.10,0.46,1.19,0.15,-5.58,5.95,-20.51,16607864
139930,-0.08,0.58,-0.34,-35.46,30.88,36.74,0.44,1.15,0.14,-8.51,27.10,-9.52,16608408
139941,-0.06,0.59,-0.35,-56.49,35.68,35.86,0.43,1.18,0.19,-88.90,121.40,17.79,16608397
139954,-0.01,0.60,-0.32,-74.07,36.90,30.64,0.35,1.16,0.18,-62.07,150.82,31.01,16605641
139965,0.06,0.61,-0.28,-90.21,36.87,22.58,0.25,1.15,0.12,-27.56,136.26,2.93,16603242
139977,0.11,0.62,-0.27,-104.37,35.49,16.30,0.16,1.17,0.06,-58.62,131.32,-10.65,16604020
139988,0.11,0.63,-0.28,-119.29,33.39,16.60,0.08,1.19,0.07,-50.42,94.67,-14.37,16607520
140001,0.10,0.63,-0.28,-131.84,31.65,14.92,0.04,1.28,0.04,-134.06,0.49,-19.59,16606945
140012,0.10,0.64,-0.27,-148.04,28.29,14.28,0.09,1.31,0.09,-71.47,-43.21,-45.47,16605379
140023,0.08,0.67,-0.26,-164.70,26.95,13.31,0.24,1.34,0.20,-120.30,25.24,-47.24,16606767
140036,0.12,0.71,-0.21,-178.83,25.88,7.11,0.40,1.29,0.29,-132.54,106.48,-40.95,16606102
140047,0.17,0.77,-0.14,-190.58,24.75,7.93,0.45,1.18,0.29,-101.90,157.90,-40.68,16603826
140059,0.24,0.84,-0.05,-198.12,21.91,0.82,0.38,1.08,0.27,-111.33,165.74,-7.97,16604728
140070,0.24,0.91,0.03,-199.34,17.24,-4.18,0.27,1.00,0.22,-108.34,141.54,4.67,16602257
140083,0.19,0.98,0.05,-198.76,17.40,-19.68,0.17,0.97,0.19,-109.38,110.75,2.38,16602524
140094,0.15,1.04,0.11,-187.44,16.42,-42.57,0.05,0.96,0.15,-99.73,32.14,7.05,16600299
140106,0.10,1.08,0.16,-181.73,17.33,-60.55,-0.01,0.97,0.17,-103.64,-18.40,10.31,16597768
140118,0.08,1.09,0.20,-178.38,21.79,-82.49,0.03,0.96,0.24,-109.19,-31.34,23.01,16597930
140130,0.07,1.09,0.23,-178.86,25.33,-92.25,0.13,0.92,0.31,-113.80,-14.13,28.90,16600189
140141,0.08,1.08,0.27,-173.89,27.37,-96.44,0.21,0.85,0.37,-95.76,40.71,27.28,16601078
140152,0.08,1.07,0.35,-160.98,24.99,-94.30,0.20,0.77,0.37,-67.81,57.16,25.02,16604476
140165,0.07,1.05,0.39,-152.25,20.54,-78.19,0.15,0.70,0.34,-49.29,35.10,28.32,16604056
140176,0.01,1.01,0.40,-148.62,15.17,-46.72,0.11,0.63,0.31,-26.06,14.86,33.57,16606045
140188,-0.04,0.97,0.41,-142.67,11.14,-10.44,0.10,0.59,0.30,-3.20,0.64,36.68,16608497
140199,-0.09,0.96,0.45,-131.96,9.83,28.87,0.08,0.58,0.30,17.46,-14.92,39.34,16607936
140212,-0.10,0.95,0.49,-120.30,12.36,56.34,0.08,0.61,0.31,24.84,-31.43,30.12,16605057
140223,-0.06,0.94,0.53,-110.08,15.14,70.13,0.08,0.67,0.33,28.72,-51.91,22.22,16605507
140235,-0.00,0.91,0.54,-104.31,14.04,74.31,0.07,0.70,0.33,18.04,-79.65,29.79,16605921
140247,0.06,0.90,0.54,-99.15,7.84,72.36,0.11,0.71,0.34,24.05,-99.76,40.86,16605766
140259,0.10,0.90,0.52,-91.46,-2.35,76.23,0.22,0.70,0.34,38.97,-77.51,41.75,16606615
140270,0.12,0.93,0.51,-78.49,-12.66,82.86,0.28,0.68,0.36,63.35,-25.30,34.24,16606133
140281,0.09,0.99,0.51,-62.50,-18.22,96.65,0.27,0.68,0.34,80.11,-11.11,26.76,16606620
140294,0.06,1.07,0.53,-40.59,-17.58,105.07,0.24,0.68,0.30,94.51,-29.91,19.53,16605927
140305,0.05,1.14,0.58,-16.11,-13.73,108.34,0.22,0.71,0.26,103.15,-42.14,6.81,16609372
140317,0.06,1.19,0.61,3.88,-10.22,108.70,0.21,0.76,0.25,108.61,-45.26,-4.30,16605876
140328,0.11,1.20,0.64,19.84,-7.87,99.15,0.21,0.83,0.25,102.94,-50.75,-12.36,16605348
140341,0.18,1.18,0.64,32.29,-10.19,84.29,0.22,0.91,0.24,83.50,-56.40,-8.82,16607378
140352,0.25,1.16,0.62,41.41,-17.64,69.61,0.24,0.96,0.24,66.19,-63.75,4.79,16605494
140364,0.31,1.14,0.60,50.87,-29.21,56.15,0.30,0.97,0.22,65.55,-72.72,0.06,16604368
140376,0.35,1.13,0.58,60.82,-40.62,45.26,0.36,0.94,0.22,83.07,-49.80,-9.43,16604641
140387,0.37,1.12,0.58,72.02,-49.71,32.81,0.38,0.91,0.23,107.36,-13.85,-22.34,16602433
140399,0.36,1.12,0.57,82.46,-52.73,18.55,0.34,0.91,0.22,137.91,10.25,-55.48,16602910
140410,0.32,1.12,0.56,92.50,-51.33,5.71,0.29,0.90,0.21,139.71,6.20,-66.89,16604827
140423,0.27,1.14,0.55,104.34,-46.36,-8.27,0.28,0.89,0.20,115.26,-9.16,-40.50,16604330
140434,0.23,1.17,0.55,119.75,-39.89,-18.98,0.26,0.89,0.19,95.70,-28.35,-16.17,16601689
140446,0.22,1.19,0.58,140.26,-34.09,-28.96,0.22,0.91,0.17,80.96,-35.58,-8.48,16603233
140457,0.20,1.20,0.58,158.11,-28.56,-34.61,0.16,0.94,0.13,76.42,-33.91,-5.22,16604590
140470,0.19,1.18,0.58,172.39,-22.55,-39.61,0.09,0.99,0.09,81.63,-31.22,-30.61,16603659
140481,0.17,1.14,0.54,178.89,-15.87,-41.53,0.01,1.05,0.02,99.82,-18.55,-86.27,16603074
140493,0.18,1.09,0.52,181.76,-10.07,-48.22,-0.06,1.09,-0.05,147.83,2.56,-147.46,16604729
140505,0.21,1.04,0.48,177.61,-6.56,-53.47,-0.15,1.20,-0.08,154.88,20.84,-189.94,16606473
140516,0.25,0.99,0.44,170.78,-5.40,-55.39,-0.16,1.30,-0.12,160.64,30.98,-233.18,16606394
140528,0.27,0.99,0.40,166.87,-7.72,-49.07,-0.12,1.33,-0.15,123.99,-2.47,-242.22,16604089
140539,0.27,1.02,0.38,175.14,-17.09,-39.58,-0.02,1.26,-0.20,99.24,-57.16,-215.85,16605564
140552,0.26,1.05,0.36,188.45,-27.25,-32.23,0.11,1.13,-0.16,99.18,-97.78,-167.36,16606687
140563,0.25,1.05,0.33,191.77,-33.23,-32.20,0.21,1.05,-0.05,22.55,-99.09,-85.91,16606456
140575,0.23,1.00,0.30,189.09,-34.61,-36.77,0.27,0.98,0.09,-54.23,-34.82,16.91,16605049
140587,0.19,0.94,0.26,182.19,-33.75,-39.86,0.25,0.96,0.12,-89.78,10.28,67.23,16606319
140599,0.15,0.90,0.21,170.04,-31.92,-32.47,0.13,0.98,0.05,-100.16,23.83,72.08,16603485
140610,0.15,0.85,0.18,156.95,-27.77,-32.38,-0.00,1.01,-0.01,-91.92,36.62,41.47,16606310
140621,0.15,0.78,0.13,138.49,-21.12,-28.53,-0.15,1.02,-0.09,-53.04,12.02,3.17,16606174
140634,0.12,0.72,0.05,117.19,-12.08,-20.14,-0.23,0.99,-0.14,-19.35,-29.66,-34.36,16601772
140645,0.06,0.70,-0.07,93.69,1.13,-9.95,-0.21,0.94,-0.14,9.74,-38.94,-65.73,16604853
140657,0.03,0.69,-0.16,74.07,12.51,-1.43,-0.13,0.89,-0.10,25.79,-14.83,-63.20,16607500
140668,0.04,0.70,-0.22,57.89,20.75,1.19,-0.01,0.91,-0.02,0.31,14.43,-12.45,16606124
140681,0.06,0.72,-0.25,46.36,22.71,5.00,0.07,0.98,0.03,-52.76,26.98,61.28,16604438
140692,0.06,0.75,-0.27,37.54,20.72,11.26,0.08,1.10,0.05,-74.80,22.31,111.08,16604816
140704,0.07,0.76,-0.30,27.80,18.68,15.08,0.10,1.30,0.07,-120.24,3.45,107.18,16607067
140716,0.10,0.76,-0.31,14.98,16.60,17.97,0.13,1.48,0.12,-163.02,24.90,68.66,16606420
140728,0.13,0.74,-0.31,-1.80,16.11,16.57,0.13,1.55,0.12,-183.17,49.80,34.91,16606855
140739,0.13,0.71,-0.32,-20.29,17.55,14.83,0.09,1.45,0.07,-141.17,45.81,20.29,16607866
140750,0.11,0.68,-0.34,-41.50,21.97,11.72,0.09,1.30,0.02,-129.24,27.13,33.97,16606934
140763,0.10,0.65,-0.36,-62.87,27.89,2.66,0.12,1.19,0.06,-119.11,56.98,47.67,16604512
140774,0.12,0.63,-0.36,-85.27,35.37,-5.10,0.15,1.17,0.12,-121.98,81.12,39.95,16604096
140786,0.15,0.62,-0.37,-108.58,40.13,-18.19,0.14,1.17,0.14,-121.12,49.41,32.87,16602359
140797,0.19,0.61,-0.35,-129.94,43.95,-24.63,0.14,1.14,0.16,-138.24,45.20,37.51,16603332
140810,0.22,0.60,-0.33,-149.05,41.53,-19.71,0.13,1.08,0.18,-130.04,48.00,44.71,16605213
140821,0.21,0.61,-0.31,-163.91,37.63,-8.42,0.08,1.01,0.17,-131.93,26.73,43.15,16606948
140833,0.19,0.63,-0.27,-172.67,29.69,4.15,0.03,0.93,0.15,-122.86,-3.57,34.36,16604044
140845,0.17,0.66,-0.22,-173.83,22.34,6.68,0.02,0.83,0.17,-97.08,1.56,18.10,16601658
140857,0.17,0.70,-0.15,-168.06,17.52,-6.44,-0.01,0.71,0.16,-66.68,8.27,-7.51,16605309
140868,0.20,0.74,-0.06,-156.07,11.81,-29.48,-0.01,0.58,0.15,-33.57,4.91,-18.22,16606870
140879,0.22,0.81,0.04,-142.33,7.97,-49.32,0.01,0.48,0.16,12.60,16.33,-30.49,16604179
140892,0.24,0.87,0.08,-136.60,9.92,-58.23,0.03,0.43,0.17,51.30,34.48,-45.99,16605177
140903,0.23,0.94,0.12,-124.11,12.36,-58.65,0.02,0.42,0.16,77.85,33.78,-53.38,16605155
140915,0.22,1.03,0.17,-96.10,12.39,-57.04,0.01,0.46,0.16,81.42,30.15,-39.31,16602115
140926,0.17,1.12,0.22,-70.10,10.38,-41.14,0.01,0.53,0.17,63.32,19.65,-12.24,16602254
140939,0.12,1.16,0.25,-51.27,10.35,-19.56,-0.00,0.63,0.17,44.77,-0.92,7.39,16604079
140950,0.08,1.17,0.26,-38.79,11.17,5.34,-0.02,0.71,0.17,28.29,-4.46,22.25,16605084
140962,0.07,1.18,0.29,-24.72,13.79,25.18,-0.01,0.74,0.18,31.62,12.02,24.08,16603364
140974,0.09,1.19,0.34,-6.20,13.55,43.43,-0.02,0.75,0.16,30.82,-4.36,19.41,16603740
140985,0.10,1.19,0.36,8.54,12.85,59.36,-0.04,0.73,0.14,31.37,-28.50,23.53,16602616
140997,0.09,1.17,0.34,17.52,11.78,71.62,-0.02,0.70,0.14,42.36,-44.98,30.76,16603107
141008,0.09,1.13,0.32,22.16,10.96,78.43,0.02,0.68,0.15,52.67,-52.98,34.18,16605149
141021,0.10,1.08,0.31,23.32,9.25,80.35,0.06,0.67,0.16,61.31,-50.75,42.60,16605611
141032,0.13,1.03,0.28,18.37,8.82,76.45,0.07,0.72,0.17,62.07,-29.33,56.55,16607204
141044,0.16,0.99,0.26,13.79,3.66,80.75,0.06,0.86,0.20,67.05,-21.48,62.99,16606021
141056,0.21,0.97,0.21,5.89,2.41,79.38,0.08,1.05,0.23,34.00,-19.23,58.53,16603851
141068,0.29,1.02,0.19,-111.94,17.33,-92.56,0.09,1.10,0.20,46.42,-34.73,56.37,16606181
141079,0.69,1.71,0.22,-147.49,13.34,-166.17,0.12,1.03,0.18,64.45,35.22,72.45,16634117
141091,0.47,1.41,0.13,-89.54,-10.59,-126.16,0.11,0.98,0.09,41.50,-1.65,88.59,16624484
141103,0.35,1.20,0.12,-41.50,-30.46,-69.06,0.11,0.95,0.05,42.36,-19.84,114.35,16605842
141114,0.26,1.05,0.13,-20.57,-39.76,-24.51,0.14,0.93,0.04,38.36,-43.70,134.31,16608684
141126,0.17,0.95,0.13,-10.99,-45.29,20.94,0.16,0.92,-0.00,29.17,-50.35,144.13,16608858
141137,0.10,0.87,0.08,-13.37,-43.33,50.32,0.16,0.95,-0.02,-21.45,-57.40,160.92,16606733
141150,0.42,1.22,0.17,112.52,-1.16,-163.85,0.29,1.22,0.27,-270.57,211.88,207.31,16612082
141161,0.13,1.10,0.17,62.38,-34.48,-63.48,0.25,1.05,0.21,-171.30,108.09,280.61,16628104
141173,0.07,0.97,0.06,33.14,-30.03,-26.21,0.27,1.07,0.14,-163.85,8.30,229.68,16612128
141185,0.12,1.02,0.02,-37.57,-2.26,-119.84,0.46,1.34,0.34,-62.41,8.33,43.27,16606745
141197,0.17,1.09,0.03,-48.07,-19.23,-45.23,0.63,1.56,0.59,106.93,41.50,-145.05,16618387
141208,0.25,1.10,0.12,23.01,-9.61,-91.95,0.61,1.49,0.59,34.33,-17.82,6.96,16614883
141220,0.19,1.10,0.10,16.60,-19.04,-58.38,0.57,1.36,0.55,-45.01,-68.36,314.00,16619469
141232,0.14,1.09,0.11,6.87,-19.44,-36.74,0.48,1.29,0.54,-182.16,-143.49,428.74,16619606
141243,0.08,1.11,0.12,1.22,-19.35,-29.30,0.45,1.20,0.60,-272.46,-181.49,456.12,16617552
141255,-0.01,1.21,0.16,32.04,-19.35,4.33,0.41,1.06,0.62,-259.22,-165.28,402.80,16618744
141266,-0.02,1.15,0.12,33.17,-10.47,-14.40,0.33,0.96,0.57,-193.02,-246.95,30.79,16623058
141279,-0.04,1.09,0.12,14.71,-11.29,-4.21,0.34,0.92,0.43,-97.11,-286.41,-208.13,16621926
141290,-0.06,1.09,0.15,21.88,-12.39,1.37,0.24,0.79,0.35,-126.80,-262.45,-327.12,16621587
141302,-0.06,1.11,0.15,29.72,-8.24,0.12,0.50,1.02,0.39,-151.67,-293.24,-405.73,16624771
141314,-0.05,1.08,0.10,21.21,0.12,-3.36,0.53,1.00,0.29,-44.04,-358.03,-418.98,16628790
141326,-0.03,1.03,0.09,7.63,4.55,-0.76,0.67,0.91,0.23,-20.69,-385.74,-234.31,16629681
141337,-0.02,0.92,0.06,-14.13,5.89,-0.73,0.63,0.77,0.16,-52.73,-236.76,-178.04,16627169
141348,-0.01,0.92,0.06,-17.64,3.69,1.13,0.58,0.89,0.11,-110.35,-219.67,-357.15,16625853
141361,0.02,1.00,0.11,-5.31,0.85,-1.95,0.56,0.84,0.05,-79.28,-182.80,-328.80,16627040
141372,0.02,1.04,0.13,1.28,1.74,-0.18,0.54,0.87,0.01,-100.52,-212.86,-410.86,16626037
141384,0.04,1.06,0.15,10.04,2.38,-0.67,0.45,0.84,-0.01,-99.67,-200.65,-437.32,16625413
141395,0.05,1.06,0.13,9.95,2.56,-2.99,0.44,0.87,-0.09,354.89,-163.48,-138.34,16625638
141408,0.04,1.00,0.08,-3.69,2.96,-1.40,0.36,0.88,-0.05,333.62,-208.40,-113.16,16628313
141419,0.04,0.97,0.05,-11.78,4.33,-0.64,0.28,1.02,-0.01,224.82,-38.15,-104.37,16630219
141431,0.05,1.00,0.07,-7.17,5.34,-0.61,0.19,1.08,-0.03,129.43,-39.37,-131.50,16632166
141443,0.05,1.04,0.09,0.00,8.12,-0.98,0.13,1.12,-0.06,96.62,-18.65,-92.19,16630925
141455,0.04,1.04,0.10,4.09,10.77,-1.77,0.09,1.21,-0.04,57.40,-4.97,-4.61,16628929
141466,0.03,1.03,0.09,-0.06,10.80,-1.07,0.07,1.21,-0.04,-24.26,-5.25,40.19,16631465
141477,0.03,1.01,0.08,-2.93,10.53,-1.40,-0.03,1.06,-0.02,-83.98,-17.73,-130.37,16632995
141490,0.04,1.01,0.08,-3.57,9.55,-0.89,-0.09,0.97,-0.05,70.53,15.32,-251.07,16632401
141501,0.04,1.03,0.10,-3.69,10.35,-1.19,-0.06,0.98,-0.06,147.25,59.08,11.69,16632823
141513,0.05,1.03,0.11,1.13,9.89,-1.68,-0.05,1.11,-0.08,-8.45,4.55,-30.61,16631534
141524,0.06,1.02,0.11,-2.08,7.05,-1.56,-0.04,1.08,-0.11,-52.80,-22.16,-13.49,16633697
141537,0.07,1.01,0.11,-5.77,7.81,-2.08,-0.05,1.08,-0.11,-52.86,45.26,-72.85,16635372
141548,0.06,1.02,0.11,-3.97,8.45,-0.79,-0.06,1.02,-0.08,7.42,27.98,13.31,16636562
141560,0.07,1.03,0.11,-0.92,8.67,-0.92,-0.00,0.92,-0.03,33.29,-38.06,146.88,16637920
141572,0.09,1.02,0.11,-1.22,3.17,-1.74,0.12,1.05,-0.02,37.81,-53.86,46.97,16637129
141584,0.11,1.01,0.10,-2.44,-2.38,-2.08,0.18,1.00,0.00,57.19,-48.46,30.55,16634736
141595,0.09,1.02,0.09,-2.04,-3.97,-1.50,0.23,1.07,0.01,92.35,-27.98,158.75,16634208
141606,0.08,1.02,0.08,-2.96,-6.74,-1.77,0.18,1.05,-0.01,2.44,-14.50,93.60,16632901
141619,0.08,1.00,0.05,-10.28,-10.28,-0.92,0.17,1.02,-0.06,-58.01,-12.70,34.79,16633470
141630,0.08,1.00,0.05,-11.57,-13.98,-1.22,0.19,0.99,-0.08,-73.58,-29.17,-22.80,16638630
141642,0.09,1.01,0.06,-11.29,-15.90,-2.14,0.20,0.98,-0.06,-55.36,-28.81,-18.98,16641937
141654,0.09,1.02,0.06,-11.41,-17.70,-1.46,0.17,0.99,-0.02,-15.38,3.81,-0.82,16641503
141666,0.08,1.04,0.10,-0.37,-13.92,-2.17,0.13,0.99,-0.01,11.32,11.81,2.32,16640366
141677,0.04,1.06,0.15,6.41,-5.52,-1.25,0.11,0.98,-0.03,28.75,17.55,-4.88,16638482
141689,0.01,1.07,0.18,11.38,2.53,-1.16,0.09,0.98,-0.05,32.26,17.06,-9.77,16635001
141701,0.03,1.08,0.19,16.97,4.49,-1.92,0.07,1.00,-0.06,7.42,11.90,-6.32,16636687
141712,0.08,1.05,0.16,15.59,-1.01,-4.46,0.06,1.02,-0.07,-6.16,14.07,8.18,16639292
141724,0.12,0.99,0.11,-1.40,-9.34,-2.17,0.08,1.02,-0.07,-12.21,18.83,22.03,16638740
141735,0.12,0.98,0.09,-4.61,-11.66,-1.50,0.09,0.98,-0.10,22.80,-3.17,0.98,16636292
141748,0.04,1.02,0.10,1.95,-4.49,-1.13,0.10,0.99,-0.08,11.78,-8.12,-11.69,16635868
141759,-0.05,1.03,0.11,2.01,7.32,-0.46,0.11,0.99,-0.09,9.67,-43.52,-6.47,16636127
141771,-0.11,1.02,0.11,-3.08,19.20,-0.46,0.12,0.98,-0.11,15.84,-48.98,-10.31,16633406
141783,-0.13,0.99,0.10,-8.58,30.70,-0.43,0.13,0.97,-0.13,15.47,-34.73,-22.31,16636065
141795,-0.10,0.99,0.11,-8.85,37.20,-0.61,0.11,0.98,-0.14,8.94,-22.31,-24.05,16636176
141806,-0.05,1.02,0.13,-3.08,37.84,-0.76,0.10,0.99,-0.14,7.26,-2.84,-19.93,16635220
141818,-0.00,1.05,0.13,0.46,35.00,-1.56,0.09,1.01,-0.13,12.54,19.90,-1.28,16634729
141830,0.05,1.05,0.10,0.52,26.28,-1.59,0.09,1.02,-0.12,6.71,33.33,12.73,16636143
141841,0.10,1.02,0.06,-2.14,15.41,-0.76,0.11,1.01,-0.11,-10.28,41.38,14.16,16633941
141853,0.15,1.00,0.04,-5.98,2.96,-1.04,0.13,0.99,-0.09,-10.31,53.28,-0.18,16631479
141864,0.17,0.98,0.02,-11.99,-5.13,-1.98,0.13,0.99,-0.06,-0.67,50.20,-4.73,16631606
141877,0.16,1.01,0.04,-6.47,-12.05,-1.28,0.13,0.99,-0.04,7.11,23.47,-12.39,16634293
141888,0.14,1.05,0.08,2.59,-14.74,-0.67,0.12,1.00,-0.04,14.50,6.87,-10.44,16634760
141900,0.12,1.04,0.08,-0.67,-14.92,-1.74,0.10,1.00,-0.05,1.22,-26.06,-3.23,16638287
141912,0.09,1.02,0.07,-4.58,-13.58,-1.68,0.09,1.00,-0.07,-7.39,-30.82,-0.67,16639265
141924,0.07,1.03,0.09,-1.56,-11.69,-1.53,0.09,1.00,-0.09,-0.12,-34.09,4.85,16640146
141935,0.05,1.04,0.11,1.86,-8.97,-1.98,0.09,0.99,-0.12,11.99,-32.38,-1.86,16642389
141947,0.05,1.03,0.11,0.52,-7.05,-1.89,0.08,0.98,-0.13,19.32,-44.98,-5.07,16638771
141959,0.04,1.02,0.10,-2.56,-5.19,-1.31,0.07,0.98,-0.12,12.79,-42.94,-8.79,16637006
141970,0.03,1.02,0.10,-3.57,-3.51,-1.07,0.07,1.00,-0.10,-1.62,-38.79,-1.77,16638538
141982,0.03,1.02,0.11,-3.14,-2.08,-1.40,0.08,1.00,-0.10,-4.55,-35.46,-1.74,16637894
141993,0.03,1.03,0.11,-1.16,-0.82,-0.85,0.08,1.00,-0.11,-0.12,-20.84,-2.29,16635853
142006,0.03,1.02,0.10,-3.63,-0.24,-1.19,0.09,0.99,-0.11,4.70,-4.43,-3.27,16636479
142017,0.04,1.01,0.10,-4.39,-0.82,-0.89,0.09,0.99,-0.12,2.87,5.77,-4.24,16637817
142029,0.05,1.02,0.10,-2.81,-1.25,-1.25,0.08,1.00,-0.13,-0.89,5.37,1.59,16634561
142041,0.04,1.03,0.11,-1.53,-0.34,-0.98,0.08,1.00,-0.13,-5.92,2.32,3.27,16633786
142053,0.03,1.03,0.10,-1.53,3.05,-1.10,0.09,1.00,-0.14,-10.28,7.72,3.75,16637076
142064,0.03,1.02,0.10,-2.11,3.69,-1.31,0.09,1.00,-0.13,-13.85,8.18,2.93,16639330
142075,0.04,1.02,0.09,-2.23,3.81,-1.25,0.08,1.00,-0.13,-15.08,-1.43,6.99,16638907
142088,0.04,1.02,0.09,-2.78,3.23,-0.89,0.08,0.98,-0.14,13.70,-4.12,4.30,16634374
142099,0.05,1.02,0.09,-3.30,3.02,-1.10,0.09,0.98,-0.13,14.16,7.60,-9.46,16633983
142111,0.05,1.02,0.09,-2.69,3.02,-0.95,0.10,1.00,-0.10,-9.37,0.09,1.89,16638963
142123,0.05,1.03,0.09,-1.83,3.14,-1.37,0.09,1.00,-0.11,-11.41,-19.38,6.84,16640402
142135,0.05,1.03,0.09,-2.81,2.20,-1.34,0.09,1.00,-0.10,-7.05,-2.56,1.71,16639453
142146,0.06,1.02,0.09,-3.23,2.11,-1.62,0.09,0.99,-0.10,5.16,7.11,-2.17,16636053
142158,0.05,1.03,0.10,-1.25,1.83,-1.86,0.09,0.99,-0.10,6.29,0.55,-4.06,16637799
142170,0.07,1.02,0.10,-3.75,-0.61,-1.28,0.08,0.99,-0.10,7.35,-6.04,-5.16,16638784
142182,0.07,1.02,0.11,-4.15,-3.20,-0.95,0.07,0.99,-0.10,3.54,-7.93,-3.85,16638933
142193,0.07,1.03,0.10,-1.01,-1.89,-1.53,0.09,0.99,-0.13,22.28,-19.56,6.62,16639934
142204,0.04,1.03,0.10,0.55,1.77,-0.95,0.09,0.97,-0.15,27.65,-12.57,-25.12,16637294
142217,0.04,1.02,0.09,-2.01,1.86,-1.04,0.10,1.00,-0.13,3.85,-2.53,-9.43,16636186
142228,0.05,1.01,0.09,-5.07,0.37,-0.92,0.09,1.01,-0.12,-5.77,-10.13,9.00,16638618
142240,0.06,1.01,0.09,-5.37,-2.26,-1.22,0.07,1.00,-0.12,-3.33,-12.57,1.43,16639403
142252,0.06,1.02,0.10,-3.63,-2.50,-1.22,0.07,0.99,-0.14,15.50,-15.96,-8.91,16640478
142264,0.06,1.03,0.10,-2.23,-2.04,-1.62,0.08,0.99,-0.13,9.34,-6.84,-10.01,16639963
142275,0.05,1.03,0.10,-1.98,-1.34,-1.28,0.08,0.99,-0.12,9.34,-3.81,1.16,16637335
142287,0.05,1.02,0.09,-2.59,-0.03,-1.04,0.08,1.00,-0.11,-7.87,-4.85,2.20,16636422
142299,0.05,1.02,0.09,-2.50,0.67,-1.68,0.08,1.00,-0.12,-6.90,-5.98,1.31,16639294
142310,0.05,1.03,0.10,-1.31,-0.18,-1.74,0.08,0.99,-0.13,3.72,-10.56,3.30,16641898
142322,0.07,1.03,0.10,-2.11,-1.89,-2.41,0.09,0.98,-0.15,27.13,-9.80,-6.13,16639213
142333,0.09,1.02,0.09,-3.94,-5.25,-1.56,0.09,0.96,-0.16,38.09,-1.43,-19.53,16637928
142346,0.09,1.01,0.07,-6.90,-7.66,-0.82,0.07,0.97,-0.14,32.87,5.80,-13.98,16639091
142357,0.07,1.02,0.08,-3.69,-7.17,-1.53,0.07,1.01,-0.10,3.94,-4.12,0.40,16642822
142369,0.05,1.04,0.09,-0.76,-4.43,-1.16,0.08,1.01,-0.11,1.37,-19.74,-0.15,16643644
142381,0.03,1.03,0.10,-0.85,-1.13,-1.34,0.08,0.99,-0.12,12.88,-14.65,-10.80,16642062
142393,0.02,1.01,0.10,-2.66,1.86,-1.16,0.08,0.98,-0.14,20.32,-8.54,-17.27,16640970
142404,0.03,1.04,0.12,2.72,2.93,-1.31,0.07,0.99,-0.15,23.28,-5.37,-13.89,16644125
142416,0.03,1.04,0.12,3.81,3.36,-1.25,0.05,0.99,-0.16,18.71,-6.13,-10.71,16644688
142428,0.03,1.02,0.11,-0.82,4.43,-0.82,0.05,0.99,-0.17,10.99,-6.99,-7.69,16642398
142439,0.02,1.01,0.10,-4.06,6.93,-0.95,0.05,0.98,-0.18,3.54,-8.88,-7.81,16641919
142451,0.02,1.02,0.10,-2.20,8.61,-1.16,0.05,0.99,-0.19,0.55,-1.25,-6.77,16643153
142462,0.03,1.03,0.10,-2.41,8.27,-0.79,0.05,0.99,-0.19,0.58,6.56,-0.37,16643436
142475,0.04,1.03,0.10,-1.07,7.69,-1.16,0.05,0.99,-0.19,-4.03,11.02,2.35,16641682
142486,0.04,1.03,0.10,0.27,7.90,-1.40,0.05,0.99,-0.19,-9.40,8.12,5.40,16639737
142498,0.05,1.02,0.09,-0.92,7.20,-1.56,0.05,0.99,-0.19,-12.18,11.81,6.38,16640958
142510,0.06,1.01,0.08,-2.96,4.97,-1.28,0.06,0.99,-0.18,-12.73,14.71,7.97,16642879
142522,0.07,1.02,0.08,-3.33,2.75,-1.46,0.05,0.98,-0.17,-11.23,14.37,-2.08,16643770
142533,0.06,1.02,0.09,-2.66,1.92,-0.95,0.05,0.98,-0.16,-2.11,9.40,2.93,16642791
142545,0.06,1.02,0.09,-3.11,2.01,-1.22,0.06,0.98,-0.16,-1.04,3.91,5.62,16636818
142557,0.06,1.02,0.09,-3.17,2.26,-1.07,0.06,0.98,-0.16,-4.91,0.31,-8.54,16640409
142568,0.05,1.03,0.09,-2.87,2.69,-1.62,0.06,0.98,-0.15,8.70,-1.37,-1.50,16643173
142580,0.06,1.02,0.09,-3.63,1.43,-1.74,0.08,0.98,-0.16,4.58,-5.80,-1.68,16642129
142592,0.06,1.02,0.09,-5.40,1.68,-1.34,0.08,0.98,-0.16,1.92,-11.26,-11.02,16639199
142604,0.06,1.01,0.09,-6.56,1.43,-1.04,0.07,0.98,-0.15,10.65,-9.31,-9.83,16637814
142615,0.05,1.02,0.09,-5.16,2.38,-0.55,0.07,0.98,-0.16,14.19,-3.08,-14.40,16641112
142627,0.05,1.03,0.10,-1.95,2.17,-1.40,0.06,0.98,-0.17,16.36,-1.74,-9.43,16641469
142639,0.05,1.03,0.10,-1.37,2.23,-1.40,0.06,0.98,-0.18,8.45,-3.94,-6.35,16639610
142651,0.05,1.02,0.10,-2.56,2.93,-1.37,0.05,0.99,-0.19,-0.06,-3.17,-2.17,16642873
142662,0.05,1.02,0.10,-2.20,3.36,-1.22,0.04,0.99,-0.19,-4.09,5.28,3.02,16642186
142674,0.05,1.03,0.10,-1.46,3.57,-1.07,0.04,0.99,-0.20,-8.94,4.88,5.00,16641215
142686,0.05,1.02,0.10,-1.62,3.42,-1.34,0.05,0.99,-0.19,-10.13,3.51,4.64,16641631
142697,0.05,1.02,0.10,-2.04,3.45,-0.92,0.05,0.98,-0.19,-6.04,4.97,2.84,16643286
142709,0.04,1.02,0.10,-2.56,4.88,-0.82,0.05,0.98,-0.18,-1.31,7.78,-1.10,16642904
142721,0.04,1.02,0.09,-3.81,5.52,-1.13,0.05,0.98,-0.18,-1.62,5.52,-1.46,16643231
142733,0.05,1.02,0.09,-3.27,4.61,-1.37,0.05,0.98,-0.17,-3.08,2.01,-0.73,16641900
142744,0.06,1.02,0.10,-2.29,2.81,-1.46,0.05,0.98,-0.17,1.07,3.57,-0.70,16640564
142756,0.06,1.03,0.10,-1.65,1.89,-1.59,0.05,0.98,-0.17,1.37,-1.68,-1.50,16640185
142768,0.06,1.02,0.09,-2.96,2.20,-1.13,0.06,0.98,-0.17,1.04,-4.73,-4.46,16641661
142780,0.05,1.02,0.09,-4.43,2.32,-1.01,0.06,0.98,-0.17,2.56,-2.66,-5.28,16641397
142791,0.05,1.02,0.09,-3.81,1.77,-1.25,0.06,0.98,-0.17,3.17,-0.21,-4.97,16642094
142802,0.05,1.03,0.10,-2.23,1.65,-1.19,0.05,0.98,-0.18,0.76,-6.62,-4.70,16642169
142815,0.06,1.03,0.10,-0.37,1.04,-1.28,0.05,0.98,-0.18,1.95,-9.77,-2.66,16645225
142826,0.06,1.03,0.11,0.43,0.76,-1.77,0.06,0.98,-0.19,18.10,-8.09,0.24,16645598
142838,0.06,1.03,0.10,-0.92,1.25,-1.53,0.07,0.97,-0.18,10.16,1.37,-8.58,16644636
142850,0.05,1.02,0.10,-3.45,3.66,-1.10,0.05,0.98,-0.17,7.32,-3.91,-12.08,16642577
142862,0.03,1.02,0.09,-4.49,6.44,-0.98,0.03,0.97,-0.17,14.83,-12.54,-13.28,16642394
142873,0.03,1.02,0.10,-4.18,7.84,-0.76,0.04,0.97,-0.18,14.74,-12.33,-18.07,16643063
142885,0.04,1.02,0.10,-4.39,8.70,-0.85,0.04,0.98,-0.18,14.80,-7.32,-16.39,16645599
142897,0.04,1.02,0.10,-2.41,7.60,-1.22,0.04,0.98,-0.19,16.60,-1.46,-12.02,16648079
142908,0.06,1.03,0.09,-1.10,4.49,-1.16,0.04,0.99,-0.20,9.55,-0.03,0.00,16644376
142920,0.07,1.02,0.09,-3.02,1.98,-1.59,0.03,0.98,-0.21,-1.74,-0.24,-1.34,16643117
142931,0.06,1.02,0.09,-3.85,2.53,-1.43,0.04,0.98,-0.21,-2.78,1.01,-2.23,16643352
142944,0.05,1.03,0.10,-0.09,3.23,-1.13,0.03,0.98,-0.20,3.66,8.61,-0.15,16639913
142955,0.05,1.03,0.10,0.15,3.91,-1.10,0.03,0.98,-0.20,1.40,6.01,-0.61,16640067
142967,0.05,1.02,0.09,-2.84,3.60,-1.46,0.03,0.98,-0.20,-3.85,-0.73,-1.65,16640861
142979,0.05,1.01,0.09,-3.66,4.00,-1.22,0.03,0.98,-0.20,-2.62,0.49,-2.08,16642936
142991,0.04,1.03,0.09,-2.14,5.95,-0.98,0.04,0.98,-0.20,4.03,9.28,-2.11,16641633
143002,0.04,1.03,0.09,-1.56,7.26,-1.25,0.04,0.98,-0.20,0.34,6.20,-1.59,16639371
143014,0.04,1.02,0.09,-2.32,8.36,-1.31,0.04,0.98,-0.21,-2.29,6.44,-2.29,16638999
143026,0.03,1.02,0.09,-1.92,9.12,-1.28,0.04,0.97,-0.21,-1.71,6.99,-2.32,16640625
143038,0.06,1.02,0.10,-1.68,5.58,-1.46,0.03,0.98,-0.20,-2.44,5.98,-1.89,16640578
143049,0.07,1.02,0.11,-2.04,1.71,-1.37,0.02,0.97,-0.19,5.43,1.65,-2.08,16639571
143060,0.07,1.02,0.10,-2.56,2.26,-0.67,0.04,0.98,-0.19,3.51,9.28,-5.55,16639530
143073,0.06,1.02,0.10,-2.81,2.14,-1.22,0.04,0.98,-0.19,-7.11,5.43,-3.27,16637694
143084,0.06,1.02,0.10,-2.50,2.26,-0.98,0.04,0.98,-0.18,7.29,-14.89,-3.85,16639121
143096,0.06,1.02,0.10,-3.94,2.08,-0.89,0.04,0.97,-0.20,7.72,-8.18,-3.33,16641786
143108,0.05,1.02,0.09,-4.64,2.01,-1.10,0.04,0.97,-0.22,-0.64,-0.46,-2.23,16643271
143120,0.05,1.03,0.10,-0.82,2.35,-1.56,0.01,0.98,-0.22,-5.52,2.26,1.80,16642419
143131,0.05,1.04,0.11,2.59,2.35,-1.80,0.01,0.98,-0.22,-6.59,-2.32,4.85,16642342
143143,0.06,1.03,0.11,2.08,1.53,-2.20,0.01,0.98,-0.21,-3.75,-0.89,2.29,16642227
143155,0.07,1.02,0.10,-1.16,-0.82,-1.68,0.01,0.97,-0.20,3.85,1.56,-1.16,16641578
143166,0.07,1.02,0.10,-2.84,-1.59,-1.50,0.02,0.97,-0.20,7.57,1.46,-2.50,16642088
143178,0.05,1.01,0.10,-3.88,0.31,-1.04,0.02,0.97,-0.21,2.93,0.64,-2.08,16642159
