time,faccx,faccy,faccz,fgyrx,fgyry,fgyrz,saccx,saccy,saccz,sgyrx,sgyry,sgyrz,load
189871,0.07,1.02,0.08,-7.51,-2.84,-0.85,-0.39,-0.70,-0.51,-1.13,0.64,-0.64,16634623
189881,0.06,1.02,0.08,-5.68,-2.47,-2.14,-0.39,-0.70,-0.51,-1.10,0.55,-0.73,16636160
189891,0.07,1.02,0.08,-3.85,-4.39,-1.28,-0.39,-0.70,-0.51,-0.73,0.55,-0.52,16636845
189901,0.07,1.03,0.09,-2.08,-5.89,-1.62,-0.39,-0.70,-0.51,-1.07,0.43,-0.76,16637693
189912,0.08,1.04,0.10,1.59,-6.99,-1.37,-0.39,-0.70,-0.51,-0.85,0.34,-0.89,16635176
189922,0.06,1.04,0.13,3.27,-6.20,-0.73,-0.39,-0.70,-0.51,-0.67,0.70,-0.64,16635613
189933,0.06,1.03,0.14,3.20,-4.97,-0.98,-0.39,-0.70,-0.51,-1.07,0.67,-0.55,16636524
189944,0.05,1.01,0.12,-2.17,-1.53,-1.25,-0.39,-0.70,-0.51,-0.95,0.52,-0.82,16635820
189956,0.03,1.00,0.11,-6.29,2.78,-1.31,-0.39,-0.70,-0.51,-0.98,0.58,-0.70,16636015
189968,0.05,1.01,0.11,-4.09,1.80,-2.35,-0.39,-0.71,-0.51,-0.76,0.58,-0.79,16635536
189979,0.05,1.03,0.12,-1.22,1.92,-0.92,-0.39,-0.71,-0.51,-1.07,0.64,-0.92,16635757
189991,0.05,1.03,0.12,0.31,2.44,-0.70,-0.39,-0.70,-0.51,-1.13,0.55,-0.73,16637251
190003,0.06,1.02,0.11,-1.31,2.08,-1.62,-0.39,-0.70,-0.51,-0.79,0.85,-0.79,16637060
190015,0.06,1.01,0.10,-4.36,1.86,-1.34,-0.39,-0.70,-0.51,-1.13,0.58,-0.67,16636643
190026,0.06,1.01,0.10,-4.33,1.98,-1.37,-0.39,-0.70,-0.51,-0.82,0.58,-0.95,16637894
190039,0.06,1.03,0.10,-1.83,2.04,-1.16,-0.39,-0.70,-0.51,-0.76,0.34,-0.64,16635515
190050,0.06,1.03,0.11,-0.46,2.20,-1.16,-0.39,-0.70,-0.51,-0.89,0.64,-0.49,16632880
190062,0.06,1.03,0.10,-1.22,2.11,-1.07,-0.39,-0.70,-0.51,-1.13,0.43,-0.70,16635685
190073,0.06,1.02,0.10,-2.99,2.14,-1.37,-0.39,-0.70,-0.51,-1.04,0.49,-0.55,16636416
190085,0.06,1.02,0.10,-3.63,2.32,-1.28,-0.39,-0.70,-0.51,-1.10,0.55,-0.95,16635589
190097,0.06,1.02,0.10,-2.41,1.83,-1.25,-0.39,-0.70,-0.51,-0.95,0.40,-0.98,16635095
190108,0.06,1.03,0.11,-1.31,2.23,-1.22,-0.39,-0.70,-0.51,-0.70,0.52,-0.85,16631751
190120,0.06,1.02,0.10,-1.50,2.17,-1.19,-0.39,-0.70,-0.51,-1.01,0.46,-0.73,16632745
190132,0.06,1.02,0.10,-2.56,2.08,-1.25,-0.39,-0.70,-0.51,-1.07,0.43,-1.04,16637178
190144,0.06,1.02,0.10,-3.20,2.35,-1.43,-0.39,-0.71,-0.51,-0.95,0.37,-0.85,16636357
190155,0.06,1.02,0.10,-2.59,2.04,-1.56,-0.39,-0.70,-0.51,-0.95,0.67,-0.95,16637406
190168,0.06,1.02,0.10,-1.83,2.29,-1.13,-0.39,-0.71,-0.51,-1.07,0.46,-0.67,16638419
190179,0.06,1.02,0.10,-1.19,2.20,-1.31,-0.39,-0.70,-0.51,-0.98,0.52,-0.89,16639198
190191,0.06,1.02,0.10,-2.08,2.20,-1.31,-0.39,-0.70,-0.51,-0.95,0.61,-0.95,16639968
190202,0.06,1.02,0.10,-2.84,2.23,-1.59,-0.39,-0.71,-0.51,-0.95,0.27,-0.92,16636567
190214,0.06,1.02,0.10,-2.78,1.98,-1.53,-0.39,-0.70,-0.51,-1.04,0.61,-0.73,16635142
190226,0.06,1.02,0.10,-2.14,1.77,-1.53,-0.39,-0.70,-0.51,-1.16,0.61,-0.79,16634872
190237,0.06,1.02,0.10,-1.86,2.17,-1.31,-0.39,-0.70,-0.51,-0.92,0.55,-0.73,16636144
190249,0.06,1.02,0.10,-2.17,1.95,-1.07,-0.39,-0.70,-0.51,-1.28,0.55,-0.67,16635578
190261,0.06,1.02,0.10,-2.75,2.04,-1.25,-0.39,-0.70,-0.51,-0.85,0.58,-0.67,16637096
190273,0.06,1.02,0.10,-2.72,1.74,-1.22,-0.39,-0.70,-0.51,-1.07,0.43,-0.89,16635451
190284,0.06,1.02,0.10,-2.17,2.08,-1.31,-0.39,-0.70,-0.51,-0.70,0.73,-0.89,16635458
190297,0.06,1.02,0.10,-1.80,2.14,-1.34,-0.39,-0.70,-0.51,-0.98,0.61,-0.95,16634991
190308,0.06,1.02,0.10,-2.26,1.92,-1.31,-0.39,-0.70,-0.51,-0.85,0.49,-0.79,16633817
190319,0.06,1.02,0.10,-2.41,2.26,-1.43,-0.39,-0.70,-0.51,-0.85,0.49,-0.73,16633387
190331,0.06,1.02,0.10,-2.62,2.11,-1.34,-0.39,-0.70,-0.51,-1.04,0.40,-1.07,16635864
190343,0.06,1.02,0.10,-2.62,2.01,-1.13,-0.39,-0.71,-0.51,-0.95,0.55,-0.82,16634563
190355,0.06,1.02,0.10,-1.89,2.29,-1.40,-0.39,-0.70,-0.51,-0.98,0.31,-0.79,16636194
190366,0.06,1.02,0.10,-2.08,1.95,-1.19,-0.39,-0.70,-0.51,-1.10,0.76,-0.89,16636883
190379,0.06,1.02,0.10,-2.23,2.20,-1.50,-0.39,-0.70,-0.51,-0.98,0.49,-0.92,16636168
190390,0.06,1.02,0.10,-2.32,2.01,-1.50,-0.39,-0.70,-0.51,-1.13,0.40,-0.76,16636610
190402,0.06,1.02,0.10,-2.29,2.23,-1.37,-0.39,-0.70,-0.51,-1.13,0.61,-0.79,16635616
190413,0.06,1.02,0.10,-2.35,2.14,-0.95,-0.39,-0.70,-0.51,-1.01,0.73,-0.95,16635401
190426,0.06,1.02,0.10,-2.14,2.14,-1.01,-0.39,-0.71,-0.51,-0.82,0.70,-0.76,16635350
190437,0.06,1.02,0.10,-2.26,1.95,-1.22,-0.39,-0.71,-0.51,-1.07,0.43,-0.79,16635871
190448,0.06,1.02,0.10,-2.14,2.26,-1.40,-0.39,-0.71,-0.51,-1.10,0.37,-0.64,16635601
190460,0.06,1.02,0.10,-2.35,2.04,-1.25,-0.39,-0.71,-0.51,-0.89,0.46,-0.76,16635700
190472,0.06,1.02,0.10,-2.20,2.20,-0.98,-0.39,-0.71,-0.51,-1.13,0.61,-0.85,16634708
190484,0.06,1.02,0.10,-2.01,2.08,-1.16,-0.39,-0.71,-0.51,-0.98,0.43,-1.04,16630950
190495,0.06,1.02,0.10,-2.26,2.01,-1.25,-0.39,-0.71,-0.51,-1.28,0.52,-1.04,16631926
190508,0.06,1.02,0.10,-2.53,2.14,-1.50,-0.39,-0.71,-0.51,-1.07,0.61,-0.55,16636096
190519,0.06,1.02,0.10,-2.35,1.89,-1.40,-0.39,-0.70,-0.51,-1.19,0.61,-0.92,16635319
190531,0.06,1.02,0.10,-2.41,2.04,-1.71,-0.39,-0.70,-0.51,-0.85,0.67,-0.95,16635092
190542,0.06,1.02,0.10,-2.14,2.08,-1.40,-0.39,-0.70,-0.51,-0.82,0.82,-0.70,16637217
190554,0.06,1.02,0.10,-1.98,1.92,-1.34,-0.39,-0.70,-0.51,-0.76,0.79,-0.79,16635506
190566,0.06,1.02,0.10,-2.01,2.04,-1.40,-0.39,-0.70,-0.51,-1.22,0.76,-0.85,16634548
190577,0.06,1.02,0.10,-2.17,2.17,-1.25,-0.39,-0.70,-0.51,-0.82,0.58,-0.64,16636155
190589,0.06,1.02,0.10,-2.38,2.35,-1.28,-0.39,-0.71,-0.51,-0.92,0.70,-1.19,16638444
190601,0.06,1.02,0.10,-2.23,2.08,-1.53,-0.39,-0.71,-0.51,-1.10,0.31,-0.67,16638725
190613,0.06,1.02,0.10,-2.20,2.01,-1.16,-0.39,-0.70,-0.51,-0.85,0.49,-0.67,16636426
190624,0.06,1.02,0.10,-2.59,2.38,-1.37,-0.39,-0.70,-0.51,-1.07,0.31,-0.98,16635839
190637,0.06,1.02,0.10,-2.32,2.35,-1.62,-0.39,-0.70,-0.51,-0.98,0.58,-0.85,16635491
190648,0.06,1.02,0.10,-2.29,2.20,-1.31,-0.39,-0.71,-0.51,-1.10,0.49,-0.64,16636005
190660,0.06,1.02,0.10,-2.41,2.04,-1.53,-0.39,-0.71,-0.51,-1.19,0.58,-0.64,16633406
190671,0.06,1.02,0.10,-2.26,2.17,-1.46,-0.39,-0.71,-0.51,-0.98,0.46,-0.95,16634632
190683,0.06,1.02,0.10,-2.23,1.98,-1.10,-0.39,-0.71,-0.51,-0.95,0.55,-0.67,16635730
190695,0.06,1.02,0.10,-2.47,2.08,-1.25,-0.39,-0.71,-0.51,-1.01,0.52,-0.73,16635557
190706,0.06,1.02,0.10,-2.11,2.17,-1.28,-0.39,-0.71,-0.51,-1.25,0.67,-0.92,16635121
190718,0.06,1.02,0.10,-2.14,2.20,-1.28,-0.39,-0.71,-0.51,-0.76,0.61,-0.64,16632106
190730,0.06,1.02,0.10,-2.44,1.98,-1.31,-0.39,-0.71,-0.51,-0.95,0.58,-0.70,16634062
190742,0.06,1.02,0.10,-2.47,2.01,-1.31,-0.39,-0.70,-0.51,-1.04,0.64,-0.70,16634881
190753,0.06,1.02,0.10,-2.41,1.80,-1.19,-0.39,-0.70,-0.51,-1.19,0.49,-0.76,16635658
190766,0.06,1.02,0.10,-2.32,1.89,-1.34,-0.39,-0.71,-0.51,-1.13,0.55,-0.76,16636132
190777,0.06,1.02,0.10,-2.53,1.86,-1.34,-0.39,-0.71,-0.51,-0.89,0.24,-0.76,16636967
190789,0.06,1.02,0.10,-2.47,2.08,-1.40,-0.39,-0.71,-0.51,-1.22,0.67,-0.73,16634467
190800,0.06,1.02,0.10,-2.20,1.98,-1.25,-0.39,-0.70,-0.51,-1.10,0.40,-0.76,16634446
190812,0.06,1.02,0.10,-2.41,2.14,-1.22,-0.39,-0.71,-0.51,-0.92,0.70,-0.64,16636275
190824,0.06,1.02,0.10,-2.26,2.29,-1.19,-0.39,-0.71,-0.51,-1.04,0.64,-0.79,16637161
190835,0.06,1.02,0.10,-2.44,2.20,-1.31,-0.39,-0.71,-0.51,-0.85,0.43,-0.70,16637142
190848,0.06,1.02,0.10,-2.26,1.98,-1.37,-0.39,-0.70,-0.51,-0.82,0.40,-0.58,16636042
190859,0.06,1.02,0.10,-2.69,2.26,-1.43,-0.39,-0.70,-0.51,-1.07,0.79,-0.55,16633869
190871,0.06,1.02,0.10,-2.26,2.38,-1.46,-0.39,-0.70,-0.51,-0.98,0.76,-0.79,16633402
190882,0.06,1.02,0.10,-2.26,2.23,-1.19,-0.39,-0.70,-0.51,-1.07,0.40,-0.98,16637189
190895,0.06,1.02,0.10,-2.62,2.26,-1.31,-0.39,-0.70,-0.51,-1.19,0.37,-0.64,16638816
190906,0.06,1.02,0.10,-2.47,2.26,-1.13,-0.39,-0.70,-0.51,-0.95,0.49,-0.70,16636929
190918,0.06,1.02,0.10,-2.38,1.89,-1.25,-0.39,-0.70,-0.51,-1.10,0.58,-0.82,16635215
190929,0.06,1.02,0.10,-2.38,2.26,-1.34,-0.39,-0.70,-0.51,-1.10,0.61,-0.82,16634676
190941,0.06,1.02,0.10,-2.26,2.23,-1.10,-0.39,-0.70,-0.51,-1.16,0.49,-0.73,16633844
190953,0.06,1.02,0.10,-2.35,1.98,-1.13,-0.39,-0.70,-0.51,-1.28,0.70,-0.79,16635048
190964,0.06,1.02,0.10,-2.29,1.98,-1.19,-0.39,-0.70,-0.51,-0.79,0.37,-0.82,16634893
190977,0.06,1.02,0.10,-2.32,2.29,-1.46,-0.39,-0.70,-0.51,-1.28,0.43,-0.82,16635935
190988,0.06,1.02,0.10,-2.26,2.20,-1.40,-0.39,-0.70,-0.51,-1.07,0.73,-0.70,16636709
191000,0.06,1.02,0.10,-2.11,1.92,-1.31,-0.39,-0.70,-0.51,-1.01,0.18,-0.85,16635553
191011,0.06,1.02,0.10,-2.50,2.17,-1.13,-0.39,-0.70,-0.51,-1.01,0.55,-0.70,16635945
191024,0.06,1.02,0.10,-2.35,2.17,-1.50,-0.39,-0.70,-0.51,-1.01,0.61,-0.67,16636544
191035,0.06,1.02,0.10,-2.47,2.23,-1.16,-0.39,-0.70,-0.51,-0.92,0.92,-0.95,16636582
191046,0.06,1.02,0.10,-2.32,1.98,-1.10,-0.39,-0.70,-0.51,-0.95,0.52,-0.89,16635540
191058,0.06,1.02,0.10,-2.32,1.77,-1.34,-0.39,-0.71,-0.51,-1.19,0.49,-0.95,16636751
191070,0.06,1.02,0.10,-2.17,2.11,-1.34,-0.39,-0.71,-0.51,-0.89,0.34,-0.52,16637543
191082,0.06,1.02,0.10,-2.17,2.23,-1.22,-0.39,-0.70,-0.51,-1.04,0.46,-0.43,16638574
191093,0.06,1.02,0.10,-2.41,2.26,-1.19,-0.39,-0.70,-0.51,-1.13,0.58,-0.82,16635646
191106,0.06,1.02,0.10,-2.35,2.01,-1.34,-0.39,-0.70,-0.51,-1.13,0.61,-0.98,16635964
191117,0.06,1.02,0.10,-2.23,2.11,-1.19,-0.39,-0.71,-0.51,-0.79,0.34,-0.58,16636269
191129,0.06,1.02,0.10,-2.44,2.14,-1.40,-0.39,-0.70,-0.51,-0.82,0.64,-0.82,16635453
191140,0.06,1.02,0.10,-2.44,2.17,-1.50,-0.39,-0.70,-0.51,-1.07,0.52,-1.01,16635487
191153,0.06,1.02,0.10,-2.44,2.04,-1.19,-0.39,-0.70,-0.51,-1.22,0.34,-0.89,16636736
191164,0.06,1.02,0.10,-2.23,2.11,-1.37,-0.39,-0.71,-0.51,-0.89,0.46,-0.76,16631611
191175,0.06,1.02,0.10,-2.11,2.08,-1.68,-0.39,-0.71,-0.51,-0.89,0.43,-0.61,16633707
191187,0.06,1.02,0.10,-2.08,2.01,-1.31,-0.39,-0.71,-0.51,-1.22,0.52,-0.89,16637308
191199,0.06,1.02,0.10,-2.20,2.08,-1.31,-0.39,-0.71,-0.51,-1.13,0.73,-0.92,16635725
191211,0.06,1.02,0.10,-2.35,2.23,-1.22,-0.39,-0.71,-0.51,-0.89,0.40,-0.76,16636337
191222,0.06,1.02,0.10,-2.14,1.95,-1.40,-0.39,-0.71,-0.51,-1.04,0.21,-0.98,16637828
191235,0.06,1.02,0.10,-2.53,2.17,-1.10,-0.39,-0.70,-0.51,-0.98,0.61,-0.76,16638187
191246,0.06,1.02,0.10,-2.23,2.17,-0.98,-0.39,-0.70,-0.51,-1.07,0.49,-0.79,16634281
191258,0.06,1.02,0.10,-2.29,2.08,-1.19,-0.39,-0.70,-0.51,-1.04,0.43,-0.82,16633761
191269,0.06,1.02,0.10,-2.14,2.26,-1.19,-0.39,-0.70,-0.51,-1.07,0.52,-0.82,16634413
191282,0.06,1.02,0.10,-2.20,2.08,-1.28,-0.39,-0.70,-0.51,-0.98,0.43,-0.79,16634245
191293,0.06,1.02,0.10,-2.32,2.01,-1.22,-0.39,-0.70,-0.51,-1.04,0.64,-1.01,16633908
191304,0.06,1.02,0.10,-2.29,2.29,-1.22,-0.39,-0.70,-0.51,-0.85,0.58,-0.89,16635766
191316,0.06,1.02,0.10,-2.26,2.04,-1.59,-0.39,-0.70,-0.51,-0.98,0.43,-0.58,16636305
191328,0.06,1.02,0.10,-2.32,2.23,-1.28,-0.39,-0.70,-0.51,-0.89,0.61,-0.73,16635844
191340,0.06,1.02,0.10,-2.50,2.14,-1.07,-0.39,-0.71,-0.51,-0.79,0.61,-0.73,16636926
191351,0.06,1.02,0.10,-2.41,2.17,-1.40,-0.39,-0.71,-0.51,-0.89,0.49,-0.73,16635051
191364,0.06,1.02,0.10,-2.23,2.01,-1.19,-0.39,-0.71,-0.51,-1.19,0.43,-0.73,16632107
191375,0.06,1.02,0.10,-2.17,2.35,-0.98,-0.39,-0.70,-0.51,-0.92,0.52,-0.85,16633804
191387,0.06,1.02,0.10,-2.44,2.29,-1.25,-0.39,-0.71,-0.51,-0.82,0.49,-0.85,16637640
191398,0.06,1.02,0.10,-2.17,2.04,-1.34,-0.39,-0.71,-0.51,-1.34,0.70,-0.98,16638894
191410,0.06,1.02,0.10,-2.32,2.20,-1.31,-0.39,-0.71,-0.51,-0.98,0.37,-0.61,16636486
191422,0.06,1.02,0.10,-2.41,2.23,-1.22,-0.39,-0.70,-0.51,-1.07,0.46,-0.64,16636256
191433,0.06,1.02,0.10,-2.44,2.23,-1.19,-0.39,-0.70,-0.51,-0.89,0.37,-0.85,16635807
191446,0.06,1.02,0.10,-2.53,2.17,-1.31,-0.39,-0.70,-0.51,-0.98,0.37,-0.70,16635401
191457,0.06,1.02,0.10,-2.23,2.26,-1.22,-0.39,-0.70,-0.51,-1.07,0.55,-0.70,16635659
191469,0.06,1.02,0.10,-2.29,2.17,-1.40,-0.39,-0.70,-0.51,-0.73,0.43,-0.61,16635552
191480,0.06,1.02,0.10,-2.50,2.23,-1.04,-0.39,-0.70,-0.51,-1.07,0.40,-0.67,16635827
191493,0.06,1.02,0.10,-2.50,2.11,-1.04,-0.39,-0.70,-0.51,-1.07,0.61,-1.01,16635264
191504,0.06,1.02,0.10,-2.20,2.17,-1.34,-0.39,-0.70,-0.51,-1.16,0.55,-0.76,16633765
191516,0.06,1.02,0.10,-2.26,2.41,-1.56,-0.39,-0.70,-0.51,-1.01,0.52,-0.73,16633537
191527,0.06,1.02,0.10,-2.35,2.14,-1.01,-0.39,-0.70,-0.51,-1.19,0.46,-0.82,16635800
191539,0.06,1.02,0.10,-2.35,2.08,-1.16,-0.39,-0.71,-0.52,-0.85,0.49,-1.01,16634074
191551,0.06,1.02,0.10,-2.20,2.11,-1.22,-0.39,-0.71,-0.51,-1.04,0.61,-0.76,16634363
191562,0.06,1.02,0.10,-2.35,2.14,-1.25,-0.39,-0.70,-0.51,-0.92,0.64,-0.61,16631906
191575,0.06,1.02,0.10,-2.32,1.98,-1.19,-0.39,-0.70,-0.51,-0.79,0.49,-0.79,16633840
191586,0.06,1.02,0.10,-2.44,2.29,-1.31,-0.39,-0.70,-0.51,-1.07,0.43,-0.89,16635040
191598,0.06,1.02,0.10,-2.41,2.23,-1.22,-0.39,-0.70,-0.51,-1.01,0.49,-0.79,16636815
191609,0.06,1.02,0.10,-2.14,2.17,-1.28,-0.39,-0.70,-0.51,-0.95,0.46,-0.95,16638540
191622,0.06,1.02,0.10,-2.26,2.17,-1.25,-0.39,-0.70,-0.51,-0.95,0.82,-0.58,16637382
191633,0.06,1.02,0.10,-2.04,2.14,-1.16,-0.39,-0.70,-0.51,-0.92,0.61,-0.64,16634156
191645,0.06,1.02,0.10,-2.32,2.08,-1.19,-0.39,-0.70,-0.51,-0.98,0.58,-0.58,16634781
191656,0.06,1.02,0.10,-2.14,2.23,-1.50,-0.39,-0.70,-0.51,-0.89,0.61,-0.79,16636070
191668,0.06,1.02,0.10,-2.35,2.08,-1.25,-0.39,-0.70,-0.51,-0.95,0.64,-1.07,16635634
191680,0.06,1.02,0.10,-2.44,1.98,-1.07,-0.39,-0.71,-0.51,-0.82,0.67,-0.79,16635524
191691,0.06,1.02,0.10,-2.47,2.20,-1.28,-0.39,-0.71,-0.51,-0.98,0.76,-0.89,16634160
191704,0.06,1.02,0.10,-2.50,2.26,-1.13,-0.39,-0.71,-0.51,-0.82,0.64,-0.67,16635212
191715,0.06,1.02,0.10,-2.35,2.08,-1.40,-0.39,-0.71,-0.51,-0.79,0.64,-0.79,16636816
191727,0.06,1.02,0.10,-2.17,2.01,-1.31,-0.39,-0.70,-0.51,-0.98,0.49,-0.89,16632077
191738,0.06,1.02,0.10,-2.41,2.01,-1.04,-0.39,-0.71,-0.51,-0.85,0.55,-0.55,16634375
191751,0.06,1.02,0.10,-2.38,2.11,-1.34,-0.39,-0.70,-0.51,-1.07,0.43,-0.76,16636581
191762,0.06,1.02,0.10,-2.29,2.11,-1.13,-0.39,-0.71,-0.51,-0.98,0.52,-0.76,16634503
191773,0.06,1.02,0.10,-2.26,1.89,-1.34,-0.39,-0.71,-0.51,-1.04,0.55,-0.89,16637705
191785,0.06,1.02,0.10,-2.20,2.23,-1.53,-0.39,-0.71,-0.51,-1.13,0.46,-1.10,16638837
191797,0.06,1.02,0.10,-2.44,1.89,-1.34,-0.39,-0.70,-0.51,-0.95,0.58,-0.95,16635844
191809,0.06,1.02,0.10,-2.44,1.98,-1.25,-0.39,-0.70,-0.51,-1.01,0.73,-1.07,16635467
191820,0.06,1.02,0.10,-2.35,2.14,-1.16,-0.39,-0.70,-0.51,-1.04,0.58,-0.89,16635736
191833,0.06,1.02,0.10,-2.35,2.08,-1.37,-0.39,-0.71,-0.51,-0.98,0.49,-0.82,16637726
191844,0.06,1.02,0.10,-2.23,1.92,-1.31,-0.39,-0.71,-0.51,-0.82,0.61,-0.73,16638083
191856,0.06,1.02,0.10,-2.56,2.04,-1.07,-0.39,-0.70,-0.51,-1.13,0.55,-0.43,16634539
191867,0.06,1.02,0.10,-2.35,2.08,-1.31,-0.39,-0.70,-0.51,-0.98,0.64,-0.67,16634365
191880,0.06,1.02,0.10,-2.26,2.17,-1.28,-0.39,-0.70,-0.51,-1.07,0.76,-0.98,16636577
191891,0.06,1.02,0.10,-2.35,2.14,-1.22,-0.39,-0.70,-0.51,-1.07,0.43,-0.67,16636206
191902,0.06,1.02,0.10,-2.35,1.98,-1.43,-0.39,-0.70,-0.51,-0.95,0.46,-0.85,16632856
191915,0.06,1.02,0.10,-2.59,2.08,-1.40,-0.39,-0.70,-0.51,-1.31,0.67,-1.01,16635982
191926,0.06,1.02,0.10,-2.29,2.26,-1.25,-0.39,-0.70,-0.51,-0.98,0.70,-0.64,16635241
191938,0.06,1.02,0.10,-2.17,2.08,-1.25,-0.39,-0.70,-0.51,-1.22,0.58,-0.89,16637357
191949,0.06,1.02,0.10,-2.26,2.29,-1.16,-0.39,-0.70,-0.51,-0.85,0.43,-0.82,16637557
191962,0.06,1.02,0.10,-2.38,2.35,-1.34,-0.39,-0.70,-0.51,-1.13,0.67,-0.95,16635864
191973,0.06,1.02,0.10,-2.35,2.11,-1.16,-0.39,-0.70,-0.51,-0.82,0.34,-0.64,16633514
191985,0.06,1.02,0.10,-2.32,2.20,-1.10,-0.39,-0.70,-0.51,-0.79,0.46,-0.79,16634442
191996,0.06,1.02,0.10,-1.95,2.11,-1.10,-0.39,-0.70,-0.51,-1.16,0.58,-0.89,16636212
192009,0.06,1.02,0.10,-2.53,2.08,-1.43,-0.39,-0.70,-0.51,-1.10,0.37,-0.92,16634853
192020,0.06,1.02,0.10,-2.41,2.32,-1.43,-0.39,-0.70,-0.51,-0.79,0.43,-0.76,16633878
192031,0.06,1.02,0.10,-2.23,2.26,-1.28,-0.39,-0.70,-0.51,-1.04,0.43,-0.67,16635415
192044,0.06,1.02,0.10,-2.20,2.23,-1.19,-0.39,-0.70,-0.51,-0.43,0.37,-0.31,16637123
192055,0.03,1.09,0.20,70.50,-2.32,-12.73,-0.40,-0.70,-0.51,-2.59,0.43,-3.60,16685131
192067,0.06,1.03,0.07,18.68,-1.34,-2.26,-0.39,-0.71,-0.51,-2.08,-0.58,0.43,16764365
192078,0.07,0.95,0.03,-18.95,3.27,1.43,-0.39,-0.71,-0.51,-0.64,0.67,-0.18,16662114
192091,0.07,1.02,0.05,-20.39,2.62,-1.31,-0.39,-0.70,-0.51,-1.31,0.73,-1.83,16633965
192102,0.07,1.04,0.11,-4.36,2.50,-3.02,-0.39,-0.70,-0.51,-1.77,-0.03,-0.37,16635774
192114,0.05,1.12,0.11,14.77,2.66,-4.30,-0.40,-0.70,-0.51,-1.19,0.73,-1.74,16653591
192125,0.06,1.07,0.07,-23.16,1.65,0.85,-0.38,-0.71,-0.52,-0.79,1.10,0.40,16719039
192137,0.07,0.93,0.04,-35.43,1.92,1.04,-0.39,-0.70,-0.51,-0.76,0.95,-1.56,16683569
192149,0.06,1.00,0.09,-7.39,2.01,-1.50,-0.40,-0.70,-0.51,-0.49,0.67,-1.04,16674515
192160,0.06,1.07,0.16,17.36,1.28,-1.22,-0.39,-0.71,-0.52,-1.07,0.09,0.34,16707152
192173,0.06,1.05,0.13,12.79,1.77,-2.11,-0.40,-0.70,-0.51,-0.03,0.79,-1.83,16697415
192184,0.06,0.98,0.07,-8.76,2.17,-1.31,-0.39,-0.71,-0.51,-1.43,0.40,-0.73,16711670
192196,0.06,1.00,0.07,-10.35,2.44,-1.37,-0.39,-0.71,-0.51,-0.95,0.49,-0.49,16718256
192207,0.06,1.06,0.12,4.33,2.44,-0.58,-0.40,-0.70,-0.51,-1.34,0.18,-0.58,16723727
192220,0.06,1.04,0.11,0.24,2.32,-0.43,-0.40,-0.70,-0.51,-0.67,0.55,-1.04,16729209
192231,0.06,0.99,0.07,-12.33,2.35,-1.07,-0.39,-0.70,-0.52,-1.07,0.73,-0.49,16736678
192243,0.06,1.01,0.09,-4.52,2.11,-1.16,-0.39,-0.71,-0.51,-1.19,0.34,-0.49,16741537
192254,0.06,1.05,0.12,7.32,1.92,-1.16,-0.39,-0.70,-0.51,-0.34,0.89,-0.98,16743671
192266,0.06,1.03,0.11,0.18,2.01,-1.53,-0.39,-0.71,-0.51,-1.86,0.52,-0.40,16750287
192278,0.06,0.99,0.08,-8.70,2.20,-1.37,-0.40,-0.70,-0.51,-0.58,0.52,-1.25,16755299
192289,0.06,1.02,0.10,-1.59,2.23,-1.34,-0.39,-0.70,-0.51,-0.64,0.49,-0.89,16760362
192302,0.06,1.05,0.12,3.60,1.98,-1.19,-0.39,-0.70,-0.51,-1.53,0.40,-0.49,16763082
192313,0.06,1.02,0.09,-4.46,2.23,-1.13,-0.40,-0.70,-0.51,-0.89,0.52,-1.07,16769202
192325,0.06,1.00,0.08,-7.90,1.98,-1.46,-0.39,-0.70,-0.51,-1.16,0.40,-0.31,16773050
192336,0.06,1.03,0.11,0.58,2.26,-1.22,-0.39,-0.70,-0.52,-1.25,0.03,-0.79,16773644
192349,0.06,1.04,0.11,1.92,2.29,-1.34,-0.40,-0.70,-0.51,-1.01,0.92,-1.19,16774014
192360,0.06,1.01,0.09,-5.80,2.08,-1.50,-0.39,-0.70,-0.51,-0.67,0.76,-0.82,888
192371,0.06,1.01,0.09,-4.88,2.11,-1.40,-0.39,-0.71,-0.51,-1.16,0.37,-0.40,3031
192384,0.06,1.04,0.11,1.95,1.92,-1.13,-0.39,-0.70,-0.51,-0.70,0.52,-1.19,4081
192395,0.06,1.03,0.10,-0.76,2.14,-1.53,-0.39,-0.70,-0.51,-1.04,0.58,-0.82,5918
192407,0.06,1.01,0.09,-6.32,2.01,-1.07,-0.39,-0.71,-0.51,-1.10,0.43,-0.37,8526
192418,0.06,1.02,0.10,-2.04,2.41,-1.46,-0.40,-0.70,-0.51,-0.64,0.85,-1.16,11461
192431,0.06,1.04,0.11,1.19,2.20,-1.46,-0.39,-0.71,-0.51,-1.31,0.70,-0.52,13068
192442,0.06,1.02,0.10,-3.20,2.04,-1.46,-0.39,-0.70,-0.51,-1.10,0.40,-1.16,11255
192454,0.06,1.01,0.09,-5.07,2.17,-1.19,-0.39,-0.70,-0.51,-0.70,0.58,-0.95,10985
192465,0.06,1.03,0.10,-0.61,2.11,-1.43,-0.39,-0.70,-0.51,-1.25,0.40,-0.58,12493
192477,0.06,1.03,0.10,-0.31,1.92,-1.40,-0.39,-0.71,-0.51,-1.13,0.40,-0.58,11373
192489,0.06,1.01,0.09,-4.33,2.11,-1.25,-0.39,-0.70,-0.51,-0.55,0.67,-0.76,10548
192500,0.06,1.02,0.10,-3.30,1.86,-1.50,-0.39,-0.71,-0.51,-1.10,0.43,-0.64,11352
192513,0.06,1.03,0.11,0.18,2.14,-1.16,-0.39,-0.70,-0.51,-1.10,0.24,-0.73,13212
192524,0.06,1.02,0.10,-2.17,2.04,-1.22,-0.39,-0.70,-0.51,-0.89,0.76,-1.13,10494
192536,0.06,1.01,0.09,-4.49,2.11,-1.46,-0.39,-0.71,-0.51,-0.79,0.40,-0.40,10199
192547,0.06,1.02,0.10,-1.56,2.35,-1.28,-0.39,-0.70,-0.51,-0.95,0.61,-1.16,10106
192560,0.06,1.03,0.10,-0.58,2.04,-1.31,-0.39,-0.70,-0.51,-1.10,0.52,-0.67,9961
192571,0.06,1.02,0.10,-3.45,2.20,-1.31,-0.39,-0.70,-0.51,-1.01,0.67,-0.79,11500
192583,0.06,1.02,0.09,-3.66,2.23,-1.16,-0.39,-0.70,-0.51,-0.98,0.49,-0.73,12081
192594,0.06,1.03,0.10,-0.92,2.11,-1.22,-0.39,-0.70,-0.51,-1.50,0.46,-0.76,11670
192606,0.06,1.02,0.10,-1.43,1.95,-1.50,-0.39,-0.70,-0.51,-0.95,0.37,-0.67,10776
192618,0.06,1.02,0.09,-3.51,2.17,-1.01,-0.39,-0.70,-0.51,-0.85,0.34,-0.70,10983
192629,0.06,1.02,0.10,-2.66,2.14,-1.28,-0.39,-0.70,-0.51,-0.89,0.37,-1.04,11309
192642,0.06,1.03,0.10,-1.13,2.17,-1.50,-0.39,-0.71,-0.51,-1.13,0.58,-0.76,13906
192653,0.06,1.02,0.10,-2.69,1.98,-1.25,-0.39,-0.70,-0.51,-0.98,0.55,-0.82,14741
192665,0.06,1.02,0.10,-3.51,2.20,-0.92,-0.39,-0.70,-0.51,-0.82,0.61,-0.76,15960
192676,0.06,1.02,0.10,-1.80,2.20,-1.16,-0.39,-0.71,-0.51,-1.10,0.46,-0.76,16835
192689,0.06,1.03,0.10,-1.28,2.29,-0.98,-0.39,-0.70,-0.51,-1.13,0.64,-0.67,18204
192700,0.06,1.02,0.10,-3.14,2.08,-1.19,-0.39,-0.70,-0.51,-0.92,0.31,-0.73,19404
192712,0.06,1.02,0.10,-2.62,2.14,-1.34,-0.39,-0.70,-0.51,-0.92,0.67,-1.07,21631
192723,0.06,1.02,0.10,-1.25,2.32,-1.13,-0.39,-0.70,-0.51,-1.31,0.27,-1.01,23894
192735,0.06,1.02,0.10,-2.26,2.11,-1.13,-0.39,-0.70,-0.51,-1.13,0.61,-0.73,24686
192747,0.06,1.02,0.10,-3.17,2.20,-1.25,-0.39,-0.70,-0.51,-0.98,0.46,-0.73,25355
192758,0.06,1.02,0.10,-1.59,2.04,-1.25,-0.39,-0.70,-0.51,-1.10,0.49,-0.49,22609
192771,0.06,1.02,0.10,-1.77,2.14,-1.53,-0.39,-0.71,-0.51,-0.92,0.73,-0.58,22111
192782,0.06,1.02,0.10,-2.99,2.11,-1.16,-0.39,-0.71,-0.51,-0.89,0.34,-0.58,23231
192794,0.06,1.02,0.10,-2.81,2.26,-1.10,-0.39,-0.70,-0.51,-1.07,0.31,-0.76,23237
192805,0.06,1.02,0.10,-1.68,2.29,-1.31,-0.39,-0.70,-0.51,-1.28,0.64,-0.85,22738
192818,0.06,1.02,0.10,-2.47,2.11,-0.92,-0.39,-0.70,-0.51,-1.10,0.61,-0.70,22260
192829,0.06,1.02,0.10,-3.08,2.11,-1.16,-0.39,-0.70,-0.51,-1.10,0.40,-0.52,20375
192840,0.06,1.02,0.10,-2.14,2.11,-1.22,-0.39,-0.70,-0.51,-1.04,0.49,-0.67,21319
192852,0.06,1.02,0.10,-1.80,2.35,-1.22,-0.39,-0.70,-0.51,-1.10,0.58,-0.49,23404
192864,0.06,1.02,0.10,-2.96,2.08,-1.13,-0.39,-0.70,-0.51,-1.10,0.82,-1.01,21720
192876,0.06,1.02,0.10,-2.62,1.89,-1.40,-0.39,-0.70,-0.51,-0.82,0.70,-0.95,22618
192887,0.06,1.02,0.10,-1.89,2.04,-1.28,-0.39,-0.70,-0.51,-1.01,0.55,-0.64,24452
192900,0.06,1.02,0.10,-2.20,2.11,-1.43,-0.39,-0.70,-0.51,-0.89,0.61,-0.89,24514
192911,0.06,1.02,0.10,-3.02,2.17,-1.50,-0.39,-0.70,-0.51,-1.01,0.49,-0.55,24900
192923,0.06,1.02,0.10,-2.35,1.98,-1.46,-0.39,-0.71,-0.51,-1.10,0.76,-0.70,25503
192934,0.06,1.02,0.10,-1.98,2.32,-1.31,-0.39,-0.71,-0.51,-1.16,0.34,-0.58,24699
192947,0.06,1.02,0.10,-2.69,2.14,-1.16,-0.39,-0.70,-0.51,-1.13,0.40,-0.82,23766
192958,0.06,1.02,0.10,-2.35,2.11,-1.43,-0.39,-0.70,-0.51,-1.34,0.40,-0.76,21652
192969,0.06,1.02,0.10,-2.08,2.04,-1.25,-0.39,-0.70,-0.51,-1.04,0.43,-0.95,23740
192982,0.06,1.02,0.10,-2.56,2.04,-1.31,-0.39,-0.70,-0.51,-0.73,0.58,-0.67,25952
192993,0.06,1.02,0.10,-2.62,2.14,-1.13,-0.39,-0.70,-0.51,-1.10,0.40,-0.70,24377
193005,0.06,1.02,0.10,-2.41,2.08,-1.25,-0.39,-0.70,-0.51,-0.85,0.67,-0.89,25147
193016,0.06,1.02,0.10,-2.32,2.20,-1.40,-0.39,-0.70,-0.51,-0.79,0.40,-0.67,27346
193029,0.06,1.02,0.10,-2.29,2.11,-1.43,-0.39,-0.70,-0.51,-0.85,0.85,-0.82,26111
193040,0.06,1.02,0.10,-2.56,2.01,-1.28,-0.39,-0.71,-0.51,-0.89,0.58,-0.73,27192
193052,0.06,1.02,0.10,-1.95,2.17,-1.43,-0.39,-0.71,-0.51,-1.13,0.55,-0.79,22531
193063,0.06,1.02,0.10,-2.44,2.29,-1.46,-0.39,-0.70,-0.51,-0.95,0.52,-0.67,25067
193076,0.06,1.02,0.10,-2.50,2.14,-1.25,-0.39,-0.70,-0.51,-0.92,0.52,-0.95,28421
193087,0.06,1.02,0.10,-2.56,2.14,-1.31,-0.39,-0.70,-0.51,-1.04,0.58,-0.92,30218
193098,0.06,1.02,0.10,-2.35,2.17,-1.28,-0.39,-0.70,-0.51,-1.01,0.64,-0.82,29986
193111,0.06,1.02,0.10,-2.50,2.14,-1.34,-0.39,-0.70,-0.51,-1.01,0.43,-0.85,28532
193122,0.06,1.02,0.10,-2.38,2.11,-1.31,-0.39,-0.70,-0.51,-0.98,0.46,-0.79,30719
193134,0.06,1.02,0.10,-2.32,2.08,-1.19,-0.39,-0.71,-0.51,-0.89,0.55,-0.82,30012
193145,0.06,1.02,0.10,-2.32,2.20,-1.43,-0.39,-0.70,-0.51,-0.70,0.34,-0.92,30695
193158,0.06,1.02,0.10,-2.53,2.01,-1.19,-0.39,-0.70,-0.51,-0.79,0.55,-0.76,29876
193169,0.06,1.02,0.10,-2.44,2.20,-1.13,-0.39,-0.71,-0.51,-1.01,0.55,-0.58,32065
193181,0.06,1.02,0.10,-2.08,2.11,-1.16,-0.39,-0.71,-0.51,-1.07,0.58,-0.82,33694
193192,0.06,1.02,0.10,-2.35,2.32,-1.19,-0.39,-0.70,-0.51,-0.76,0.37,-0.82,34007
193205,0.06,1.02,0.10,-2.26,2.20,-1.10,-0.39,-0.71,-0.51,-0.98,0.46,-0.79,33770
193216,0.06,1.02,0.10,-2.04,2.20,-1.22,-0.39,-0.70,-0.51,-1.01,0.34,-0.82,33564
193227,0.06,1.02,0.10,-2.44,1.89,-1.25,-0.39,-0.70,-0.51,-0.85,0.40,-0.61,32846
193240,0.06,1.02,0.10,-2.41,2.17,-1.10,-0.39,-0.70,-0.51,-0.98,0.52,-0.55,31339
193251,0.06,1.02,0.10,-2.20,2.32,-1.19,-0.39,-0.70,-0.51,-1.04,0.61,-0.98,32697
193263,0.06,1.02,0.10,-2.04,1.95,-1.10,-0.39,-0.70,-0.51,-1.19,0.40,-0.89,36777
193274,0.06,1.02,0.10,-2.44,2.20,-1.19,-0.39,-0.70,-0.51,-0.98,0.58,-0.70,35933
193287,0.06,1.02,0.10,-2.50,1.98,-1.34,-0.39,-0.70,-0.51,-0.92,0.73,-0.64,33541
193298,0.06,1.02,0.10,-2.17,2.38,-1.40,-0.39,-0.70,-0.51,-0.89,0.52,-0.70,32675
193310,0.06,1.02,0.10,-2.04,2.08,-1.22,-0.39,-0.70,-0.51,-0.95,0.40,-0.82,33918
193321,0.06,1.02,0.10,-2.26,2.11,-1.19,-0.39,-0.70,-0.51,-0.85,0.73,-0.98,34166
193333,0.06,1.02,0.10,-2.17,2.08,-1.28,-0.39,-0.70,-0.51,-0.98,0.52,-0.64,31214
193345,0.06,1.02,0.10,-2.26,2.17,-1.16,-0.39,-0.71,-0.51,-1.10,0.64,-0.92,31170
193356,0.06,1.02,0.10,-2.26,2.04,-1.28,-0.39,-0.71,-0.51,-1.19,0.73,-0.76,31927
193369,0.06,1.02,0.10,-2.35,2.23,-1.16,-0.39,-0.70,-0.51,-0.89,0.61,-1.04,31982
193380,0.06,1.02,0.10,-1.92,2.20,-1.37,-0.39,-0.71,-0.51,-1.01,0.52,-0.76,30692
193392,0.06,1.02,0.10,-2.29,2.29,-1.22,-0.39,-0.71,-0.51,-0.92,0.67,-1.04,31895
193403,0.06,1.02,0.10,-2.20,2.08,-1.37,-0.39,-0.71,-0.51,-0.98,0.55,-0.95,31393
193416,0.06,1.02,0.10,-1.98,2.17,-1.07,-0.39,-0.71,-0.51,-0.92,0.52,-0.46,32782
193427,0.06,1.02,0.10,-2.08,2.08,-1.19,-0.39,-0.71,-0.51,-1.13,0.49,-0.82,29965
193439,0.06,1.02,0.10,-2.47,2.20,-1.25,-0.39,-0.70,-0.51,-0.89,0.58,-0.89,27193
193451,0.06,1.02,0.10,-2.32,2.11,-1.59,-0.39,-0.70,-0.51,-1.10,0.55,-0.89,31471
193462,0.06,1.02,0.10,-2.20,2.11,-1.22,-0.39,-0.70,-0.51,-1.04,0.52,-0.55,32226
193474,0.06,1.02,0.10,-2.29,2.01,-1.34,-0.39,-0.70,-0.51,-1.37,0.46,-0.82,34209
193485,0.06,1.02,0.10,-2.38,2.14,-1.22,-0.39,-0.70,-0.51,-1.10,0.43,-0.58,30834
193498,0.06,1.02,0.10,-2.32,2.14,-1.43,-0.39,-0.70,-0.51,-1.04,0.46,-0.79,31650
193509,0.06,1.02,0.10,-2.35,2.14,-1.37,-0.39,-0.70,-0.51,-0.73,0.64,-1.01,33140
193521,0.06,1.02,0.10,-2.29,2.17,-1.46,-0.39,-0.71,-0.51,-0.95,0.67,-0.73,32730
193532,0.06,1.02,0.10,-2.35,2.11,-1.34,-0.39,-0.70,-0.51,-0.98,0.34,-0.76,32155
193545,0.06,1.02,0.10,-2.41,2.26,-1.53,-0.39,-0.71,-0.51,-0.98,0.76,-0.82,31448
193556,0.06,1.02,0.10,-2.32,2.14,-1.22,-0.39,-0.70,-0.51,-1.07,0.58,-0.76,29278
193567,0.06,1.02,0.10,-2.41,1.95,-1.43,-0.39,-0.71,-0.51,-1.04,0.58,-0.82,26966
193580,0.06,1.02,0.10,-2.44,2.04,-1.37,-0.39,-0.70,-0.51,-1.28,0.52,-0.85,25681
193591,0.06,1.02,0.10,-1.98,2.17,-1.25,-0.39,-0.70,-0.51,-1.07,0.12,-0.67,27234
193603,0.06,1.02,0.10,-2.29,2.14,-1.31,-0.39,-0.70,-0.51,-1.28,0.67,-0.85,30252
193614,0.06,1.02,0.10,-2.23,1.86,-1.25,-0.39,-0.70,-0.51,-0.85,0.55,-0.46,29016
193627,0.06,1.02,0.10,-2.17,2.23,-1.22,-0.39,-0.71,-0.51,-1.01,0.67,-0.85,25570
193638,0.06,1.02,0.10,-2.29,2.04,-1.43,-0.39,-0.71,-0.51,-0.76,0.76,-0.64,24687
193650,0.06,1.02,0.10,-2.38,2.14,-1.28,-0.39,-0.70,-0.51,-0.89,0.55,-1.04,27450
193661,0.06,1.02,0.10,-2.32,2.01,-1.37,-0.39,-0.70,-0.51,-1.19,0.73,-0.64,28545
193674,0.06,1.02,0.10,-2.17,2.04,-1.16,-0.39,-0.70,-0.51,-0.89,0.52,-0.67,29564
193685,0.06,1.02,0.10,-2.20,2.17,-1.16,-0.39,-0.70,-0.51,-1.16,0.73,-0.64,30089
193696,0.06,1.02,0.10,-2.35,2.17,-1.28,-0.39,-0.71,-0.51,-1.13,0.67,-0.82,29568
193709,0.06,1.02,0.10,-2.35,2.14,-1.07,-0.39,-0.70,-0.51,-0.98,0.52,-0.82,30756
193720,0.06,1.02,0.10,-2.29,2.14,-1.16,-0.39,-0.70,-0.51,-1.04,0.49,-0.92,29199
193732,0.06,1.02,0.10,-2.47,2.01,-1.46,-0.39,-0.70,-0.51,-0.76,0.64,-0.89,27708
193743,0.06,1.02,0.10,-2.38,2.17,-1.25,-0.39,-0.70,-0.51,-0.85,0.67,-0.98,29083
193756,0.06,1.02,0.10,-2.38,2.14,-1.25,-0.39,-0.71,-0.51,-0.98,0.82,-0.79,28127
193767,0.06,1.02,0.10,-2.50,2.38,-1.37,-0.39,-0.71,-0.51,-0.89,0.49,-0.67,28152
193779,0.06,1.02,0.10,-2.14,1.92,-1.40,-0.39,-0.71,-0.51,-1.01,0.31,-0.76,27228
193790,0.06,1.02,0.10,-2.17,2.20,-1.59,-0.39,-0.70,-0.51,-0.79,0.52,-0.92,27009
193803,0.06,1.02,0.10,-2.17,2.32,-1.31,-0.39,-0.71,-0.51,-1.01,0.52,-0.92,27724
193814,0.06,1.02,0.10,-2.20,2.14,-1.43,-0.39,-0.70,-0.51,-1.25,1.01,-0.95,27411
193825,0.06,1.02,0.10,-2.23,2.11,-1.34,-0.39,-0.70,-0.51,-1.22,0.52,-1.04,30730
193838,0.06,1.02,0.10,-2.08,2.01,-1.46,-0.39,-0.70,-0.51,-1.04,0.40,-0.76,31004
193849,0.06,1.02,0.10,-2.29,2.23,-1.40,-0.39,-0.70,-0.51,-1.13,0.64,-0.85,27111
193861,0.06,1.02,0.10,-2.20,2.11,-1.13,-0.39,-0.71,-0.51,-0.95,0.61,-0.82,27919
193872,0.06,1.02,0.10,-2.14,2.04,-1.25,-0.39,-0.71,-0.51,-0.98,0.49,-0.73,32197
193885,0.06,1.02,0.10,-2.23,2.32,-1.56,-0.39,-0.70,-0.51,-0.82,0.52,-0.85,31384
193896,0.06,1.02,0.10,-2.17,2.41,-1.31,-0.39,-0.70,-0.51,-1.10,0.49,-0.89,31084
193908,0.06,1.02,0.10,-2.32,2.11,-1.19,-0.39,-0.70,-0.51,-1.01,0.55,-0.95,28534
193920,0.06,1.02,0.10,-2.29,2.32,-1.04,-0.39,-0.70,-0.51,-1.10,0.58,-0.85,26888
193932,0.06,1.02,0.10,-2.41,2.14,-1.31,-0.39,-0.70,-0.51,-0.85,0.64,-0.64,26115
193943,0.06,1.02,0.10,-2.44,2.17,-1.37,-0.39,-0.70,-0.51,-0.98,0.61,-0.85,25318
193954,0.06,1.02,0.10,-2.23,2.26,-1.40,-0.39,-0.70,-0.51,-1.10,0.61,-0.92,24987
193967,0.06,1.02,0.10,-2.23,2.26,-1.53,-0.39,-0.70,-0.51,-1.04,0.67,-0.89,24196
193978,0.06,1.02,0.10,-2.38,1.98,-1.07,-0.39,-0.70,-0.51,-1.07,0.58,-0.76,23646
193990,0.06,1.02,0.10,-2.11,2.04,-1.19,-0.39,-0.70,-0.51,-1.01,0.34,-0.73,21919
194001,0.06,1.02,0.10,-2.35,2.26,-1.22,-0.39,-0.70,-0.51,-1.16,0.64,-0.73,21957
194014,0.06,1.02,0.10,-2.53,2.23,-1.46,-0.39,-0.70,-0.51,-1.16,0.58,-0.49,20064
194025,0.06,1.02,0.10,-2.26,2.08,-1.31,-0.39,-0.70,-0.51,-0.85,0.40,-0.79,17898
194037,0.06,1.02,0.10,-2.01,2.04,-1.43,-0.39,-0.70,-0.51,-1.07,0.82,-0.61,19640
194049,0.06,1.02,0.10,-2.17,2.41,-1.19,-0.39,-0.71,-0.51,-1.01,0.58,-0.64,19892
194061,0.06,1.02,0.10,-2.35,1.98,-1.22,-0.39,-0.71,-0.51,-0.89,0.43,-0.67,18431
194072,0.06,1.02,0.10,-2.20,2.01,-1.07,-0.39,-0.70,-0.51,-0.82,0.49,-0.85,16758
194084,0.06,1.02,0.10,-2.44,2.20,-1.16,-0.39,-0.70,-0.51,-0.98,0.40,-0.73,17719
194096,0.06,1.02,0.10,-2.32,2.26,-1.40,-0.39,-0.70,-0.51,-0.92,0.79,-0.58,14500
194107,0.06,1.02,0.10,-2.17,2.14,-1.50,-0.39,-0.70,-0.51,-1.10,0.24,-0.70,12998
194119,0.06,1.02,0.10,-2.20,2.17,-1.13,-0.39,-0.71,-0.51,-1.28,0.52,-0.67,13546
194130,0.06,1.02,0.10,-2.11,2.01,-1.46,-0.39,-0.70,-0.51,-1.01,0.49,-0.79,14138
194143,0.06,1.02,0.10,-2.26,2.26,-1.07,-0.39,-0.71,-0.51,-1.07,0.46,-0.92,12885
194154,0.06,1.02,0.10,-2.11,2.26,-1.28,-0.39,-0.71,-0.51,-1.04,0.21,-0.85,12063
194166,0.06,1.02,0.10,-2.35,2.23,-1.43,-0.39,-0.71,-0.51,-1.28,0.58,-0.85,10459
194178,0.06,1.02,0.10,-2.41,2.26,-1.34,-0.39,-0.71,-0.51,-0.85,0.76,-0.89,11322
194190,0.06,1.02,0.10,-2.29,2.11,-0.95,-0.39,-0.71,-0.51,-0.85,0.31,-0.52,9063
194201,0.06,1.02,0.10,-2.11,2.17,-1.13,-0.39,-0.71,-0.51,-1.10,0.67,-0.70,6415
194213,0.06,1.02,0.10,-2.35,1.92,-1.16,-0.39,-0.71,-0.51,-0.95,0.46,-0.79,8624
194225,0.06,1.02,0.10,-2.35,2.17,-1.22,-0.39,-0.70,-0.51,-1.07,0.52,-0.52,7565
194236,0.06,1.02,0.10,-2.41,1.95,-1.34,-0.39,-0.70,-0.51,-0.73,0.67,-0.79,6919
194248,0.06,1.02,0.10,-2.47,2.26,-1.37,-0.39,-0.70,-0.51,-1.01,0.79,-0.79,6912
194259,0.06,1.02,0.10,-2.23,2.35,-1.25,-0.39,-0.71,-0.51,-0.82,0.70,-0.85,2511
194272,0.06,1.02,0.10,-2.14,2.32,-1.37,-0.39,-0.71,-0.51,-0.79,0.64,-0.67,1249
194283,0.06,1.02,0.10,-2.41,2.14,-1.22,-0.39,-0.71,-0.51,-0.76,0.52,-0.73,671
194295,0.06,1.02,0.10,-2.17,2.20,-1.31,-0.39,-0.71,-0.51,-1.13,0.49,-0.79,16776264
194307,0.06,1.02,0.10,-2.50,2.29,-1.56,-0.39,-0.71,-0.51,-1.07,0.58,-0.64,16775878
194319,0.06,1.02,0.10,-2.35,2.08,-1.37,-0.39,-0.71,-0.51,-1.01,0.34,-0.70,16772845
194330,0.06,1.02,0.10,-2.23,2.01,-1.40,-0.39,-0.71,-0.51,-1.10,0.52,-0.82,16771003
194342,0.06,1.02,0.10,-2.62,2.08,-1.46,-0.39,-0.71,-0.51,-1.04,0.52,-0.89,16769392
194354,0.06,1.02,0.10,-2.20,2.29,-1.43,-0.39,-0.71,-0.51,-1.07,0.79,-1.07,16767209
194366,0.06,1.02,0.10,-2.11,2.29,-1.40,-0.39,-0.70,-0.51,-1.13,0.55,-0.85,16765042
194377,0.06,1.02,0.10,-2.44,1.92,-1.56,-0.39,-0.70,-0.51,-0.89,0.52,-0.92,16764030
194388,0.06,1.02,0.10,-2.17,2.17,-1.43,-0.39,-0.70,-0.51,-1.13,0.49,-0.76,16763578
194401,0.06,1.02,0.10,-2.11,2.01,-1.34,-0.39,-0.70,-0.51,-1.07,0.52,-1.01,16763379
194412,0.06,1.02,0.10,-2.29,1.92,-1.10,-0.39,-0.70,-0.51,-0.92,0.61,-0.92,16761947
194424,0.06,1.02,0.10,-2.41,2.14,-1.19,-0.39,-0.70,-0.51,-0.76,0.37,-0.82,16759557
194436,0.06,1.02,0.10,-2.38,1.95,-1.01,-0.39,-0.70,-0.51,-0.98,0.49,-0.61,16759089
194448,0.06,1.02,0.10,-2.29,2.04,-1.37,-0.39,-0.70,-0.51,-0.79,0.61,-0.70,16758110
194459,0.06,1.02,0.10,-2.41,1.98,-1.13,-0.39,-0.70,-0.51,-1.07,0.61,-0.92,16758132
194471,0.06,1.02,0.10,-2.47,1.83,-1.31,-0.39,-0.70,-0.51,-1.07,0.46,-0.89,16757001
194483,0.06,1.02,0.10,-2.53,2.04,-1.16,-0.39,-0.70,-0.51,-1.13,0.67,-0.92,16753415
194495,0.06,1.02,0.10,-2.26,2.35,-1.37,-0.39,-0.70,-0.51,-1.16,0.34,-0.67,16755170
194506,0.06,1.02,0.10,-2.23,2.01,-1.22,-0.39,-0.70,-0.51,-0.85,0.34,-0.89,16753036
194518,0.06,1.02,0.10,-2.29,2.04,-1.31,-0.39,-0.70,-0.51,-0.76,0.37,-0.79,16754856
194530,0.06,1.02,0.10,-2.50,2.01,-1.25,-0.39,-0.70,-0.51,-0.89,0.55,-0.85,16758145
194541,0.06,1.02,0.10,-2.47,2.04,-1.46,-0.39,-0.70,-0.51,-1.25,0.37,-0.67,16752719
194553,0.06,1.02,0.10,-2.41,2.17,-1.46,-0.39,-0.70,-0.51,-1.22,0.79,-0.70,16748493
194565,0.06,1.02,0.10,-2.53,2.17,-1.25,-0.39,-0.70,-0.51,-1.07,0.34,-0.73,16749627
194577,0.06,1.02,0.10,-2.66,2.08,-1.22,-0.39,-0.70,-0.51,-0.89,0.49,-0.79,16752536
194588,0.06,1.02,0.10,-2.90,1.95,-1.10,-0.39,-0.70,-0.51,-1.10,0.70,-0.70,16753390
194600,0.06,1.02,0.10,-3.17,1.98,-1.10,-0.39,-0.70,-0.51,-1.07,0.43,-0.76,16752864
194612,0.06,1.02,0.10,-3.42,1.89,-1.28,-0.39,-0.70,-0.51,-0.95,0.76,-0.79,16756094
194624,0.06,1.02,0.10,-2.93,2.26,-1.04,-0.39,-0.70,-0.51,-1.16,0.55,-0.55,16751912
194635,0.06,1.02,0.10,-3.23,2.26,-1.46,-0.39,-0.70,-0.51,-0.89,0.55,-0.76,16748628
194647,0.06,1.02,0.10,-3.11,2.11,-1.25,-0.39,-0.70,-0.51,-0.92,0.52,-0.70,16750376
194659,0.06,1.02,0.10,-3.08,1.98,-1.28,-0.39,-0.71,-0.51,-1.10,0.67,-0.82,16752799
194670,0.06,1.02,0.10,-2.81,1.92,-1.31,-0.39,-0.70,-0.51,-0.76,0.67,-0.79,16752051
194682,0.06,1.02,0.10,-2.35,2.20,-1.40,-0.39,-0.70,-0.51,-1.04,0.61,-0.58,16753977
194694,0.06,1.02,0.10,-2.29,1.98,-1.04,-0.39,-0.70,-0.51,-0.89,0.49,-0.79,16751338
194706,0.06,1.03,0.10,-1.74,2.32,-1.28,-0.39,-0.70,-0.51,-1.04,0.49,-0.82,16752527
194717,0.06,1.02,0.10,-1.40,2.08,-1.28,-0.39,-0.70,-0.51,-1.04,0.55,-0.55,16754566
194729,0.06,1.02,0.10,-1.62,2.17,-1.10,-0.39,-0.70,-0.51,-0.98,0.40,-0.98,16752335
194741,0.06,1.02,0.10,-1.31,2.29,-1.43,-0.39,-0.70,-0.51,-0.79,0.67,-0.64,16753805
194753,0.06,1.02,0.10,-1.46,2.32,-1.56,-0.39,-0.70,-0.51,-1.10,0.40,-0.64,16752838
194764,0.06,1.02,0.10,-1.71,2.14,-1.40,-0.39,-0.70,-0.51,-1.13,0.67,-0.67,16751276
194776,0.06,1.02,0.10,-1.83,2.32,-1.34,-0.39,-0.71,-0.51,-1.01,0.27,-0.98,16749671
194788,0.06,1.02,0.10,-1.95,1.98,-1.46,-0.39,-0.70,-0.51,-1.16,0.64,-0.76,16748593
194799,0.06,1.02,0.10,-1.95,2.14,-1.10,-0.39,-0.70,-0.51,-0.89,0.49,-0.79,16751272
194811,0.06,1.02,0.10,-2.35,1.83,-1.31,-0.39,-0.70,-0.51,-1.25,0.67,-0.70,16751100
194823,0.06,1.02,0.10,-2.11,2.29,-1.28,-0.39,-0.70,-0.51,-1.19,0.76,-0.82,16749258
194835,0.06,1.02,0.10,-1.92,2.04,-1.25,-0.39,-0.70,-0.51,-1.22,0.58,-0.52,16748588
194846,0.06,1.02,0.10,-2.14,2.01,-1.37,-0.39,-0.71,-0.51,-0.92,0.31,-0.76,16750327
194859,0.06,1.02,0.10,-2.04,1.98,-1.28,-0.39,-0.71,-0.51,-0.76,0.46,-0.98,16750381
194870,0.06,1.02,0.10,-2.32,2.50,-1.71,-0.39,-0.70,-0.51,-1.04,0.64,-0.95,16746852
194882,0.06,1.02,0.10,-2.23,2.38,-1.28,-0.39,-0.70,-0.51,-0.82,0.49,-0.95,16748392
194893,0.06,1.02,0.10,-2.23,1.86,-1.31,-0.39,-0.70,-0.51,-0.67,0.67,-0.85,16748359
194906,0.06,1.02,0.10,-2.32,2.17,-1.37,-0.39,-0.71,-0.51,-1.10,0.55,-0.89,16747345
194917,0.06,1.02,0.10,-2.26,2.17,-1.40,-0.39,-0.71,-0.51,-0.92,0.55,-0.55,16747794
194928,0.06,1.02,0.10,-2.47,2.14,-1.34,-0.39,-0.71,-0.51,-0.98,0.73,-0.92,16749791
194940,0.06,1.02,0.10,-2.26,2.01,-1.31,-0.39,-0.71,-0.51,-1.01,0.40,-0.79,16747199
194952,0.06,1.02,0.10,-2.23,2.08,-1.19,-0.39,-0.71,-0.51,-1.19,0.49,-0.76,16747878
194964,0.06,1.02,0.10,-2.35,2.17,-1.28,-0.39,-0.71,-0.51,-1.07,0.24,-0.89,16747264
194975,0.06,1.02,0.10,-2.26,2.23,-1.46,-0.39,-0.71,-0.51,-1.07,0.46,-0.92,16749225
194988,0.06,1.02,0.10,-2.41,2.23,-1.25,-0.39,-0.71,-0.51,-1.10,0.49,-0.89,16745868
194999,0.06,1.02,0.10,-2.66,2.01,-1.37,-0.39,-0.71,-0.51,-1.25,0.40,-0.73,16746651
195011,0.06,1.02,0.10,-2.50,1.98,-1.37,-0.39,-0.71,-0.51,-0.76,0.64,-0.52,16747726
195022,0.06,1.02,0.10,-2.75,1.98,-1.28,-0.39,-0.71,-0.51,-1.16,0.55,-0.58,16745125
195035,0.06,1.02,0.10,-3.36,2.14,-1.22,-0.39,-0.70,-0.51,-0.85,0.49,-0.70,16744309
195046,0.06,1.02,0.10,-3.54,2.14,-1.01,-0.39,-0.70,-0.51,-1.01,0.70,-0.85,16747903
195057,0.06,1.02,0.10,-3.72,1.98,-0.92,-0.39,-0.70,-0.51,-1.07,0.58,-0.98,16747965
195069,0.06,1.02,0.10,-4.03,2.14,-1.25,-0.39,-0.70,-0.51,-0.92,0.37,-1.04,16747977
195081,0.06,1.02,0.10,-3.85,2.14,-1.01,-0.39,-0.70,-0.51,-1.22,0.85,-0.73,16747806
195093,0.06,1.02,0.10,-3.57,2.04,-1.37,-0.39,-0.70,-0.51,-1.13,0.58,-0.76,16748868
195104,0.06,1.02,0.10,-3.36,2.11,-1.13,-0.39,-0.70,-0.51,-0.73,0.49,-0.70,16748573
195117,0.06,1.02,0.10,-2.56,2.08,-1.34,-0.39,-0.71,-0.51,-1.13,0.24,-0.73,16746093
195128,0.06,1.03,0.10,-2.14,2.01,-1.19,-0.39,-0.71,-0.51,-1.01,0.64,-0.85,16746104
195140,0.06,1.03,0.10,-1.89,2.08,-1.07,-0.39,-0.71,-0.51,-1.10,0.58,-0.92,16746261
195151,0.06,1.03,0.10,-1.71,2.14,-1.07,-0.39,-0.71,-0.51,-0.82,0.73,-0.82,16745780
195164,0.06,1.03,0.10,-1.40,2.29,-1.46,-0.39,-0.70,-0.51,-1.16,0.64,-0.67,16747552
195175,0.06,1.03,0.10,-1.40,2.32,-1.53,-0.39,-0.71,-0.51,-1.13,0.55,-0.79,16748067
195186,0.06,1.02,0.10,-1.13,2.23,-1.07,-0.39,-0.71,-0.51,-0.95,0.46,-0.79,16745079
195198,0.06,1.02,0.10,-1.31,1.95,-1.31,-0.39,-0.71,-0.51,-1.22,0.52,-0.89,16748500
195210,0.06,1.02,0.10,-1.07,2.26,-1.28,-0.39,-0.71,-0.51,-0.95,0.55,-0.79,16747941
195222,0.06,1.02,0.10,-1.31,2.11,-1.16,-0.39,-0.70,-0.51,-0.98,0.64,-0.95,16747057
195233,0.06,1.02,0.10,-1.68,2.14,-1.22,-0.39,-0.70,-0.51,-1.01,0.52,-0.61,16748917
195246,0.06,1.02,0.10,-1.83,2.32,-1.22,-0.39,-0.70,-0.51,-0.79,0.64,-0.92,16749028
195257,0.06,1.02,0.10,-1.71,2.01,-1.16,-0.39,-0.70,-0.51,-1.01,0.55,-0.76,16750020
195269,0.06,1.02,0.10,-2.17,2.20,-1.16,-0.39,-0.70,-0.51,-0.79,0.40,-0.85,16750935
195280,0.06,1.02,0.10,-1.98,2.14,-1.34,-0.39,-0.70,-0.51,-1.01,0.52,-0.79,16747394
195293,0.06,1.02,0.10,-2.29,2.17,-1.34,-0.39,-0.71,-0.51,-0.98,0.61,-1.07,16744458
195304,0.06,1.02,0.10,-2.53,2.14,-1.46,-0.39,-0.71,-0.51,-1.10,0.49,-0.58,16746640
195315,0.06,1.02,0.10,-2.59,1.95,-1.25,-0.39,-0.71,-0.51,-0.98,0.58,-0.64,16744326
195328,0.06,1.02,0.10,-2.69,2.20,-1.25,-0.39,-0.71,-0.51,-1.28,0.40,-0.64,16744394
195339,0.06,1.02,0.10,-2.75,1.95,-1.19,-0.39,-0.71,-0.51,-1.04,0.67,-0.70,16745157
195351,0.06,1.02,0.10,-2.81,2.23,-1.16,-0.39,-0.71,-0.51,-0.95,0.49,-0.52,16748373
195362,0.06,1.02,0.10,-2.59,2.08,-1.34,-0.39,-0.70,-0.51,-1.13,0.67,-0.89,16748796
195375,0.06,1.02,0.10,-2.56,2.17,-1.10,-0.39,-0.70,-0.51,-1.01,0.64,-0.61,16745491
195386,0.06,1.02,0.10,-2.56,1.92,-1.16,-0.39,-0.70,-0.51,-1.13,0.31,-0.89,16747548
195398,0.06,1.02,0.10,-2.17,2.17,-1.31,-0.39,-0.70,-0.51,-0.82,0.31,-0.73,16746297
195409,0.06,1.02,0.10,-2.29,2.14,-1.16,-0.39,-0.70,-0.51,-0.89,0.46,-1.01,16746805
195422,0.06,1.02,0.10,-2.29,2.20,-1.31,-0.39,-0.70,-0.51,-1.19,0.34,-0.58,16748342
195433,0.06,1.02,0.10,-2.50,2.11,-1.25,-0.39,-0.70,-0.51,-1.07,0.61,-0.73,16746650
195444,0.06,1.02,0.10,-2.04,1.95,-1.25,-0.39,-0.70,-0.51,-0.82,0.58,-0.92,16747339
195457,0.06,1.02,0.10,-2.01,2.17,-1.22,-0.39,-0.70,-0.51,-0.98,0.64,-0.79,16744781
195468,0.06,1.02,0.10,-2.23,2.04,-1.46,-0.39,-0.70,-0.51,-0.89,0.49,-0.92,16746174
195480,0.06,1.02,0.10,-2.01,2.08,-1.31,-0.39,-0.70,-0.51,-1.10,0.67,-0.70,16749178
195491,0.06,1.02,0.10,-2.35,1.98,-1.31,-0.39,-0.70,-0.51,-0.79,0.52,-0.98,16750419
195504,0.06,1.02,0.10,-2.23,2.14,-1.50,-0.39,-0.70,-0.51,-1.19,0.46,-0.76,16745809
195515,0.06,1.02,0.10,-2.11,2.08,-1.31,-0.39,-0.70,-0.51,-1.19,0.58,-0.92,16745277
195527,0.06,1.02,0.10,-2.32,2.17,-1.16,-0.39,-0.70,-0.51,-1.04,0.73,-0.82,16747404
195538,0.06,1.02,0.10,-2.62,2.17,-1.10,-0.39,-0.70,-0.51,-1.19,0.67,-0.58,16750483
195550,0.06,1.02,0.10,-2.62,1.98,-1.25,-0.39,-0.70,-0.51,-1.13,0.34,-1.04,16746900
195562,0.06,1.02,0.10,-2.62,1.92,-1.16,-0.39,-0.71,-0.51,-1.07,0.76,-0.76,16746896
195573,0.06,1.02,0.10,-2.66,2.01,-1.43,-0.39,-0.71,-0.51,-0.89,0.52,-0.76,16749931
195586,0.06,1.02,0.10,-2.87,1.92,-1.13,-0.39,-0.71,-0.51,-1.19,0.64,-0.92,16751403
195597,0.06,1.02,0.10,-2.44,2.23,-1.22,-0.39,-0.70,-0.51,-1.13,0.43,-0.82,16750057
195609,0.06,1.02,0.10,-2.56,2.01,-1.10,-0.39,-0.70,-0.51,-1.25,0.49,-0.67,16752627
195620,0.06,1.02,0.10,-2.29,1.83,-1.07,-0.39,-0.70,-0.51,-1.01,0.52,-0.61,16750891
195633,0.06,1.02,0.10,-2.69,2.20,-1.16,-0.39,-0.70,-0.51,-0.95,0.46,-0.76,16748609
195644,0.06,1.02,0.10,-2.38,2.04,-1.50,-0.39,-0.70,-0.51,-0.85,0.55,-0.82,16748235
195656,0.06,1.02,0.10,-2.08,2.17,-1.37,-0.39,-0.70,-0.51,-1.34,0.55,-0.73,16747479
195667,0.06,1.02,0.10,-2.20,1.92,-1.19,-0.39,-0.70,-0.51,-0.98,0.67,-0.76,16747252
195679,0.06,1.02,0.10,-2.14,2.23,-1.34,-0.39,-0.70,-0.51,-1.07,0.70,-0.82,16749564
195691,0.06,1.02,0.10,-2.04,2.26,-1.10,-0.39,-0.70,-0.51,-0.79,0.61,-0.70,16748389
195702,0.06,1.02,0.10,-2.01,2.04,-1.16,-0.39,-0.70,-0.51,-0.82,0.95,-0.49,16748431
195715,0.06,1.02,0.10,-1.83,2.50,-1.28,-0.39,-0.70,-0.51,-0.92,0.58,-0.79,16750528
195726,0.06,1.02,0.10,-2.08,2.23,-1.37,-0.39,-0.70,-0.51,-1.22,0.55,-0.73,16747991
195738,0.06,1.02,0.10,-1.83,2.29,-1.34,-0.39,-0.71,-0.51,-1.01,0.49,-0.76,16749113
195749,0.06,1.02,0.10,-2.14,2.17,-1.43,-0.39,-0.70,-0.51,-0.95,0.52,-0.55,16750482
195762,0.06,1.02,0.10,-2.20,1.98,-1.31,-0.39,-0.71,-0.51,-1.10,0.46,-0.82,16750428
195773,0.06,1.02,0.10,-2.23,2.14,-1.40,-0.39,-0.71,-0.51,-0.98,0.55,-0.52,16749830
195785,0.06,1.02,0.10,-2.23,2.08,-0.92,-0.39,-0.71,-0.51,-1.10,0.61,-0.85,16749830
195796,0.06,1.02,0.10,-2.41,2.01,-1.04,-0.39,-0.71,-0.51,-1.07,0.52,-0.64,16747646
195808,0.06,1.02,0.10,-2.11,2.20,-1.01,-0.39,-0.71,-0.51,-0.79,0.31,-0.92,16750110
195820,0.06,1.02,0.10,-2.35,1.89,-1.07,-0.39,-0.70,-0.51,-0.85,0.37,-0.76,16748691
195831,0.06,1.02,0.10,-2.50,2.04,-1.16,-0.39,-0.70,-0.51,-0.92,0.52,-0.61,16745995
195844,0.06,1.02,0.10,-2.53,2.32,-1.28,-0.39,-0.70,-0.51,-0.79,0.55,-0.64,16747943
195855,0.06,1.02,0.10,-2.66,1.98,-1.10,-0.39,-0.70,-0.51,-1.25,0.55,-1.04,16749849
195867,0.06,1.02,0.10,-2.72,2.14,-1.34,-0.39,-0.70,-0.51,-0.82,0.55,-0.55,16747669
195878,0.06,1.02,0.10,-2.53,2.14,-1.01,-0.39,-0.70,-0.51,-1.19,0.37,-0.89,16748485
195891,0.06,1.02,0.10,-2.38,2.17,-1.10,-0.39,-0.70,-0.51,-0.95,0.40,-0.64,16748400
195902,0.06,1.02,0.10,-2.69,2.11,-1.43,-0.39,-0.70,-0.51,-1.07,0.43,-0.79,16750830
195913,0.06,1.02,0.10,-2.38,2.08,-1.34,-0.39,-0.70,-0.51,-1.04,0.55,-0.95,16751204
195926,0.06,1.02,0.10,-2.56,1.92,-1.10,-0.39,-0.70,-0.51,-1.13,0.61,-0.46,16747554
195937,0.06,1.02,0.10,-2.44,2.29,-1.13,-0.39,-0.70,-0.51,-0.98,0.55,-0.70,16747500
195949,0.06,1.02,0.10,-2.47,2.08,-1.01,-0.39,-0.71,-0.51,-0.98,0.61,-0.89,16750145
195960,0.06,1.02,0.10,-2.53,1.83,-1.34,-0.39,-0.71,-0.51,-1.13,0.67,-0.67,16751663
195973,0.06,1.02,0.10,-2.56,2.04,-1.25,-0.39,-0.70,-0.51,-0.92,0.58,-0.52,16753121
195984,0.06,1.02,0.10,-2.26,2.14,-1.46,-0.39,-0.70,-0.51,-0.98,0.55,-0.79,16747992
195996,0.06,1.02,0.10,-2.38,2.29,-1.07,-0.39,-0.70,-0.51,-0.89,0.31,-0.85,16748605
196007,0.06,1.02,0.10,-2.08,2.04,-1.34,-0.39,-0.70,-0.51,-0.95,0.67,-0.49,16748067
196020,0.06,1.02,0.10,-1.98,2.14,-1.16,-0.39,-0.70,-0.51,-1.19,0.46,-0.85,16744066
196031,0.06,1.02,0.10,-2.41,2.20,-1.28,-0.39,-0.70,-0.51,-1.04,0.34,-0.85,16744917
196042,0.06,1.02,0.10,-1.86,2.01,-1.07,-0.39,-0.70,-0.51,-1.01,0.76,-0.64,16746065
196055,0.06,1.02,0.10,-2.11,2.32,-1.22,-0.39,-0.70,-0.51,-1.19,0.40,-0.79,16745026
196066,0.06,1.02,0.10,-2.08,2.14,-1.46,-0.39,-0.70,-0.51,-0.70,0.46,-0.64,16744103
196078,0.06,1.02,0.10,-2.20,2.11,-1.50,-0.39,-0.70,-0.51,-1.16,0.34,-0.79,16746565
196089,0.06,1.02,0.10,-2.20,2.11,-1.07,-0.39,-0.70,-0.51,-1.07,0.52,-1.07,16749327
196102,0.06,1.02,0.10,-2.32,2.17,-1.43,-0.39,-0.70,-0.51,-1.07,0.67,-0.92,16748564
196113,0.06,1.02,0.10,-2.29,2.01,-1.40,-0.39,-0.70,-0.51,-0.89,0.58,-0.85,16747585
196125,0.06,1.02,0.10,-2.29,2.01,-1.25,-0.39,-0.70,-0.51,-0.89,0.40,-0.82,16745615
196136,0.06,1.02,0.10,-2.29,2.17,-1.28,-0.39,-0.70,-0.51,-1.04,0.43,-0.89,16747537
196149,0.06,1.02,0.10,-2.62,2.08,-1.04,-0.39,-0.70,-0.51,-1.19,0.49,-0.58,16748027
196160,0.06,1.02,0.10,-2.38,2.20,-1.25,-0.39,-0.70,-0.51,-1.13,0.73,-0.76,16747335
196171,0.06,1.02,0.10,-2.29,2.20,-0.95,-0.39,-0.70,-0.51,-0.92,0.46,-0.82,16748340
196184,0.06,1.02,0.10,-2.59,1.98,-1.22,-0.39,-0.70,-0.51,-1.10,0.46,-0.89,16748566
196195,0.06,1.02,0.10,-2.50,2.14,-1.34,-0.39,-0.70,-0.51,-1.04,0.52,-0.58,16752584
196207,0.06,1.02,0.10,-2.59,2.20,-1.28,-0.39,-0.71,-0.51,-1.34,0.73,-1.01,16751950
196218,0.06,1.02,0.10,-2.56,2.20,-1.28,-0.39,-0.71,-0.51,-0.89,0.58,-0.82,16750245
196231,0.06,1.02,0.10,-2.41,2.04,-1.28,-0.39,-0.70,-0.51,-1.16,0.61,-1.13,16747677
196242,0.06,1.02,0.10,-2.38,2.11,-1.62,-0.39,-0.70,-0.51,-0.98,0.52,-0.85,16749085
196254,0.06,1.02,0.10,-2.59,2.01,-1.22,-0.39,-0.70,-0.51,-1.07,0.67,-1.01,16749218
196265,0.06,1.02,0.10,-2.50,2.29,-1.37,-0.39,-0.71,-0.51,-0.89,0.43,-0.64,16748873
196277,0.06,1.02,0.10,-2.26,2.08,-1.13,-0.39,-0.71,-0.51,-0.70,0.67,-0.67,16748451
196289,0.06,1.02,0.10,-2.26,2.14,-1.37,-0.39,-0.70,-0.51,-1.10,0.64,-0.67,16745983
196300,0.06,1.02,0.10,-2.32,2.26,-1.34,-0.39,-0.71,-0.51,-1.13,0.58,-0.73,16747567
196313,0.06,1.02,0.10,-2.32,2.14,-1.40,-0.39,-0.71,-0.51,-1.07,0.31,-0.73,16749137
196324,0.06,1.02,0.10,-2.23,2.01,-1.53,-0.39,-0.71,-0.51,-0.95,0.70,-0.82,16747732
196336,0.06,1.02,0.10,-2.01,2.23,-1.22,-0.39,-0.70,-0.51,-0.95,0.40,-0.76,16748444
196347,0.06,1.02,0.10,-2.08,2.14,-1.31,-0.39,-0.70,-0.51,-0.82,0.49,-0.73,16749993
196360,0.06,1.02,0.10,-2.53,2.14,-1.04,-0.39,-0.70,-0.51,-0.82,0.49,-0.79,16746281
196371,0.06,1.02,0.10,-1.92,2.04,-1.19,-0.39,-0.70,-0.51,-0.73,0.37,-0.85,16746071
196383,0.06,1.02,0.10,-1.98,2.01,-1.37,-0.39,-0.71,-0.51,-0.76,0.64,-0.82,16746743
196395,0.06,1.02,0.10,-2.38,2.04,-1.13,-0.39,-0.71,-0.51,-0.98,0.40,-1.01,16746323
196406,0.06,1.02,0.10,-2.41,2.17,-1.04,-0.39,-0.70,-0.51,-1.04,0.40,-0.70,16749007
196418,0.06,1.02,0.10,-2.26,2.44,-1.13,-0.39,-0.70,-0.51,-1.16,0.61,-0.73,16750056
196429,0.06,1.02,0.10,-2.23,2.17,-1.22,-0.39,-0.70,-0.51,-0.92,0.40,-0.95,16749684
196442,0.06,1.02,0.10,-2.66,2.01,-1.10,-0.39,-0.70,-0.51,-1.07,0.76,-0.64,16750866
196453,0.06,1.02,0.10,-2.29,1.92,-1.34,-0.39,-0.70,-0.51,-1.19,0.52,-0.82,16749763
196465,0.06,1.02,0.10,-2.01,1.95,-1.22,-0.39,-0.70,-0.51,-1.34,0.61,-0.89,16748260
196476,0.06,1.02,0.10,-2.72,2.11,-1.19,-0.39,-0.70,-0.51,-1.13,0.64,-0.95,16746271
196489,0.06,1.02,0.10,-2.56,1.95,-1.25,-0.39,-0.70,-0.51,-0.85,0.43,-1.01,16747401
196500,0.06,1.02,0.10,-2.11,2.23,-1.22,-0.39,-0.70,-0.51,-1.01,0.58,-0.58,16750548
196512,0.06,1.02,0.10,-2.38,2.08,-1.22,-0.39,-0.70,-0.51,-0.98,0.18,-0.64,16749093
196524,0.06,1.02,0.10,-2.78,2.01,-1.37,-0.39,-0.70,-0.51,-1.19,0.40,-0.85,16750573
196535,0.06,1.02,0.10,-2.41,2.26,-1.25,-0.39,-0.70,-0.51,-0.95,0.49,-0.85,16748550
196547,0.06,1.02,0.10,-2.38,2.23,-1.25,-0.39,-0.70,-0.51,-1.01,0.49,-0.82,16747794
196558,0.06,1.02,0.10,-2.56,2.20,-1.40,-0.39,-0.70,-0.51,-1.10,0.55,-0.85,16746791
196571,0.06,1.02,0.10,-2.35,2.01,-1.19,-0.39,-0.70,-0.51,-0.70,0.52,-0.70,16747762
196582,0.06,1.02,0.10,-1.98,1.86,-1.22,-0.39,-0.70,-0.51,-0.95,0.40,-0.98,16747792
196594,0.06,1.02,0.10,-2.23,2.08,-1.16,-0.39,-0.70,-0.51,-0.82,0.43,-0.73,16747325
196605,0.06,1.02,0.10,-2.53,2.11,-1.28,-0.39,-0.70,-0.51,-0.92,0.52,-0.55,16746495
196618,0.06,1.02,0.10,-2.11,1.89,-1.50,-0.39,-0.70,-0.51,-0.89,0.58,-0.70,16748110
196629,0.06,1.02,0.10,-2.01,2.26,-1.04,-0.39,-0.70,-0.51,-1.10,0.43,-0.89,16748104
196640,0.06,1.02,0.10,-2.20,1.92,-1.22,-0.39,-0.70,-0.51,-1.19,0.61,-0.76,16747138
196653,0.06,1.02,0.10,-2.26,2.04,-1.28,-0.39,-0.70,-0.51,-1.04,0.70,-0.64,16746890
196664,0.06,1.02,0.10,-2.26,2.32,-1.40,-0.39,-0.70,-0.51,-1.01,0.70,-0.37,16749392
196676,0.06,1.02,0.10,-2.26,1.89,-1.22,-0.39,-0.70,-0.51,-0.98,0.27,-0.76,16748502
196687,0.06,1.02,0.10,-2.47,2.17,-1.34,-0.39,-0.70,-0.51,-0.95,0.55,-1.10,16747567
196700,0.06,1.02,0.10,-2.20,2.17,-1.13,-0.39,-0.70,-0.51,-1.04,0.70,-0.82,16749222
196711,0.06,1.02,0.10,-2.32,2.11,-1.28,-0.39,-0.70,-0.51,-1.10,0.31,-0.55,16748499
196723,0.06,1.02,0.10,-2.20,2.11,-1.28,-0.39,-0.70,-0.51,-0.89,0.55,-0.76,16748358
196734,0.06,1.02,0.10,-2.23,2.11,-1.28,-0.39,-0.70,-0.51,-0.98,0.58,-0.79,16748740
196747,0.06,1.02,0.10,-2.23,2.08,-1.22,-0.39,-0.70,-0.51,-1.01,0.98,-0.73,16748309
196758,0.06,1.02,0.10,-2.44,2.17,-1.01,-0.39,-0.70,-0.51,-0.92,0.52,-0.79,16748605
196769,0.06,1.02,0.10,-2.44,2.04,-1.31,-0.39,-0.70,-0.51,-0.92,0.82,-0.79,16746805
196782,0.06,1.02,0.10,-2.32,2.20,-1.19,-0.39,-0.70,-0.51,-1.07,0.52,-0.67,16746053
196793,0.06,1.02,0.10,-2.38,1.98,-1.31,-0.39,-0.70,-0.51,-1.10,0.52,-0.98,16749526
196805,0.06,1.02,0.10,-2.20,2.14,-1.04,-0.39,-0.70,-0.51,-0.98,0.52,-0.92,16748900
196816,0.06,1.02,0.10,-2.23,2.20,-1.25,-0.39,-0.70,-0.51,-1.13,0.55,-0.95,16746177
196829,0.06,1.02,0.10,-2.17,1.89,-1.34,-0.39,-0.70,-0.51,-0.89,0.73,-0.70,16744999
196840,0.06,1.02,0.10,-2.17,2.32,-1.50,-0.39,-0.70,-0.51,-1.07,0.67,-0.82,16746192
196852,0.06,1.02,0.10,-2.29,2.14,-1.13,-0.39,-0.70,-0.51,-1.16,0.49,-0.67,16746275
196864,0.06,1.02,0.10,-2.41,2.38,-1.25,-0.39,-0.70,-0.51,-1.01,0.46,-0.73,16745471
196876,0.06,1.02,0.10,-2.17,2.08,-1.56,-0.39,-0.70,-0.51,-1.13,0.34,-0.85,16746852
196887,0.06,1.02,0.10,-2.23,2.08,-1.43,-0.39,-0.70,-0.51,-0.98,0.61,-0.85,16745869
196898,0.06,1.02,0.10,-2.23,1.80,-1.22,-0.39,-0.70,-0.51,-0.73,0.73,-0.82,16744359
196911,0.06,1.02,0.10,-2.17,2.17,-1.34,-0.39,-0.70,-0.51,-0.89,0.61,-0.79,16747482
196922,0.06,1.02,0.10,-2.29,2.04,-1.31,-0.39,-0.71,-0.51,-0.82,0.73,-1.04,16745595
196934,0.06,1.02,0.10,-2.23,2.20,-1.22,-0.39,-0.70,-0.51,-0.98,1.04,-0.92,16745888
196945,0.06,1.02,0.10,-2.26,1.95,-1.25,-0.39,-0.70,-0.51,-1.13,0.61,-1.01,16748290
196958,0.06,1.02,0.10,-2.32,2.32,-1.22,-0.39,-0.70,-0.51,-0.82,0.52,-0.64,16746904
196969,0.06,1.02,0.10,-2.47,2.08,-1.19,-0.39,-0.70,-0.51,-1.01,0.76,-0.85,16747642
196981,0.06,1.02,0.10,-2.23,2.17,-1.34,-0.39,-0.70,-0.51,-0.95,0.49,-0.64,16747234
196993,0.06,1.02,0.10,-2.32,2.32,-1.46,-0.39,-0.70,-0.51,-1.13,0.67,-0.79,16747204
197004,0.06,1.02,0.10,-2.44,1.95,-1.34,-0.39,-0.70,-0.51,-0.95,0.55,-0.73,16748848
197016,0.06,1.02,0.10,-2.17,2.17,-1.19,-0.39,-0.70,-0.51,-1.19,0.37,-1.01,16745594
197027,0.06,1.02,0.10,-2.35,2.01,-1.31,-0.39,-0.70,-0.51,-1.10,0.52,-0.89,16744522
197040,0.06,1.02,0.10,-2.26,2.14,-1.22,-0.39,-0.70,-0.51,-0.89,0.34,-0.61,16749188
197051,0.06,1.02,0.10,-2.20,2.01,-1.31,-0.39,-0.70,-0.51,-0.92,0.64,-0.85,16749905
197063,0.06,1.02,0.10,-2.38,2.11,-1.13,-0.39,-0.70,-0.51,-0.76,0.55,-0.92,16749086
197074,0.06,1.02,0.10,-2.38,2.20,-1.31,-0.39,-0.70,-0.51,-1.10,0.73,-0.95,16750118
197087,0.06,1.02,0.10,-2.23,2.01,-1.01,-0.39,-0.71,-0.51,-1.13,0.55,-0.58,16749185
197098,0.06,1.02,0.10,-2.38,2.20,-1.34,-0.39,-0.70,-0.51,-0.79,0.64,-0.89,16747963
197110,0.06,1.02,0.10,-2.35,2.23,-1.40,-0.39,-0.70,-0.51,-1.01,0.64,-0.76,16747970
197122,0.06,1.02,0.10,-2.26,2.01,-1.28,-0.39,-0.70,-0.51,-1.19,0.64,-0.85,16747425
197133,0.06,1.02,0.10,-2.23,2.04,-1.37,-0.39,-0.70,-0.51,-0.98,0.55,-0.55,16746775
197145,0.06,1.02,0.10,-2.29,2.11,-1.31,-0.39,-0.71,-0.51,-0.92,0.46,-0.70,16748192
197156,0.06,1.02,0.10,-2.38,2.01,-1.31,-0.39,-0.71,-0.51,-0.73,0.49,-0.52,16749516
197169,0.06,1.02,0.10,-2.44,2.04,-1.10,-0.39,-0.70,-0.51,-0.70,0.67,-0.61,16746036
197180,0.06,1.02,0.10,-2.38,2.23,-1.34,-0.39,-0.70,-0.51,-0.85,0.49,-0.79,16746512
197192,0.06,1.02,0.10,-2.38,2.17,-1.28,-0.39,-0.70,-0.51,-1.10,0.67,-0.73,16747623
197203,0.06,1.02,0.10,-2.20,2.17,-1.37,-0.39,-0.70,-0.51,-1.28,0.52,-1.01,16746908
197216,0.06,1.02,0.10,-2.23,2.17,-1.28,-0.39,-0.70,-0.51,-1.19,0.52,-0.58,16746992
197227,0.06,1.02,0.10,-2.29,2.01,-1.37,-0.39,-0.70,-0.51,-1.16,0.55,-0.98,16747672
197239,0.06,1.02,0.10,-2.32,2.29,-1.37,-0.39,-0.70,-0.51,-1.13,0.46,-0.89,16749645
197251,0.06,1.02,0.10,-2.14,2.29,-1.43,-0.39,-0.70,-0.51,-0.85,0.64,-0.70,16747746
197262,0.06,1.02,0.10,-2.17,2.11,-1.22,-0.39,-0.70,-0.51,-0.70,0.58,-0.76,16749486
197274,0.06,1.02,0.10,-2.44,2.08,-1.28,-0.39,-0.70,-0.51,-1.04,0.70,-0.82,16748150
197285,0.06,1.02,0.10,-2.53,2.20,-1.07,-0.40,-0.70,-0.51,-1.10,0.58,-0.76,16749035
197298,0.06,1.02,0.10,-2.20,2.17,-1.16,-0.39,-0.70,-0.51,-1.04,0.61,-0.92,16747791
197309,0.06,1.02,0.10,-2.26,1.98,-1.53,-0.39,-0.70,-0.51,-1.22,0.46,-0.82,16749326
197321,0.06,1.02,0.10,-2.23,2.17,-1.22,-0.39,-0.70,-0.51,-1.25,0.49,-0.67,16748774
197332,0.06,1.02,0.10,-2.29,1.95,-1.43,-0.39,-0.70,-0.51,-1.28,0.55,-0.70,16748389
197345,0.06,1.02,0.10,-2.14,2.01,-1.46,-0.39,-0.70,-0.51,-0.85,0.55,-0.79,16748065
197356,0.06,1.02,0.10,-2.44,2.08,-1.10,-0.39,-0.70,-0.51,-0.64,0.55,-0.73,16748711
197368,0.06,1.02,0.10,-2.41,2.17,-1.25,-0.39,-0.70,-0.51,-1.25,0.43,-0.76,16748621
197380,0.06,1.02,0.10,-2.29,2.11,-1.40,-0.39,-0.70,-0.51,-1.01,0.49,-0.76,16746470
197391,0.06,1.02,0.10,-2.20,2.17,-1.37,-0.39,-0.70,-0.51,-1.13,0.73,-1.01,16747733
197403,0.06,1.02,0.10,-2.32,2.26,-1.28,-0.39,-0.70,-0.51,-1.10,0.34,-0.92,16750226
197414,0.06,1.02,0.10,-2.38,2.29,-1.16,-0.39,-0.70,-0.51,-1.13,0.79,-1.01,16749217
197427,0.06,1.02,0.10,-2.41,2.08,-1.22,-0.39,-0.70,-0.51,-0.85,0.67,-1.04,16748153
197438,0.06,1.02,0.10,-2.26,2.41,-0.95,-0.39,-0.70,-0.51,-0.89,0.76,-0.82,16745149
197450,0.06,1.02,0.10,-2.44,2.17,-1.04,-0.39,-0.70,-0.51,-0.92,0.52,-0.76,16747257
197462,0.06,1.02,0.10,-2.35,1.92,-1.34,-0.39,-0.71,-0.51,-1.31,0.55,-0.82,16747555
197474,0.06,1.02,0.10,-2.32,2.23,-1.16,-0.39,-0.71,-0.51,-0.85,0.40,-0.79,16748818
197485,0.06,1.02,0.10,-2.23,2.04,-1.19,-0.39,-0.71,-0.51,-0.92,0.49,-0.85,16750932
197496,0.06,1.02,0.10,-2.23,2.04,-1.28,-0.39,-0.71,-0.51,-1.01,0.49,-0.76,16748985
197509,0.06,1.02,0.10,-2.20,2.17,-1.34,-0.39,-0.71,-0.51,-1.07,0.49,-0.89,16751687
197520,0.06,1.02,0.10,-2.56,2.14,-1.28,-0.39,-0.71,-0.51,-0.76,0.49,-0.89,16750248
197532,0.06,1.02,0.10,-2.08,2.20,-1.46,-0.39,-0.70,-0.51,-1.01,0.37,-0.58,16748259
197543,0.06,1.02,0.10,-2.32,2.14,-1.25,-0.39,-0.70,-0.51,-1.13,0.67,-0.98,16748265
197556,0.06,1.02,0.10,-2.29,2.17,-1.25,-0.39,-0.70,-0.51,-0.73,0.67,-0.70,16747362
197567,0.06,1.02,0.10,-2.32,2.23,-1.34,-0.39,-0.70,-0.51,-0.95,0.46,-0.67,16748381
197579,0.06,1.02,0.10,-2.11,1.98,-1.46,-0.39,-0.70,-0.51,-0.61,0.43,-0.70,16748849
197591,0.06,1.02,0.10,-2.23,2.17,-1.31,-0.39,-0.71,-0.51,-0.95,0.34,-0.98,16747197
197603,0.06,1.02,0.10,-2.41,2.20,-1.34,-0.39,-0.71,-0.51,-1.10,0.61,-0.67,16746473
197614,0.06,1.02,0.10,-2.32,2.26,-1.25,-0.39,-0.71,-0.51,-0.89,0.34,-0.70,16748978
197625,0.06,1.02,0.10,-2.41,2.20,-1.34,-0.39,-0.70,-0.51,-0.79,0.37,-0.67,16749145
197638,0.06,1.02,0.10,-2.35,1.89,-1.22,-0.39,-0.70,-0.51,-0.67,0.61,-0.73,16748818
197649,0.06,1.02,0.10,-2.26,2.29,-1.53,-0.39,-0.70,-0.51,-0.89,0.31,-0.85,16749892
197661,0.06,1.02,0.10,-2.20,2.20,-1.25,-0.39,-0.70,-0.51,-1.16,0.89,-0.76,16745402
197672,0.06,1.02,0.10,-2.17,2.26,-1.28,-0.39,-0.70,-0.51,-1.07,0.40,-0.67,16746017
197685,0.06,1.02,0.10,-2.26,2.01,-1.37,-0.39,-0.71,-0.51,-0.89,0.31,-0.67,16748407
197696,0.06,1.02,0.10,-2.26,1.86,-1.22,-0.39,-0.70,-0.51,-1.10,0.64,-1.01,16745314
197708,0.06,1.02,0.10,-1.95,2.11,-1.46,-0.39,-0.70,-0.51,-0.73,0.55,-0.67,16745196
197720,0.06,1.02,0.10,-2.29,2.01,-1.25,-0.39,-0.70,-0.51,-0.85,0.61,-0.82,16747176
197732,0.06,1.02,0.10,-2.26,2.08,-1.16,-0.39,-0.70,-0.51,-0.85,0.52,-0.79,16747784
197743,0.06,1.02,0.10,-2.50,2.11,-1.19,-0.39,-0.70,-0.51,-0.98,0.58,-0.70,16748751
197754,0.06,1.02,0.10,-2.32,2.11,-1.50,-0.39,-0.70,-0.51,-0.92,0.43,-0.73,16746365
197767,0.06,1.02,0.10,-2.23,2.08,-1.34,-0.39,-0.70,-0.51,-1.04,0.34,-0.70,16747548
197778,0.06,1.02,0.10,-2.50,1.98,-1.34,-0.39,-0.70,-0.51,-0.89,0.64,-0.49,16750849
197790,0.06,1.02,0.10,-2.20,2.20,-1.40,-0.39,-0.70,-0.51,-1.07,0.70,-0.89,16749931
197801,0.06,1.02,0.10,-2.23,2.26,-1.16,-0.39,-0.70,-0.51,-1.16,0.55,-0.85,16748450
197814,0.06,1.02,0.10,-2.35,2.20,-1.46,-0.39,-0.70,-0.51,-1.19,0.55,-0.92,16746031
197825,0.06,1.02,0.10,-2.23,1.92,-0.98,-0.39,-0.70,-0.51,-0.92,0.67,-0.82,16747540
197837,0.06,1.02,0.10,-2.35,2.14,-1.01,-0.39,-0.70,-0.51,-1.31,0.31,-0.52,16749276
197849,0.06,1.02,0.10,-2.26,2.17,-1.50,-0.39,-0.70,-0.51,-1.31,0.37,-0.61,16750026
197860,0.06,1.02,0.10,-2.35,1.95,-1.37,-0.39,-0.70,-0.51,-1.04,0.70,-0.79,16750535
197872,0.06,1.02,0.10,-2.38,2.04,-1.53,-0.39,-0.70,-0.51,-0.92,0.49,-0.89,16750050
197883,0.06,1.02,0.10,-2.47,2.20,-1.31,-0.39,-0.70,-0.51,-0.79,0.58,-0.89,16747988
197896,0.06,1.02,0.10,-2.32,2.29,-1.28,-0.39,-0.70,-0.51,-0.89,0.27,-0.85,16746238
197907,0.06,1.02,0.10,-2.38,2.04,-1.10,-0.39,-0.71,-0.51,-1.07,0.55,-0.73,16746137
197919,0.06,1.02,0.10,-2.17,2.23,-1.50,-0.39,-0.70,-0.51,-0.98,0.37,-0.70,16750511
197931,0.06,1.02,0.10,-2.38,1.92,-1.34,-0.39,-0.71,-0.51,-1.19,0.49,-0.55,16749704
197943,0.06,1.02,0.10,-2.20,2.26,-1.19,-0.39,-0.70,-0.51,-0.98,0.64,-0.67,16748452
197954,0.06,1.02,0.10,-2.23,2.08,-1.34,-0.39,-0.70,-0.51,-1.28,0.82,-0.79,16748576
197966,0.06,1.02,0.10,-2.29,2.23,-1.34,-0.39,-0.71,-0.51,-1.07,0.64,-0.76,16748923
197978,0.06,1.02,0.10,-2.47,2.04,-1.13,-0.39,-0.71,-0.51,-0.92,0.67,-0.73,16750722
197989,0.06,1.02,0.10,-2.29,2.14,-1.43,-0.39,-0.71,-0.51,-1.25,0.89,-0.85,16748415
198001,0.06,1.02,0.10,-2.26,2.01,-1.34,-0.39,-0.71,-0.51,-1.19,0.46,-0.73,16748982
198012,0.06,1.02,0.10,-2.50,2.04,-1.16,-0.39,-0.71,-0.51,-1.34,0.58,-0.64,16749560
198025,0.06,1.02,0.10,-2.14,2.08,-1.28,-0.39,-0.71,-0.51,-1.01,0.31,-0.95,16748533
198036,0.06,1.02,0.10,-2.32,2.14,-1.16,-0.39,-0.71,-0.51,-0.98,0.52,-0.73,16750071
198048,0.06,1.02,0.10,-2.44,2.23,-1.16,-0.39,-0.71,-0.51,-0.95,0.43,-0.85,16748777
198060,0.06,1.02,0.10,-2.17,2.08,-1.40,-0.39,-0.70,-0.51,-0.85,0.18,-0.76,16749475
198072,0.06,1.02,0.10,-2.20,2.17,-1.40,-0.39,-0.70,-0.51,-1.04,0.61,-1.04,16749462
198083,0.06,1.02,0.10,-2.32,2.11,-1.28,-0.39,-0.70,-0.51,-0.98,0.76,-0.89,16749294
198095,0.06,1.02,0.10,-2.53,1.95,-1.25,-0.39,-0.70,-0.51,-0.95,0.37,-1.07,16748709
198107,0.06,1.02,0.10,-2.29,2.01,-1.31,-0.39,-0.70,-0.51,-0.82,0.37,-0.64,16745831
198118,0.06,1.02,0.10,-2.14,2.17,-1.37,-0.39,-0.70,-0.51,-0.79,0.52,-0.89,16748495
198130,0.06,1.02,0.10,-2.32,2.14,-1.43,-0.39,-0.70,-0.51,-1.01,0.43,-0.85,16747585
198141,0.06,1.02,0.10,-2.41,2.14,-1.50,-0.39,-0.70,-0.51,-1.01,0.31,-0.98,16747774
198154,0.06,1.02,0.10,-2.20,2.14,-1.19,-0.39,-0.70,-0.51,-0.85,0.37,-0.67,16745912
198165,0.06,1.02,0.10,-2.35,2.01,-1.37,-0.39,-0.70,-0.51,-0.92,0.49,-1.01,16745341
198177,0.06,1.02,0.10,-2.53,2.11,-1.04,-0.39,-0.70,-0.51,-0.89,0.64,-0.70,16745552
198189,0.06,1.02,0.10,-2.29,2.26,-1.22,-0.39,-0.70,-0.51,-0.95,0.18,-0.85,16744814
198201,0.06,1.02,0.10,-2.50,2.08,-0.98,-0.39,-0.70,-0.51,-1.25,0.58,-0.82,16746235
198212,0.06,1.02,0.10,-2.35,2.04,-0.85,-0.39,-0.70,-0.51,-1.07,0.61,-0.76,16746830
198223,0.06,1.02,0.10,-2.47,2.14,-1.31,-0.39,-0.70,-0.51,-0.89,0.43,-0.55,16750682
198236,0.06,1.02,0.10,-2.17,2.14,-1.16,-0.39,-0.70,-0.51,-0.85,0.67,-0.70,16751122
198247,0.06,1.02,0.10,-2.26,2.17,-1.10,-0.39,-0.71,-0.51,-0.89,0.52,-0.82,16749592
198259,0.06,1.02,0.10,-2.38,2.17,-1.34,-0.39,-0.71,-0.51,-0.85,0.73,-0.85,16747713
198270,0.06,1.02,0.10,-2.50,2.32,-1.13,-0.39,-0.70,-0.51,-0.95,0.18,-1.01,16747810
198283,0.06,1.02,0.10,-2.44,1.95,-1.19,-0.39,-0.70,-0.51,-1.10,0.64,-0.79,16747578
198294,0.06,1.02,0.10,-2.29,2.26,-1.50,-0.39,-0.70,-0.51,-0.95,0.52,-0.95,16749068
198306,0.06,1.02,0.10,-2.23,2.11,-1.34,-0.39,-0.70,-0.51,-1.04,0.34,-0.79,16750791
198318,0.06,1.02,0.10,-2.20,1.92,-1.16,-0.39,-0.70,-0.51,-1.22,0.58,-0.70,16748651
198330,0.06,1.02,0.10,-2.53,2.14,-1.22,-0.39,-0.70,-0.51,-0.95,0.46,-0.70,16746800
198341,0.06,1.02,0.10,-2.26,2.20,-1.37,-0.39,-0.70,-0.51,-0.89,0.31,-0.92,16746792
198352,0.06,1.02,0.10,-2.50,2.20,-1.19,-0.39,-0.70,-0.51,-0.82,0.55,-0.73,16749194
198365,0.06,1.02,0.10,-2.35,2.08,-1.10,-0.39,-0.70,-0.51,-0.89,0.55,-0.61,16748926
198376,0.06,1.02,0.10,-2.20,2.20,-1.37,-0.39,-0.70,-0.51,-1.01,0.61,-0.89,16748801
198388,0.06,1.02,0.10,-2.29,2.04,-1.04,-0.39,-0.70,-0.51,-1.16,0.34,-1.07,16748464
198400,0.06,1.02,0.10,-2.59,2.41,-1.31,-0.39,-0.70,-0.51,-0.98,0.40,-0.76,16746864
198412,0.06,1.02,0.10,-2.29,2.32,-1.31,-0.39,-0.71,-0.51,-0.98,0.61,-1.04,16747471
198423,0.06,1.02,0.10,-2.29,1.95,-1.16,-0.39,-0.71,-0.51,-0.92,0.64,-0.73,16747250
198435,0.06,1.02,0.10,-2.20,2.17,-1.40,-0.39,-0.71,-0.51,-1.01,0.61,-0.67,16748756
198447,0.06,1.02,0.10,-2.23,2.04,-1.40,-0.39,-0.71,-0.51,-0.79,0.76,-0.67,16748407
198459,0.06,1.02,0.10,-2.35,2.26,-1.19,-0.39,-0.71,-0.51,-1.10,0.37,-0.76,16746468
198470,0.06,1.02,0.10,-2.20,2.23,-1.07,-0.39,-0.71,-0.51,-0.82,0.49,-0.67,16748806
198481,0.06,1.02,0.10,-2.26,2.08,-1.19,-0.39,-0.70,-0.51,-0.70,0.43,-0.92,16748742
198494,0.06,1.02,0.10,-2.32,2.14,-1.16,-0.39,-0.70,-0.51,-0.85,0.76,-1.04,16748463
198505,0.06,1.02,0.10,-2.17,1.86,-1.16,-0.39,-0.70,-0.51,-1.13,0.58,-0.85,16748863
198517,0.06,1.02,0.10,-2.26,2.08,-1.19,-0.39,-0.70,-0.51,-0.95,0.61,-0.58,16748311
198529,0.06,1.02,0.10,-2.20,2.04,-1.40,-0.39,-0.70,-0.51,-1.01,0.52,-0.82,16748509
198541,0.06,1.02,0.10,-2.32,2.20,-1.13,-0.39,-0.70,-0.51,-1.01,0.64,-0.85,16749655
198552,0.06,1.02,0.10,-2.56,2.11,-1.22,-0.39,-0.70,-0.51,-0.92,0.61,-0.95,16749714
198564,0.06,1.02,0.10,-2.17,2.08,-1.07,-0.39,-0.71,-0.51,-1.25,0.52,-0.73,16749246
198576,0.06,1.02,0.10,-2.35,2.04,-1.16,-0.39,-0.71,-0.51,-0.89,0.70,-0.76,16746915
198587,0.06,1.02,0.10,-2.08,1.98,-1.62,-0.39,-0.71,-0.51,-1.01,0.55,-0.89,16747294
198599,0.06,1.02,0.10,-2.29,1.92,-1.13,-0.39,-0.71,-0.51,-0.89,0.61,-1.01,16749652
198610,0.06,1.02,0.10,-2.26,1.92,-1.28,-0.39,-0.70,-0.51,-0.89,0.82,-0.76,16749468
198623,0.06,1.02,0.10,-2.38,2.14,-1.13,-0.39,-0.70,-0.51,-1.37,0.49,-0.70,16748412
198634,0.06,1.02,0.10,-2.44,2.17,-1.40,-0.39,-0.70,-0.51,-1.10,0.76,-0.82,16746890
198646,0.06,1.02,0.10,-2.29,1.95,-1.19,-0.39,-0.70,-0.51,-0.82,0.79,-0.82,16748200
198658,0.06,1.02,0.10,-2.35,2.32,-1.31,-0.39,-0.70,-0.51,-0.82,0.67,-0.58,16747867
198670,0.06,1.02,0.10,-2.23,2.17,-1.34,-0.39,-0.70,-0.51,-0.73,0.46,-0.82,16746634
198681,0.06,1.02,0.10,-2.41,2.29,-1.34,-0.39,-0.70,-0.51,-0.98,0.40,-0.64,16750524
198693,0.06,1.02,0.10,-2.32,2.26,-1.22,-0.39,-0.70,-0.51,-0.98,0.64,-0.82,16749727
198705,0.06,1.02,0.10,-2.26,2.04,-1.13,-0.39,-0.70,-0.51,-0.98,0.52,-1.04,16746434
198716,0.06,1.02,0.10,-2.47,2.08,-1.22,-0.39,-0.70,-0.51,-0.98,0.52,-0.73,16749630
198728,0.06,1.02,0.10,-2.11,2.20,-1.28,-0.39,-0.70,-0.51,-1.16,0.49,-0.85,16748878
198739,0.06,1.02,0.10,-2.38,2.14,-1.25,-0.39,-0.70,-0.51,-0.95,0.37,-0.73,16748324
198752,0.06,1.02,0.10,-2.35,2.20,-1.40,-0.39,-0.70,-0.51,-1.16,0.27,-0.70,16749613
198763,0.06,1.02,0.10,-2.29,1.95,-1.31,-0.39,-0.70,-0.51,-0.92,0.43,-0.64,16748602
198775,0.06,1.02,0.10,-2.11,2.11,-1.19,-0.39,-0.70,-0.51,-0.89,0.49,-0.98,16749895
198787,0.06,1.02,0.10,-2.01,2.08,-1.37,-0.39,-0.70,-0.51,-1.10,0.46,-0.55,16747318
198799,0.06,1.02,0.10,-2.35,1.98,-1.25,-0.39,-0.70,-0.51,-1.13,0.18,-0.79,16747742
198810,0.06,1.02,0.10,-2.17,2.08,-1.25,-0.39,-0.70,-0.51,-1.16,0.49,-0.95,16748386
198822,0.06,1.02,0.10,-2.29,2.23,-1.19,-0.39,-0.70,-0.51,-0.95,0.61,-0.73,16749252
198834,0.06,1.02,0.10,-2.08,2.14,-1.43,-0.40,-0.70,-0.51,-1.04,0.64,-1.01,16746064
198845,0.06,1.02,0.10,-2.44,2.26,-1.22,-0.39,-0.70,-0.51,-0.85,0.61,-0.61,16747526
198857,0.06,1.02,0.10,-2.35,1.89,-1.34,-0.39,-0.70,-0.51,-1.10,0.61,-0.76,16748224
198868,0.06,1.02,0.10,-2.35,2.35,-1.07,-0.39,-0.70,-0.51,-0.95,0.58,-0.79,16748342
198881,0.06,1.02,0.10,-2.32,2.14,-1.37,-0.39,-0.70,-0.51,-1.07,0.58,-0.61,16747098
198892,0.06,1.02,0.10,-2.62,2.11,-1.22,-0.39,-0.70,-0.51,-1.04,0.40,-0.95,16749420
198904,0.06,1.02,0.10,-2.59,1.92,-1.10,-0.39,-0.70,-0.51,-0.82,0.61,-0.58,16751237
198916,0.06,1.02,0.10,-2.62,1.89,-1.37,-0.39,-0.70,-0.51,-1.13,0.70,-0.79,16750284
198928,0.06,1.02,0.10,-2.78,2.01,-1.07,-0.39,-0.70,-0.51,-0.95,0.67,-0.89,16748907
198939,0.06,1.02,0.10,-2.47,2.08,-1.22,-0.39,-0.70,-0.51,-1.34,0.52,-0.92,16747778
198950,0.06,1.02,0.10,-3.11,2.04,-1.46,-0.39,-0.70,-0.51,-1.07,0.85,-1.01,16747062
198963,0.06,1.02,0.10,-3.30,2.08,-1.31,-0.39,-0.70,-0.51,-0.92,0.61,-0.95,16746913
198974,0.06,1.02,0.10,-3.23,2.11,-1.46,-0.39,-0.71,-0.51,-0.76,0.82,-0.79,16744961
198986,0.06,1.02,0.10,-3.11,2.04,-1.25,-0.39,-0.71,-0.51,-0.89,0.67,-0.79,16746120
198998,0.06,1.02,0.10,-2.99,2.14,-0.92,-0.39,-0.71,-0.51,-1.10,0.64,-0.98,16744132
199010,0.06,1.03,0.10,-2.62,2.23,-1.28,-0.39,-0.71,-0.51,-1.07,0.61,-0.34,16746037
199021,0.06,1.03,0.10,-1.77,2.08,-1.40,-0.39,-0.71,-0.51,-1.07,0.34,-1.01,16744406
199033,0.06,1.03,0.10,-1.10,2.08,-1.71,-0.39,-0.71,-0.51,-1.04,0.58,-0.89,16739466
199045,0.06,1.03,0.10,-1.10,1.95,-1.46,-0.39,-0.71,-0.51,-1.25,0.31,-0.70,16735444
199057,0.06,1.03,0.10,-0.34,2.26,-1.53,-0.39,-0.71,-0.51,-0.89,0.58,-0.76,16731706
199068,0.06,1.03,0.11,0.15,2.20,-1.53,-0.39,-0.71,-0.51,-0.82,0.34,-0.58,16726549
199079,0.06,1.03,0.10,0.12,2.14,-1.34,-0.39,-0.71,-0.51,-0.89,0.43,-0.79,16722045
199092,0.06,1.02,0.10,-0.64,2.14,-1.34,-0.39,-0.70,-0.51,-1.04,0.27,-0.89,16717318
199103,0.06,1.02,0.10,-1.46,2.08,-1.40,-0.39,-0.70,-0.51,-1.13,0.58,-1.01,16715163
199115,0.06,1.02,0.10,-2.29,1.89,-1.40,-0.39,-0.70,-0.51,-0.79,0.61,-0.79,16710765
199127,0.06,1.02,0.10,-2.53,2.44,-1.65,-0.39,-0.70,-0.51,-0.64,0.43,-0.70,16703471
199139,0.05,1.02,0.11,-3.27,4.64,-1.40,-0.39,-0.71,-0.51,-0.95,0.43,-0.70,16690401
199150,0.05,1.02,0.13,-4.03,7.84,-1.13,-0.39,-0.71,-0.51,-1.07,0.55,-0.82,16678565
199162,0.05,1.02,0.16,-3.02,10.62,-1.40,-0.39,-0.71,-0.51,-0.73,0.55,-0.79,16667492
199174,0.06,1.02,0.17,-3.69,12.94,-0.82,-0.39,-0.71,-0.51,-0.95,0.49,-0.98,16664067
199186,0.06,1.02,0.16,-5.07,15.01,-1.37,-0.39,-0.70,-0.51,-0.98,0.49,-0.73,16658600
199197,0.05,1.03,0.17,-1.71,17.27,-0.73,-0.39,-0.70,-0.51,-0.89,0.67,-0.58,16647634
199208,0.04,1.03,0.15,1.19,18.89,-0.82,-0.39,-0.70,-0.51,-0.98,0.64,-0.79,16645466
199221,0.04,1.02,0.11,-0.73,19.41,-0.58,-0.39,-0.70,-0.51,-0.58,0.89,-0.67,16641353
199232,0.03,1.01,0.06,-4.91,19.84,-1.07,-0.39,-0.70,-0.51,-1.22,0.58,-0.61,16636793
199244,0.03,1.01,0.04,-4.55,19.56,-1.01,-0.39,-0.70,-0.51,-1.04,0.58,-1.04,16632817
199256,0.05,1.02,0.05,-1.65,17.52,-1.56,-0.39,-0.70,-0.51,-1.04,0.55,-0.82,16631426
199268,0.06,1.03,0.07,-0.73,14.92,-1.13,-0.39,-0.70,-0.51,-0.89,0.73,-0.98,16634106
199279,0.06,1.03,0.08,-1.13,14.74,-1.22,-0.39,-0.70,-0.51,-3.57,-2.53,-2.23,16635473
199291,0.06,1.02,0.08,-3.48,14.31,-1.31,-0.40,-0.70,-0.51,-3.51,-4.33,-6.41,16636946
199303,0.05,1.02,0.10,-3.23,14.80,-1.40,-0.40,-0.70,-0.51,-6.23,-8.70,-9.49,16636535
199315,0.04,1.02,0.11,-2.53,14.86,-1.34,-0.41,-0.70,-0.51,-8.79,-12.51,-11.90,16633815
199326,0.04,1.02,0.11,-2.96,14.34,-1.22,-0.41,-0.70,-0.51,-13.06,-19.87,-15.87,16635656
199337,0.05,1.02,0.11,-4.73,14.47,-1.25,-0.40,-0.70,-0.51,-14.80,-19.32,-13.46,16634117
199350,0.05,1.02,0.11,-3.39,15.23,-1.37,-0.40,-0.70,-0.51,-10.93,-14.95,-12.97,16631113
199361,0.05,1.03,0.12,-1.89,15.78,-1.40,-0.40,-0.71,-0.52,-7.11,-13.73,-15.38,16630147
199373,0.05,1.03,0.13,-1.71,16.97,-1.10,-0.40,-0.70,-0.51,-15.20,-19.23,-14.34,16630357
199385,0.04,1.02,0.13,-3.05,18.04,-0.67,-0.38,-0.71,-0.52,-7.60,-9.55,-7.66,16629483
199397,0.04,1.02,0.14,-0.67,18.95,-0.49,-0.39,-0.71,-0.52,-2.20,-4.76,-8.51,16630340
199408,0.05,1.03,0.11,-0.15,19.62,-1.53,-0.39,-0.71,-0.51,-6.04,-9.06,-9.74,16631897
199420,0.06,1.02,0.08,-1.65,20.20,-1.10,-0.39,-0.70,-0.51,-9.86,-13.03,-9.80,16634000
199432,0.07,1.01,0.05,-5.71,20.48,-1.07,-0.39,-0.71,-0.52,-3.81,-6.16,-7.69,16633714
199444,0.08,1.01,0.05,-5.89,16.85,-0.61,-0.39,-0.71,-0.51,-4.03,-5.86,-5.80,16636189
199455,0.10,1.03,0.06,-2.17,13.70,-1.50,-0.39,-0.71,-0.51,-7.23,-9.80,-8.85,16637772
199467,0.10,1.03,0.07,0.12,10.01,-1.28,-0.39,-0.71,-0.51,-7.63,-7.54,-6.71,16637045
199479,0.10,1.02,0.07,-2.29,6.93,-1.13,-0.38,-0.71,-0.51,-3.63,-2.44,-2.26,16637221
199490,0.10,1.01,0.07,-4.21,3.33,-1.25,-0.39,-0.71,-0.52,-1.40,-1.62,-4.12,16634775
199502,0.10,1.02,0.08,-3.14,2.20,-1.74,-0.39,-0.71,-0.51,-1.46,-0.70,-1.95,16634579
199514,0.09,1.03,0.09,-1.71,2.11,-2.11,-0.39,-0.71,-0.51,-1.10,0.70,-0.55,16634253
199526,0.08,1.03,0.10,-1.22,1.98,-1.19,-0.39,-0.71,-0.51,-0.98,0.64,-1.04,16634535
199537,0.07,1.02,0.09,-2.81,2.44,-0.89,-0.39,-0.71,-0.51,-0.82,0.34,-0.70,16634801
199549,0.07,1.02,0.09,-3.75,2.14,-1.31,-0.39,-0.71,-0.51,-0.98,0.58,-0.58,16634556
199561,0.07,1.02,0.10,-2.84,2.04,-1.40,-0.39,-0.71,-0.51,-1.07,0.64,-0.64,16633807
199572,0.06,1.03,0.10,-1.22,1.98,-1.28,-0.39,-0.70,-0.51,-0.92,0.55,-0.92,16633548
199584,0.06,1.02,0.10,-1.25,2.14,-1.07,-0.39,-0.71,-0.51,-0.95,0.55,-0.89,16633797
199596,0.06,1.02,0.10,-2.78,2.29,-1.43,-0.39,-0.71,-0.51,-1.25,0.18,-0.31,16634584
199608,0.06,1.02,0.10,-2.99,2.17,-1.56,-0.39,-0.70,-0.51,-0.89,0.82,-0.82,16633535
199619,0.06,1.02,0.10,-2.41,2.14,-1.19,-0.39,-0.70,-0.51,-1.25,0.40,-0.76,16633277
199631,0.06,1.02,0.10,-1.59,2.08,-1.13,-0.39,-0.70,-0.51,-1.10,0.46,-0.76,16635518
199643,0.06,1.02,0.10,-2.01,2.41,-1.28,-0.39,-0.71,-0.51,-0.98,0.70,-0.92,16636808
199655,0.06,1.02,0.10,-2.81,2.29,-1.68,-0.39,-0.70,-0.51,-0.95,0.55,-0.82,16635363
199666,0.06,1.02,0.10,-2.72,2.20,-1.28,-0.39,-0.70,-0.51,-1.22,0.49,-0.76,16636411
199677,0.06,1.02,0.10,-2.01,2.11,-1.34,-0.39,-0.70,-0.51,-1.01,0.52,-0.67,16637145
199690,0.06,1.02,0.10,-1.86,2.08,-1.34,-0.39,-0.70,-0.51,-0.98,0.73,-0.82,16635645
199701,0.06,1.02,0.10,-2.35,1.98,-1.43,-0.39,-0.70,-0.51,-1.19,0.46,-0.73,16636091
199713,0.06,1.02,0.10,-2.47,2.01,-1.34,-0.39,-0.70,-0.51,-1.01,0.46,-0.85,16637708
199725,0.06,1.02,0.10,-2.44,1.98,-1.37,-0.39,-0.70,-0.51,-1.19,0.27,-0.89,16633970
199737,0.06,1.02,0.10,-2.14,2.17,-1.31,-0.39,-0.70,-0.51,-1.16,0.52,-0.76,16636300
199748,0.06,1.02,0.10,-1.98,2.11,-1.56,-0.39,-0.70,-0.51,-1.04,0.43,-0.73,16636440
199760,0.06,1.02,0.10,-2.69,2.23,-1.28,-0.39,-0.71,-0.51,-0.95,0.31,-0.70,16632167
199772,0.06,1.02,0.10,-2.47,2.17,-1.34,-0.39,-0.70,-0.51,-1.19,0.64,-1.10,16634391
199784,0.06,1.02,0.10,-2.14,2.14,-1.10,-0.39,-0.70,-0.51,-0.79,0.61,-0.92,16635025
199795,0.06,1.02,0.10,-2.08,2.38,-1.25,-0.39,-0.70,-0.51,-0.98,0.58,-0.89,16636748
199806,0.06,1.02,0.10,-2.11,2.26,-1.28,-0.39,-0.71,-0.51,-0.76,0.40,-0.76,16637196
199819,0.06,1.02,0.10,-2.53,2.20,-0.92,-0.39,-0.70,-0.51,-0.85,0.52,-0.43,16634760
199830,0.06,1.02,0.10,-2.47,2.08,-1.13,-0.39,-0.70,-0.51,-1.04,0.73,-1.07,16634387
199842,0.06,1.02,0.10,-1.95,1.95,-1.19,-0.39,-0.70,-0.51,-1.22,0.49,-0.76,16633028
199854,0.06,1.02,0.10,-2.17,2.26,-1.31,-0.39,-0.70,-0.51,-0.76,0.55,-0.89,16633817
199866,0.06,1.02,0.10,-2.26,2.04,-1.37,-0.39,-0.71,-0.51,-1.01,0.64,-0.82,16632343
199877,0.06,1.02,0.10,-2.66,2.17,-1.43,-0.39,-0.70,-0.51,-1.16,0.43,-0.79,16635314
199889,0.06,1.02,0.10,-2.35,2.04,-1.43,-0.39,-0.70,-0.51,-1.07,0.40,-0.43,16635639
199901,0.06,1.02,0.10,-2.01,2.11,-1.25,-0.39,-0.70,-0.51,-0.82,0.43,-0.76,16634060
199913,0.06,1.02,0.10,-2.26,1.98,-1.25,-0.39,-0.70,-0.51,-0.95,0.40,-0.76,16634346
199924,0.06,1.02,0.10,-2.32,2.26,-1.37,-0.39,-0.71,-0.51,-1.10,0.27,-0.95,16635637
199936,0.06,1.02,0.10,-2.41,2.26,-1.37,-0.39,-0.70,-0.51,-0.92,0.61,-0.82,16635298
199948,0.06,1.02,0.10,-2.17,2.01,-1.04,-0.39,-0.70,-0.51,-1.04,0.43,-0.64,16636115
199959,0.06,1.02,0.10,-1.98,2.26,-1.28,-0.39,-0.70,-0.51,-1.19,0.49,-0.73,16637041
199971,0.06,1.02,0.10,-2.26,1.98,-1.19,-0.39,-0.71,-0.51,-0.98,0.58,-0.79,16637673
199983,0.06,1.02,0.10,-2.53,2.14,-1.16,-0.39,-0.71,-0.51,-1.01,0.46,-0.79,16636961
199995,0.06,1.02,0.10,-2.08,2.14,-1.19,-0.39,-0.71,-0.51,-0.85,0.58,-0.98,16637383
200006,0.06,1.02,0.10,-2.29,1.92,-1.25,-0.39,-0.70,-0.51,-1.19,0.46,-0.82,16635742
200018,0.06,1.02,0.10,-2.14,2.32,-1.25,-0.39,-0.70,-0.51,-1.16,0.58,-0.79,16635342
200030,0.06,1.02,0.10,-2.26,2.17,-1.25,-0.39,-0.70,-0.51,-1.07,0.40,-0.58,16636809
200041,0.06,1.02,0.10,-2.20,2.17,-1.40,-0.39,-0.70,-0.51,-0.92,0.52,-0.76,16635679
200053,0.06,1.02,0.10,-2.20,2.23,-1.19,-0.39,-0.70,-0.51,-1.13,0.64,-0.55,16634155
200065,0.06,1.02,0.10,-2.32,2.08,-1.31,-0.39,-0.70,-0.51,-1.01,0.55,-0.92,16637972
200077,0.06,1.02,0.10,-1.95,2.23,-1.28,-0.39,-0.70,-0.51,-0.85,0.43,-0.70,16639030
200088,0.06,1.02,0.10,-2.32,2.23,-0.98,-0.39,-0.70,-0.51,-1.13,0.58,-0.85,16637046
200100,0.06,1.02,0.10,-2.75,2.20,-1.50,-0.39,-0.70,-0.51,-1.01,0.34,-0.67,16631879
200112,0.06,1.02,0.10,-3.66,2.01,-1.25,-0.39,-0.71,-0.51,-0.98,0.52,-0.76,16633764
200124,0.06,1.02,0.10,-2.93,2.04,-1.68,-0.39,-0.70,-0.51,-1.10,0.58,-0.67,16636269
200135,0.06,1.02,0.10,-0.64,2.38,-1.53,-0.39,-0.70,-0.51,-0.95,0.64,-0.89,16635451
200147,0.06,1.03,0.10,-0.64,2.38,-1.22,-0.39,-0.70,-0.51,-1.16,0.52,-0.85,16636711
200159,0.06,1.02,0.10,-2.17,2.29,-1.19,-0.39,-0.70,-0.51,-0.92,0.55,-0.64,16636841
200170,0.06,1.02,0.10,-2.44,2.01,-1.43,-0.39,-0.70,-0.51,-1.22,0.52,-0.79,16635820
200182,0.06,1.02,0.10,-2.14,2.11,-1.40,-0.39,-0.70,-0.51,-1.37,0.61,-0.95,16633853
200194,0.06,1.02,0.10,-1.80,2.11,-1.34,-0.39,-0.70,-0.51,-1.10,0.49,-1.07,16634130
200206,0.06,1.02,0.10,-2.35,2.01,-1.34,-0.39,-0.70,-0.52,-0.98,0.70,-0.92,16635050
200217,0.06,1.02,0.10,-2.78,2.26,-1.22,-0.39,-0.70,-0.51,-1.04,0.55,-0.76,16637120
200229,0.06,1.02,0.10,-2.78,1.95,-1.40,-0.39,-0.70,-0.52,-1.10,0.49,-0.79,16634952
200241,0.06,1.02,0.10,-2.14,2.01,-1.40,-0.39,-0.70,-0.51,-1.16,0.40,-0.89,16635924
200253,0.06,1.02,0.10,-1.77,2.17,-1.19,-0.39,-0.70,-0.51,-1.07,0.85,-0.95,16636119
200264,0.06,1.02,0.10,-1.01,2.14,-1.34,-0.39,-0.71,-0.51,-1.10,0.18,-0.70,16633617
200275,0.06,1.02,0.10,-1.43,2.14,-1.25,-0.39,-0.71,-0.52,-1.01,0.37,-0.85,16634349
200288,0.06,1.02,0.10,-2.17,2.29,-1.40,-0.39,-0.71,-0.51,-0.89,0.58,-0.79,16634149
200299,0.06,1.02,0.10,-2.11,2.17,-1.16,-0.39,-0.71,-0.51,-0.85,0.31,-0.67,16633928
200311,0.06,1.02,0.10,-1.92,2.11,-1.16,-0.39,-0.71,-0.51,-1.10,0.79,-0.98,16632926
200323,0.06,1.02,0.10,-1.59,2.23,-1.43,-0.39,-0.70,-0.51,-0.79,0.70,-0.92,16632306
200335,0.06,1.02,0.10,-1.89,2.08,-1.13,-0.39,-0.70,-0.51,-0.76,0.79,-0.70,16632459
200346,0.06,1.02,0.10,-2.23,2.23,-1.25,-0.39,-0.70,-0.51,-0.89,0.46,-0.76,16633640
200358,0.06,1.02,0.10,-2.14,2.04,-1.40,-0.39,-0.70,-0.51,-1.07,0.49,-0.61,16633883
200370,0.06,1.02,0.10,-1.74,2.01,-1.34,-0.39,-0.70,-0.51,-1.10,0.31,-0.67,16635013
200382,0.06,1.03,0.10,-1.22,2.35,-1.13,-0.39,-0.70,-0.51,-0.98,0.70,-0.98,16635329
200393,0.06,1.02,0.10,-0.98,3.45,-1.43,-0.39,-0.70,-0.51,-1.19,0.46,-0.73,16635282
200404,0.04,1.02,0.11,-1.46,6.62,-0.76,-0.39,-0.70,-0.51,-0.98,0.55,-0.85,16634139
200417,0.03,1.02,0.11,-1.71,8.42,-1.01,-0.39,-0.70,-0.51,-1.04,0.46,-0.92,16631356
200428,0.05,1.02,0.12,-1.89,8.06,-1.31,-0.39,-0.70,-0.51,-0.85,0.52,-0.89,16630301
200440,0.07,1.02,0.13,-1.22,5.49,-1.10,-0.39,-0.70,-0.51,-0.98,0.40,-0.67,16633293
200452,0.08,1.02,0.14,-0.40,3.51,-1.50,-0.39,-0.70,-0.51,-0.95,0.82,-0.92,16632691
200464,0.09,1.02,0.14,-1.59,1.86,-1.43,-0.39,-0.70,-0.51,-1.04,0.92,-0.73,16630691
200475,0.08,1.02,0.14,-1.95,2.56,-1.43,-0.39,-0.70,-0.51,-1.04,0.67,-0.95,16630317
