time,faccx,faccy,faccz,fgyrx,fgyry,fgyrz,saccx,saccy,saccz,sgyrx,sgyry,sgyrz,load
2141925,-0.18,0.98,-0.08,-4.52,2.23,-1.34,0.14,0.63,0.86,-0.18,2.47,-0.15,16608006
2141935,-0.17,1.01,-0.09,-3.72,0.89,-2.08,0.13,0.63,0.85,-1.13,1.16,0.21,16610004
2141945,-0.16,1.04,-0.09,-1.43,-0.89,-4.46,0.13,0.63,0.85,-1.01,-0.70,0.27,16608603
2141956,-0.15,1.05,-0.09,1.04,-2.17,-4.88,0.13,0.63,0.85,-1.59,-2.14,0.21,16607098
2141966,-0.15,1.05,-0.09,0.49,-2.69,-5.83,0.12,0.63,0.85,-1.71,-2.87,0.49,16610372
2141976,-0.16,1.04,-0.09,2.35,-2.81,-5.43,0.13,0.63,0.85,-1.98,-3.05,0.58,16609422
2141987,-0.17,1.03,-0.09,2.87,-2.96,-3.39,0.13,0.63,0.85,-1.83,-2.20,0.55,16609546
2142000,-0.18,1.02,-0.08,2.26,-2.38,-2.84,0.14,0.63,0.85,-1.65,-0.92,0.40,16608831
2142011,-0.18,1.01,-0.08,2.17,-2.47,-2.17,0.14,0.63,0.85,-1.62,-0.24,0.46,16608132
2142022,-0.19,1.00,-0.08,2.17,-1.86,-1.34,0.13,0.63,0.85,-2.11,-0.76,0.64,16609098
2142034,-0.20,0.98,-0.08,1.13,-0.58,-1.31,0.13,0.63,0.85,-1.83,-0.98,0.52,16607399
2142046,-0.21,0.97,-0.08,-0.58,0.40,-1.31,0.13,0.63,0.85,-1.92,-0.79,0.43,16604800
2142058,-0.21,0.96,-0.08,-1.77,1.34,-0.95,0.13,0.63,0.85,-1.62,-0.18,0.34,16606531
2142069,-0.21,0.95,-0.08,-2.69,1.98,-0.67,0.13,0.63,0.84,-1.53,0.98,0.06,16606491
2142082,-0.20,0.96,-0.07,-2.29,2.50,-0.67,0.13,0.63,0.84,-0.85,1.83,-0.03,16607593
2142093,-0.20,0.96,-0.07,-2.11,2.59,-0.31,0.13,0.63,0.83,-0.21,1.65,0.15,16611518
2142105,-0.19,0.95,-0.07,-2.90,2.32,-1.71,0.13,0.63,0.83,-0.24,1.13,0.37,16610281
2142116,-0.18,0.95,-0.08,-4.09,2.59,-2.84,0.12,0.63,0.84,-0.55,0.37,0.18,16607217
2142128,-0.18,0.95,-0.08,-5.28,2.66,-3.60,0.11,0.63,0.84,-0.82,-0.58,-0.12,16609287
2142140,-0.17,0.95,-0.08,-5.55,2.26,-3.57,0.12,0.63,0.84,-0.52,-0.37,0.00,16609642
2142151,-0.16,0.97,-0.07,-4.79,1.40,-2.53,0.12,0.63,0.84,-0.55,-0.06,-0.31,16610892
2142163,-0.16,0.98,-0.07,-3.81,0.46,-2.56,0.13,0.63,0.83,-0.06,0.37,-0.27,16609755
2142175,-0.16,0.98,-0.07,-3.57,-0.37,-2.53,0.13,0.63,0.84,0.09,0.00,-0.09,16607509
2142187,-0.16,0.98,-0.07,-3.88,-1.19,-1.07,0.13,0.63,0.84,0.58,0.67,-0.18,16607944
2142198,-0.16,0.97,-0.07,-4.00,-1.50,-1.19,0.13,0.63,0.83,0.67,1.28,-0.37,16608525
2142211,-0.16,0.97,-0.07,-3.72,-1.53,-0.92,0.13,0.63,0.83,1.16,0.34,0.00,16607085
2142222,-0.17,0.96,-0.06,-3.30,-0.58,-1.10,0.13,0.63,0.83,1.10,-0.67,0.06,16607666
2142234,-0.19,0.96,-0.07,-3.72,-0.27,-0.92,0.12,0.63,0.83,1.83,-0.40,0.18,16607739
2142245,-0.20,0.97,-0.08,-2.62,2.62,-2.72,0.12,0.63,0.83,0.95,-0.89,0.24,16605706
2142257,-0.23,0.98,-0.08,-2.20,3.23,7.75,0.13,0.62,0.85,-0.21,0.34,0.46,16605624
2142269,-0.22,0.98,-0.10,-2.59,5.28,-1.80,0.13,0.62,0.86,-0.49,2.84,-0.21,16604049
2142280,-0.24,1.01,-0.12,-3.14,8.45,4.06,0.13,0.62,0.86,-1.77,2.35,-0.31,16606202
2142292,-0.23,1.03,-0.11,-3.63,8.39,13.89,0.13,0.62,0.87,-3.48,4.15,-0.67,16607281
2142304,-0.18,1.01,-0.11,-2.84,5.89,5.86,0.12,0.63,0.88,-3.63,5.46,-1.59,16606577
2142316,-0.12,1.00,-0.10,-6.10,1.43,-5.04,0.11,0.65,0.88,-4.91,1.74,-1.50,16607367
2142327,-0.09,1.01,-0.09,-5.40,-3.85,-9.03,0.10,0.65,0.88,-4.12,-2.72,-1.16,16608071
2142340,-0.06,1.03,-0.07,-2.66,-9.95,-15.38,0.12,0.65,0.86,-2.35,-2.20,-1.16,16606401
2142351,-0.06,1.06,-0.05,3.08,-12.97,-18.55,0.13,0.65,0.83,-1.28,-2.35,-0.37,16607473
2142362,-0.09,1.06,-0.05,6.62,-13.49,-15.38,0.13,0.65,0.82,-0.64,-3.51,0.79,16611403
2142374,-0.15,1.05,-0.05,8.12,-11.75,-5.49,0.12,0.64,0.83,-0.98,-5.10,1.65,16611042
2142386,-0.17,0.99,-0.06,-0.34,-9.98,-6.01,0.12,0.64,0.83,-0.12,-5.58,1.62,16607807
2142398,-0.18,0.94,-0.06,-2.66,-7.39,-13.64,0.11,0.64,0.83,0.21,-4.33,-0.12,16609990
2142409,-0.21,0.92,-0.05,-1.28,-6.16,-9.67,0.11,0.63,0.83,-0.73,-5.95,-0.31,16609984
2142422,-0.21,0.89,-0.05,-6.29,-7.87,-9.55,0.12,0.63,0.84,-0.73,-6.74,-0.21,16607828
2142433,-0.20,0.87,-0.06,-10.28,-8.88,-21.55,0.14,0.63,0.84,-0.27,-4.00,-0.21,16609248
2142445,-0.21,0.89,-0.08,-13.43,-6.13,-28.26,0.15,0.63,0.83,0.52,-4.06,0.64,16610000
2142456,-0.25,0.96,-0.07,-4.94,-3.23,-25.12,0.16,0.62,0.82,1.25,-3.30,1.43,16610297
2142469,-0.28,1.00,-0.06,0.70,-2.53,-17.64,0.16,0.62,0.82,0.67,-4.49,3.27,16609425
2142480,-0.28,0.99,-0.07,-1.01,-2.14,-13.52,0.17,0.62,0.83,-0.06,-3.69,5.00,16609384
2142491,-0.29,0.96,-0.08,-4.24,0.18,-10.86,0.16,0.62,0.84,-0.89,-2.59,4.88,16607058
2142503,-0.32,0.95,-0.08,-5.98,3.72,-8.12,0.16,0.63,0.84,-1.53,-2.14,4.61,16608848
2142515,-0.33,0.95,-0.08,-6.59,8.33,-5.34,0.16,0.64,0.85,-1.01,-0.46,4.00,16607911
2142527,-0.34,0.95,-0.08,-7.60,12.24,-5.37,0.16,0.64,0.85,-0.92,1.46,2.75,16608287
2142538,-0.32,0.95,-0.09,-8.24,13.85,-5.89,0.15,0.63,0.86,-1.01,1.37,1.77,16607313
2142551,-0.27,0.97,-0.09,-7.35,12.82,-5.77,0.15,0.63,0.85,-0.95,1.22,0.95,16607271
2142562,-0.22,1.00,-0.09,-5.31,9.55,-4.46,0.15,0.63,0.85,-1.34,1.77,0.31,16608008
2142574,-0.17,1.02,-0.08,-2.66,5.52,-3.60,0.15,0.63,0.85,-1.37,3.17,-0.24,16609239
2142585,-0.14,1.03,-0.07,-0.58,1.56,-4.00,0.15,0.63,0.84,-1.71,3.23,-0.58,16609053
2142597,-0.12,1.03,-0.07,0.73,-1.86,-4.15,0.14,0.63,0.84,-1.16,1.19,-0.61,16608984
2142609,-0.13,1.02,-0.06,1.28,-3.88,-2.35,0.13,0.63,0.84,-1.37,-0.06,-0.49,16608439
2142620,-0.16,1.01,-0.07,1.43,-3.75,0.46,0.14,0.63,0.84,-1.28,0.40,-0.27,16609120
2142632,-0.19,0.98,-0.07,-0.18,-1.86,0.46,0.14,0.63,0.84,-1.07,0.98,-0.24,16610105
2142644,-0.23,0.96,-0.08,-1.37,0.82,-0.49,0.13,0.62,0.85,-0.98,0.79,-0.37,16607388
2142656,-0.24,0.95,-0.09,-2.93,2.75,-2.01,0.13,0.62,0.85,-1.77,0.49,-0.24,16607802
2142667,-0.25,0.96,-0.09,-2.87,3.14,-4.06,0.13,0.62,0.85,-2.26,0.15,0.24,16609512
2142680,-0.23,0.97,-0.08,-1.01,1.89,-4.27,0.13,0.62,0.84,-2.66,-0.64,1.07,16607631
2142691,-0.22,0.99,-0.07,0.31,0.24,-2.08,0.14,0.62,0.84,-2.32,-0.92,1.46,16606765
2142702,-0.22,0.99,-0.07,1.37,-0.03,-0.34,0.15,0.63,0.83,-2.35,-0.06,1.43,16608651
2142714,-0.22,0.99,-0.07,1.62,0.64,1.59,0.15,0.63,0.83,-1.59,0.89,1.40,16609128
2142726,-0.24,0.98,-0.07,1.74,1.83,3.08,0.15,0.62,0.84,-1.16,1.46,1.01,16608227
2142738,-0.24,0.96,-0.07,0.46,2.50,3.20,0.15,0.62,0.84,-1.25,2.66,0.03,16607757
2142749,-0.24,0.94,-0.08,-1.80,3.69,2.23,0.14,0.62,0.85,-1.50,2.99,-0.34,16609323
2142761,-0.24,0.93,-0.08,-3.81,4.43,1.16,0.14,0.62,0.85,-2.14,2.53,-0.46,16607690
2142773,-0.23,0.94,-0.08,-4.39,4.00,0.21,0.13,0.62,0.85,-2.56,1.59,-0.55,16608794
2142785,-0.21,0.96,-0.08,-3.88,2.75,-0.15,0.13,0.63,0.85,-2.93,0.61,-0.37,16610078
2142796,-0.20,0.99,-0.08,-1.74,1.22,1.46,0.14,0.64,0.85,-3.08,1.01,-0.52,16608473
2142808,-0.20,1.02,-0.07,1.28,-0.27,2.62,0.14,0.64,0.84,-2.62,1.01,-0.06,16608163
2142820,-0.20,1.03,-0.07,2.78,-0.89,3.20,0.14,0.64,0.85,-2.81,0.27,0.00,16608120
2142831,-0.21,1.03,-0.07,3.30,-0.18,2.26,0.14,0.64,0.85,-2.44,0.12,-0.06,16608147
2142843,-0.22,1.02,-0.08,3.66,0.52,1.65,0.14,0.64,0.85,-2.72,0.27,0.00,16608644
2142855,-0.23,1.01,-0.08,3.75,1.68,1.83,0.13,0.64,0.86,-3.33,1.46,-0.31,16609838
2142867,-0.22,0.99,-0.09,1.53,1.89,-0.64,0.13,0.64,0.86,-3.78,1.37,-0.40,16608131
2142878,-0.22,0.98,-0.09,-0.55,1.65,-0.49,0.13,0.64,0.87,-4.52,1.16,-0.27,16608991
2142891,-0.21,0.98,-0.08,-0.37,1.13,-0.55,0.13,0.64,0.86,-4.79,1.43,-0.06,16607760
2142902,-0.21,0.99,-0.08,0.95,0.76,-0.43,0.13,0.64,0.85,-4.43,1.13,-0.40,16608017
2142914,-0.21,1.00,-0.07,3.11,0.46,0.15,0.14,0.63,0.84,-3.69,0.61,-0.52,16606491
2142925,-0.20,0.99,-0.06,3.23,-1.10,2.20,0.14,0.63,0.83,-3.39,1.10,-0.52,16608580
2142937,-0.21,0.97,-0.06,3.75,0.34,1.80,0.14,0.62,0.83,-2.50,1.25,-0.55,16607817
2142949,-0.22,0.95,-0.07,1.34,1.28,1.71,0.14,0.62,0.83,-2.14,0.98,-0.64,16608777
2142960,-0.23,0.93,-0.07,-0.73,2.47,2.53,0.14,0.62,0.83,-2.14,1.59,-0.82,16608817
2142972,-0.24,0.92,-0.07,-2.50,3.39,2.59,0.15,0.62,0.83,-1.62,2.47,-0.82,16608592
2142984,-0.24,0.92,-0.07,-3.17,3.78,3.39,0.15,0.62,0.83,-1.68,2.81,-0.95,16608178
2142996,-0.24,0.93,-0.07,-2.56,3.91,4.88,0.16,0.62,0.83,-1.25,2.87,-1.04,16607615
2143007,-0.23,0.95,-0.07,-1.56,3.45,6.26,0.16,0.61,0.83,-1.04,3.08,-0.15,16609783
2143020,-0.22,0.96,-0.07,-0.18,2.29,8.36,0.16,0.61,0.83,-0.89,3.33,0.24,16609650
2143031,-0.21,0.97,-0.07,-0.15,0.70,8.64,0.15,0.61,0.83,-0.85,2.32,0.58,16609580
2143042,-0.19,0.96,-0.08,-0.15,0.27,3.54,0.14,0.61,0.83,-0.49,0.67,-0.06,16610974
2143054,-0.18,0.96,-0.08,-0.34,0.09,1.31,0.13,0.61,0.84,-0.73,-0.76,-0.03,16607702
2143066,-0.19,0.95,-0.08,-1.40,0.52,-0.09,0.13,0.62,0.84,-0.73,-0.15,-0.76,16606600
2143078,-0.19,0.94,-0.08,-2.96,1.50,-0.03,0.13,0.62,0.85,-0.79,0.58,-1.50,16608410
2143089,-0.21,0.95,-0.09,-4.15,3.36,0.73,0.13,0.62,0.85,-0.85,1.40,-1.77,16609484
2143101,-0.22,0.96,-0.09,-3.88,4.79,1.40,0.13,0.62,0.85,-0.79,1.89,-1.53,16608702
2143113,-0.21,0.97,-0.09,-3.20,4.52,2.50,0.13,0.62,0.85,-0.79,1.95,-1.50,16610325
2143125,-0.20,0.98,-0.09,-2.59,3.36,2.93,0.13,0.62,0.85,-0.76,1.50,-1.16,16607528
2143136,-0.18,0.99,-0.08,-1.86,1.13,2.29,0.14,0.62,0.85,-0.46,1.46,-1.25,16607577
2143148,-0.16,0.99,-0.08,-1.56,-1.31,1.92,0.14,0.62,0.85,-0.31,1.80,-0.82,16609193
2143160,-0.15,0.98,-0.09,-1.92,-2.59,-0.67,0.13,0.62,0.85,-0.55,1.40,-1.31,16607462
2143171,-0.15,0.99,-0.09,-0.64,-3.54,-4.24,0.13,0.62,0.85,-0.52,-0.15,-1.46,16607487
2143183,-0.16,0.99,-0.08,0.00,-4.30,-1.92,0.13,0.62,0.85,-1.04,-0.37,-1.01,16608535
2143195,-0.18,0.99,-0.09,-0.92,-4.49,-0.61,0.13,0.62,0.85,-1.31,-1.89,-0.12,16610914
2143207,-0.19,0.98,-0.09,-0.76,-3.36,-2.75,0.13,0.62,0.85,-1.37,-2.32,-0.40,16611148
2143218,-0.21,0.98,-0.09,-0.55,-1.92,-0.40,0.14,0.62,0.85,-1.50,-1.01,-0.24,16609970
2143230,-0.23,0.99,-0.09,1.28,-0.40,1.25,0.15,0.62,0.85,-1.37,0.27,-0.49,16609485
2143242,-0.23,0.99,-0.10,1.10,0.58,2.81,0.15,0.62,0.85,-1.62,1.71,-0.98,16611251
2143254,-0.22,0.98,-0.10,0.79,0.58,2.75,0.15,0.62,0.85,-1.83,2.44,-1.31,16610174
2143265,-0.20,0.98,-0.10,0.37,-0.52,3.60,0.14,0.61,0.85,-2.38,1.71,-1.34,16609299
2143277,-0.19,0.98,-0.10,-0.12,-1.43,3.20,0.14,0.61,0.86,-2.59,0.67,-1.62,16607427
2143289,-0.19,0.98,-0.10,2.93,-1.34,3.33,0.14,0.61,0.85,-2.78,-0.06,-1.83,16605758
2143300,-0.20,0.99,-0.09,1.80,-1.07,2.32,0.14,0.62,0.85,-2.75,0.58,-1.62,16607025
2143312,-0.22,0.99,-0.09,2.29,0.52,6.44,0.15,0.62,0.85,-2.56,1.80,-1.13,16607878
2143324,-0.25,0.99,-0.09,1.19,3.66,9.83,0.15,0.63,0.85,-2.62,3.36,-1.19,16608452
2143336,-0.27,0.97,-0.09,-0.67,6.77,12.30,0.15,0.63,0.86,-2.69,4.09,-1.50,16607742
2143347,-0.27,0.97,-0.10,-2.11,9.98,12.21,0.14,0.63,0.86,-2.90,5.40,-1.98,16610296
2143360,-0.26,0.97,-0.10,-1.74,11.38,11.72,0.13,0.63,0.87,-3.14,4.85,-2.20,16610497
2143371,-0.22,1.00,-0.10,-0.40,9.83,11.05,0.13,0.63,0.86,-3.45,4.21,-2.26,16610042
2143383,-0.17,1.02,-0.10,1.95,5.74,9.49,0.13,0.62,0.86,-3.54,4.09,-2.66,16609499
2143394,-0.12,1.03,-0.09,4.33,1.34,7.05,0.12,0.62,0.85,-4.06,3.20,-2.75,16609976
2143406,-0.09,1.02,-0.10,4.15,-2.20,4.58,0.12,0.62,0.86,-4.76,0.43,-2.53,16611295
2143418,-0.09,1.02,-0.10,4.58,-4.33,5.00,0.12,0.62,0.86,-4.85,0.18,-2.50,16609738
2143429,-0.11,1.02,-0.10,4.73,-5.22,8.70,0.13,0.62,0.87,-5.71,1.98,-1.95,16608718
2143441,-0.16,1.02,-0.11,4.70,-3.57,14.28,0.14,0.62,0.87,-6.41,3.48,-1.56,16607793
2143453,-0.18,1.03,-0.12,5.16,-1.25,11.35,0.13,0.63,0.88,-6.96,3.91,-1.71,16611675
2143465,-0.20,1.03,-0.12,6.41,-0.31,11.72,0.13,0.62,0.88,-7.26,3.69,-1.43,16611457
2143476,-0.21,1.04,-0.13,9.00,0.67,12.12,0.13,0.62,0.88,-7.93,3.14,-1.46,16609245
2143489,-0.19,1.04,-0.12,9.70,-0.09,10.89,0.14,0.62,0.87,-8.06,3.05,-1.77,16608439
2143500,-0.18,1.04,-0.11,11.60,-0.73,11.20,0.14,0.62,0.87,-7.78,2.47,-1.46,16608912
2143511,-0.17,1.03,-0.11,13.82,-1.43,14.16,0.14,0.62,0.86,-7.26,1.65,-1.68,16608999
2143523,-0.16,1.01,-0.10,12.42,-1.07,10.65,0.14,0.62,0.85,-6.68,2.01,-1.95,16608403
2143535,-0.17,0.98,-0.10,11.14,-0.37,9.98,0.14,0.62,0.85,-6.38,1.83,-2.44,16609325
2143547,-0.19,0.95,-0.10,8.67,1.50,9.80,0.14,0.61,0.85,-5.68,1.71,-2.29,16609200
2143558,-0.21,0.92,-0.11,6.35,3.48,10.38,0.14,0.61,0.85,-5.71,2.29,-1.89,16609532
2143570,-0.22,0.90,-0.12,2.20,5.71,9.40,0.15,0.60,0.86,-5.89,4.09,-1.77,16608886
2143582,-0.24,0.90,-0.12,0.34,8.67,9.09,0.15,0.60,0.86,-6.26,6.07,-1.71,16608311
2143594,-0.24,0.91,-0.12,0.24,10.83,9.86,0.14,0.60,0.86,-6.07,5.49,-1.50,16609217
2143605,-0.23,0.93,-0.13,0.00,12.05,11.72,0.14,0.60,0.86,-6.16,6.01,-1.25,16609798
2143617,-0.20,0.95,-0.13,0.27,11.66,13.95,0.14,0.59,0.86,-6.10,7.02,-1.53,16609421
2143629,-0.17,0.96,-0.13,0.85,11.72,12.48,0.14,0.59,0.86,-6.65,8.03,-2.17,16610395
2143640,-0.15,0.98,-0.13,1.92,11.38,10.99,0.12,0.60,0.86,-6.32,7.05,-2.90,16610420
2143652,-0.12,1.00,-0.13,3.51,10.22,9.58,0.11,0.60,0.86,-6.35,5.89,-3.63,16609667
2143664,-0.09,1.00,-0.13,3.91,7.45,9.16,0.11,0.60,0.87,-6.10,4.58,-3.75,16607896
2143676,-0.06,0.99,-0.12,3.63,3.81,7.63,0.11,0.60,0.86,-5.65,5.19,-3.91,16608163
2143687,-0.04,0.98,-0.12,3.63,1.13,4.73,0.11,0.60,0.86,-5.28,5.46,-4.24,16610125
2143699,-0.04,0.97,-0.12,2.29,0.12,2.44,0.10,0.60,0.86,-5.00,3.45,-4.39,16607282
2143711,-0.06,0.95,-0.11,0.21,-1.01,6.16,0.11,0.60,0.86,-4.61,3.27,-3.60,16608366
2143723,-0.09,0.95,-0.11,1.16,0.82,3.08,0.10,0.60,0.86,-4.33,3.97,-3.54,16610723
2143734,-0.13,0.96,-0.12,1.22,3.30,2.75,0.10,0.60,0.86,-4.39,2.53,-3.30,16610634
2143746,-0.15,0.97,-0.12,2.38,5.40,3.20,0.11,0.59,0.86,-4.09,2.04,-3.02,16609092
2143758,-0.16,0.97,-0.13,2.93,6.50,3.39,0.11,0.59,0.85,-3.45,3.08,-2.47,16608113
2143769,-0.16,0.97,-0.13,3.30,6.93,4.09,0.12,0.58,0.86,-3.57,3.91,-1.77,16607445
2143781,-0.14,0.96,-0.13,2.96,5.52,4.61,0.12,0.58,0.85,-3.48,3.94,-0.98,16606825
2143793,-0.11,0.95,-0.13,2.01,3.42,5.62,0.11,0.58,0.86,-3.69,2.47,-0.15,16607764
2143805,-0.10,0.95,-0.13,1.46,1.28,6.53,0.11,0.58,0.85,-2.93,1.95,-0.37,16609329
2143816,-0.08,0.94,-0.12,0.79,0.00,4.88,0.11,0.58,0.85,-2.96,1.92,-0.58,16605931
2143828,-0.08,0.94,-0.12,0.43,-0.15,4.21,0.11,0.58,0.85,-2.23,1.80,-0.79,16607659
2143840,-0.10,0.94,-0.12,-0.37,1.19,1.86,0.10,0.59,0.85,-1.71,-0.15,-1.56,16608350
2143851,-0.10,0.94,-0.12,-0.67,1.86,0.55,0.10,0.59,0.85,-0.92,-1.16,-1.07,16607573
2143863,-0.11,0.95,-0.12,-0.40,2.14,0.37,0.11,0.59,0.85,-0.55,-1.01,-0.82,16610014
2143875,-0.13,0.96,-0.12,0.18,2.32,-0.15,0.11,0.59,0.85,-0.03,-1.19,-0.03,16612866
2143887,-0.13,0.96,-0.13,0.67,2.29,0.89,0.12,0.59,0.86,0.27,-0.49,1.13,16609287
2143898,-0.13,0.96,-0.14,-0.73,2.29,3.05,0.13,0.59,0.87,-0.55,1.07,1.53,16607181
2143910,-0.14,0.96,-0.15,-2.56,3.05,4.24,0.13,0.59,0.88,-1.53,2.75,1.22,16608784
2143922,-0.14,0.97,-0.16,-3.72,4.64,3.33,0.11,0.59,0.89,-2.75,2.87,0.55,16609928
2143934,-0.13,0.98,-0.17,-3.69,5.74,0.18,0.11,0.59,0.89,-3.08,1.43,-0.09,16608427
2143945,-0.12,1.00,-0.17,-1.59,5.68,-2.50,0.11,0.59,0.89,-3.30,0.85,-0.79,16607353
2143956,-0.10,1.02,-0.17,0.70,4.46,-1.59,0.11,0.59,0.88,-2.99,0.58,-0.61,16609717
2143969,-0.10,1.03,-0.16,2.90,3.30,-0.21,0.12,0.59,0.88,-2.96,0.61,-0.34,16608778
2143980,-0.10,1.02,-0.15,2.78,2.66,0.70,0.12,0.59,0.88,-2.99,0.89,0.03,16609071
2143992,-0.09,1.00,-0.14,1.68,2.87,-0.06,0.11,0.60,0.88,-2.59,0.52,0.03,16608013
2144004,-0.09,0.98,-0.14,-0.73,2.50,-0.12,0.11,0.61,0.88,-2.56,0.92,-0.76,16606788
2144016,-0.09,0.97,-0.14,-1.77,2.41,-0.89,0.11,0.61,0.88,-1.74,0.92,-1.01,16608465
2144027,-0.09,0.97,-0.14,-1.68,2.50,-0.67,0.11,0.60,0.88,-1.62,1.68,-1.10,16609598
2144039,-0.09,0.98,-0.14,-0.31,2.62,-0.67,0.11,0.60,0.87,-1.10,2.75,-1.71,16610912
2144051,-0.10,0.99,-0.15,0.89,2.81,-1.31,0.11,0.59,0.87,-1.56,2.29,-1.80,16609040
2144062,-0.10,0.98,-0.15,1.28,3.08,-1.40,0.11,0.58,0.87,-1.40,1.83,-1.25,16607997
2144074,-0.11,0.97,-0.15,0.76,3.48,-0.82,0.11,0.57,0.86,-1.71,1.01,-0.67,16605440
2144086,-0.12,0.96,-0.15,-0.37,4.49,0.27,0.10,0.57,0.87,-2.32,1.34,-0.12,16606030
2144098,-0.12,0.95,-0.15,-1.31,5.19,0.15,0.10,0.57,0.87,-1.98,0.98,0.15,16607827
2144109,-0.12,0.95,-0.15,-1.28,5.43,0.15,0.10,0.57,0.86,-1.74,0.76,0.46,16608537
2144121,-0.11,0.96,-0.15,-0.95,5.34,-0.34,0.10,0.57,0.86,-1.89,0.40,0.34,16607993
2144133,-0.10,0.96,-0.15,-0.34,5.16,-1.43,0.10,0.57,0.86,-1.56,-0.40,0.03,16609743
2144145,-0.09,0.96,-0.15,-0.12,4.79,-1.77,0.10,0.57,0.86,-1.19,0.09,0.27,16611917
2144156,-0.09,0.95,-0.15,-0.76,4.18,-0.79,0.10,0.57,0.86,-0.92,-0.31,-0.06,16611150
2144168,-0.08,0.95,-0.14,-1.92,3.66,0.21,0.10,0.58,0.86,-0.24,0.37,-0.55,16611207
2144180,-0.07,0.95,-0.14,-2.11,3.30,0.34,0.10,0.58,0.86,0.18,0.98,-1.01,16607735
2144191,-0.08,0.96,-0.14,-1.71,3.02,0.85,0.10,0.58,0.86,0.61,0.98,-1.19,16607762
2144203,-0.08,0.96,-0.14,-2.14,2.62,1.59,0.10,0.59,0.87,0.89,0.52,-1.28,16609193
2144215,-0.07,0.96,-0.14,-3.02,1.95,2.20,0.11,0.59,0.87,1.22,0.49,-1.25,16607703
2144227,-0.08,0.97,-0.15,-2.41,2.26,-2.66,0.10,0.59,0.87,1.37,0.27,-1.56,16605410
2144238,-0.09,1.01,-0.15,0.21,2.50,-1.56,0.10,0.60,0.88,0.92,-0.64,-0.58,16610258
2144250,-0.10,1.07,-0.15,5.62,1.28,4.61,0.11,0.61,0.88,0.37,-1.80,-0.21,16615626
2144262,-0.07,1.08,-0.15,8.09,-1.83,3.48,0.12,0.62,0.89,0.00,-0.37,0.18,16617560
2144274,-0.05,1.03,-0.16,4.03,-3.66,-2.75,0.11,0.62,0.90,-1.13,-0.21,-0.21,16619321
2144285,-0.06,0.98,-0.17,-1.16,-2.69,-7.11,0.10,0.62,0.91,-1.77,-2.44,-0.58,16621420
2144297,-0.09,0.95,-0.18,-5.13,-1.19,-8.12,0.10,0.61,0.91,-2.20,-3.05,-0.21,16620488
2144309,-0.12,0.94,-0.18,-6.65,0.55,-5.89,0.11,0.60,0.90,-2.04,-1.25,-0.12,16617127
2144320,-0.14,0.94,-0.17,-7.02,2.14,-4.18,0.12,0.59,0.89,-1.46,1.13,0.15,16615538
2144332,-0.15,0.96,-0.16,-5.89,3.33,-1.34,0.13,0.59,0.88,-1.04,2.53,0.64,16614034
2144344,-0.15,0.98,-0.15,-2.99,4.00,-1.04,0.13,0.58,0.86,-0.49,2.93,0.43,16612590
2144356,-0.14,1.00,-0.15,0.34,4.09,-0.79,0.13,0.58,0.85,0.03,1.86,0.67,16614343
2144367,-0.13,1.01,-0.15,3.23,3.27,-1.22,0.13,0.58,0.85,0.58,0.70,1.07,16613755
2144379,-0.10,1.01,-0.15,5.16,0.70,-3.42,0.12,0.57,0.84,0.85,-1.28,1.40,16615789
2144391,-0.05,1.02,-0.14,7.78,-3.91,-1.71,0.12,0.57,0.85,0.98,-2.62,1.77,16618356
2144403,0.00,1.03,-0.14,10.93,-9.80,-0.98,0.12,0.57,0.85,1.13,-2.38,1.04,16621530
2144414,0.02,1.04,-0.16,12.94,-11.35,-7.93,0.10,0.58,0.86,0.15,-3.66,0.24,16626535
2144425,-0.04,1.02,-0.18,12.08,-8.36,-11.14,0.09,0.58,0.87,-0.92,-6.74,0.46,16628570
2144438,-0.12,0.98,-0.19,8.30,-4.21,-9.06,0.09,0.58,0.89,-2.47,-7.75,1.16,16627879
2144449,-0.16,0.95,-0.19,4.79,-0.49,-9.67,0.11,0.58,0.89,-2.62,-6.20,1.43,16629035
2144461,-0.18,0.94,-0.19,3.60,1.53,-9.37,0.12,0.59,0.89,-2.56,-4.15,1.89,16633015
2144473,-0.17,0.97,-0.18,5.52,1.77,-10.71,0.13,0.60,0.88,-1.68,-2.69,2.20,16635161
2144485,-0.15,1.00,-0.17,8.30,0.37,-11.54,0.13,0.60,0.87,-1.01,-1.80,2.75,16637336
2144496,-0.13,1.03,-0.16,11.99,-1.56,-11.75,0.14,0.60,0.87,0.49,-1.50,2.87,16637796
2144508,-0.11,1.03,-0.15,13.61,-3.23,-12.76,0.14,0.61,0.87,1.16,-0.76,2.59,16641257
2144520,-0.09,1.02,-0.15,15.08,-5.19,-13.49,0.14,0.61,0.87,1.74,-1.65,2.56,16647493
2144532,-0.09,1.02,-0.16,15.69,-6.41,-13.79,0.13,0.61,0.87,1.46,-3.72,2.84,16653757
2144543,-0.10,1.00,-0.17,14.92,-5.55,-16.57,0.12,0.61,0.87,1.07,-4.61,2.47,16657347
2144555,-0.11,0.98,-0.18,13.76,-4.67,-19.44,0.12,0.61,0.88,0.79,-4.82,2.62,16661574
2144567,-0.12,0.97,-0.20,12.76,-6.26,-19.81,0.12,0.60,0.89,-0.34,-5.04,2.41,16665107
2144578,-0.12,1.02,-0.22,20.08,-0.82,-34.27,0.12,0.58,0.86,0.85,-4.03,1.95,16667441
2144590,-0.15,1.06,-0.21,26.89,-1.19,-20.42,0.12,0.57,0.85,0.79,-5.40,1.89,16666905
2144602,-0.15,1.07,-0.20,37.20,0.46,-17.97,0.12,0.55,0.84,1.74,-4.58,1.71,16664529
2144614,-0.13,1.02,-0.21,31.98,-3.27,-17.52,0.13,0.55,0.84,1.10,-7.17,3.81,16666173
2144625,-0.10,0.99,-0.22,31.86,-4.67,-26.86,0.13,0.56,0.85,0.31,-7.17,5.31,16667239
2144637,-0.10,0.97,-0.22,32.10,-5.62,-29.91,0.11,0.56,0.86,-1.07,-9.67,4.33,16667393
2144649,-0.13,0.93,-0.24,26.58,-5.00,-22.83,0.11,0.58,0.89,-3.02,-11.66,4.15,16669473
2144660,-0.17,0.86,-0.26,15.87,-6.04,-4.58,0.12,0.60,0.92,-5.37,-11.51,4.15,16671935
2144672,-0.18,0.82,-0.29,8.00,-5.77,-8.45,0.15,0.61,0.94,-5.46,-2.32,2.14,16677806
2144684,-0.17,0.82,-0.27,4.33,-3.60,-13.00,0.15,0.60,0.92,-5.83,2.50,0.73,16675970
2144696,-0.19,0.79,-0.27,-4.09,0.31,-5.58,0.15,0.60,0.92,-5.62,5.19,-0.89,16668310
2144707,-0.24,0.77,-0.26,-10.38,6.81,0.82,0.14,0.60,0.91,-4.15,7.51,-2.17,16663456
2144719,-0.28,0.77,-0.23,-12.12,16.20,-7.02,0.13,0.60,0.89,-2.20,6.26,-2.66,16662374
2144731,-0.33,0.78,-0.22,-18.01,21.91,8.79,0.12,0.61,0.88,-1.22,5.74,-3.78,16659634
2144743,-0.29,0.79,-0.21,-23.83,21.09,11.23,0.13,0.62,0.88,0.15,2.96,-3.91,16655096
2144754,-0.22,0.82,-0.19,-22.25,19.99,7.14,0.14,0.61,0.86,2.53,5.58,-3.88,16653763
2144766,-0.18,0.85,-0.19,-23.80,19.59,7.57,0.14,0.60,0.85,2.69,10.07,-4.82,16651691
2144778,-0.14,0.89,-0.20,-22.03,18.86,7.87,0.13,0.60,0.85,3.33,11.72,-6.20,16647513
2144789,-0.11,0.91,-0.20,-21.30,16.78,7.66,0.11,0.59,0.86,3.08,10.01,-6.53,16644987
2144801,-0.08,0.92,-0.21,-22.83,13.98,5.00,0.09,0.59,0.86,2.20,5.43,-6.93,16648889
2144813,-0.07,0.94,-0.22,-23.62,11.05,3.94,0.09,0.60,0.87,0.55,2.75,-6.65,16651713
2144825,-0.09,0.97,-0.23,-19.38,9.83,-0.55,0.09,0.59,0.87,-0.24,1.07,-6.29,16654685
2144836,-0.10,1.00,-0.23,-15.26,10.13,-6.68,0.10,0.59,0.87,-1.89,1.16,-4.82,16656546
2144848,-0.12,1.00,-0.23,-16.91,7.26,-0.67,0.11,0.60,0.87,-2.96,-1.80,-2.84,16652849
2144860,-0.11,1.00,-0.22,-17.24,2.90,-2.26,0.12,0.61,0.88,-2.78,-1.65,-1.19,16654516
2144871,-0.09,1.01,-0.21,-12.82,-1.34,-10.31,0.13,0.60,0.87,-2.04,-1.71,0.00,16653453
2144883,-0.09,1.01,-0.20,-9.74,-3.33,-12.79,0.14,0.60,0.86,-1.89,-1.34,1.43,16653598
2144894,-0.13,1.01,-0.20,-8.61,-2.17,-7.81,0.15,0.59,0.86,-1.19,-1.01,1.98,16651388
2144907,-0.20,1.01,-0.20,-6.38,4.46,-7.08,0.14,0.59,0.85,0.09,1.62,0.76,16646974
2144918,-0.26,1.02,-0.18,-2.75,11.51,0.09,0.13,0.58,0.85,0.82,0.49,-0.40,16644200
2144930,-0.24,0.98,-0.19,-8.06,10.01,7.29,0.13,0.60,0.87,-1.01,-2.41,0.52,16644071
2144942,-0.18,0.96,-0.19,-6.53,7.08,-1.71,0.14,0.60,0.87,0.76,-0.85,-0.58,16649085
2144954,-0.13,0.96,-0.19,-6.65,4.03,-5.00,0.15,0.60,0.86,0.43,1.34,-1.92,16650736
2144965,-0.11,0.97,-0.19,-5.65,1.77,-1.83,0.15,0.60,0.86,1.59,2.14,-2.14,16649375
2144977,-0.11,0.97,-0.18,-4.85,-2.11,3.66,0.15,0.59,0.85,2.20,1.74,-2.17,16648650
2144989,-0.10,0.96,-0.18,-4.39,-2.78,7.87,0.14,0.58,0.86,2.59,2.38,-1.71,16648337
2145000,-0.09,0.94,-0.19,-7.63,-5.04,7.78,0.14,0.58,0.86,1.77,0.46,-1.53,16647834
2145012,-0.10,0.92,-0.20,-8.94,-7.23,7.87,0.13,0.58,0.87,1.95,-1.86,-1.22,16644043
2145024,-0.11,0.89,-0.20,-13.09,-8.76,13.82,0.14,0.58,0.88,-0.40,-1.86,0.09,16639249
2145036,-0.14,0.84,-0.23,-21.12,-7.11,8.58,0.14,0.57,0.89,-0.46,1.56,-0.76,16633600
2145047,-0.17,0.86,-0.23,-21.51,-4.15,4.52,0.13,0.57,0.89,-1.53,1.62,-0.49,16629009
2145059,-0.20,0.89,-0.23,-21.70,-2.26,11.44,0.13,0.56,0.89,-2.29,0.92,0.00,16625415
2145071,-0.21,0.91,-0.22,-21.61,-0.95,15.44,0.14,0.56,0.88,-2.17,1.10,0.58,16622375
2145083,-0.20,0.96,-0.20,-18.16,0.40,20.97,0.15,0.58,0.87,-1.68,3.69,0.18,16623553
2145094,-0.17,1.03,-0.18,-12.12,-0.52,25.60,0.15,0.59,0.87,-0.85,6.62,-0.34,16626471
2145105,-0.11,1.05,-0.17,-8.36,-3.48,24.63,0.13,0.60,0.86,0.00,7.26,-1.95,16629976
2145118,-0.08,1.03,-0.16,-8.54,-3.54,19.32,0.11,0.61,0.86,1.43,4.67,-3.51,16625978
2145129,-0.10,1.00,-0.16,-9.77,-0.43,11.69,0.10,0.61,0.86,2.17,2.66,-4.43,16620921
2145141,-0.13,0.99,-0.16,-9.40,1.40,14.71,0.10,0.60,0.87,2.87,2.56,-4.46,16620969
2145153,-0.13,0.99,-0.16,-9.52,1.89,15.20,0.12,0.60,0.87,2.87,5.40,-4.43,16618132
2145165,-0.15,0.98,-0.16,-9.00,4.79,9.03,0.12,0.60,0.87,3.11,6.44,-4.46,16619278
2145176,-0.18,1.00,-0.17,-6.99,7.66,7.72,0.12,0.60,0.87,2.41,4.85,-2.96,16620714
2145188,-0.19,1.04,-0.17,-3.02,8.42,12.42,0.12,0.60,0.87,1.74,3.51,-1.28,16623491
2145200,-0.17,1.09,-0.17,2.96,6.74,15.08,0.13,0.60,0.87,0.89,4.24,0.03,16628900
2145212,-0.15,1.10,-0.17,6.50,5.10,15.99,0.14,0.60,0.86,-0.12,4.76,1.13,16634210
2145223,-0.15,1.07,-0.17,7.17,5.46,13.09,0.13,0.61,0.86,-0.24,4.15,1.16,16633572
2145234,-0.14,1.05,-0.17,7.11,6.41,8.18,0.12,0.61,0.86,0.06,1.80,1.04,16633608
2145247,-0.13,1.04,-0.16,8.88,6.07,6.16,0.11,0.61,0.86,0.31,-0.55,0.82,16636719
2145258,-0.10,1.06,-0.15,13.37,4.12,4.88,0.11,0.61,0.85,1.07,-2.38,0.70,16642847
2145270,-0.08,1.09,-0.14,20.66,2.62,2.87,0.12,0.62,0.84,2.14,-2.72,1.16,16651900
2145282,-0.09,1.12,-0.14,26.00,2.41,5.58,0.12,0.62,0.84,2.44,-2.44,1.53,16662140
2145294,-0.10,1.12,-0.14,29.11,3.60,8.97,0.13,0.62,0.84,3.36,-1.37,2.17,16668897
2145305,-0.12,1.11,-0.14,31.25,5.10,10.68,0.13,0.62,0.85,4.33,0.85,1.89,16673506
2145317,-0.12,1.10,-0.14,35.52,5.19,14.86,0.13,0.63,0.85,4.64,1.80,1.53,16676500
2145329,-0.10,1.11,-0.15,37.45,5.31,13.76,0.12,0.64,0.85,5.43,1.10,1.13,16686615
2145340,-0.08,1.12,-0.16,41.75,4.61,5.98,0.12,0.64,0.85,6.62,0.00,0.95,16700059
2145352,-0.07,1.12,-0.16,49.16,2.87,1.83,0.12,0.63,0.84,6.90,-2.81,1.40,16708770
2145363,-0.09,1.11,-0.18,52.00,1.22,2.47,0.14,0.62,0.84,7.42,-4.03,2.38,16711574
2145376,-0.13,1.12,-0.20,55.63,2.08,-0.09,0.15,0.61,0.84,7.72,-1.53,3.51,16711280
2145387,-0.18,1.14,-0.20,68.08,10.01,-4.88,0.15,0.60,0.83,7.17,-0.79,3.97,16718002
2145399,-0.20,1.12,-0.22,67.41,10.38,-0.85,0.15,0.61,0.86,5.37,-3.66,5.98,16724991
2145411,-0.17,1.09,-0.27,68.18,10.68,-0.70,0.16,0.61,0.88,4.76,-0.82,6.53,16729239
2145423,-0.15,1.06,-0.29,68.48,10.96,3.20,0.16,0.61,0.89,3.39,0.43,5.55,16738276
2145434,-0.13,0.99,-0.32,64.82,13.55,8.58,0.14,0.60,0.90,0.82,2.47,3.33,16741280
2145445,-0.12,0.95,-0.33,63.51,13.24,2.69,0.13,0.59,0.90,1.46,3.23,1.10,16738744
2145458,-0.08,0.94,-0.31,66.16,14.16,-5.25,0.14,0.59,0.89,1.62,4.67,0.55,16738699
2145469,-0.07,0.89,-0.31,60.03,11.72,-3.36,0.15,0.60,0.89,0.85,2.50,0.31,16741529
2145481,-0.07,0.85,-0.32,53.83,10.16,-3.42,0.16,0.62,0.88,0.79,3.42,0.09,16747449
2145492,-0.09,0.84,-0.33,47.58,11.11,6.56,0.17,0.63,0.88,1.89,6.71,0.85,16753760
2145505,-0.11,0.85,-0.32,48.37,13.61,15.14,0.17,0.64,0.87,3.48,9.61,0.49,16762735
2145516,-0.12,0.88,-0.32,49.13,15.50,19.87,0.15,0.64,0.86,4.55,13.76,-0.58,16768913
2145528,-0.08,0.91,-0.29,52.73,14.65,14.80,0.13,0.65,0.84,8.85,11.96,-1.80,16776087
2145540,-0.03,0.92,-0.28,53.89,11.63,7.08,0.12,0.65,0.82,10.74,8.48,-1.89,5638
2145551,-0.03,0.94,-0.28,55.39,11.44,2.69,0.12,0.66,0.81,13.76,5.80,-1.86,14687
2145563,-0.05,0.94,-0.30,55.57,13.34,10.80,0.11,0.67,0.80,15.26,4.49,-1.04,20537
2145574,-0.08,0.92,-0.31,58.17,16.94,9.40,0.10,0.66,0.80,16.66,7.42,-1.80,22345
2145587,-0.03,0.88,-0.32,56.98,11.63,8.76,0.09,0.65,0.81,16.39,3.42,-1.62,23855
2145598,0.02,0.85,-0.34,55.73,8.97,-1.16,0.09,0.64,0.81,15.84,8.21,-1.43,25611
2145610,0.03,0.83,-0.35,50.48,6.32,6.50,0.08,0.63,0.80,16.85,6.93,-1.50,31193
2145622,0.05,0.84,-0.35,54.05,3.08,0.70,0.09,0.63,0.79,17.55,6.87,-0.85,34691
2145634,0.06,0.87,-0.36,58.50,0.70,-1.31,0.09,0.62,0.77,19.41,4.91,-0.55,41155
2145645,0.03,0.91,-0.37,65.19,2.11,-3.85,0.10,0.61,0.77,20.08,5.37,-0.34,44790
2145656,-0.04,0.98,-0.39,76.39,5.16,-0.46,0.11,0.61,0.77,20.08,7.42,0.43,51552
2145669,-0.08,1.02,-0.41,86.27,8.76,-3.91,0.12,0.60,0.76,20.54,8.21,1.80,60530
2145680,-0.10,1.05,-0.45,95.73,8.88,0.46,0.13,0.59,0.77,20.45,10.01,3.02,65726
2145692,-0.08,1.04,-0.48,101.29,7.90,5.49,0.13,0.59,0.80,19.56,13.00,4.27,69880
2145703,-0.05,0.97,-0.48,105.38,8.61,0.43,0.10,0.59,0.81,15.75,9.86,2.50,81195
2145716,-0.02,0.87,-0.49,103.18,8.94,-10.22,0.09,0.60,0.81,14.43,4.33,1.13,93364
2145727,-0.05,0.77,-0.50,93.54,11.84,-13.79,0.09,0.62,0.81,15.08,-1.01,-0.98,111644
2145739,-0.09,0.69,-0.51,86.43,13.52,6.53,0.10,0.64,0.80,17.82,-0.98,-0.82,123484
2145751,-0.07,0.61,-0.52,79.56,15.72,-1.80,0.12,0.67,0.80,18.74,6.56,-1.46,131947
2145763,-0.11,0.58,-0.53,76.23,22.09,-14.16,0.12,0.67,0.80,20.69,6.50,-1.86,135186
2145774,-0.19,0.60,-0.55,75.32,28.90,-11.54,0.12,0.67,0.80,23.83,4.64,-0.58,140739
2145785,-0.20,0.63,-0.56,73.88,29.27,7.14,0.13,0.66,0.80,23.47,9.61,0.98,149545
2145798,-0.13,0.63,-0.56,76.63,27.98,1.28,0.12,0.65,0.78,23.68,13.79,-0.15,153131
2145809,-0.06,0.68,-0.57,78.06,24.02,6.74,0.12,0.64,0.76,24.29,10.25,-0.73,158749
2145821,-0.01,0.76,-0.57,89.72,20.23,8.33,0.13,0.64,0.76,23.62,11.14,-0.24,165484
2145832,0.04,0.79,-0.58,98.60,18.34,2.44,0.13,0.64,0.75,23.56,18.65,-0.67,174523
2145845,0.06,0.79,-0.57,98.79,15.44,-3.94,0.11,0.65,0.74,23.68,20.32,-1.59,189673
2145856,0.06,0.74,-0.58,98.21,15.08,-10.53,0.09,0.67,0.73,27.71,16.11,-2.11,203866
2145868,0.05,0.69,-0.60,98.51,15.72,-11.99,0.08,0.70,0.74,28.26,12.97,-2.66,213746
2145880,0.04,0.66,-0.63,97.81,14.34,-7.54,0.08,0.72,0.75,27.37,8.30,-1.10,219085
2145891,0.07,0.61,-0.67,96.77,10.74,-5.25,0.08,0.72,0.78,24.57,9.34,0.70,225284
2145903,0.10,0.54,-0.71,94.45,5.43,-4.67,0.07,0.72,0.80,22.98,5.98,1.40,234175
2145914,0.09,0.47,-0.74,88.29,4.21,0.06,0.06,0.71,0.81,20.02,0.34,1.62,244427
2145927,0.03,0.44,-0.76,84.72,5.31,9.09,0.06,0.72,0.81,17.58,-2.41,2.69,257334
2145938,-0.01,0.46,-0.78,83.74,6.68,19.23,0.09,0.73,0.80,17.06,3.91,3.57,280785
2145950,0.02,0.50,-0.80,86.21,4.79,17.55,0.10,0.77,0.78,12.79,5.25,2.32,310087
2145961,0.11,0.53,-0.83,88.68,-0.76,6.16,0.08,0.81,0.79,10.35,3.94,0.55,337672
2145974,0.21,0.50,-0.85,87.37,-7.48,-9.89,0.05,0.82,0.80,11.44,-4.61,-3.23,359057
2145985,0.22,0.40,-0.88,78.37,-11.87,-14.59,0.03,0.83,0.83,9.22,-9.16,-1.80,377170
2145997,0.15,0.29,-0.91,67.08,-10.77,-10.47,0.03,0.84,0.84,8.24,-10.62,-1.19,392140
2146009,0.06,0.25,-0.92,60.94,-6.23,-3.91,0.04,0.83,0.84,2.47,-9.25,0.18,411340
2146020,-0.03,0.29,-0.92,59.78,-0.06,1.34,0.06,0.81,0.82,4.09,-3.97,0.49,432752
2146032,-0.08,0.36,-0.91,63.45,4.97,2.50,0.06,0.80,0.79,8.42,0.64,-0.67,459429
2146043,-0.10,0.42,-0.89,67.63,10.47,1.80,0.07,0.80,0.76,11.11,7.02,-1.59,489718
2146056,-0.07,0.41,-0.89,67.72,13.46,-8.18,0.07,0.81,0.74,11.93,7.32,-2.93,524462
2146067,-0.01,0.35,-0.90,65.77,12.15,-13.82,0.07,0.83,0.75,11.57,6.47,-4.12,560505
2146079,0.08,0.24,-0.92,56.24,5.31,-16.91,0.06,0.84,0.78,7.75,2.41,-3.02,588060
2146091,0.15,0.15,-0.94,46.84,-3.97,-13.24,0.06,0.84,0.80,3.78,0.37,-1.62,611827
2146103,0.25,-0.00,-0.97,28.53,-14.53,-16.24,0.05,0.83,0.83,-1.16,-6.96,-0.92,631751
2146114,0.26,-0.13,-0.99,12.60,-19.90,-15.01,0.02,0.80,0.86,-8.36,-15.26,-0.43,633311
2146125,0.19,-0.18,-1.00,1.98,-18.71,-13.40,0.01,0.76,0.87,-13.15,-19.47,-1.95,620373
2146138,0.07,-0.09,-0.98,5.04,-11.96,-7.42,0.02,0.71,0.86,-16.24,-16.14,-1.74,599562
2146149,-0.03,0.11,-0.95,19.62,-5.68,-2.04,0.06,0.66,0.83,-17.49,-6.68,-1.43,578967
2146161,-0.06,0.28,-0.93,34.03,-2.59,1.98,0.09,0.62,0.80,-17.97,1.56,-1.22,568569
2146172,-0.02,0.34,-0.93,42.94,-3.39,0.98,0.09,0.63,0.79,-18.68,4.43,-2.81,569573
2146185,0.04,0.29,-0.93,42.91,-6.01,-0.73,0.08,0.66,0.80,-19.68,1.53,-5.00,578594
2146196,0.06,0.15,-0.94,29.60,-7.35,2.14,0.07,0.70,0.81,-22.77,-2.47,-6.01,588628
2146208,0.07,-0.01,-0.92,13.21,-10.16,-4.24,0.05,0.72,0.80,-21.58,-9.98,-7.02,588327
2146220,0.05,-0.13,-0.87,-2.84,-10.35,-10.93,0.06,0.71,0.78,-18.95,-14.16,-5.86,572031
2146231,-0.05,-0.15,-0.82,-12.36,-5.13,-11.75,0.08,0.67,0.75,-13.31,-14.74,-3.57,543771
2146243,-0.17,-0.07,-0.76,-14.77,2.08,-13.46,0.10,0.63,0.70,-4.15,-9.40,-1.98,509489
2146254,-0.27,0.06,-0.72,-10.68,12.12,-14.47,0.13,0.61,0.66,4.12,0.34,-1.10,479545
2146267,-0.30,0.17,-0.71,-5.71,20.69,-18.77,0.14,0.61,0.65,9.25,6.38,-1.16,458414
2146278,-0.26,0.23,-0.73,-3.91,24.57,-24.69,0.14,0.64,0.65,11.02,9.74,-2.04,450119
2146290,-0.18,0.21,-0.77,-7.11,24.14,-29.21,0.12,0.67,0.67,10.77,6.16,-2.47,445506
2146301,-0.11,0.16,-0.81,-13.67,19.62,-28.93,0.11,0.70,0.71,9.31,2.08,-2.66,439417
2146314,-0.03,0.08,-0.84,-21.42,16.48,-29.30,0.10,0.70,0.74,8.73,-1.89,-2.75,427380
2146325,-0.01,0.08,-0.87,-22.98,13.40,-19.41,0.11,0.70,0.77,9.03,-2.78,-2.96,411604
2146337,0.03,0.13,-0.90,-21.76,7.75,-8.45,0.11,0.69,0.79,7.42,-1.50,-2.14,390851
2146349,0.10,0.15,-0.92,-19.96,-1.31,-4.15,0.12,0.70,0.82,2.81,-1.62,-0.79,379251
2146360,0.16,0.19,-0.94,-17.73,-9.12,1.25,0.12,0.71,0.82,-1.01,-4.06,0.03,369354
2146372,0.17,0.23,-0.95,-13.61,-14.89,0.98,0.11,0.71,0.81,-3.17,-6.71,1.19,352623
2146383,0.14,0.29,-0.95,-6.16,-16.88,0.18,0.10,0.71,0.80,-3.85,-9.64,1.92,333558
2146396,0.05,0.37,-0.96,4.30,-13.43,4.64,0.09,0.70,0.80,-4.88,-8.67,2.20,317048
2146407,-0.02,0.41,-0.98,12.82,-8.76,4.21,0.09,0.72,0.80,-5.98,-6.59,1.77,307334
2146419,-0.06,0.39,-1.00,14.25,-5.74,0.79,0.09,0.74,0.80,-8.00,-2.99,1.19,311011
2146430,-0.07,0.31,-1.00,8.82,-2.72,-3.78,0.10,0.77,0.79,-9.52,-1.74,0.95,324653
2146443,-0.08,0.21,-0.99,0.09,0.70,-5.74,0.10,0.79,0.79,-9.77,0.06,0.15,335490
2146454,-0.10,0.12,-0.97,-8.94,5.31,-7.20,0.09,0.79,0.78,-9.22,0.49,-1.50,334011
2146465,-0.11,0.08,-0.95,-17.03,9.12,-10.47,0.08,0.79,0.77,-8.61,-0.64,-3.27,324687
2146478,-0.12,0.09,-0.94,-22.43,14.74,-14.28,0.08,0.78,0.77,-9.86,1.07,-4.52,312543
2146489,-0.11,0.15,-0.91,-19.90,17.79,-17.64,0.08,0.76,0.75,-9.03,0.09,-5.80,298116
2146501,-0.09,0.26,-0.89,-13.92,18.10,-17.70,0.10,0.74,0.74,-6.59,1.31,-6.10,282631
2146512,-0.06,0.35,-0.87,-6.93,15.78,-12.57,0.12,0.72,0.73,-4.12,4.00,-5.77,265469
2146525,-0.03,0.41,-0.86,-0.12,11.05,-8.48,0.13,0.71,0.72,-2.47,3.63,-3.91,256381
2146536,-0.00,0.42,-0.85,4.27,6.44,-3.27,0.14,0.71,0.72,-2.20,2.35,-2.01,254030
2146548,0.01,0.39,-0.86,4.15,3.23,0.76,0.14,0.72,0.73,-2.20,-0.12,-0.98,257438
2146560,0.02,0.32,-0.86,0.21,1.65,1.22,0.12,0.74,0.73,-1.80,-3.60,-0.79,263669
2146571,0.03,0.25,-0.87,-5.68,-0.24,-1.25,0.10,0.75,0.74,-2.04,-6.10,-1.28,271483
2146583,0.05,0.22,-0.88,-9.12,-2.04,-2.87,0.08,0.74,0.74,-1.01,-7.23,-1.65,269597
2146594,0.06,0.22,-0.87,-10.35,-4.49,-3.08,0.08,0.74,0.73,1.34,-6.62,-1.65,265410
2146607,0.06,0.24,-0.86,-9.89,-6.35,-0.85,0.09,0.73,0.73,2.75,-4.52,-1.80,262497
2146618,0.04,0.26,-0.86,-10.19,-7.26,2.41,0.09,0.73,0.74,1.65,-3.20,-1.92,258690
2146630,0.04,0.26,-0.86,-10.96,-7.63,4.46,0.09,0.73,0.74,0.03,-3.33,-2.14,256469
2146641,0.03,0.26,-0.87,-11.57,-6.87,4.61,0.09,0.73,0.75,-0.49,-3.30,-2.50,252308
2146654,0.01,0.27,-0.88,-11.23,-4.39,4.85,0.08,0.72,0.76,-0.82,-4.61,-2.99,247535
2146665,-0.02,0.29,-0.88,-8.64,-1.31,6.07,0.07,0.71,0.76,-0.03,-3.97,-3.78,237934
2146676,-0.03,0.30,-0.88,-6.56,-0.12,4.88,0.07,0.70,0.76,1.19,-2.69,-4.00,234330
2146689,-0.03,0.28,-0.89,-6.81,0.27,4.33,0.08,0.71,0.76,1.62,-0.73,-3.20,232146
2146700,-0.03,0.24,-0.90,-9.25,-0.61,4.55,0.10,0.71,0.77,1.80,2.08,-2.69,232112
2146712,-0.05,0.20,-0.91,-12.08,-0.09,3.20,0.11,0.71,0.77,1.71,3.11,-1.77,230442
2146723,-0.07,0.19,-0.91,-14.56,2.14,2.32,0.10,0.71,0.78,0.43,1.71,-1.56,231751
2146736,-0.08,0.18,-0.91,-15.29,3.69,0.49,0.10,0.71,0.78,-0.37,-1.46,-1.89,230828
2146747,-0.07,0.18,-0.91,-17.21,4.97,-1.86,0.09,0.71,0.78,-1.71,-2.81,-2.96,227222
2146759,-0.06,0.19,-0.91,-18.28,5.86,-2.59,0.10,0.71,0.79,-4.12,-2.56,-2.78,223328
2146770,-0.06,0.21,-0.91,-18.46,6.32,-2.50,0.11,0.71,0.79,-4.97,-0.55,-3.02,220105
2146783,-0.06,0.26,-0.91,-15.29,7.54,-1.92,0.12,0.71,0.79,-7.14,0.12,-3.05,211496
2146794,-0.05,0.31,-0.90,-10.44,7.54,-1.62,0.13,0.70,0.78,-5.77,2.17,-3.14,200946
2146805,-0.04,0.35,-0.89,-6.13,6.96,-1.31,0.13,0.69,0.77,-4.49,2.78,-2.96,195110
2146818,-0.03,0.36,-0.88,-3.69,5.62,-1.16,0.13,0.69,0.76,-3.39,1.80,-3.02,190878
2146829,-0.03,0.33,-0.88,-3.88,5.25,-1.86,0.13,0.70,0.76,-3.30,2.08,-2.66,188827
2146841,-0.04,0.31,-0.89,-4.36,6.32,-3.08,0.12,0.71,0.76,-2.75,-1.10,-2.69,186793
2146852,-0.04,0.29,-0.90,-6.74,6.10,-3.60,0.11,0.72,0.77,-2.26,-4.27,-3.42,187701
2146865,-0.04,0.26,-0.92,-9.34,4.82,-4.06,0.11,0.74,0.78,-2.96,-4.15,-2.96,188937
2146876,-0.04,0.24,-0.93,-11.47,4.67,-2.41,0.11,0.75,0.79,-4.46,-1.89,-2.47,190192
2146888,-0.05,0.23,-0.93,-14.83,5.43,1.07,0.12,0.75,0.80,-4.70,0.43,-1.77,189780
2146899,-0.05,0.23,-0.93,-16.94,6.10,3.14,0.12,0.74,0.80,-5.62,2.72,-1.65,184472
2146911,-0.05,0.24,-0.93,-17.30,6.41,3.88,0.12,0.74,0.80,-5.40,4.70,-1.34,180210
2146923,-0.05,0.28,-0.92,-16.02,6.59,4.64,0.12,0.73,0.79,-4.91,6.16,-1.10,173773
2146934,-0.04,0.31,-0.91,-14.50,7.11,3.69,0.11,0.73,0.78,-4.33,6.74,-1.28,169180
2146947,-0.02,0.32,-0.91,-14.47,7.39,0.37,0.10,0.74,0.77,-4.67,5.58,-2.20,166335
2146958,0.00,0.32,-0.91,-14.92,6.23,-2.78,0.08,0.74,0.78,-5.52,1.68,-2.38,162691
2146970,0.02,0.32,-0.91,-14.28,4.67,-3.97,0.08,0.74,0.78,-7.17,-1.10,-1.68,156942
2146981,0.02,0.33,-0.91,-15.75,2.53,-3.11,0.09,0.74,0.78,-8.18,-1.95,-0.55,148976
2146994,0.02,0.35,-0.91,-12.33,1.04,-2.08,0.10,0.74,0.78,-9.09,-2.44,0.61,144109
2147005,0.02,0.35,-0.91,-11.41,-1.13,-0.09,0.11,0.74,0.79,-9.43,-2.35,1.31,142102
2147016,0.02,0.34,-0.90,-12.76,-2.50,0.46,0.11,0.73,0.78,-9.28,-1.59,2.32,134421
2147028,0.00,0.32,-0.90,-14.92,-2.17,0.43,0.11,0.73,0.78,-9.70,-0.46,1.95,127377
2147040,-0.02,0.32,-0.89,-14.98,-0.70,0.21,0.10,0.73,0.78,-9.61,-0.40,1.80,122419
2147052,-0.03,0.34,-0.88,-13.92,1.10,-0.21,0.10,0.72,0.77,-9.61,-0.27,1.16,114858
2147063,-0.03,0.39,-0.87,-9.89,2.26,-1.13,0.10,0.71,0.76,-8.45,-0.06,0.95,112340
2147076,-0.03,0.43,-0.85,-4.70,2.47,-1.83,0.11,0.71,0.75,-7.17,1.34,0.58,110919
2147087,-0.02,0.46,-0.84,-0.76,2.32,-2.14,0.11,0.71,0.74,-6.29,3.20,0.06,109821
2147099,-0.01,0.45,-0.84,0.55,2.69,-1.89,0.11,0.70,0.74,-5.13,2.78,0.06,107843
2147110,-0.00,0.44,-0.83,1.86,1.71,-2.32,0.10,0.70,0.74,-3.97,0.79,-0.79,107858
2147122,0.02,0.42,-0.83,3.11,0.49,-3.08,0.09,0.70,0.75,-3.54,-0.85,-0.70,107301
2147134,0.03,0.39,-0.84,2.38,-0.95,-4.03,0.09,0.69,0.75,-4.00,-2.69,-0.73,106348
2147145,0.04,0.35,-0.85,0.58,-2.44,-3.63,0.08,0.69,0.76,-4.76,-3.54,-0.52,102790
2147158,0.03,0.32,-0.86,-0.73,-2.96,-0.67,0.09,0.69,0.77,-5.37,-3.42,-0.34,101472
2147169,0.02,0.31,-0.87,-2.59,-3.33,1.28,0.09,0.70,0.78,-5.83,-3.51,-0.46,105521
2147181,0.03,0.30,-0.88,-3.91,-4.03,1.86,0.08,0.70,0.78,-6.26,-3.97,-0.67,106224
2147192,0.03,0.30,-0.87,-4.27,-4.49,1.13,0.08,0.70,0.78,-5.98,-4.43,-1.25,107591
2147205,0.03,0.30,-0.87,-6.01,-5.00,1.22,0.08,0.69,0.79,-5.62,-2.93,-1.31,104821
2147216,0.01,0.28,-0.86,-8.42,-4.61,0.40,0.08,0.69,0.78,-5.43,-2.26,-1.71,101354
2147228,-0.01,0.27,-0.86,-11.29,-3.23,-0.31,0.09,0.69,0.78,-4.91,-0.21,-1.40,98152
2147239,-0.05,0.26,-0.85,-13.85,-0.21,0.21,0.09,0.69,0.77,-3.88,1.89,-1.25,94955
2147251,-0.08,0.27,-0.84,-16.57,3.11,-1.01,0.10,0.70,0.76,-2.47,2.11,-1.19,88364
2147263,-0.09,0.27,-0.84,-18.92,6.04,-3.08,0.10,0.70,0.76,-1.98,1.65,-1.10,82519
2147274,-0.09,0.27,-0.85,-21.73,7.35,-3.63,0.10,0.71,0.77,-1.59,0.52,-1.13,78271
2147287,-0.07,0.26,-0.86,-24.44,8.21,-6.13,0.09,0.71,0.78,-1.92,-1.10,-1.43,68508
2147298,-0.06,0.24,-0.88,-27.19,8.21,-7.93,0.09,0.70,0.80,-2.44,-1.56,-1.19,58380
2147310,-0.04,0.21,-0.90,-33.17,7.08,-4.70,0.10,0.70,0.82,-4.58,-1.04,-1.31,46562
2147321,-0.02,0.16,-0.91,-39.83,4.79,-2.53,0.11,0.69,0.84,-6.26,-1.19,-0.46,31689
2147334,-0.01,0.12,-0.91,-48.52,3.27,0.18,0.11,0.68,0.85,-7.60,0.09,0.12,17423
2147345,-0.01,0.10,-0.91,-55.36,2.04,2.81,0.12,0.67,0.86,-10.31,2.17,0.24,4834
2147357,-0.01,0.12,-0.91,-57.89,2.38,4.30,0.11,0.66,0.86,-11.20,-0.61,0.34,16769057
2147368,-0.03,0.18,-0.90,-59.78,2.26,16.24,0.11,0.66,0.86,-14.65,2.23,0.52,16756167
2147380,0.01,0.23,-0.88,-58.38,1.50,4.52,0.11,0.65,0.83,-11.72,-0.15,-0.70,16742856
2147392,0.02,0.30,-0.87,-55.85,0.85,5.65,0.11,0.65,0.84,-14.95,1.65,-0.46,16731132
2147403,0.03,0.34,-0.86,-53.68,-1.01,5.34,0.11,0.65,0.83,-13.89,0.52,-0.43,16717655
2147416,0.05,0.34,-0.85,-55.51,-3.94,7.51,0.11,0.65,0.83,-13.98,-4.70,-0.37,16706809
2147427,0.04,0.30,-0.83,-61.49,-5.83,7.97,0.11,0.64,0.83,-14.04,-4.03,-0.06,16693698
2147439,0.03,0.27,-0.83,-67.23,-6.10,2.81,0.12,0.64,0.83,-15.53,-3.88,0.43,16680841
2147450,0.00,0.27,-0.83,-68.76,-3.08,-7.84,0.11,0.65,0.84,-16.33,-5.22,1.28,16669760
2147463,-0.06,0.32,-0.85,-72.48,-1.31,13.06,0.12,0.66,0.85,-17.97,-9.22,2.78,16662399
2147474,-0.10,0.36,-0.85,-74.49,4.27,5.52,0.12,0.66,0.85,-17.79,-3.69,2.72,16660469
2147485,-0.11,0.39,-0.83,-71.04,9.52,-0.09,0.12,0.66,0.85,-18.55,2.32,1.16,16656290
2147497,-0.07,0.43,-0.81,-72.17,7.48,-6.53,0.11,0.66,0.84,-18.59,-0.67,1.40,16650039
2147509,-0.08,0.48,-0.80,-72.81,6.74,5.46,0.13,0.67,0.84,-19.68,-1.95,1.98,16644044
2147521,-0.05,0.51,-0.79,-71.47,3.42,8.33,0.13,0.67,0.84,-20.48,0.52,2.87,16634828
2147532,0.03,0.50,-0.78,-73.79,1.10,-11.35,0.13,0.66,0.83,-21.09,0.89,2.84,16627656
2147545,0.04,0.50,-0.78,-73.82,-3.97,2.59,0.12,0.66,0.84,-23.41,-4.36,3.91,16622756
2147556,0.03,0.53,-0.77,-69.70,-6.01,8.70,0.11,0.66,0.86,-26.86,-13.09,4.88,16613940
2147568,0.08,0.53,-0.77,-73.46,-6.29,-5.77,0.11,0.66,0.87,-28.11,-11.87,4.55,16610025
2147579,0.07,0.55,-0.78,-76.78,-11.93,15.32,0.12,0.66,0.90,-27.86,-9.00,5.16,16611023
2147592,0.08,0.56,-0.76,-81.42,-16.02,22.64,0.13,0.66,0.90,-30.73,1.74,6.13,16613105
2147603,0.12,0.57,-0.75,-83.16,-20.97,7.90,0.14,0.66,0.89,-31.56,4.97,4.30,16612601
2147614,0.13,0.57,-0.73,-88.93,-22.13,-5.55,0.12,0.65,0.88,-32.23,1.28,3.39,16614800
2147627,0.03,0.63,-0.71,-85.88,-20.42,11.51,0.11,0.65,0.88,-34.00,-4.79,4.27,16611976
2147638,-0.01,0.65,-0.69,-87.01,-15.53,5.98,0.11,0.65,0.88,-34.09,-1.22,4.67,16608097
2147650,-0.05,0.68,-0.66,-88.68,-12.24,7.63,0.11,0.64,0.86,-31.74,2.56,3.36,16609248
2147661,-0.05,0.70,-0.62,-86.73,-11.26,1.19,0.12,0.63,0.85,-31.65,7.60,2.08,16609891
2147674,-0.01,0.70,-0.59,-83.50,-9.40,-20.57,0.12,0.63,0.84,-30.55,6.74,1.83,16610937
2147685,-0.03,0.70,-0.57,-89.20,-12.08,-0.18,0.11,0.62,0.85,-28.17,3.69,2.44,16611651
2147697,-0.01,0.66,-0.54,-93.90,-13.76,-3.05,0.12,0.62,0.84,-30.12,12.08,0.00,16609725
2147708,0.00,0.63,-0.52,-101.07,-15.38,-0.27,0.13,0.61,0.85,-28.69,17.55,1.77,16609702
2147720,-0.00,0.61,-0.50,-109.41,-18.80,7.75,0.12,0.62,0.85,-29.63,21.42,3.08,16608504
2147732,0.02,0.62,-0.48,-108.40,-17.15,-14.92,0.09,0.61,0.85,-27.56,13.95,2.29,16608482
2147743,-0.03,0.66,-0.47,-112.21,-16.94,-0.61,0.07,0.61,0.86,-30.03,8.48,1.98,16606774
2147756,-0.04,0.69,-0.44,-113.83,-12.18,-21.51,0.06,0.60,0.85,-28.17,-2.41,1.56,16606410
2147767,-0.11,0.74,-0.42,-114.81,-8.09,-7.48,0.07,0.60,0.85,-28.59,1.71,0.31,16609747
2147779,-0.11,0.77,-0.39,-110.66,-3.72,-16.48,0.08,0.57,0.84,-25.82,-1.59,0.76,16611892
2147790,-0.12,0.84,-0.37,-111.05,-4.30,0.58,0.09,0.56,0.84,-26.67,7.14,-0.21,16611900
2147803,-0.07,0.89,-0.34,-105.01,-4.06,-15.08,0.09,0.54,0.82,-22.52,8.94,-2.78,16610168
2147814,-0.02,0.95,-0.32,-98.75,-8.91,-3.63,0.10,0.53,0.83,-22.83,3.02,0.58,16605860
2147825,0.04,1.00,-0.31,-86.73,-14.34,-8.24,0.11,0.53,0.82,-20.60,5.16,0.82,16607775
2147837,0.02,1.06,-0.31,-76.45,-16.51,-0.46,0.11,0.53,0.83,-21.42,1.37,1.80,16612356
2147849,0.00,1.12,-0.31,-64.54,-16.33,-2.84,0.11,0.52,0.83,-19.01,-0.61,1.25,16612158
2147861,-0.05,1.19,-0.32,-50.38,-13.70,-1.92,0.11,0.52,0.83,-17.64,-0.70,-0.40,16609202
2147872,-0.10,1.22,-0.32,-38.36,-9.09,-4.52,0.11,0.52,0.84,-16.66,1.25,-1.07,16606036
2147885,-0.16,1.23,-0.33,-28.63,-3.54,1.31,0.12,0.52,0.85,-16.69,1.22,-1.40,16606214
2147896,-0.18,1.21,-0.33,-20.17,0.79,3.05,0.12,0.52,0.86,-15.93,2.50,-1.98,16606434
2147908,-0.17,1.18,-0.33,-14.56,1.56,9.19,0.13,0.52,0.87,-15.05,4.06,-1.46,16604848
2147919,-0.11,1.12,-0.33,-11.96,0.15,4.76,0.12,0.52,0.88,-14.40,5.43,-2.14,16607967
2147932,-0.07,1.08,-0.32,-10.07,-2.96,2.17,0.12,0.52,0.88,-13.79,3.11,-2.08,16611632
2147943,-0.03,1.04,-0.31,-7.17,-5.58,-0.15,0.11,0.52,0.88,-12.57,-0.27,-1.86,16612337
2147954,-0.03,1.00,-0.30,-6.29,-6.10,-4.64,0.10,0.51,0.87,-10.68,-2.99,-1.95,16607816
2147966,-0.06,0.95,-0.28,-6.87,-4.85,-4.85,0.10,0.52,0.87,-8.73,-4.76,-1.68,16608062
2147978,-0.09,0.92,-0.27,-9.09,-3.02,-0.31,0.11,0.52,0.87,-6.62,-3.33,-1.65,16608701
2147990,-0.11,0.90,-0.26,-8.70,-0.43,0.49,0.11,0.52,0.87,-4.39,-0.40,-1.77,16609380
2148001,-0.13,0.91,-0.26,-7.29,1.34,1.13,0.12,0.52,0.87,-3.30,0.70,-1.40,16610005
2148014,-0.14,0.91,-0.27,-6.93,3.85,0.76,0.12,0.52,0.87,-2.17,0.49,-0.89,16611018
2148025,-0.15,0.92,-0.27,-5.74,6.35,-0.79,0.11,0.53,0.88,-1.01,-0.46,-0.27,16609275
2148037,-0.14,0.92,-0.28,-6.10,6.68,2.41,0.12,0.52,0.89,-0.43,0.64,0.73,16608153
2148048,-0.11,0.89,-0.29,-8.76,4.91,5.07,0.12,0.52,0.90,0.09,2.59,1.37,16612010
2148060,-0.08,0.87,-0.29,-11.60,3.66,2.17,0.12,0.52,0.91,0.37,3.14,1.16,16611845
2148072,-0.07,0.87,-0.30,-14.16,2.66,0.67,0.10,0.52,0.92,0.27,1.89,0.89,16610452
2148083,-0.05,0.87,-0.31,-15.59,3.69,-11.87,0.09,0.52,0.92,-0.58,-4.70,0.85,16610050
2148096,-0.07,0.90,-0.32,-15.81,3.75,-1.40,0.09,0.53,0.93,-0.21,-5.77,0.73,16609368
2148107,-0.06,0.94,-0.32,-12.02,3.30,-5.04,0.10,0.52,0.93,-0.43,-4.64,-0.18,16608322
2148119,-0.04,0.97,-0.31,-8.94,1.25,-3.02,0.11,0.53,0.92,-0.06,-1.13,-1.68,16610367
2148130,-0.03,0.99,-0.31,-5.52,-0.24,-1.98,0.12,0.52,0.92,0.73,0.89,-2.75,16609253
2148143,-0.03,0.97,-0.30,-5.16,0.03,-1.98,0.12,0.52,0.91,1.31,0.09,-3.17,16610161
2148154,-0.05,0.94,-0.29,-7.35,0.34,2.32,0.12,0.52,0.91,2.96,1.16,-3.42,16612061
2148165,-0.08,0.91,-0.29,-9.31,2.62,3.05,0.12,0.52,0.91,3.48,2.72,-3.69,16612934
2148177,-0.13,0.89,-0.29,-11.87,7.02,3.69,0.12,0.52,0.91,3.66,1.98,-3.51,16612574
2148189,-0.17,0.88,-0.30,-13.64,11.90,1.71,0.11,0.52,0.92,3.72,-0.24,-2.26,16610140
2148201,-0.19,0.89,-0.31,-14.62,14.13,1.71,0.11,0.52,0.93,3.45,-0.31,-0.89,16607350
2148212,-0.18,0.91,-0.32,-14.50,15.20,1.86,0.12,0.52,0.94,2.38,1.19,0.09,16606690
2148225,-0.16,0.92,-0.34,-15.59,15.47,4.24,0.13,0.52,0.95,1.25,5.28,0.52,16608768
2148236,-0.13,0.94,-0.34,-15.23,14.68,-1.19,0.13,0.52,0.96,0.79,5.89,-0.12,16607829
2148248,-0.09,0.96,-0.35,-14.89,13.34,-4.82,0.12,0.53,0.96,-0.46,2.84,-0.79,16604515
2148259,-0.06,1.00,-0.34,-11.87,10.93,-6.07,0.11,0.53,0.95,-1.04,0.64,-1.13,16606580
2148271,-0.01,1.02,-0.32,-1.98,10.44,-25.45,0.11,0.54,0.94,0.00,-1.19,-2.72,16609086
2148283,-0.02,1.04,-0.32,-4.39,6.13,-10.89,0.10,0.55,0.94,-3.27,-6.35,-0.58,16609341
2148294,-0.04,1.05,-0.32,-3.51,4.39,-0.58,0.11,0.53,0.95,0.03,-4.61,0.09,16608261
2148306,-0.06,1.04,-0.31,-0.15,6.41,-8.79,0.12,0.53,0.94,-1.16,-3.30,-0.21,16608224
2148318,-0.09,1.02,-0.32,0.98,8.58,-4.24,0.12,0.53,0.94,-1.22,-3.11,0.21,16605914
2148330,-0.11,1.00,-0.32,1.62,9.55,-0.82,0.14,0.52,0.94,-1.34,-0.03,0.55,16607624
2148341,-0.09,0.98,-0.32,-0.37,8.27,2.56,0.14,0.52,0.95,-1.68,1.77,0.58,16610684
2148354,-0.05,0.97,-0.32,-1.01,5.55,1.22,0.13,0.52,0.95,-1.95,0.70,-0.43,16608938
2148365,-0.02,0.96,-0.31,-2.26,1.98,0.27,0.12,0.53,0.94,-2.35,-0.55,-1.53,16608340
2148376,0.00,0.95,-0.31,-2.41,0.31,-1.28,0.11,0.53,0.94,-1.22,0.12,-2.47,16609844
2148388,-0.00,0.95,-0.30,-2.23,-0.15,-2.11,0.11,0.53,0.93,-1.28,-0.09,-3.17,16608606
2148400,-0.02,0.94,-0.30,-2.84,0.61,-1.56,0.11,0.53,0.93,-0.64,0.58,-3.36,16604999
2148412,-0.05,0.94,-0.30,-2.50,2.11,-1.46,0.11,0.52,0.92,-0.06,0.79,-3.42,16606518
2148423,-0.09,0.94,-0.30,-1.71,4.12,-0.37,0.11,0.52,0.92,0.21,1.50,-2.87,16607891
2148435,-0.11,0.93,-0.31,-1.65,6.87,-0.67,0.11,0.51,0.92,0.00,1.59,-2.23,16608566
2148447,-0.13,0.93,-0.31,-2.29,8.61,-0.09,0.11,0.51,0.92,-0.61,0.85,-1.01,16608711
2148459,-0.12,0.92,-0.31,-3.20,8.76,-0.09,0.11,0.51,0.92,-1.28,-0.49,-0.18,16609931
2148470,-0.10,0.92,-0.31,-3.75,7.90,-2.14,0.11,0.51,0.92,-1.34,-1.71,0.03,16611690
2148483,-0.07,0.93,-0.30,-3.45,6.13,-2.66,0.11,0.51,0.92,-1.25,-2.08,-0.34,16610986
2148494,-0.04,0.93,-0.30,-2.69,4.15,-3.39,0.11,0.52,0.91,-0.79,-0.92,-0.70,16610916
2148505,-0.03,0.94,-0.29,-1.83,2.17,-3.20,0.12,0.52,0.91,-0.09,0.34,-1.13,16611157
2148517,-0.04,0.94,-0.29,-1.13,2.01,-3.54,0.12,0.52,0.91,0.24,-0.06,-1.25,16609084
2148529,-0.06,0.95,-0.30,0.46,2.72,-0.98,0.12,0.51,0.92,0.21,0.31,-0.67,16609988
2148541,-0.07,0.96,-0.30,1.22,3.63,0.43,0.12,0.51,0.92,0.37,0.79,-0.82,16608653
2148552,-0.08,0.96,-0.31,2.17,3.94,0.03,0.12,0.51,0.92,0.06,-0.82,-0.58,16609551
2148564,-0.07,0.94,-0.31,-0.06,3.51,-0.85,0.11,0.51,0.93,-0.95,-1.86,-0.70,16607803
2148576,-0.06,0.91,-0.32,-2.38,2.47,-1.40,0.12,0.51,0.93,-1.22,-1.04,-1.07,16606654
2148588,-0.05,0.90,-0.31,-5.13,1.68,-1.16,0.12,0.51,0.93,-1.22,0.21,-1.83,16609854
2148599,-0.05,0.90,-0.31,-6.23,1.37,-0.95,0.12,0.52,0.93,-0.55,1.25,-1.68,16610774
2148611,-0.06,0.91,-0.30,-5.46,1.34,-0.34,0.12,0.52,0.92,0.37,0.73,-1.71,16608687
2148623,-0.06,0.93,-0.29,-4.06,1.53,-0.46,0.12,0.52,0.91,0.89,0.85,-1.65,16609297
2148634,-0.06,0.94,-0.29,-2.62,1.86,-0.61,0.11,0.52,0.91,1.56,0.52,-1.65,16607466
2148646,-0.07,0.95,-0.29,-0.61,1.92,-0.67,0.11,0.52,0.91,2.32,0.06,-1.19,16607870
2148658,-0.08,0.95,-0.30,0.03,2.72,-0.52,0.11,0.51,0.91,2.32,-0.27,-1.01,16607979
2148670,-0.09,0.95,-0.30,0.06,3.75,-0.15,0.12,0.51,0.91,1.74,-0.37,-0.89,16606628
2148681,-0.09,0.94,-0.31,0.27,3.91,1.22,0.12,0.51,0.92,1.28,0.52,-0.46,16608682
2148694,-0.08,0.93,-0.32,-0.55,3.48,0.73,0.12,0.51,0.92,0.49,0.58,-0.73,16610543
2148705,-0.06,0.93,-0.32,-1.43,2.41,-0.06,0.11,0.51,0.93,-0.12,0.24,-0.31,16611589
2148716,-0.05,0.92,-0.32,-2.01,1.40,-2.01,0.11,0.51,0.93,-0.15,-1.07,-0.92,16611471
2148728,-0.05,0.92,-0.32,-1.53,1.95,-3.91,0.11,0.51,0.93,-0.46,-1.59,-0.92,16608319
2148740,-0.07,0.93,-0.32,-0.89,2.99,-1.77,0.11,0.51,0.92,0.27,-0.82,-1.31,16606238
2148752,-0.08,0.94,-0.31,-0.15,4.06,-0.92,0.12,0.52,0.92,0.49,-0.52,-0.92,16607096
2148763,-0.10,0.96,-0.31,1.10,5.40,-0.09,0.12,0.52,0.92,0.58,0.21,-1.13,16609138
2148775,-0.11,0.96,-0.31,1.43,6.81,0.92,0.13,0.52,0.92,0.82,0.61,-1.10,16609005
2148787,-0.10,0.95,-0.31,1.31,6.99,-0.06,0.12,0.52,0.92,1.34,1.53,-1.19,16606632
2148799,-0.08,0.93,-0.30,0.21,5.71,0.12,0.12,0.52,0.92,1.31,1.59,-1.07,16607292
2148810,-0.05,0.91,-0.30,-1.34,3.66,0.09,0.12,0.52,0.92,1.07,1.37,-0.76,16605667
2148823,-0.04,0.91,-0.30,-2.20,2.11,-1.34,0.12,0.52,0.93,0.89,-0.03,-0.55,16606068
2148834,-0.04,0.92,-0.31,-2.59,2.08,-1.13,0.11,0.53,0.93,0.64,-0.85,-0.55,16607776
2148845,-0.06,0.94,-0.32,-2.44,3.27,-0.34,0.11,0.53,0.93,0.46,-0.49,-0.79,16608296
2148857,-0.07,0.94,-0.32,-1.98,4.36,1.25,0.12,0.53,0.93,0.15,1.50,-0.95,16608551
2148869,-0.07,0.94,-0.32,-3.69,4.70,0.67,0.12,0.53,0.93,0.18,2.41,-1.13,16609787
2148881,-0.06,0.93,-0.32,-5.65,3.88,0.82,0.12,0.53,0.93,-0.21,3.05,-1.22,16610079
