time,faccx,faccy,faccz,fgyrx,fgyry,fgyrz,saccx,saccy,saccz,sgyrx,sgyry,sgyrz,load
2289034,-0.04,0.98,-0.07,-8.24,0.55,-2.84,0.05,0.61,0.86,-0.40,0.98,-1.53,16609876
2289044,-0.04,1.00,-0.07,-3.30,0.46,-1.56,0.05,0.61,0.87,-0.24,1.65,-1.19,16609843
2289056,-0.05,1.01,-0.07,-2.93,0.61,-0.40,0.06,0.60,0.87,-1.22,1.86,-1.28,16607619
2289068,-0.06,1.03,-0.07,3.17,1.74,0.92,0.05,0.60,0.86,-1.13,2.08,-1.68,16608001
2289080,-0.06,1.04,-0.08,1.74,2.26,2.04,0.05,0.60,0.86,-2.17,0.67,-0.89,16610784
2289091,-0.06,1.02,-0.08,0.12,1.68,-0.73,0.04,0.60,0.86,-2.14,-1.22,-0.67,16610962
2289102,-0.05,1.00,-0.08,-1.62,1.04,-2.17,0.04,0.60,0.86,-2.01,-1.80,-0.43,16609428
2289115,-0.05,0.99,-0.07,-1.59,0.73,-2.62,0.04,0.60,0.86,-1.89,-1.37,-0.21,16607799
2289126,-0.05,0.99,-0.07,-1.89,0.43,-2.56,0.05,0.60,0.86,-1.31,-0.89,-0.09,16610267
2289138,-0.05,0.99,-0.07,-1.62,0.61,-2.38,0.05,0.60,0.86,-1.13,0.21,-0.37,16610108
2289149,-0.06,0.99,-0.06,-1.89,1.43,-1.13,0.05,0.60,0.86,-0.79,1.28,-0.55,16607928
2289162,-0.06,0.99,-0.06,-2.04,1.74,-0.40,0.05,0.61,0.86,-0.06,1.53,-0.82,16604772
2289173,-0.06,0.98,-0.06,-3.11,2.29,-0.12,0.05,0.61,0.86,0.18,1.19,-0.52,16606293
2289185,-0.07,0.98,-0.06,-4.00,2.62,0.58,0.05,0.61,0.86,0.43,1.37,-0.49,16610249
2289197,-0.06,0.98,-0.06,-4.21,2.59,0.15,0.05,0.61,0.86,0.34,1.19,-0.67,16609634
2289208,-0.05,0.99,-0.06,-4.12,2.20,-0.24,0.04,0.61,0.86,0.27,-0.09,-0.61,16610395
2289220,-0.04,1.01,-0.06,-3.23,1.25,-1.80,0.04,0.61,0.86,0.21,-1.40,-0.46,16607564
2289231,-0.03,1.02,-0.07,-2.26,0.73,-2.20,0.04,0.61,0.86,-0.06,-1.92,-0.34,16606215
2289244,-0.04,1.02,-0.07,-1.89,0.61,-1.74,0.05,0.61,0.87,-0.46,-0.89,-0.64,16606355
2289255,-0.05,1.02,-0.08,-1.74,1.34,-2.90,0.05,0.61,0.87,-1.40,0.27,-0.73,16608195
2289267,-0.07,1.03,-0.08,-1.40,2.38,-2.08,0.05,0.61,0.87,-1.71,0.09,-0.58,16610992
2289278,-0.07,1.04,-0.08,-0.67,2.87,-2.62,0.05,0.61,0.87,-1.98,0.49,-0.46,16609993
2289291,-0.06,1.04,-0.08,0.03,2.50,-2.90,0.05,0.61,0.87,-2.26,0.92,-0.21,16608975
2289302,-0.05,1.03,-0.08,0.15,1.28,-3.17,0.05,0.61,0.87,-2.41,0.73,-0.24,16608335
2289313,-0.04,1.02,-0.07,-0.21,0.52,-4.06,0.05,0.61,0.87,-2.11,0.12,0.18,16609516
2289326,-0.05,1.01,-0.07,-0.37,0.37,-4.61,0.05,0.61,0.86,-2.20,-1.07,0.43,16608311
2289337,-0.05,1.00,-0.06,-0.37,0.79,-4.82,0.04,0.61,0.86,-1.89,-2.04,0.67,16607216
2289349,-0.06,1.00,-0.06,-0.37,1.80,-5.86,0.04,0.61,0.85,-1.95,-2.26,0.82,16608532
2289360,-0.07,0.99,-0.06,-0.73,2.84,-4.27,0.05,0.61,0.85,-1.56,-2.04,0.73,16608430
2289373,-0.07,0.99,-0.06,-1.98,3.02,-2.90,0.05,0.61,0.86,-1.40,-0.76,0.55,16609000
2289384,-0.06,0.98,-0.06,-2.53,3.48,-2.59,0.05,0.61,0.86,-1.40,0.09,0.15,16606645
2289396,-0.06,0.98,-0.06,-3.02,3.78,-2.29,0.05,0.61,0.86,-1.04,0.98,-0.12,16606741
2289408,-0.06,0.99,-0.06,-3.05,3.27,-1.95,0.05,0.61,0.86,-0.61,1.50,-0.24,16607032
2289420,-0.05,0.99,-0.06,-2.69,2.29,-2.66,0.05,0.61,0.86,-1.10,0.70,-0.52,16608854
2289431,-0.05,1.00,-0.06,-2.44,1.74,-2.44,0.05,0.61,0.86,-0.73,0.27,-0.06,16609352
2289442,-0.05,1.00,-0.07,-3.17,1.86,-1.34,0.05,0.61,0.87,-0.76,0.79,0.18,16609975
2289455,-0.06,0.99,-0.07,-3.45,2.23,-2.38,0.05,0.61,0.87,-1.40,0.67,-0.12,16611045
2289466,-0.06,0.99,-0.07,-4.49,2.29,-2.53,0.04,0.62,0.87,-0.76,-0.34,0.18,16609893
2289478,-0.05,0.99,-0.06,-4.97,1.80,-3.66,0.04,0.62,0.87,-0.58,-0.73,0.09,16607834
2289489,-0.04,1.00,-0.06,-4.06,0.85,-5.86,0.04,0.62,0.86,-0.27,-1.59,-0.15,16609133
2289502,-0.03,1.01,-0.05,-3.11,-0.18,-6.44,0.05,0.62,0.86,0.34,-1.07,-0.31,16610087
2289513,-0.03,1.01,-0.05,-2.69,-1.34,-6.77,0.05,0.62,0.86,0.67,-1.56,-0.06,16609351
2289525,-0.03,1.01,-0.05,-3.23,-1.59,-6.90,0.05,0.62,0.86,0.98,-1.53,-0.06,16610721
2289537,-0.04,1.00,-0.06,-3.97,-1.65,-6.07,0.05,0.62,0.86,0.82,-1.50,0.00,16609533
2289549,-0.05,1.00,-0.06,-4.97,-2.20,-8.73,0.05,0.62,0.87,0.46,-1.37,-0.06,16608967
2289560,-0.06,1.00,-0.07,-4.94,-1.80,-10.01,0.05,0.62,0.87,-0.31,-2.29,0.12,16609780
2289571,-0.07,1.00,-0.07,-4.76,-1.31,-10.71,0.05,0.61,0.87,-0.61,-3.39,0.92,16610013
2289584,-0.08,1.02,-0.07,-3.51,-0.95,-10.13,0.05,0.61,0.87,-1.10,-3.27,1.40,16611294
2289595,-0.09,1.03,-0.07,-2.04,-0.73,-9.06,0.06,0.61,0.86,-1.25,-2.90,1.86,16607727
2289607,-0.08,1.02,-0.07,-2.23,-0.98,-9.55,0.06,0.61,0.86,-1.43,-3.88,2.26,16605253
2289618,-0.08,1.01,-0.07,-2.69,-0.67,-10.74,0.06,0.61,0.86,-1.59,-4.24,2.26,16605808
2289631,-0.09,1.01,-0.07,-2.78,-0.03,-9.28,0.06,0.61,0.87,-1.86,-2.81,1.86,16608272
2289642,-0.10,1.02,-0.07,-2.08,0.49,-7.93,0.07,0.61,0.87,-2.17,-1.43,1.46,16608438
2289654,-0.09,1.02,-0.07,-1.62,1.16,-7.72,0.07,0.61,0.87,-2.04,-0.85,0.98,16608174
2289666,-0.09,1.03,-0.07,-1.43,0.70,-4.97,0.07,0.62,0.88,-2.04,-0.52,0.98,16608393
2289677,-0.07,1.02,-0.07,-1.28,-0.37,-4.64,0.07,0.62,0.87,-1.77,1.31,0.00,16606668
2289689,-0.05,1.02,-0.06,-2.20,-1.31,-10.31,0.06,0.62,0.87,-1.71,0.82,-0.64,16608394
2289700,-0.06,1.02,-0.06,-1.59,-1.92,-6.59,0.06,0.62,0.87,-2.01,-1.34,-0.31,16609108
2289713,-0.07,1.02,-0.06,-0.15,-1.07,-6.20,0.06,0.62,0.87,-1.56,-2.11,0.09,16607120
2289724,-0.09,1.02,-0.06,-0.43,-0.31,-6.65,0.06,0.62,0.87,-2.53,-2.93,0.24,16605691
2289736,-0.10,1.02,-0.06,-0.79,0.27,-7.78,0.06,0.62,0.87,-2.44,-3.69,0.61,16606929
2289747,-0.10,1.02,-0.06,0.24,0.76,-6.87,0.06,0.61,0.87,-1.89,-3.33,1.31,16608303
2289760,-0.10,1.01,-0.06,0.15,1.04,-7.14,0.06,0.61,0.87,-2.23,-2.32,0.85,16609167
2289771,-0.10,1.00,-0.06,-0.58,1.10,-6.71,0.06,0.61,0.87,-2.04,-1.98,1.31,16609607
2289782,-0.10,1.00,-0.07,-1.04,1.22,-5.28,0.06,0.61,0.87,-1.92,-1.56,1.40,16610067
2289795,-0.10,1.00,-0.07,-0.79,1.37,-5.10,0.07,0.61,0.86,-1.68,-0.85,1.25,16608340
2289806,-0.10,1.00,-0.06,-0.52,1.86,-5.00,0.07,0.61,0.86,-2.04,-0.55,1.01,16609055
2289818,-0.10,0.99,-0.07,-1.04,2.17,-4.12,0.07,0.60,0.86,-1.62,-0.34,0.82,16610488
2289829,-0.10,0.99,-0.07,-1.01,1.83,-2.72,0.07,0.60,0.86,-1.68,-0.09,1.28,16611224
2289842,-0.09,0.98,-0.07,-1.13,1.80,-1.77,0.07,0.60,0.86,-1.74,0.00,0.46,16609796
2289853,-0.09,0.97,-0.07,-2.62,2.44,-1.65,0.06,0.60,0.86,-1.65,-0.09,-0.37,16608267
2289865,-0.09,0.97,-0.07,-2.99,3.97,-0.79,0.06,0.60,0.86,-1.65,0.12,-0.64,16609494
2289876,-0.10,0.99,-0.07,-1.95,4.91,1.77,0.06,0.59,0.86,-1.31,1.10,-0.95,16608960
2289889,-0.09,1.00,-0.07,-0.95,4.58,3.91,0.06,0.60,0.86,-1.37,1.80,-1.56,16608739
2289900,-0.07,1.00,-0.06,-0.21,3.63,2.78,0.06,0.60,0.85,-0.55,2.75,-1.77,16609054
2289911,-0.06,0.97,-0.06,-2.53,3.33,1.65,0.05,0.60,0.85,-0.70,2.59,-2.50,16609096
2289924,-0.06,0.95,-0.06,-4.58,3.88,1.19,0.05,0.60,0.85,0.15,1.77,-2.93,16609872
2289935,-0.07,0.96,-0.06,-4.12,4.70,1.86,0.05,0.60,0.85,0.92,1.77,-3.14,16610563
2289947,-0.07,0.98,-0.06,-3.17,4.49,2.69,0.05,0.60,0.85,0.52,1.62,-2.84,16610417
2289958,-0.07,0.98,-0.06,-3.20,3.48,2.56,0.05,0.60,0.85,0.79,1.59,-2.38,16608712
2289971,-0.07,0.98,-0.07,-4.70,2.84,4.36,0.06,0.60,0.86,0.49,2.04,-2.26,16608509
2289982,-0.08,0.98,-0.08,-5.28,3.75,4.24,0.06,0.60,0.87,-0.37,3.02,-2.04,16608262
2289994,-0.09,1.00,-0.09,-4.64,4.91,2.56,0.05,0.60,0.87,-1.04,2.04,-2.08,16609290
2290006,-0.10,1.03,-0.09,-2.66,5.10,0.67,0.05,0.60,0.88,-1.98,0.58,-1.43,16609415
2290017,-0.10,1.06,-0.10,1.19,4.55,-2.23,0.06,0.60,0.88,-2.69,-0.49,-0.64,16609158
2290029,-0.09,1.08,-0.10,3.78,2.72,-3.14,0.07,0.60,0.88,-4.24,-1.71,0.49,16610319
2290040,-0.10,1.06,-0.11,2.72,2.04,-3.36,0.07,0.60,0.89,-5.62,-1.71,0.85,16610417
2290053,-0.10,1.04,-0.11,1.43,1.46,-3.05,0.08,0.60,0.90,-6.01,-1.22,1.10,16609013
2290064,-0.11,1.04,-0.11,2.50,0.92,0.89,0.09,0.61,0.90,-6.50,-0.89,1.92,16609528
2290076,-0.13,1.05,-0.09,4.46,2.93,1.71,0.09,0.61,0.89,-6.74,1.43,1.31,16610541
2290087,-0.14,1.05,-0.10,4.43,4.82,-2.11,0.09,0.62,0.90,-6.74,1.56,1.43,16608398
2290100,-0.14,1.05,-0.10,3.36,5.89,-3.81,0.09,0.62,0.90,-8.03,0.79,0.76,16607746
2290111,-0.12,1.06,-0.11,4.88,4.91,-3.05,0.08,0.61,0.91,-7.90,0.46,0.64,16604968
2290122,-0.09,1.07,-0.10,7.23,3.17,-4.12,0.08,0.61,0.90,-8.94,0.18,-0.15,16605830
2290135,-0.07,1.06,-0.10,6.99,2.26,-3.30,0.07,0.61,0.90,-9.16,0.79,-0.49,16609236
2290146,-0.06,1.06,-0.10,11.23,5.13,-33.91,0.06,0.59,0.85,0.82,6.23,-5.55,16606802
2290158,-0.02,1.00,-0.05,8.03,-0.27,-14.56,0.04,0.61,0.88,-12.48,-10.28,-0.12,16607751
2290169,-0.08,0.91,-0.12,-6.20,-2.01,14.83,0.08,0.61,0.96,-8.30,2.99,0.95,16608992
2290182,-0.13,1.01,-0.10,6.47,9.86,-19.04,0.05,0.60,0.90,-10.16,3.36,-2.90,16606619
2290193,-0.19,1.13,-0.10,13.00,11.32,4.00,0.07,0.62,0.88,-12.08,1.92,-0.89,16606182
2290205,-0.12,1.11,-0.09,14.86,6.07,9.16,0.08,0.60,0.88,-10.41,5.65,-0.67,16608345
2290216,-0.03,1.01,-0.10,7.39,1.43,-3.69,0.06,0.59,0.90,-10.71,4.88,-1.56,16608434
2290229,-0.02,0.96,-0.11,0.18,0.06,-6.29,0.04,0.60,0.90,-12.54,1.53,-1.86,16607408
2290240,-0.05,0.99,-0.10,2.66,1.62,-7.87,0.03,0.59,0.89,-11.75,-3.69,-0.76,16608550
2290251,-0.08,1.03,-0.09,6.50,1.34,-3.45,0.05,0.60,0.87,-10.96,-4.43,0.24,16608887
2290264,-0.08,1.03,-0.08,7.63,1.07,-5.55,0.07,0.60,0.87,-10.16,-1.25,0.31,16606949
2290275,-0.10,1.01,-0.07,9.25,0.55,-5.74,0.08,0.60,0.86,-8.67,1.22,0.55,16607487
2290287,-0.11,0.98,-0.05,13.70,1.10,-8.27,0.07,0.60,0.86,-12.05,-0.70,0.24,16607986
2290298,-0.10,0.93,-0.09,1.10,0.61,-4.67,0.08,0.59,0.88,-8.70,-1.16,1.98,16608086
2290311,-0.11,0.96,-0.07,2.90,2.84,-10.93,0.07,0.59,0.86,-8.51,-2.78,1.43,16607703
2290322,-0.14,0.99,-0.07,5.68,3.78,-0.34,0.07,0.59,0.86,-8.21,-3.08,1.56,16606891
2290334,-0.14,0.98,-0.08,5.55,5.55,1.92,0.08,0.59,0.87,-7.45,0.06,1.01,16608045
2290345,-0.14,0.97,-0.09,3.14,7.57,1.92,0.07,0.58,0.89,-7.69,2.72,-0.43,16608025
2290357,-0.11,0.96,-0.10,-0.18,7.29,-0.49,0.07,0.58,0.89,-7.78,3.97,-1.53,16607962
2290369,-0.08,0.97,-0.09,1.53,4.21,0.37,0.07,0.58,0.88,-6.47,3.54,-1.80,16608190
2290380,-0.05,1.01,-0.07,7.05,2.11,-1.04,0.07,0.59,0.87,-6.62,2.59,-2.78,16609572
2290393,-0.03,0.99,-0.09,-1.65,-2.04,3.69,0.07,0.59,0.89,-6.10,1.80,-1.56,16609246
2290404,-0.03,0.99,-0.08,2.84,-2.72,-1.07,0.07,0.59,0.89,-4.85,3.05,-1.31,16608363
2290416,-0.08,1.02,-0.09,6.50,-0.55,3.42,0.06,0.59,0.88,-6.68,1.92,-1.10,16608708
2290427,-0.10,1.03,-0.11,7.54,1.83,3.51,0.06,0.58,0.89,-6.29,1.65,-1.80,16608103
2290440,-0.09,1.01,-0.11,5.77,0.92,1.65,0.05,0.57,0.90,-7.08,-0.43,-1.13,16608150
2290451,-0.07,0.98,-0.12,2.69,-1.95,-0.61,0.06,0.56,0.90,-7.23,-0.55,-0.79,16609410
2290463,-0.09,0.99,-0.12,3.54,2.11,-1.04,0.05,0.56,0.88,-6.38,-0.64,-1.50,16609842
2290475,-0.11,0.97,-0.11,-0.15,1.28,3.39,0.06,0.56,0.89,-5.22,-2.59,0.24,16610509
2290486,-0.08,0.93,-0.09,2.38,-1.89,-3.11,0.07,0.56,0.88,-4.24,-1.13,0.67,16610235
2290498,-0.10,0.93,-0.10,1.80,-0.06,-2.93,0.07,0.56,0.87,-3.72,-1.01,1.46,16609200
2290509,-0.14,0.95,-0.10,2.75,2.38,-0.55,0.07,0.55,0.86,-3.27,-1.31,1.16,16610519
2290522,-0.14,0.94,-0.11,0.79,3.63,-2.35,0.08,0.55,0.87,-2.01,-0.61,1.43,16606920
2290533,-0.13,0.91,-0.12,-2.62,4.52,-0.55,0.08,0.54,0.88,-2.23,0.76,0.82,16607052
2290545,-0.12,0.92,-0.12,-3.20,4.79,1.53,0.08,0.54,0.88,-1.83,1.59,0.58,16608852
2290556,-0.11,0.94,-0.12,-1.92,5.07,4.03,0.08,0.54,0.88,-0.82,1.65,0.61,16608029
2290569,-0.11,0.95,-0.11,-0.18,4.88,8.85,0.08,0.54,0.87,-0.15,2.38,0.61,16610017
2290580,-0.11,0.94,-0.11,-1.83,4.36,11.93,0.09,0.54,0.88,-0.12,4.09,0.21,16610134
2290591,-0.10,0.92,-0.12,-4.94,5.98,4.55,0.08,0.54,0.88,0.46,6.68,-1.74,16607907
2290604,-0.09,0.92,-0.13,-5.34,6.29,2.29,0.07,0.54,0.88,0.89,4.39,-1.92,16607431
2290615,-0.07,0.94,-0.12,-4.58,4.30,4.79,0.06,0.53,0.88,1.07,2.08,-1.80,16608481
2290627,-0.05,0.94,-0.12,-5.19,3.39,4.49,0.06,0.53,0.88,1.16,2.35,-1.83,16607330
2290638,-0.05,0.93,-0.12,-6.62,2.99,3.66,0.06,0.54,0.88,1.28,2.66,-2.04,16606191
2290651,-0.05,0.94,-0.12,-6.04,2.66,4.91,0.06,0.54,0.88,1.71,2.32,-1.31,16609150
2290662,-0.06,0.96,-0.11,-4.58,1.50,8.18,0.06,0.54,0.87,2.11,3.30,-1.22,16608937
2290674,-0.06,0.97,-0.11,-3.75,1.53,6.74,0.06,0.54,0.87,2.93,3.75,-1.59,16608709
2290685,-0.06,0.95,-0.11,-4.88,1.95,3.23,0.06,0.55,0.87,3.23,3.51,-1.80,16610341
2290697,-0.07,0.94,-0.11,-6.07,2.90,0.58,0.05,0.55,0.88,3.33,1.22,-1.53,16612388
2290709,-0.08,0.95,-0.12,-6.65,3.81,1.62,0.05,0.55,0.88,3.17,0.31,-1.10,16611008
2290720,-0.09,0.96,-0.12,-6.04,4.76,2.35,0.06,0.55,0.88,3.51,1.31,-0.64,16608774
2290733,-0.09,0.96,-0.12,-7.05,5.37,2.66,0.06,0.55,0.88,3.14,1.74,-0.70,16608387
2290744,-0.09,0.96,-0.12,-6.74,5.28,1.37,0.06,0.55,0.88,3.23,1.43,-0.46,16609138
2290756,-0.08,0.96,-0.12,-7.78,4.70,2.26,0.06,0.55,0.89,3.33,0.61,-0.09,16609768
2290767,-0.06,0.98,-0.12,-7.20,3.23,0.89,0.06,0.55,0.89,3.45,1.19,0.03,16610090
2290780,-0.05,0.99,-0.12,-4.94,1.86,-0.31,0.06,0.56,0.88,3.08,0.09,0.06,16608697
2290791,-0.05,1.00,-0.11,-4.67,0.27,-0.79,0.07,0.57,0.89,2.72,-0.89,0.52,16609854
2290803,-0.05,1.00,-0.12,-5.74,-0.37,-2.04,0.07,0.57,0.90,2.32,-1.50,0.70,16608795
2290814,-0.07,1.00,-0.13,-6.20,0.24,-2.44,0.07,0.58,0.91,1.22,-2.08,1.40,16610079
2290826,-0.11,1.03,-0.14,-5.86,2.29,-0.37,0.08,0.58,0.93,0.58,-1.28,1.53,16608799
2290838,-0.13,1.05,-0.14,-3.42,4.24,-1.22,0.08,0.59,0.93,0.40,2.08,0.76,16608427
2290849,-0.12,1.06,-0.14,-0.12,8.70,-11.90,0.07,0.58,0.92,0.15,2.47,-0.92,16609412
2290862,-0.09,1.02,-0.16,-10.19,3.08,4.15,0.07,0.59,0.96,-3.27,-1.40,2.11,16608487
2290873,-0.07,1.06,-0.15,-0.37,3.14,-3.14,0.08,0.59,0.94,-1.77,3.45,-0.24,16608601
2290885,-0.10,1.14,-0.16,3.02,5.74,-1.46,0.07,0.60,0.94,-5.95,0.67,-0.12,16609714
2290896,-0.09,1.15,-0.15,4.94,5.00,0.24,0.07,0.60,0.94,-5.37,2.56,-0.34,16608620
2290909,-0.06,1.11,-0.15,3.05,2.87,-3.14,0.06,0.60,0.95,-5.89,1.50,-0.12,16607841
2290920,-0.04,1.08,-0.15,2.14,0.03,-5.25,0.06,0.60,0.94,-7.54,0.52,0.06,16608396
2290931,-0.04,1.07,-0.14,3.36,-1.10,-5.95,0.06,0.60,0.93,-7.32,-0.64,0.70,16608357
2290944,-0.07,1.07,-0.13,5.16,0.46,-9.31,0.06,0.59,0.92,-6.93,0.00,0.85,16608020
2290955,-0.10,1.06,-0.13,6.74,3.17,-9.55,0.06,0.59,0.91,-6.29,0.49,1.37,16608222
2290967,-0.10,1.04,-0.12,6.13,2.04,-8.67,0.07,0.58,0.90,-6.71,-1.40,2.20,16608466
2290978,-0.10,1.00,-0.12,4.49,1.68,-7.87,0.07,0.57,0.89,-6.04,-1.22,2.53,16609204
2290991,-0.09,0.96,-0.11,2.56,1.95,-9.74,0.06,0.57,0.89,-5.31,-1.10,2.11,16610164
2291002,-0.08,0.94,-0.10,0.98,1.25,-11.38,0.06,0.57,0.88,-4.06,-2.23,2.41,16607521
2291014,-0.07,0.93,-0.09,0.40,1.25,-12.48,0.06,0.56,0.86,-2.72,-3.57,1.74,16607323
2291025,-0.07,0.92,-0.08,1.80,1.10,-10.01,0.06,0.56,0.85,-1.68,-4.06,1.83,16606261
2291037,-0.06,0.89,-0.08,-2.41,-0.52,-11.66,0.06,0.55,0.86,-0.15,-3.57,1.71,16606007
2291049,-0.06,0.89,-0.08,-3.72,-1.19,-12.48,0.07,0.55,0.85,0.43,-3.72,2.23,16607542
2291060,-0.08,0.90,-0.09,-4.64,0.03,-8.27,0.07,0.54,0.85,0.79,-3.23,2.41,16611439
2291073,-0.11,0.91,-0.09,-5.13,3.27,-6.04,0.08,0.54,0.86,1.31,-0.27,1.53,16608789
2291084,-0.14,0.91,-0.10,-6.99,6.84,-2.93,0.08,0.55,0.87,1.83,2.53,0.92,16608557
2291096,-0.15,0.93,-0.11,-6.74,9.22,0.27,0.08,0.55,0.87,1.25,2.38,0.73,16609436
2291107,-0.13,0.96,-0.12,-5.77,8.70,1.19,0.07,0.55,0.88,1.37,1.71,0.37,16610234
2291120,-0.09,0.98,-0.12,-4.61,5.86,-0.76,0.07,0.55,0.89,0.85,1.37,0.46,16607579
2291131,-0.06,0.99,-0.12,-4.43,2.93,0.85,0.07,0.55,0.89,0.76,1.50,0.21,16606621
2291143,-0.04,0.99,-0.12,-5.10,1.34,-0.40,0.06,0.56,0.89,0.49,0.43,-0.06,16609473
2291154,-0.04,0.98,-0.12,-5.37,1.34,-0.15,0.06,0.56,0.89,0.92,0.15,-0.49,16609347
2291166,-0.06,0.98,-0.11,-6.26,2.32,-0.15,0.05,0.57,0.89,1.50,0.34,-1.22,16609879
2291178,-0.07,0.99,-0.11,-4.73,2.96,-0.64,0.05,0.57,0.89,1.92,-0.27,-1.07,16607786
2291189,-0.07,1.00,-0.11,-4.27,2.38,1.04,0.06,0.57,0.89,1.98,-0.09,-0.95,16607509
2291202,-0.06,0.99,-0.10,-4.70,1.16,0.09,0.07,0.58,0.89,2.59,0.15,-0.95,16609383
2291213,-0.07,0.98,-0.10,-6.32,0.06,0.12,0.07,0.58,0.89,2.72,0.98,-0.92,16605677
2291225,-0.08,0.98,-0.10,-7.08,0.82,0.06,0.07,0.58,0.89,3.08,1.50,-0.85,16605150
2291236,-0.10,0.97,-0.10,-8.18,2.29,-0.79,0.07,0.58,0.90,3.66,1.31,-0.79,16608675
2291249,-0.11,0.97,-0.11,-8.79,3.36,-0.92,0.07,0.58,0.90,3.54,1.22,-0.64,16608216
2291260,-0.11,0.99,-0.12,-7.66,3.33,-1.46,0.07,0.57,0.90,3.45,0.82,0.12,16606894
2291271,-0.09,1.01,-0.12,-6.23,2.62,-1.28,0.07,0.57,0.90,2.69,-0.15,0.15,16609210
2291283,-0.08,1.03,-0.13,-4.82,1.04,-2.01,0.07,0.57,0.90,1.92,-0.67,0.00,16608914
2291295,-0.07,1.03,-0.13,-4.03,0.49,-1.62,0.07,0.57,0.90,0.98,-0.34,-0.15,16607895
2291307,-0.08,1.02,-0.14,-3.85,1.10,-1.10,0.07,0.56,0.91,0.40,-0.49,-0.52,16608198
2291318,-0.09,1.02,-0.15,-4.15,1.83,0.73,0.07,0.56,0.91,-0.89,0.00,-0.43,16607785
2291331,-0.10,1.03,-0.15,-2.50,2.38,1.56,0.08,0.56,0.91,-1.25,1.13,-0.85,16606078
2291342,-0.10,1.04,-0.15,-0.49,3.17,-0.85,0.08,0.56,0.91,-2.35,1.83,-1.01,16607154
2291354,-0.11,1.04,-0.15,0.67,2.99,-0.85,0.08,0.55,0.91,-2.56,1.10,-0.76,16609702
2291365,-0.11,1.02,-0.15,0.34,2.53,-0.89,0.08,0.55,0.90,-3.66,1.07,-0.40,16608763
2291377,-0.11,1.00,-0.14,-0.95,3.17,-2.35,0.08,0.55,0.90,-3.20,1.16,-0.12,16605861
2291389,-0.12,0.98,-0.13,-1.62,4.12,-1.28,0.08,0.56,0.90,-3.17,1.16,-0.03,16606947
2291400,-0.12,0.98,-0.13,-1.98,4.73,-0.27,0.08,0.56,0.89,-2.87,1.56,0.00,16608172
2291412,-0.11,0.98,-0.12,-1.56,4.64,0.40,0.08,0.56,0.88,-1.80,1.62,0.18,16608534
2291424,-0.10,0.98,-0.11,-0.61,3.75,-0.24,0.08,0.56,0.88,-1.43,1.40,0.27,16610286
2291436,-0.08,0.97,-0.10,-1.07,2.56,-1.19,0.08,0.56,0.87,-0.58,0.67,0.46,16610599
2291447,-0.08,0.95,-0.10,-2.14,2.32,-2.56,0.08,0.56,0.87,-0.06,0.58,0.37,16610194
2291460,-0.09,0.95,-0.10,-3.30,2.20,-2.32,0.08,0.56,0.88,0.89,0.27,0.89,16607667
2291471,-0.10,0.94,-0.10,-4.27,3.66,-0.64,0.08,0.56,0.88,0.89,1.98,0.18,16610279
2291483,-0.12,0.94,-0.11,-6.01,5.65,0.70,0.08,0.56,0.88,0.92,2.90,-0.18,16610558
2291494,-0.11,0.95,-0.11,-5.95,6.04,0.82,0.08,0.56,0.88,1.37,2.99,-0.09,16606451
2291506,-0.10,0.96,-0.11,-5.71,5.19,1.37,0.07,0.56,0.88,1.37,1.98,0.06,16609706
2291518,-0.08,0.97,-0.11,-4.91,3.54,0.46,0.07,0.56,0.88,1.53,0.52,0.55,16611307
2291529,-0.07,0.99,-0.11,-4.09,1.71,-1.01,0.07,0.57,0.88,1.25,-0.85,1.19,16609020
2291542,-0.07,0.99,-0.11,-3.63,1.28,-1.95,0.07,0.57,0.88,1.25,-0.82,1.37,16610508
2291553,-0.08,0.99,-0.11,-3.78,2.04,-2.47,0.07,0.57,0.89,1.07,-0.92,1.77,16609594
2291565,-0.10,0.99,-0.11,-4.73,3.45,-2.50,0.07,0.57,0.89,1.22,-0.70,1.19,16609793
2291576,-0.11,0.99,-0.11,-4.09,4.79,-2.29,0.08,0.57,0.89,1.59,-0.03,1.28,16609331
2291589,-0.12,0.99,-0.11,-4.52,5.22,0.43,0.08,0.57,0.89,1.43,0.95,1.16,16609677
2291600,-0.12,1.00,-0.11,-4.21,5.71,1.56,0.09,0.58,0.89,1.25,2.11,0.98,16607826
2291611,-0.12,1.00,-0.12,-4.43,5.98,3.45,0.09,0.58,0.90,0.76,2.81,1.22,16608713
2291623,-0.11,1.01,-0.12,-4.76,6.65,4.61,0.09,0.58,0.90,0.12,3.23,0.64,16608980
2291635,-0.10,1.02,-0.12,-4.21,6.13,4.43,0.08,0.58,0.91,-0.49,4.06,0.34,16606393
2291647,-0.08,1.04,-0.12,-2.59,4.94,3.69,0.08,0.59,0.91,-1.04,2.99,0.06,16608115
2291658,-0.06,1.05,-0.12,-1.10,3.14,1.25,0.07,0.59,0.90,-1.04,0.89,0.46,16608786
2291671,-0.05,1.04,-0.12,-0.46,2.23,-1.43,0.06,0.59,0.90,-1.28,-0.34,-0.12,16606721
2291682,-0.06,1.03,-0.12,-1.16,2.47,-0.46,0.06,0.59,0.90,-1.80,0.09,-0.18,16607994
2291694,-0.08,1.03,-0.12,-1.83,4.49,1.16,0.07,0.59,0.91,-2.17,1.34,-0.61,16610907
2291705,-0.09,1.04,-0.12,-0.98,6.01,2.56,0.07,0.59,0.91,-2.44,2.81,-0.70,16610031
2291718,-0.09,1.05,-0.13,0.03,5.89,4.12,0.07,0.59,0.91,-3.08,4.43,-1.16,16608972
2291729,-0.06,1.05,-0.12,1.53,3.72,2.23,0.07,0.59,0.91,-3.20,4.03,-1.25,16607917
2291740,-0.04,1.05,-0.13,2.01,1.40,1.86,0.07,0.59,0.91,-4.06,2.62,-0.89,16608888
2291752,-0.05,1.05,-0.13,2.78,0.37,1.25,0.07,0.59,0.92,-4.61,1.95,-0.49,16610460
2291764,-0.07,1.06,-0.13,3.94,1.65,-1.53,0.07,0.59,0.92,-5.22,0.82,0.15,16609076
2291776,-0.10,1.06,-0.14,4.12,3.66,-2.59,0.06,0.59,0.92,-7.05,-0.46,0.67,16608702
2291787,-0.11,1.06,-0.15,4.30,5.04,-1.80,0.07,0.59,0.93,-8.18,0.09,1.25,16607744
2291800,-0.12,1.07,-0.16,4.91,5.83,-1.34,0.07,0.58,0.93,-9.03,1.50,0.85,16607992
2291811,-0.10,1.06,-0.16,5.80,5.52,-3.48,0.07,0.58,0.93,-9.83,1.89,0.95,16608794
2291823,-0.07,1.06,-0.15,7.26,3.72,-4.52,0.07,0.58,0.92,-10.22,1.07,0.55,16607289
2291834,-0.05,1.05,-0.14,9.03,1.53,-4.97,0.06,0.57,0.90,-9.92,-0.89,0.67,16606869
2291846,-0.03,1.03,-0.13,9.28,-0.82,-4.18,0.06,0.56,0.89,-9.00,-1.59,0.34,16608801
2291858,-0.02,1.00,-0.12,7.97,-1.77,-3.36,0.06,0.56,0.89,-8.36,-0.49,0.09,16609298
2291869,-0.03,0.97,-0.11,6.41,-2.08,-2.17,0.06,0.56,0.88,-6.87,-0.12,-0.24,16610047
2291881,-0.04,0.94,-0.10,4.94,-1.77,-1.01,0.06,0.55,0.87,-5.80,0.18,-0.76,16609227
2291893,-0.06,0.91,-0.09,2.26,-0.70,-1.13,0.07,0.55,0.87,-4.46,1.04,-1.16,16608689
2291905,-0.09,0.89,-0.09,0.00,1.80,-0.21,0.07,0.55,0.86,-3.11,1.98,-1.40,16607888
2291916,-0.12,0.88,-0.09,-3.02,5.25,1.83,0.07,0.55,0.86,-2.23,3.91,-1.46,16608501
2291929,-0.14,0.88,-0.10,-4.30,8.36,3.05,0.07,0.55,0.86,-1.13,4.79,-1.53,16609843
2291940,-0.14,0.88,-0.10,-5.68,10.38,4.39,0.07,0.54,0.86,-0.52,5.07,-1.65,16609453
2291952,-0.12,0.89,-0.10,-6.44,10.13,5.22,0.07,0.54,0.87,0.24,5.98,-1.37,16610495
2291963,-0.08,0.91,-0.11,-6.53,8.67,4.27,0.06,0.54,0.87,0.46,4.82,-1.71,16608962
2291975,-0.05,0.92,-0.11,-6.68,7.35,3.39,0.05,0.54,0.87,0.92,3.78,-2.01,16611581
2291987,-0.03,0.94,-0.11,-6.01,5.92,1.13,0.04,0.54,0.87,1.19,2.84,-2.50,16611926
2291998,-0.02,0.95,-0.11,-5.31,4.94,0.95,0.04,0.54,0.87,1.22,1.98,-3.05,16610337
2292011,-0.01,0.96,-0.11,-4.85,2.90,1.74,0.05,0.55,0.87,1.59,1.68,-3.20,16609263
2292022,-0.01,0.97,-0.11,-4.33,0.79,1.95,0.05,0.55,0.87,1.89,1.83,-3.05,16610167
2292034,-0.02,0.97,-0.11,-4.58,-0.37,1.98,0.06,0.55,0.87,1.77,1.22,-2.56,16607726
2292045,-0.04,0.97,-0.11,-5.13,0.27,1.46,0.06,0.56,0.88,1.92,0.85,-1.95,16606372
2292058,-0.07,0.96,-0.11,-6.23,1.40,0.98,0.07,0.56,0.88,2.38,0.79,-1.25,16608729
2292069,-0.10,0.96,-0.12,-6.87,3.75,0.24,0.07,0.56,0.89,2.11,0.49,-0.92,16610791
2292080,-0.11,0.97,-0.12,-6.84,5.13,-0.12,0.07,0.56,0.89,1.77,-0.64,-0.61,16610260
2292092,-0.10,0.99,-0.13,-6.56,4.94,-1.43,0.07,0.57,0.90,1.59,-1.01,-0.40,16609665
2292104,-0.09,1.00,-0.13,-5.65,3.75,-0.37,0.07,0.57,0.91,1.43,-0.06,-0.49,16610422
2292116,-0.07,1.01,-0.13,-5.46,2.62,-1.71,0.08,0.57,0.91,1.37,0.34,-0.67,16610351
2292127,-0.06,1.02,-0.13,-4.67,1.77,-3.66,0.07,0.58,0.91,1.19,0.03,-0.67,16608964
2292140,-0.06,1.03,-0.13,-4.21,0.95,-3.81,0.07,0.58,0.91,0.98,-0.06,-0.58,16608503
2292151,-0.07,1.03,-0.13,-3.36,0.64,-3.54,0.08,0.57,0.91,0.70,0.21,-0.61,16606335
2292163,-0.08,1.02,-0.13,-3.45,0.92,-3.81,0.08,0.57,0.91,0.55,0.12,-0.37,16606083
2292174,-0.09,1.02,-0.13,-2.75,1.40,-3.48,0.08,0.57,0.91,0.31,-0.24,0.49,16609896
2292186,-0.10,1.02,-0.13,-2.47,2.11,-3.45,0.08,0.57,0.90,0.03,-0.55,0.70,16611670
2292198,-0.10,1.01,-0.14,-2.32,2.47,-3.27,0.08,0.56,0.91,-0.43,-1.37,1.13,16608782
2292209,-0.10,1.01,-0.14,-3.17,2.11,-1.74,0.08,0.56,0.91,-0.92,-0.55,1.22,16606812
2292221,-0.08,1.00,-0.14,-3.20,1.92,-1.68,0.08,0.56,0.91,-0.64,0.27,0.52,16607261
2292233,-0.07,1.01,-0.13,-2.81,2.08,-1.13,0.07,0.57,0.90,-0.61,0.55,-0.40,16607545
2292245,-0.06,1.01,-0.13,-2.01,1.56,-1.22,0.07,0.57,0.90,-0.67,1.31,-0.79,16609009
2292256,-0.06,1.01,-0.12,-1.53,1.89,-0.43,0.07,0.56,0.90,-0.06,1.68,-1.56,16611210
2292269,-0.06,1.00,-0.12,-2.11,2.35,-1.16,0.06,0.56,0.89,0.00,1.62,-1.83,16611258
2292280,-0.06,0.98,-0.12,-3.11,2.32,-3.30,0.06,0.56,0.89,-0.09,0.31,-1.65,16610309
2292292,-0.06,0.97,-0.12,-3.63,2.26,-2.87,0.06,0.56,0.89,0.12,0.15,-1.25,16610137
2292303,-0.07,0.97,-0.12,-4.64,3.20,-3.17,0.06,0.56,0.89,-0.15,0.18,-0.85,16612247
2292315,-0.09,0.97,-0.12,-4.70,4.21,-1.86,0.06,0.56,0.89,-0.12,0.95,-0.27,16609231
2292327,-0.09,0.98,-0.12,-4.55,4.61,-0.70,0.07,0.57,0.89,0.03,1.95,-0.46,16609464
2292338,-0.08,0.99,-0.12,-4.24,3.57,-2.59,0.06,0.57,0.89,-0.15,0.98,-0.31,16611446
2292350,-0.06,0.99,-0.12,-3.69,1.92,-3.05,0.06,0.57,0.89,0.15,0.09,-0.12,16610329
2292362,-0.04,0.99,-0.11,-3.27,0.46,-3.36,0.06,0.57,0.89,0.40,-0.55,-0.31,16609356
2292374,-0.04,0.99,-0.11,-3.54,0.37,-3.30,0.05,0.57,0.89,0.18,-1.46,-0.67,16607133
2292385,-0.05,0.99,-0.11,-3.30,0.92,-1.62,0.05,0.57,0.89,0.40,-0.82,-1.10,16605771
2292398,-0.05,1.00,-0.11,-3.20,1.68,-1.16,0.05,0.57,0.89,0.18,-0.46,-1.56,16608642
2292409,-0.05,1.00,-0.12,-3.63,1.86,0.31,0.05,0.57,0.90,0.12,0.37,-2.08,16608324
2292420,-0.05,1.00,-0.12,-3.81,1.77,0.67,0.05,0.57,0.90,-0.06,0.79,-2.84,16608768
2292432,-0.05,1.01,-0.12,-3.30,1.86,0.61,0.05,0.58,0.90,-0.31,1.04,-2.66,16609726
2292444,-0.06,1.01,-0.12,-2.84,1.50,0.37,0.06,0.58,0.90,-0.52,0.73,-1.95,16610935
2292456,-0.06,1.02,-0.12,-2.87,1.56,-0.95,0.06,0.57,0.90,-0.58,0.92,-1.89,16609881
2292467,-0.06,1.01,-0.12,-2.53,0.92,-2.26,0.06,0.57,0.90,-1.01,0.00,-1.34,16610908
2292480,-0.06,1.01,-0.12,-1.77,0.18,-2.56,0.06,0.57,0.90,-1.01,-0.76,-0.79,16610368
2292491,-0.06,1.01,-0.12,-1.37,-0.58,-2.35,0.06,0.57,0.89,-0.79,-1.89,-0.46,16607654
2292503,-0.07,1.00,-0.11,-1.83,0.03,-2.99,0.06,0.57,0.89,-0.79,-2.11,-0.46,16609073
2292514,-0.08,0.98,-0.11,-2.81,1.13,-2.78,0.06,0.57,0.89,-0.73,-1.86,-0.58,16609184
2292526,-0.09,0.98,-0.11,-3.63,2.23,-0.79,0.06,0.57,0.89,-0.37,-1.68,-0.55,16609259
2292538,-0.09,0.98,-0.12,-3.91,2.93,-0.12,0.07,0.57,0.90,-0.52,-0.43,-1.13,16608054
2292549,-0.08,0.99,-0.12,-3.94,2.84,-0.79,0.07,0.57,0.90,-0.55,0.34,-1.80,16606710
2292561,-0.07,1.00,-0.12,-3.33,2.23,-0.18,0.08,0.57,0.90,-0.67,1.62,-2.32,16608278
2292573,-0.06,1.01,-0.12,-2.53,1.31,-0.21,0.08,0.57,0.90,-0.64,1.89,-2.53,16608581
2292585,-0.06,1.01,-0.12,-1.74,0.89,-0.12,0.07,0.57,0.90,-0.85,1.83,-2.72,16607024
2292596,-0.07,1.01,-0.12,-2.62,0.64,0.12,0.07,0.57,0.90,-0.64,0.92,-1.83,16608470
2292609,-0.07,1.01,-0.12,-1.86,0.79,-1.16,0.07,0.57,0.90,-0.95,-0.21,-1.80,16609953
2292620,-0.08,1.00,-0.12,-1.83,0.55,-1.65,0.07,0.57,0.90,-1.13,-1.43,-0.73,16609035
2292631,-0.09,1.00,-0.12,-1.89,0.09,-1.95,0.08,0.57,0.90,-1.56,-1.40,-0.21,16607857
2292643,-0.10,1.00,-0.13,-1.68,0.76,-3.30,0.09,0.57,0.90,-1.53,-1.04,0.15,16607768
2292655,-0.11,1.00,-0.12,-1.34,1.13,-3.69,0.09,0.56,0.89,-1.62,-0.70,0.55,16610157
2292667,-0.12,0.99,-0.12,-1.19,2.04,-2.81,0.09,0.56,0.89,-1.40,-0.73,0.52,16610604
2292678,-0.11,0.99,-0.12,-0.85,2.84,-2.47,0.09,0.56,0.88,-0.95,-0.64,0.24,16609863
2292690,-0.11,0.98,-0.12,-1.37,3.75,-0.67,0.09,0.56,0.88,-1.04,0.49,0.03,16606225
2292702,-0.10,0.97,-0.12,-1.83,4.09,0.76,0.09,0.56,0.88,-0.55,1.40,-0.46,16608774
2292714,-0.09,0.97,-0.12,-2.87,4.03,2.59,0.08,0.56,0.88,-0.18,2.08,-1.01,16609234
2292725,-0.08,0.96,-0.12,-3.51,3.57,2.81,0.08,0.56,0.89,-0.46,2.84,-1.68,16607136
2292738,-0.07,0.96,-0.12,-4.33,3.60,2.90,0.08,0.56,0.89,-0.27,3.30,-1.95,16606295
2292749,-0.07,0.97,-0.12,-4.46,3.57,3.23,0.07,0.56,0.89,-0.18,3.11,-2.11,16607865
2292760,-0.07,0.97,-0.12,-4.00,3.63,3.51,0.07,0.56,0.89,-0.03,2.59,-2.01,16610489
2292772,-0.06,0.98,-0.12,-3.27,3.08,3.42,0.07,0.56,0.89,-0.21,2.56,-1.98,16610295
2292784,-0.06,0.99,-0.11,-2.11,2.50,4.24,0.07,0.56,0.88,0.21,2.23,-1.25,16609336
2292796,-0.06,0.99,-0.11,-2.20,2.50,2.78,0.06,0.56,0.88,0.49,2.50,-1.56,16610305
2292807,-0.06,0.98,-0.11,-2.66,2.59,1.74,0.06,0.56,0.88,0.64,1.28,-1.22,16611478
2292819,-0.06,0.97,-0.11,-3.63,2.69,1.22,0.06,0.57,0.88,0.73,0.58,-1.28,16608801
2292831,-0.06,0.97,-0.11,-4.61,2.75,0.73,0.06,0.57,0.89,0.92,0.64,-1.25,16609184
2292843,-0.06,0.97,-0.11,-5.49,2.47,-0.64,0.06,0.57,0.89,1.40,0.82,-1.19,16610970
2292854,-0.06,0.97,-0.11,-5.55,2.56,-0.79,0.06,0.57,0.88,2.01,0.31,-0.58,16609919
2292866,-0.07,0.97,-0.10,-5.19,2.11,-0.49,0.06,0.57,0.88,2.14,-0.03,-0.09,16610875
2292878,-0.07,0.97,-0.11,-5.43,2.53,-0.37,0.07,0.57,0.88,2.29,0.37,0.40,16609245
2292889,-0.08,0.98,-0.11,-5.43,2.66,-0.76,0.07,0.57,0.88,2.20,0.82,0.52,16607451
2292901,-0.09,0.99,-0.11,-5.43,3.39,0.61,0.07,0.57,0.89,1.53,1.46,0.49,16607527
2292913,-0.08,1.00,-0.11,-5.07,4.09,1.10,0.07,0.58,0.89,1.68,1.13,0.00,16610710
2292925,-0.07,1.00,-0.11,-4.97,3.45,1.59,0.07,0.58,0.89,1.83,1.43,-0.58,16608715
2292936,-0.05,1.00,-0.11,-5.40,2.47,1.43,0.06,0.58,0.89,1.65,1.40,-1.16,16609718
2292948,-0.04,1.00,-0.11,-5.52,1.98,0.43,0.06,0.58,0.89,1.83,0.92,-1.74,16609849
2292960,-0.04,1.01,-0.11,-5.07,1.68,0.85,0.06,0.58,0.89,1.28,0.58,-1.92,16609076
2292971,-0.04,1.02,-0.11,-4.12,0.92,1.16,0.06,0.58,0.89,0.61,0.61,-1.53,16607019
2292983,-0.05,1.03,-0.12,-2.90,0.49,1.22,0.07,0.58,0.89,0.34,0.58,-1.31,16606995
2292995,-0.06,1.04,-0.11,-1.40,0.43,1.40,0.07,0.59,0.89,0.00,1.16,-0.82,16606998
2293007,-0.07,1.03,-0.11,-1.83,0.67,0.85,0.07,0.59,0.89,0.18,0.55,-0.03,16608801
2293018,-0.08,1.01,-0.11,-2.99,1.46,1.01,0.07,0.59,0.89,-0.06,0.24,-0.12,16610654
2293030,-0.08,1.01,-0.11,-3.60,2.90,1.37,0.06,0.59,0.89,-0.24,0.18,-0.55,16609624
2293042,-0.09,1.01,-0.11,-3.36,3.75,2.04,0.06,0.59,0.90,-0.43,0.98,-0.64,16609209
2293054,-0.08,1.03,-0.12,-2.75,4.46,1.65,0.06,0.59,0.90,-0.79,1.62,-1.34,16610157
2293065,-0.07,1.04,-0.12,-1.83,4.06,0.79,0.06,0.59,0.90,-1.40,1.59,-1.34,16612169
2293078,-0.05,1.04,-0.12,-1.04,1.98,0.27,0.07,0.59,0.91,-1.89,0.82,-0.79,16609886
2293089,-0.02,1.05,-0.12,-0.37,-1.16,-1.89,0.07,0.59,0.91,-2.56,-0.03,-0.34,16609784
2293100,-0.01,1.05,-0.12,1.28,-4.27,-4.88,0.07,0.59,0.91,-2.96,-1.04,0.49,16609212
2293112,0.00,1.07,-0.12,4.00,-6.90,-6.07,0.06,0.59,0.91,-3.63,-1.80,0.31,16610586
2293124,-0.01,1.08,-0.13,5.31,-7.45,-6.65,0.06,0.59,0.91,-4.52,-3.27,0.61,16611093
2293136,-0.04,1.06,-0.13,4.55,-5.86,-7.66,0.05,0.59,0.91,-5.22,-5.19,1.01,16613580
2293147,-0.08,1.03,-0.13,3.30,-2.69,-7.32,0.06,0.59,0.91,-4.85,-4.49,1.16,16613175
2293159,-0.11,1.01,-0.12,2.14,0.49,-6.13,0.07,0.58,0.90,-4.70,-1.59,0.73,16608787
2293171,-0.13,0.99,-0.11,1.92,2.75,-3.85,0.08,0.58,0.90,-3.81,0.58,-0.03,16608769
2293183,-0.12,0.97,-0.11,0.43,4.36,-2.41,0.08,0.58,0.88,-2.59,2.29,-0.09,16612010
2293194,-0.10,0.95,-0.10,-0.85,4.06,-3.02,0.08,0.57,0.87,-1.34,2.75,-0.40,16611283
2293207,-0.08,0.93,-0.10,-1.83,3.14,-2.90,0.07,0.56,0.87,-0.85,2.38,-0.55,16611088
2293218,-0.06,0.92,-0.09,-2.44,2.14,-5.40,0.07,0.55,0.86,0.00,0.40,-0.64,16611255
2293229,-0.04,0.93,-0.09,-1.68,0.73,-6.13,0.06,0.55,0.85,0.82,-1.34,-0.40,16612256
2293241,-0.03,0.93,-0.09,-1.62,-0.06,-6.68,0.06,0.55,0.85,1.31,-2.11,-0.43,16617863
2293253,-0.03,0.95,-0.10,-1.13,-0.92,-7.39,0.06,0.55,0.86,1.04,-3.08,-0.31,16621299
2293265,-0.04,0.96,-0.10,-0.82,-1.74,-5.62,0.06,0.55,0.87,1.07,-2.87,-0.43,16623119
2293276,-0.04,0.95,-0.11,-2.35,-2.14,-2.96,0.06,0.55,0.87,0.55,-2.56,-0.27,16623476
2293288,-0.06,0.94,-0.12,-3.85,-0.46,-5.77,0.06,0.55,0.88,0.89,-0.98,-0.92,16626983
2293300,-0.08,0.93,-0.12,-5.83,1.40,-3.08,0.06,0.55,0.87,1.13,-0.79,-0.73,16627391
2293312,-0.10,0.96,-0.11,-3.27,3.72,-0.09,0.06,0.55,0.86,2.53,0.52,-1.13,16623267
2293323,-0.12,1.05,-0.11,4.39,4.55,8.67,0.06,0.56,0.86,1.86,-1.53,0.31,16630114
2293335,-0.10,1.09,-0.12,8.91,3.94,6.90,0.07,0.57,0.88,1.25,-1.31,0.70,16639263
2293347,-0.07,1.02,-0.14,2.81,1.46,4.36,0.07,0.57,0.91,-0.18,-1.31,0.89,16639493
2293358,-0.05,0.97,-0.14,-2.14,-0.21,-0.98,0.08,0.57,0.92,-1.40,-0.40,0.52,16637158
2293370,-0.06,0.98,-0.14,-2.53,0.12,1.62,0.08,0.58,0.91,-1.13,0.43,0.46,16638205
2293382,-0.09,1.03,-0.13,2.29,1.46,3.57,0.09,0.58,0.90,-1.04,1.89,0.18,16641368
2293394,-0.10,1.07,-0.13,6.13,2.38,4.91,0.09,0.59,0.90,-0.55,2.50,0.12,16645558
2293405,-0.07,1.07,-0.13,7.51,0.21,4.39,0.09,0.59,0.90,-1.56,1.16,0.40,16646687
2293417,-0.03,1.05,-0.13,5.98,-3.23,0.79,0.07,0.59,0.90,-1.71,-1.46,-0.15,16647598
2293429,-0.00,1.03,-0.13,4.88,-5.98,-3.33,0.07,0.59,0.91,-2.32,-3.66,-0.18,16650986
2293440,-0.00,1.01,-0.13,4.43,-7.54,-5.95,0.06,0.59,0.91,-3.05,-6.04,-0.12,16652573
2293452,-0.02,1.00,-0.13,3.48,-8.00,-4.12,0.07,0.59,0.90,-2.96,-5.00,-0.34,16650276
2293464,-0.04,0.99,-0.13,2.62,-6.99,-2.72,0.07,0.58,0.90,-2.50,-2.23,-0.73,16647771
2293476,-0.06,0.97,-0.12,0.76,-4.67,-1.40,0.07,0.58,0.89,-1.59,0.64,-1.53,16646148
2293487,-0.08,0.96,-0.11,0.12,-1.98,-0.43,0.07,0.58,0.88,-0.52,0.95,-1.71,16648206
2293499,-0.10,0.96,-0.11,0.55,0.70,0.58,0.06,0.58,0.87,0.27,0.43,-1.43,16650649
2293511,-0.11,0.97,-0.11,1.13,1.77,1.65,0.06,0.57,0.87,0.70,-0.85,-0.82,16654322
2293523,-0.09,0.97,-0.12,1.31,1.34,0.24,0.06,0.57,0.87,0.70,-0.70,-0.70,16658477
2293534,-0.08,0.96,-0.12,0.61,0.95,-0.40,0.06,0.56,0.86,1.04,-0.79,-0.46,16659762
2293545,-0.07,0.95,-0.11,0.06,1.19,-1.22,0.07,0.56,0.86,1.74,-0.67,-0.27,16657139
2293558,-0.07,0.94,-0.11,-0.79,2.01,-1.59,0.07,0.57,0.86,2.32,0.73,-0.85,16654217
2293569,-0.08,0.94,-0.11,-1.68,3.14,-0.49,0.07,0.57,0.86,2.78,0.18,-0.67,16658229
2293581,-0.09,0.95,-0.12,-1.43,3.48,1.53,0.07,0.57,0.87,2.78,-0.46,-0.58,16661296
2293593,-0.09,0.96,-0.13,-1.13,4.43,-0.18,0.08,0.57,0.87,2.11,-1.31,-0.58,16665280
2293605,-0.08,0.99,-0.13,0.00,3.69,0.31,0.08,0.57,0.88,1.89,-0.03,-0.55,16667981
2293616,-0.08,1.00,-0.14,-0.18,3.39,-0.46,0.08,0.58,0.89,0.76,-1.50,-0.55,16668779
2293628,-0.06,1.01,-0.15,0.43,1.59,-0.12,0.08,0.58,0.89,0.27,-1.25,-0.67,16670933
2293640,-0.05,1.01,-0.15,-0.15,0.15,-1.65,0.08,0.58,0.90,0.09,-0.98,-0.46,16672919
2293652,-0.05,1.00,-0.15,-0.06,-0.85,-4.55,0.09,0.58,0.90,-0.24,-1.40,-0.12,16673357
2293663,-0.04,1.00,-0.14,-0.09,-2.66,-1.43,0.09,0.58,0.90,-0.12,-1.74,0.21,16675265
2293675,-0.06,0.99,-0.14,-0.06,-1.56,-6.20,0.09,0.59,0.90,-0.61,-1.80,-0.31,16673753
2293687,-0.11,1.02,-0.15,0.64,1.34,-4.09,0.09,0.59,0.90,-0.40,-2.26,0.40,16674508
2293698,-0.13,1.04,-0.15,1.13,1.98,1.65,0.10,0.59,0.90,-0.31,0.12,1.10,16677815
2293710,-0.11,1.02,-0.14,1.04,1.95,-0.92,0.10,0.60,0.90,-0.09,0.92,1.34,16680948
2293722,-0.10,1.02,-0.14,1.56,1.74,-0.82,0.10,0.60,0.90,-0.12,1.19,1.16,16682646
2293734,-0.09,1.01,-0.14,1.68,1.98,-2.11,0.09,0.60,0.90,0.15,0.79,1.04,16688309
2293745,-0.08,1.00,-0.14,0.43,2.08,-3.63,0.08,0.59,0.90,0.00,-0.34,0.31,16691300
2293757,-0.07,0.99,-0.14,0.27,2.47,-3.66,0.08,0.59,0.89,0.09,-1.10,0.18,16691654
2293769,-0.08,1.01,-0.14,1.68,2.84,-2.04,0.08,0.59,0.88,0.31,-0.61,-0.15,16696081
2293780,-0.08,1.03,-0.13,4.46,3.27,-1.59,0.09,0.59,0.88,0.55,0.58,0.09,16699070
2293792,-0.08,1.03,-0.13,6.10,2.93,0.61,0.09,0.59,0.87,0.73,0.46,0.24,16700619
2293804,-0.08,1.02,-0.13,6.77,3.27,0.06,0.08,0.59,0.88,0.61,-0.15,0.37,16703460
2293816,-0.06,0.99,-0.15,0.98,2.20,-4.09,0.08,0.59,0.88,0.34,-1.04,0.49,16709340
2293827,-0.07,1.00,-0.14,3.94,2.75,-4.00,0.08,0.59,0.89,0.37,-0.85,0.43,16715110
2293839,-0.08,1.01,-0.15,4.79,3.42,-3.60,0.08,0.59,0.89,-0.34,-0.61,0.98,16716111
2293851,-0.08,1.01,-0.16,5.71,3.45,-5.46,0.08,0.59,0.89,-0.79,-0.52,1.04,16720984
2293863,-0.08,1.00,-0.16,5.65,2.72,-5.43,0.08,0.58,0.89,-0.76,-0.61,0.85,16723560
2293874,-0.08,0.99,-0.16,5.10,2.96,-6.99,0.08,0.58,0.88,-1.10,-1.50,1.22,16723854
2293886,-0.09,0.99,-0.15,5.80,3.20,-1.86,0.09,0.58,0.87,-1.10,-1.62,2.26,16723283
2293898,-0.10,1.02,-0.15,8.39,3.81,0.79,0.10,0.58,0.87,-0.89,-0.06,2.50,16728641
2293909,-0.09,1.04,-0.15,12.27,3.72,0.85,0.10,0.58,0.87,-0.70,0.92,2.41,16733988
2293921,-0.07,1.04,-0.16,13.92,3.05,0.55,0.09,0.58,0.87,-0.89,0.70,1.83,16738087
2293933,-0.06,1.04,-0.16,14.74,2.59,0.34,0.09,0.58,0.87,-0.37,-0.15,1.16,16742049
2293945,-0.06,1.03,-0.16,16.66,2.78,-1.86,0.09,0.58,0.87,-0.06,-0.67,0.92,16748427
2293956,-0.07,1.04,-0.16,19.96,2.66,2.08,0.09,0.58,0.87,0.76,-1.28,0.92,16754955
2293968,-0.07,1.05,-0.16,23.59,1.37,6.04,0.09,0.58,0.87,1.01,-0.18,1.25,16760208
2293980,-0.05,1.06,-0.16,27.19,0.21,4.88,0.09,0.58,0.86,1.43,0.52,1.04,16763464
2293992,-0.03,1.05,-0.16,28.35,-0.70,2.50,0.09,0.58,0.86,1.31,-1.04,0.76,16769745
2294003,-0.04,1.02,-0.17,27.01,-0.73,-0.55,0.08,0.58,0.87,2.01,-1.62,0.24,16774810
2294014,-0.08,0.99,-0.17,26.98,1.65,5.52,0.08,0.58,0.87,2.69,-0.95,-0.03,3406
2294027,-0.10,0.97,-0.17,27.65,3.78,4.88,0.08,0.58,0.87,4.30,0.43,-0.61,7616
2294038,-0.11,0.97,-0.18,25.60,5.31,7.78,0.09,0.59,0.86,5.58,2.66,-0.27,13190
2294050,-0.09,0.98,-0.18,29.02,4.43,6.47,0.09,0.58,0.85,6.99,2.90,-0.49,17793
2294062,-0.08,0.99,-0.18,32.78,3.97,4.12,0.09,0.58,0.85,7.87,1.86,0.34,24459
2294074,-0.08,0.99,-0.19,35.49,3.94,4.82,0.09,0.57,0.85,8.42,0.61,1.31,35488
2294085,-0.08,0.99,-0.20,36.96,3.17,8.39,0.10,0.56,0.85,8.76,1.28,2.01,38833
2294097,-0.09,1.01,-0.21,39.70,3.48,11.96,0.10,0.56,0.85,8.67,2.32,2.08,46129
2294109,-0.08,1.03,-0.22,44.62,5.00,7.78,0.10,0.57,0.84,8.91,3.02,1.74,55970
2294120,-0.07,1.06,-0.22,54.14,7.08,4.15,0.09,0.57,0.84,9.98,1.50,1.16,61693
2294132,-0.08,1.08,-0.22,63.45,10.35,5.68,0.09,0.57,0.83,10.83,0.95,0.79,73348
2294144,-0.09,1.09,-0.23,65.34,9.52,11.02,0.08,0.57,0.82,11.72,2.69,-0.37,77498
2294156,-0.09,1.08,-0.22,72.57,13.06,4.06,0.08,0.57,0.82,13.70,0.70,-0.43,84183
2294167,-0.10,1.07,-0.23,78.19,13.95,8.33,0.09,0.57,0.82,14.37,0.00,0.12,95629
2294179,-0.11,1.04,-0.24,78.40,14.68,8.85,0.10,0.58,0.83,14.68,-0.82,0.58,107094
2294191,-0.08,0.99,-0.26,76.90,16.66,4.88,0.11,0.59,0.84,14.43,1.13,1.50,119906
2294203,-0.06,0.94,-0.28,68.70,10.96,7.35,0.11,0.61,0.86,13.64,4.03,1.71,131378
2294214,-0.04,0.90,-0.31,65.25,9.31,9.16,0.11,0.62,0.88,12.45,4.58,1.98,139830
2294226,-0.02,0.91,-0.33,64.15,4.79,14.65,0.11,0.63,0.89,11.44,4.15,2.35,152068
2294238,0.03,0.94,-0.34,66.65,-2.32,12.91,0.11,0.64,0.88,10.31,3.72,2.66,166385
2294249,0.06,0.94,-0.37,64.00,-6.32,7.57,0.10,0.66,0.89,7.72,3.42,2.17,181531
2294261,0.07,0.92,-0.40,60.76,-7.29,0.09,0.08,0.67,0.91,7.75,0.00,1.68,197260
2294273,0.04,0.89,-0.43,59.23,-6.20,-3.51,0.07,0.67,0.92,4.21,0.12,0.95,209621
2294285,0.01,0.88,-0.47,56.79,-2.66,-4.55,0.08,0.67,0.93,1.37,-0.06,1.07,216947
2294296,-0.04,0.87,-0.49,52.86,-0.58,1.89,0.08,0.66,0.94,-0.58,1.89,0.58,224358
2294308,-0.07,0.85,-0.49,49.44,1.95,5.19,0.08,0.66,0.93,-0.89,2.14,-0.76,236456
2294320,-0.08,0.81,-0.50,42.33,4.91,5.13,0.09,0.66,0.92,-2.08,2.99,-0.85,249179
2294332,-0.11,0.76,-0.48,37.14,7.45,8.58,0.10,0.67,0.91,-1.01,7.02,-1.13,261297
2294343,-0.11,0.74,-0.48,31.19,7.17,10.71,0.11,0.67,0.89,-0.61,10.89,-0.70,271377
2294354,-0.08,0.79,-0.46,32.20,7.45,7.14,0.13,0.66,0.86,0.92,13.92,0.52,288137
2294367,-0.04,0.87,-0.45,40.53,5.62,7.29,0.12,0.65,0.84,3.23,12.85,1.59,304380
2294378,-0.00,0.93,-0.45,47.52,1.59,9.80,0.10,0.65,0.83,3.05,9.67,2.23,320023
2294390,0.04,0.97,-0.45,53.28,-2.90,9.64,0.08,0.65,0.82,4.33,5.49,1.10,334018
2294402,0.09,0.99,-0.45,62.01,-4.33,8.15,0.06,0.64,0.81,4.58,-1.37,1.13,342044
2294414,0.12,0.97,-0.45,66.96,-11.20,8.06,0.04,0.63,0.81,4.67,-7.35,0.31,347111
2294425,0.16,0.93,-0.45,66.01,-18.31,6.32,0.04,0.61,0.81,5.95,-8.45,0.03,350782
2294437,0.15,0.85,-0.45,62.16,-19.78,0.61,0.05,0.60,0.82,5.86,-8.76,1.25,365574
2294449,0.06,0.76,-0.49,58.01,-15.50,5.55,0.05,0.61,0.84,4.12,-6.56,1.19,387019
2294461,-0.05,0.67,-0.55,48.52,-8.30,11.02,0.07,0.62,0.86,2.47,-2.59,1.68,407970
2294472,-0.13,0.62,-0.60,39.43,0.82,20.69,0.10,0.61,0.88,0.03,5.74,2.01,422916
2294483,-0.18,0.65,-0.62,42.91,4.43,32.65,0.11,0.61,0.89,-1.50,14.86,1.43,435740
2294496,-0.10,0.70,-0.63,44.25,1.86,28.90,0.11,0.60,0.87,-4.15,18.86,0.03,446953
2294507,0.04,0.76,-0.62,50.78,-7.08,17.76,0.09,0.59,0.86,-3.30,11.93,-0.49,452897
2294519,0.13,0.78,-0.60,52.92,-14.65,13.18,0.06,0.58,0.85,-3.08,3.63,-1.28,466133
2294531,0.12,0.75,-0.56,61.77,-16.63,14.19,0.03,0.59,0.84,-3.27,-1.92,-2.29,482750
2294543,0.08,0.68,-0.60,48.52,-14.28,5.00,0.03,0.60,0.83,-3.27,-8.91,-2.50,497213
2294554,-0.02,0.67,-0.60,47.00,-8.30,11.90,0.06,0.60,0.84,-2.99,-3.69,-1.04,512818
2294566,-0.10,0.64,-0.61,44.95,-1.80,18.65,0.07,0.62,0.86,-2.75,2.11,-0.58,534571
2294578,-0.14,0.58,-0.64,35.10,3.54,15.96,0.08,0.64,0.88,-3.27,5.58,-0.21,562139
2294589,-0.14,0.51,-0.67,21.55,9.09,7.14,0.09,0.67,0.89,-5.65,10.25,-0.73,587452
2294601,-0.16,0.47,-0.68,9.64,13.31,6.77,0.08,0.68,0.88,-6.13,8.48,-0.64,601454
2294612,-0.15,0.54,-0.62,13.52,13.24,9.00,0.10,0.66,0.84,-3.69,7.45,0.52,607452
2294625,-0.07,0.68,-0.58,27.01,8.42,13.24,0.12,0.63,0.81,1.74,10.68,1.22,617063
2294636,0.06,0.86,-0.56,39.34,-1.50,19.99,0.11,0.62,0.79,4.30,11.17,-0.24,631386
2294648,0.21,0.97,-0.56,56.09,-17.21,14.31,0.10,0.63,0.79,4.39,2.47,-1.62,658834
2294660,0.36,0.98,-0.59,69.46,-32.23,-3.14,0.09,0.66,0.81,3.94,-4.88,-0.64,697761
2294672,0.36,0.90,-0.66,61.61,-39.52,-12.02,0.05,0.70,0.84,-0.67,-15.56,-0.21,733799
2294683,0.26,0.85,-0.70,63.08,-40.25,-15.90,0.05,0.72,0.87,-2.38,-19.23,-0.37,760198
2294694,0.14,0.78,-0.72,57.34,-36.04,-9.80,0.05,0.70,0.89,-1.95,-15.87,-0.15,767603
2294707,-0.04,0.75,-0.72,61.31,-25.85,3.60,0.06,0.68,0.89,-2.47,-13.43,0.73,775583
2294718,-0.18,0.75,-0.74,56.37,-12.73,9.43,0.08,0.66,0.88,-4.76,-5.19,1.86,801763
2294730,-0.24,0.80,-0.72,64.85,-2.38,3.20,0.10,0.66,0.85,-6.68,0.89,2.08,835707
2294742,-0.22,0.88,-0.68,78.22,5.43,-17.76,0.11,0.65,0.79,-3.88,5.74,1.43,867820
2294754,-0.19,0.96,-0.59,101.56,5.98,-24.60,0.11,0.61,0.73,3.54,2.56,2.20,880851
2294765,-0.13,0.91,-0.54,106.29,2.26,-22.95,0.13,0.59,0.73,9.61,15.17,4.73,884892
2294777,-0.11,0.72,-0.54,99.95,0.98,-16.39,0.14,0.61,0.76,7.23,19.26,4.27,905492
2294789,-0.07,0.40,-0.62,70.28,-1.80,-9.77,0.12,0.69,0.83,0.15,15.05,4.73,954396
2294801,-0.02,0.05,-0.76,30.85,1.43,-20.48,0.06,0.75,0.88,-6.84,-2.81,3.60,1017296
2294812,-0.02,-0.19,-0.88,-8.42,5.25,-24.41,0.01,0.76,0.95,-17.06,-20.94,1.74,1049916
2294823,-0.07,-0.22,-0.91,-27.71,9.92,-17.27,0.02,0.68,0.97,-17.70,-21.97,1.01,1027341
2294836,-0.15,-0.03,-0.89,-23.83,18.16,-3.11,0.07,0.58,0.94,-15.53,-12.33,-0.31,962083
2294847,-0.16,0.27,-0.84,-5.49,19.59,12.05,0.12,0.49,0.90,-13.43,2.26,-3.48,894880
2294859,-0.02,0.51,-0.80,15.11,11.02,13.06,0.14,0.47,0.87,-11.84,13.06,-7.72,855960
2294871,0.17,0.59,-0.80,24.57,-4.64,5.28,0.11,0.49,0.86,-14.65,11.93,-10.07,847918
2294883,0.31,0.56,-0.83,25.27,-19.04,-4.85,0.07,0.53,0.87,-17.76,-0.03,-10.22,857275
2294894,0.33,0.44,-0.87,15.99,-27.92,-8.82,0.02,0.57,0.91,-19.41,-21.30,-9.25,859480
2294906,0.22,0.32,-0.90,5.00,-27.56,-9.40,-0.00,0.58,0.93,-20.11,-35.06,-7.42,842636
2294918,0.05,0.26,-0.91,-1.83,-19.35,-7.90,0.01,0.56,0.95,-18.74,-33.17,-4.21,811018
2294929,-0.16,0.27,-0.90,-3.17,-5.86,-1.89,0.05,0.53,0.95,-16.08,-16.85,-1.71,769358
2294941,-0.32,0.34,-0.87,0.79,8.70,3.75,0.10,0.51,0.93,-14.07,3.91,0.27,738930
2294952,-0.38,0.40,-0.83,2.75,20.17,0.73,0.13,0.53,0.90,-12.18,18.59,0.40,730793
2294965,-0.38,0.40,-0.80,-0.09,28.35,-5.19,0.13,0.56,0.88,-10.28,21.70,1.10,733494
2294976,-0.32,0.35,-0.78,-10.35,34.00,-10.65,0.11,0.59,0.88,-6.77,15.69,0.89,731171
2294988,-0.19,0.30,-0.76,-20.78,28.99,-10.89,0.10,0.60,0.86,-2.78,9.37,1.74,715147
2295000,-0.03,0.35,-0.72,-19.96,17.21,-6.93,0.10,0.60,0.84,0.64,3.57,2.17,683986
2295012,0.12,0.47,-0.69,-12.60,2.81,-2.93,0.09,0.59,0.83,2.81,-2.81,1.98,651495
2295023,0.21,0.57,-0.71,-3.05,-8.79,-0.61,0.08,0.59,0.84,2.01,-6.47,0.92,635948
2295034,0.22,0.60,-0.76,-0.82,-13.43,-2.17,0.07,0.60,0.87,-1.04,-10.44,-0.73,633889
2295047,0.15,0.57,-0.83,-1.80,-11.69,-5.19,0.07,0.61,0.91,-4.43,-11.02,-1.92,637608
2295058,0.06,0.50,-0.88,-6.74,-6.38,-8.42,0.07,0.62,0.93,-7.39,-7.11,-3.27,635071
2295070,0.01,0.44,-0.91,-11.51,-3.23,-12.45,0.09,0.60,0.94,-8.82,-0.49,-4.27,615940
2295081,-0.04,0.43,-0.89,-12.66,-1.19,-10.35,0.10,0.59,0.93,-8.45,4.36,-3.51,582599
2295094,-0.11,0.48,-0.83,-8.76,3.54,-1.92,0.11,0.57,0.89,-6.68,6.93,-1.71,554542
2295105,-0.19,0.52,-0.79,-7.26,10.19,3.33,0.11,0.59,0.86,-4.30,8.06,-0.85,541387
2295117,-0.22,0.54,-0.76,-8.00,16.66,3.17,0.11,0.61,0.84,-1.92,8.91,-0.49,542907
2295129,-0.22,0.52,-0.74,-12.54,19.93,0.76,0.12,0.64,0.83,-0.12,11.78,0.03,551290
2295140,-0.17,0.47,-0.75,-19.01,20.94,-0.58,0.12,0.65,0.84,0.76,13.06,0.73,554695
2295152,-0.10,0.43,-0.75,-25.88,17.94,-0.89,0.11,0.65,0.84,1.34,14.01,0.03,548456
2295163,-0.00,0.44,-0.74,-28.26,11.14,-1.53,0.10,0.63,0.84,-0.09,10.62,-0.31,529156
2295176,0.08,0.53,-0.72,-20.72,4.85,-1.71,0.08,0.62,0.82,0.15,2.87,-0.37,509806
2295187,0.11,0.62,-0.70,-13.03,0.79,-0.70,0.06,0.61,0.81,0.58,-4.30,-0.73,495875
2295199,0.11,0.64,-0.71,-11.60,-0.89,0.00,0.05,0.63,0.82,-1.53,-6.74,-1.92,492151
2295211,0.11,0.61,-0.73,-13.82,-1.28,-5.34,0.05,0.64,0.83,-2.04,-4.39,-3.69,493188
2295223,0.10,0.57,-0.74,-17.76,-1.10,-10.50,0.05,0.65,0.83,-1.68,-1.95,-4.49,491826
2295234,0.08,0.54,-0.74,-20.23,-0.89,-11.05,0.05,0.64,0.84,-1.01,-0.09,-4.97,479006
2295246,0.06,0.54,-0.74,-20.08,-1.04,-8.39,0.06,0.61,0.84,-0.12,0.15,-4.76,453847
2295258,0.03,0.56,-0.72,-16.75,-1.25,-3.69,0.05,0.59,0.83,0.92,-0.76,-3.78,429815
2295269,-0.00,0.59,-0.72,-12.85,0.34,-0.27,0.05,0.58,0.83,1.83,-2.75,-3.33,412495
2295281,-0.03,0.61,-0.72,-10.59,2.08,0.31,0.05,0.59,0.83,2.81,-2.62,-3.17,404004
2295292,-0.06,0.58,-0.75,-12.18,4.88,-1.89,0.06,0.61,0.85,2.26,-1.31,-2.66,405619
2295305,-0.07,0.55,-0.78,-15.38,7.17,-4.88,0.06,0.62,0.88,0.79,-0.58,-2.93,402846
2295316,-0.06,0.53,-0.81,-16.88,8.15,-9.16,0.06,0.61,0.90,-2.01,-1.50,-3.33,392100
2295328,-0.04,0.52,-0.83,-17.55,7.87,-11.63,0.07,0.60,0.91,-4.67,-1.13,-2.90,377660
2295340,-0.02,0.53,-0.82,-16.36,6.71,-10.50,0.07,0.58,0.91,-5.49,-1.89,-2.72,357658
2295352,-0.01,0.58,-0.81,-11.47,5.19,-8.94,0.07,0.57,0.90,-5.00,-4.52,-3.20,338516
2295363,-0.01,0.63,-0.79,-4.82,3.36,-8.09,0.08,0.57,0.89,-4.36,-4.91,-2.26,326768
2295374,-0.02,0.66,-0.79,-1.31,1.86,-5.25,0.10,0.57,0.89,-4.00,-4.03,-1.59,321668
2295387,-0.02,0.65,-0.79,0.18,-0.67,-5.00,0.12,0.58,0.90,-3.75,-1.89,-0.95,321957
2295398,-0.01,0.62,-0.79,-0.58,-3.39,-5.16,0.12,0.59,0.90,-3.36,-1.43,-0.55,323531
2295410,-0.01,0.61,-0.79,1.22,-6.26,-4.58,0.13,0.58,0.90,-3.17,-3.30,0.24,318387
2295421,-0.01,0.59,-0.79,2.14,-8.03,-5.62,0.13,0.57,0.90,-2.96,-4.21,1.13,306960
2295434,-0.04,0.59,-0.79,4.73,-7.42,-4.55,0.12,0.56,0.90,-2.84,-6.90,1.34,299605
2295445,-0.10,0.60,-0.79,7.02,-4.73,-1.86,0.13,0.56,0.90,-3.05,-5.16,1.16,301115
2295457,-0.13,0.57,-0.79,5.13,-1.80,-1.77,0.15,0.58,0.90,-4.30,-1.43,1.65,313525
2295469,-0.16,0.54,-0.80,2.04,0.98,-3.45,0.16,0.59,0.91,-5.49,2.38,2.08,325976
2295481,-0.16,0.50,-0.81,-2.20,2.53,-4.18,0.15,0.60,0.92,-6.81,2.90,2.20,331366
2295492,-0.13,0.48,-0.81,-5.58,3.33,-6.53,0.14,0.60,0.91,-6.56,2.44,1.59,327656
2295503,-0.11,0.50,-0.79,-4.64,3.33,-6.84,0.13,0.58,0.89,-5.77,1.56,1.71,318356
2295516,-0.10,0.53,-0.76,-1.92,3.14,-4.94,0.13,0.56,0.87,-4.97,0.98,1.62,307719
2295527,-0.08,0.55,-0.74,1.28,3.39,-3.45,0.12,0.55,0.86,-4.39,1.01,1.07,302476
2295539,-0.07,0.57,-0.74,2.87,4.15,-2.66,0.11,0.55,0.85,-4.64,0.67,-0.37,304652
2295550,-0.05,0.57,-0.74,3.94,5.25,-3.23,0.11,0.55,0.85,-4.97,2.01,-1.77,306433
2295563,-0.05,0.56,-0.74,3.66,5.71,-3.23,0.10,0.56,0.85,-4.55,2.66,-2.84,304007
2295574,-0.05,0.56,-0.74,4.27,6.65,-1.25,0.10,0.56,0.85,-4.00,5.34,-3.45,302048
2295586,-0.05,0.55,-0.74,3.85,6.84,2.14,0.10,0.56,0.86,-3.75,7.39,-3.48,300620
2295598,-0.04,0.53,-0.75,1.71,6.41,3.45,0.10,0.57,0.86,-4.24,7.48,-3.69,299367
2295609,-0.02,0.51,-0.76,0.27,4.70,1.65,0.08,0.56,0.87,-4.67,5.65,-3.48,295508
2295621,-0.00,0.48,-0.76,-3.17,3.60,-1.83,0.07,0.57,0.87,-4.43,1.28,-2.93,286160
2295632,-0.01,0.49,-0.75,-3.75,4.09,-3.27,0.06,0.57,0.86,-4.49,-2.01,-2.38,278792
2295645,-0.04,0.51,-0.75,-3.45,6.16,-2.84,0.07,0.57,0.86,-3.75,-2.04,-1.07,272127
2295656,-0.07,0.53,-0.74,-3.78,8.64,-1.71,0.08,0.58,0.86,-3.69,0.61,-0.31,263642
2295668,-0.09,0.55,-0.75,-4.03,10.44,-2.14,0.08,0.60,0.87,-2.53,4.27,-0.18,255878
2295680,-0.08,0.55,-0.76,-5.92,11.84,-4.64,0.08,0.62,0.88,-2.35,5.80,-0.24,251757
2295692,-0.06,0.53,-0.77,-9.67,11.69,-7.14,0.08,0.63,0.90,-2.17,4.18,-0.43,243888
2295703,-0.03,0.51,-0.78,-12.60,9.06,-9.25,0.08,0.62,0.91,-1.74,2.96,0.00,232332
2295714,0.01,0.50,-0.79,-15.47,5.10,-8.30,0.08,0.62,0.91,-1.95,1.50,0.73,214716
2295727,0.05,0.51,-0.78,-15.56,-0.82,-9.40,0.08,0.60,0.90,-1.13,0.37,0.95,194031
2295738,0.08,0.52,-0.78,-15.01,-5.22,-9.58,0.08,0.59,0.90,-1.07,-2.53,1.74,172389
2295750,0.06,0.54,-0.77,-14.28,-6.53,-7.97,0.07,0.57,0.90,-1.50,-6.38,1.83,154178
2295761,0.03,0.53,-0.78,-15.59,-5.68,-6.62,0.07,0.57,0.90,-2.20,-7.87,1.65,136023
2295774,0.01,0.52,-0.78,-18.13,-4.46,-7.26,0.07,0.57,0.90,-2.59,-5.86,0.67,122141
2295785,-0.01,0.51,-0.78,-19.38,-2.26,-6.68,0.07,0.57,0.90,-2.75,-2.50,-0.61,112687
2295797,-0.04,0.49,-0.78,-22.06,-0.46,-4.61,0.07,0.56,0.91,-2.75,-0.12,-0.89,97585
2295809,-0.06,0.49,-0.78,-23.50,1.95,-3.30,0.07,0.55,0.91,-2.93,2.47,-1.25,82068
2295820,-0.09,0.50,-0.78,-23.04,5.28,-0.95,0.08,0.54,0.90,-3.23,4.85,-1.40,71260
2295832,-0.10,0.51,-0.77,-22.89,7.57,0.21,0.08,0.54,0.90,-2.99,7.32,-1.46,63102
2295843,-0.08,0.51,-0.77,-24.63,7.63,-0.49,0.08,0.54,0.90,-4.09,5.13,-1.65,58725
2295856,-0.04,0.51,-0.77,-26.70,5.98,-7.69,0.08,0.54,0.90,-5.10,3.39,-1.95,59787
2295867,-0.00,0.51,-0.76,-28.26,2.38,-11.41,0.08,0.55,0.90,-5.92,1.34,-1.28,52793
2295879,0.01,0.53,-0.74,-27.98,-1.04,-9.74,0.09,0.55,0.88,-4.94,-0.15,0.40,41258
2295890,0.02,0.53,-0.73,-29.05,-4.64,-9.77,0.10,0.55,0.87,-4.58,-1.83,1.43,20357
2295903,0.02,0.52,-0.72,-30.85,-7.78,-11.87,0.10,0.55,0.87,-4.46,-3.91,2.47,16773605
2295914,-0.01,0.55,-0.70,-28.56,-7.39,-8.00,0.09,0.54,0.87,-2.81,-5.46,2.59,16748095
2295926,-0.06,0.59,-0.69,-25.21,-5.43,-1.56,0.10,0.52,0.86,-2.29,3.75,2.99,16727616
2295938,-0.09,0.61,-0.68,-22.58,-2.26,0.92,0.10,0.52,0.85,-1.56,-3.48,2.47,16715684
2295949,-0.10,0.62,-0.68,-20.94,0.82,0.09,0.10,0.52,0.86,-2.01,-2.96,1.01,16703700
2295961,-0.10,0.62,-0.69,-21.45,2.44,-1.19,0.10,0.53,0.86,-1.98,-0.58,-0.09,16698024
2295972,-0.09,0.61,-0.69,-20.94,4.06,-0.37,0.09,0.55,0.87,-2.78,-0.09,-0.58,16695606
2295985,-0.08,0.60,-0.72,-24.23,5.19,2.29,0.09,0.56,0.89,-2.93,3.14,-1.50,16686701
2295996,-0.06,0.60,-0.73,-25.51,5.31,-1.80,0.09,0.56,0.90,-2.53,3.48,-3.23,16677210
2296008,-0.05,0.65,-0.72,-20.20,4.85,3.30,0.10,0.56,0.90,-2.29,6.29,-3.72,16667081
2296019,-0.04,0.66,-0.73,-20.11,3.97,7.26,0.09,0.56,0.90,-2.69,7.02,-4.24,16657121
2296032,-0.02,0.65,-0.72,-20.72,2.32,8.54,0.09,0.56,0.90,-2.59,6.90,-4.49,16641029
2296043,0.01,0.64,-0.71,-22.22,-0.95,9.09,0.08,0.56,0.90,-2.50,4.27,-4.46,16631322
2296055,0.04,0.64,-0.69,-21.21,-4.58,7.39,0.08,0.56,0.89,-2.62,3.11,-3.57,16623325
2296067,0.04,0.67,-0.67,-19.78,-6.41,8.51,0.08,0.57,0.87,-2.08,1.40,-3.33,16617306
2296078,-0.00,0.73,-0.66,-14.62,-3.66,2.72,0.08,0.58,0.86,-1.46,-1.37,-2.69,16612653
2296090,-0.06,0.79,-0.65,-7.11,2.01,-7.11,0.08,0.60,0.86,-1.19,-2.93,-2.50,16610941
2296101,-0.11,0.78,-0.67,-8.06,2.01,7.14,0.09,0.61,0.88,-1.16,-0.98,-1.19,16611789
2296114,-0.11,0.75,-0.68,-8.67,3.94,-3.94,0.09,0.62,0.89,-0.73,0.82,-0.40,16610130
2296125,-0.10,0.74,-0.68,-9.03,3.20,-2.17,0.09,0.62,0.89,-0.89,-0.79,0.06,16608447
2296137,-0.09,0.71,-0.68,-10.62,2.59,-3.14,0.09,0.62,0.90,-0.40,-0.49,0.67,16610150
2296148,-0.08,0.69,-0.69,-13.24,1.92,-3.75,0.09,0.62,0.90,-0.49,-1.68,1.04,16611078
2296161,-0.06,0.69,-0.69,-11.81,3.88,-15.56,0.09,0.63,0.90,-1.86,-3.75,0.92,16610561
2296172,-0.09,0.72,-0.72,-11.87,2.81,0.61,0.09,0.62,0.92,-3.39,-5.10,1.95,16608991
2296183,-0.08,0.72,-0.74,-11.26,4.30,-3.20,0.10,0.62,0.93,-3.60,-1.25,0.82,16607379
2296196,-0.08,0.76,-0.73,-7.48,5.07,-3.23,0.10,0.62,0.93,-4.52,0.09,-0.40,16609076
2296207,-0.07,0.77,-0.72,-5.55,5.10,-0.67,0.10,0.62,0.92,-4.58,2.72,-1.13,16610718
2296219,-0.05,0.73,-0.71,-8.00,4.00,-1.56,0.10,0.61,0.92,-4.15,2.72,-1.56,16613363
2296230,-0.01,0.69,-0.70,-9.37,1.86,-5.95,0.09,0.60,0.90,-3.72,2.04,-2.04,16611273
2296243,0.00,0.68,-0.68,-10.96,-1.53,1.71,0.08,0.59,0.90,-4.33,-0.85,-1.56,16609609
2296254,0.02,0.66,-0.67,-13.37,-2.87,0.92,0.07,0.58,0.89,-3.54,0.15,-1.92,16609531
2296266,0.02,0.64,-0.66,-15.05,-3.60,-1.37,0.07,0.58,0.88,-3.23,-0.92,-1.62,16609785
2296278,-0.00,0.63,-0.65,-17.88,-3.08,-1.07,0.07,0.58,0.88,-3.48,-2.50,-1.10,16608109
2296289,-0.03,0.64,-0.63,-16.24,-0.40,-2.66,0.07,0.57,0.87,-2.53,-2.44,-0.61,16609891
2296301,-0.07,0.65,-0.62,-16.66,2.78,-2.11,0.07,0.56,0.86,-1.68,-1.01,-0.58,16612101
2296312,-0.08,0.62,-0.62,-19.74,4.94,-2.53,0.07,0.55,0.86,-0.98,-0.58,-1.10,16611383
2296325,-0.07,0.58,-0.62,-24.14,5.95,-2.81,0.06,0.55,0.86,-0.64,-1.16,-1.28,16609385
2296336,-0.04,0.53,-0.62,-30.12,4.70,-0.15,0.06,0.54,0.86,0.34,-1.25,-1.80,16609813
2296348,-0.03,0.52,-0.62,-34.18,3.91,-0.21,0.06,0.53,0.87,0.92,-0.43,-2.29,16607409
2296359,-0.02,0.55,-0.61,-35.95,3.60,0.92,0.06,0.53,0.87,2.01,-0.40,-2.96,16607238
2296372,-0.03,0.60,-0.61,-33.91,4.55,1.59,0.07,0.53,0.86,3.30,2.14,-2.99,16608896
2296383,-0.04,0.66,-0.60,-30.15,5.49,1.62,0.08,0.53,0.86,4.03,0.73,-3.20,16609369
2296395,-0.04,0.72,-0.60,-25.54,6.29,1.71,0.08,0.54,0.86,4.85,0.98,-3.48,16610315
2296407,-0.05,0.74,-0.61,-23.38,6.62,4.15,0.08,0.54,0.87,4.21,0.00,-3.60,16610558
2296418,-0.04,0.76,-0.62,-17.61,6.56,3.57,0.08,0.54,0.89,3.02,-0.61,-3.51,16607402
2296430,-0.05,0.73,-0.66,-19.56,7.45,4.82,0.08,0.54,0.92,-0.27,-1.43,-2.81,16607366
2296441,-0.04,0.72,-0.69,-21.73,6.90,4.33,0.08,0.54,0.93,-1.86,-0.95,-3.11,16610131
2296454,-0.01,0.72,-0.70,-22.31,4.88,3.05,0.08,0.54,0.94,-4.03,-1.40,-2.93,16610048
2296465,0.02,0.74,-0.71,-22.61,0.03,-2.56,0.07,0.56,0.94,-5.71,-4.46,-3.05,16610320
2296477,0.03,0.74,-0.71,-22.52,-3.85,-2.38,0.07,0.57,0.94,-7.60,-7.87,-2.72,16607979
2296488,0.03,0.72,-0.71,-25.54,-6.07,-2.87,0.09,0.57,0.95,-8.42,-6.16,-2.17,16606387
2296501,0.01,0.69,-0.69,-29.05,-6.99,-3.91,0.10,0.58,0.95,-9.03,-2.90,-1.37,16607419
2296512,-0.04,0.70,-0.67,-30.46,-4.61,-6.10,0.11,0.58,0.94,-7.93,-1.74,-1.77,16609975
2296523,-0.11,0.78,-0.64,-23.19,-0.92,-1.07,0.12,0.57,0.92,-6.32,-0.76,0.00,16610085
2296536,-0.16,0.87,-0.61,-15.26,2.96,1.56,0.13,0.57,0.90,-5.07,-0.58,0.67,16610577
2296547,-0.17,0.89,-0.60,-10.38,6.16,1.34,0.13,0.57,0.89,-4.12,-0.21,0.95,16608893
2296559,-0.15,0.87,-0.59,-8.64,6.90,1.28,0.13,0.57,0.89,-3.60,-1.10,1.25,16611052
2296570,-0.10,0.83,-0.59,-9.86,4.46,1.74,0.12,0.57,0.89,-3.57,-1.89,1.01,16610639
2296583,-0.05,0.79,-0.58,-4.49,0.98,-0.12,0.11,0.56,0.89,-4.15,-2.56,0.46,16609816
2296594,0.00,0.78,-0.59,-8.36,-3.33,-1.86,0.11,0.56,0.89,-4.27,-4.12,0.43,16608619
2296606,0.02,0.78,-0.59,-8.85,-6.56,-2.66,0.10,0.56,0.90,-4.67,-5.00,0.21,16606483
2296617,0.02,0.78,-0.61,-9.03,-7.57,-0.58,0.10,0.56,0.91,-6.56,-3.85,0.12,16606176
2296629,-0.00,0.76,-0.62,-10.47,-7.39,0.12,0.10,0.56,0.92,-8.82,-2.17,-0.61,16609303
2296641,-0.03,0.74,-0.64,-13.28,-5.74,-1.37,0.10,0.56,0.93,-10.16,-2.99,-1.13,16609234
2296652,-0.05,0.73,-0.64,-15.41,-3.51,-0.89,0.10,0.56,0.93,-10.89,-3.97,-1.62,16607816
2296665,-0.08,0.74,-0.62,-14.13,-2.01,0.58,0.10,0.56,0.91,-10.13,-3.91,-1.77,16606850
2296676,-0.09,0.75,-0.60,-13.52,-0.37,0.95,0.10,0.56,0.90,-8.79,-2.78,-1.98,16610141
2296688,-0.09,0.77,-0.57,-12.54,0.64,0.89,0.10,0.55,0.88,-7.48,-1.89,-1.53,16611207
2296699,-0.09,0.78,-0.54,-10.83,1.74,0.18,0.10,0.55,0.86,-5.04,-1.95,-1.25,16608551
2296712,-0.08,0.79,-0.51,-8.09,2.99,-1.68,0.10,0.55,0.85,-3.17,-1.10,-1.31,16607300
2296723,-0.09,0.80,-0.50,-6.16,4.79,-2.90,0.10,0.55,0.84,-0.92,-0.21,-1.74,16607488
2296735,-0.09,0.81,-0.50,-3.60,6.38,-3.23,0.10,0.55,0.84,0.85,-1.80,-1.89,16607792
2296747,-0.08,0.81,-0.50,-1.89,6.47,-3.23,0.09,0.55,0.85,1.83,-3.23,-1.59,16609146
2296758,-0.06,0.81,-0.52,-0.82,4.79,-0.98,0.10,0.55,0.87,2.47,-2.72,-1.92,16612236
2296770,-0.04,0.79,-0.54,-1.95,3.20,0.95,0.10,0.55,0.88,0.89,-0.64,-1.62,16611040
2296781,-0.03,0.75,-0.56,-6.96,2.53,0.64,0.10,0.56,0.90,1.04,2.78,-2.17,16608623
2296794,-0.03,0.72,-0.58,-9.95,3.78,-1.34,0.10,0.55,0.92,-0.21,2.93,-2.38,16607253
2296805,-0.06,0.72,-0.60,-13.00,5.74,-2.44,0.09,0.55,0.93,-1.53,0.15,-2.38,16607139
2296817,-0.08,0.73,-0.61,-14.16,7.60,-2.53,0.09,0.56,0.93,-2.44,-2.72,-2.53,16609385
2296828,-0.08,0.75,-0.61,-13.34,7.75,-2.23,0.09,0.56,0.93,-3.36,-3.11,-1.83,16609052
2296841,-0.05,0.76,-0.60,-11.96,7.26,-8.06,0.10,0.55,0.92,-3.08,-0.70,-1.68,16608803
2296852,-0.04,0.77,-0.59,-13.18,3.85,-0.58,0.10,0.55,0.92,-3.78,0.03,-1.19,16610510
2296863,-0.02,0.77,-0.58,-12.85,1.74,-1.59,0.10,0.56,0.91,-2.14,-0.61,-0.95,16610833
2296876,-0.02,0.79,-0.56,-11.69,0.67,-3.51,0.10,0.56,0.90,0.27,-1.89,-1.16,16609968
2296887,-0.03,0.83,-0.55,-8.21,0.58,-1.71,0.10,0.56,0.89,1.98,-2.93,-0.55,16611193
2296899,-0.04,0.86,-0.54,-3.81,0.92,-0.85,0.11,0.55,0.89,2.53,-2.93,-0.79,16608801
2296910,-0.05,0.86,-0.55,-1.62,1.34,0.82,0.11,0.55,0.89,2.29,-0.82,-1.07,16606504
2296923,-0.04,0.85,-0.55,-0.03,1.07,0.79,0.12,0.55,0.90,1.98,1.43,-0.95,16606543
2296934,-0.03,0.82,-0.56,-1.43,0.46,0.15,0.11,0.55,0.91,0.98,2.81,-1.53,16608928
2296946,-0.04,0.79,-0.57,-3.11,0.15,-0.58,0.11,0.55,0.91,0.21,1.59,-1.46,16610153
2296957,-0.04,0.78,-0.58,-3.30,0.37,-0.73,0.10,0.55,0.91,-0.40,-0.43,-1.43,16608662
2296970,-0.05,0.78,-0.58,-2.87,0.82,-1.37,0.10,0.54,0.91,-0.70,-2.84,-1.10,16608751
2296981,-0.06,0.78,-0.58,-1.83,1.74,-0.27,0.10,0.54,0.90,-0.85,-2.87,-0.95,16607874
2296992,-0.06,0.79,-0.58,-1.28,2.56,-0.82,0.10,0.54,0.91,-1.16,-1.43,-1.28,16610522
2297005,-0.06,0.78,-0.58,-1.77,3.51,-0.82,0.10,0.54,0.91,-1.62,-0.55,-1.40,16611235
2297016,-0.07,0.78,-0.58,-2.38,4.67,-1.56,0.11,0.54,0.91,-2.08,0.55,-1.86,16611109
2297028,-0.07,0.77,-0.58,-2.99,5.22,-2.14,0.11,0.54,0.90,-1.65,1.77,-2.11,16609409
2297039,-0.07,0.78,-0.57,-2.41,5.49,-2.56,0.11,0.54,0.90,-0.92,2.53,-2.44,16610091
2297052,-0.06,0.79,-0.56,-1.43,4.21,-1.16,0.11,0.55,0.89,-0.49,1.59,-2.04,16608578
2297063,-0.04,0.78,-0.54,-1.01,3.02,-1.71,0.10,0.55,0.89,0.24,-1.43,-1.34,16609440
2297075,-0.03,0.77,-0.53,-2.11,1.83,-1.68,0.10,0.55,0.88,0.58,-2.69,-1.16,16609983
2297086,-0.04,0.76,-0.53,-2.56,1.71,-1.50,0.11,0.55,0.88,1.40,-2.81,-0.92,16610047
2297099,-0.05,0.77,-0.53,-3.17,2.69,-1.31,0.11,0.55,0.88,2.32,-2.41,-1.04,16610390
2297110,-0.06,0.77,-0.55,-3.85,3.51,-0.21,0.11,0.55,0.89,2.47,-2.17,-0.58,16608600
2297121,-0.06,0.77,-0.56,-4.24,3.60,-0.40,0.11,0.55,0.90,1.19,-1.37,-0.76,16607593
2297134,-0.06,0.76,-0.57,-4.61,3.23,-1.62,0.11,0.55,0.91,0.58,-0.46,-0.95,16608554
2297145,-0.05,0.77,-0.58,-4.39,2.84,-1.53,0.11,0.55,0.91,0.06,0.40,-0.67,16610438
2297157,-0.05,0.79,-0.59,-3.75,2.14,-1.19,0.11,0.55,0.92,-0.40,0.40,-0.79,16610790
2297168,-0.04,0.79,-0.59,-3.23,1.01,-0.37,0.11,0.55,0.92,-0.73,0.76,-1.19,16610772
2297181,-0.03,0.79,-0.58,-4.24,-0.15,-0.89,0.12,0.55,0.92,-1.07,1.56,-1.50,16611275
2297192,-0.03,0.78,-0.58,-4.61,-0.18,-1.07,0.12,0.56,0.91,-0.73,1.22,-1.22,16613040
2297204,-0.04,0.79,-0.58,-4.52,0.55,-1.01,0.11,0.56,0.91,-0.92,0.31,-0.95,16610812
2297216,-0.06,0.80,-0.57,-3.94,1.68,-0.79,0.11,0.56,0.91,-0.46,-0.95,-0.76,16608158
2297228,-0.07,0.80,-0.57,-3.20,2.53,-0.49,0.11,0.56,0.90,-0.46,-1.65,-0.09,16607872
2297239,-0.07,0.80,-0.56,-2.50,2.47,-0.61,0.11,0.55,0.90,-0.18,-1.56,0.21,16606711
2297250,-0.06,0.79,-0.56,-2.47,2.08,-1.92,0.11,0.55,0.90,-0.21,-1.19,-0.18,16606801
2297263,-0.05,0.79,-0.56,-2.01,1.53,-2.41,0.11,0.55,0.90,-0.03,0.58,-0.49,16609898
2297274,-0.05,0.79,-0.56,-1.37,1.28,-2.81,0.12,0.55,0.91,-0.09,0.55,-1.01,16612320
2297286,-0.06,0.80,-0.57,-0.79,1.71,-1.83,0.12,0.55,0.90,0.24,0.89,-1.13,16608464
