time,faccx,faccy,faccz,fgyrx,fgyry,fgyrz,saccx,saccy,saccz,sgyrx,sgyry,sgyrz,load
526865,0.17,1.00,0.02,-8.00,2.44,-1.37,-0.57,1.49,1.40,-10.31,-2.99,-6.29,16610820
526877,0.18,0.99,0.03,-5.58,1.10,-1.77,-0.55,1.50,1.40,-13.31,-4.64,-4.58,16610360
526888,0.19,0.99,0.04,-6.50,-0.49,-1.31,-0.55,1.50,1.35,-14.07,-2.17,-3.63,16608989
526901,0.19,1.00,0.04,-8.64,-1.80,-0.82,-0.59,1.51,1.33,-14.95,-0.61,-4.73,16606923
526912,0.19,1.00,0.04,-9.03,-3.05,-0.73,-0.58,1.49,1.32,-12.42,-4.61,-1.40,16607883
526924,0.19,1.02,0.06,-6.04,-3.45,-0.92,-0.58,1.49,1.27,-11.17,-5.83,-2.23,16609843
526936,0.18,1.04,0.07,-3.02,-2.78,-2.17,-0.59,1.48,1.27,-6.96,-5.19,-1.74,16610697
526948,0.17,1.05,0.08,-1.25,-1.22,-3.14,-0.59,1.50,1.26,-2.96,-5.13,-3.11,16610723
526959,0.15,1.05,0.08,1.13,0.73,-4.33,-0.56,1.50,1.25,0.40,-5.74,-2.59,16609684
526970,0.13,1.05,0.08,1.80,2.56,-2.93,-0.56,1.52,1.26,3.33,-3.30,-1.59,16608261
526983,0.13,1.04,0.08,1.62,3.78,-2.99,-0.54,1.52,1.32,4.39,-0.85,-1.65,16609017
526994,0.14,1.02,0.08,0.76,3.27,-2.78,-0.54,1.51,1.36,0.85,1.59,-1.65,16609206
527006,0.16,1.01,0.07,-1.34,1.89,-2.66,-0.55,1.51,1.37,-0.89,2.50,-2.87,16608768
527017,0.17,0.99,0.06,-3.54,0.40,-3.51,-0.56,1.50,1.38,-2.75,-0.37,-3.60,16610459
527030,0.18,1.00,0.05,-4.30,-1.22,-4.64,-0.54,1.49,1.37,-3.97,-2.01,-4.27,16609613
527041,0.18,1.00,0.05,-4.85,-2.35,-4.43,-0.55,1.50,1.36,-5.55,-4.73,-2.14,16608792
527053,0.18,1.02,0.05,-4.00,-2.56,-3.48,-0.55,1.48,1.32,-6.23,-6.65,-3.75,16608900
527065,0.16,1.04,0.05,-1.71,-1.56,-3.81,-0.56,1.48,1.30,-4.79,-5.65,-3.57,16607304
527076,0.14,1.06,0.05,0.67,0.92,-3.72,-0.56,1.48,1.31,-5.40,-3.94,-5.62,16608985
527088,0.13,1.06,0.05,1.74,2.17,-3.72,-0.53,1.50,1.34,-5.49,-2.84,-5.74,16609507
527099,0.12,1.04,0.05,0.82,3.23,-2.04,-0.54,1.50,1.38,-6.44,0.92,-7.63,16610171
527112,0.12,1.03,0.05,0.06,4.52,-1.65,-0.57,1.51,1.36,-7.93,2.81,-6.20,16609397
527123,0.12,1.02,0.05,-0.46,5.00,-2.32,-0.58,1.53,1.34,-8.18,4.46,-6.59,16610691
527135,0.13,1.02,0.05,-1.01,5.83,-3.05,-0.60,1.53,1.33,-5.89,1.40,-6.35,16610421
527147,0.14,1.02,0.06,-1.59,5.52,-3.39,-0.58,1.52,1.34,-5.71,0.79,-7.20,16611256
527159,0.16,1.01,0.06,-2.53,4.24,-3.91,-0.56,1.52,1.38,-5.86,2.04,-9.28,16610270
527170,0.18,1.01,0.06,-4.03,2.20,-3.72,-0.59,1.52,1.36,-6.47,1.71,-8.15,16610032
527181,0.19,1.01,0.06,-4.00,1.37,-4.85,-0.61,1.51,1.34,-6.62,-1.56,-8.33,16611348
527194,0.18,1.03,0.06,-3.48,1.65,-5.89,-0.62,1.52,1.35,-7.26,-6.93,-9.25,16611755
527205,0.17,1.05,0.06,-1.98,1.77,-4.36,-0.58,1.51,1.33,-7.75,-9.43,-7.72,16612776
527217,0.17,1.05,0.06,-1.46,1.10,-5.62,-0.53,1.52,1.33,-4.67,-11.02,-6.16,16616004
527228,0.17,1.05,0.07,-0.24,-0.55,-2.69,-0.47,1.51,1.33,-4.33,-10.93,-2.99,16614579
527241,0.16,1.03,0.06,-1.53,-1.13,-0.98,-0.47,1.50,1.36,-5.83,-2.47,-0.34,16610724
527252,0.14,1.02,0.06,-2.38,-0.64,1.46,-0.51,1.46,1.34,-6.47,3.27,-2.11,16609692
527264,0.12,1.00,0.06,-3.57,1.25,1.95,-0.57,1.48,1.33,-7.23,4.82,-1.65,16609471
527276,0.12,0.99,0.06,-4.67,2.90,-0.52,-0.58,1.48,1.31,-7.51,-1.28,-3.14,16609119
527288,0.12,0.99,0.06,-5.00,3.63,-1.65,-0.58,1.48,1.31,-6.59,-7.42,-4.67,16609654
527299,0.13,1.01,0.06,-3.88,3.63,-2.81,-0.57,1.49,1.28,-6.07,-7.54,-6.74,16609579
527310,0.15,1.02,0.07,-3.14,2.75,-3.75,-0.52,1.50,1.32,-6.04,-4.43,-8.54,16607857
527323,0.16,1.02,0.07,-2.20,1.89,-3.30,-0.53,1.49,1.31,-3.81,-0.09,-8.30,16607614
527334,0.16,1.02,0.07,-1.86,1.40,-3.05,-0.54,1.48,1.32,-2.38,-2.66,-7.42,16609003
527346,0.15,1.02,0.07,-1.80,1.46,-2.41,-0.54,1.48,1.30,-0.95,0.95,-6.23,16611461
527357,0.14,1.02,0.07,-1.50,2.87,-1.71,-0.53,1.46,1.28,-0.61,4.39,-6.23,16610556
527370,0.13,1.02,0.07,-0.85,4.12,-1.98,-0.55,1.47,1.31,-0.12,3.72,-5.95,16611296
527381,0.13,1.02,0.06,-0.03,4.70,-1.43,-0.54,1.46,1.35,1.92,2.72,-5.80,16612008
527393,0.13,1.02,0.06,-0.09,4.21,-0.79,-0.54,1.48,1.35,-0.18,3.27,-7.35,16609664
527405,0.14,1.00,0.06,-1.89,5.10,-2.53,-0.58,1.49,1.33,0.79,1.89,-8.73,16608924
527416,0.14,0.99,0.06,-4.18,6.01,-3.36,-0.61,1.50,1.31,0.67,0.82,-8.85,16611308
527428,0.14,0.98,0.06,-5.83,6.44,-4.64,-0.56,1.50,1.30,1.77,-6.04,-7.54,16608119
527439,0.16,0.99,0.07,-5.43,4.61,-3.30,-0.55,1.52,1.33,2.87,-6.29,-9.25,16607421
527452,0.18,1.01,0.07,-3.94,2.81,-1.59,-0.51,1.53,1.34,2.78,-1.80,-8.94,16607822
527463,0.20,1.03,0.07,-2.87,0.12,-1.74,-0.52,1.49,1.33,4.49,1.77,-9.19,16609106
527475,0.20,1.04,0.07,-2.20,-2.14,-1.80,-0.53,1.49,1.36,3.75,4.06,-8.00,16609788
527486,0.19,1.03,0.06,-2.44,-3.42,-1.92,-0.54,1.50,1.36,2.78,1.31,-5.74,16611383
527499,0.16,1.03,0.06,-2.29,-3.02,-1.37,-0.53,1.49,1.33,2.69,-2.75,-3.14,16611540
527510,0.13,1.04,0.06,-0.79,-0.70,0.03,-0.51,1.49,1.30,1.31,-1.01,-3.36,16609675
527521,0.10,1.04,0.06,0.21,2.44,0.21,-0.54,1.48,1.33,2.84,5.00,-4.36,16610249
527534,0.09,1.04,0.05,0.15,5.28,1.71,-0.58,1.49,1.35,3.48,6.53,-6.74,16608367
527545,0.09,1.03,0.05,-0.24,7.93,0.03,-0.63,1.49,1.36,1.62,3.36,-10.62,16607694
527557,0.10,1.03,0.04,-1.74,9.43,1.37,-0.60,1.49,1.37,-0.89,1.68,-13.79,16609606
527568,0.12,1.02,0.04,-2.20,9.43,1.25,-0.58,1.48,1.35,-3.08,2.47,-15.84,16608983
527581,0.14,1.02,0.04,-1.95,7.97,2.04,-0.54,1.49,1.33,-3.97,4.97,-15.96,16611468
527592,0.17,1.02,0.04,-2.35,5.40,2.11,-0.53,1.47,1.35,-3.45,12.91,-16.27,16610669
527604,0.18,1.01,0.04,-2.96,3.48,0.64,-0.54,1.47,1.37,-4.97,13.67,-14.28,16609829
527616,0.18,1.00,0.05,-4.55,1.71,0.49,-0.56,1.48,1.37,-4.49,11.14,-10.99,16610081
527627,0.17,0.98,0.05,-6.32,1.80,-0.55,-0.59,1.50,1.34,-5.71,6.41,-8.45,16611825
527639,0.15,0.98,0.05,-7.32,2.35,-0.27,-0.58,1.50,1.32,-4.43,-0.98,-5.77,16611325
527650,0.14,1.01,0.06,-5.04,2.96,-0.15,-0.58,1.51,1.28,-1.46,-3.11,-4.58,16608530
527663,0.14,1.03,0.07,-2.23,2.72,-0.89,-0.58,1.52,1.28,-0.06,-5.49,-3.81,16609129
527674,0.16,1.05,0.07,-0.98,1.37,-0.73,-0.57,1.52,1.34,2.59,-8.76,-3.20,16612726
527686,0.17,1.05,0.08,-0.24,-0.37,-3.72,-0.61,1.52,1.32,3.54,-10.93,-4.43,16610252
527697,0.18,1.05,0.07,0.43,-0.70,-6.35,-0.60,1.52,1.32,4.24,-17.00,-6.32,16609428
527710,0.17,1.04,0.07,0.82,-0.92,-7.23,-0.54,1.50,1.35,3.39,-17.64,-6.50,16609158
527721,0.15,1.03,0.06,0.21,-0.24,-5.65,-0.47,1.50,1.36,2.41,-10.01,-6.65,16609721
527732,0.13,1.01,0.06,-2.11,1.16,-2.47,-0.46,1.51,1.40,0.31,3.17,-4.27,16611136
527745,0.10,0.99,0.05,-5.00,3.27,-0.82,-0.50,1.49,1.37,-3.36,10.28,-4.70,16609848
527756,0.08,0.98,0.05,-6.99,5.34,-0.82,-0.51,1.50,1.35,-6.32,10.89,-4.43,16611673
527768,0.08,0.99,0.04,-7.75,6.77,2.20,-0.52,1.50,1.34,-7.48,12.54,-4.30,16610904
527779,0.09,1.00,0.05,-7.54,7.02,2.44,-0.57,1.49,1.31,-6.99,11.44,-6.38,16610344
527792,0.12,1.04,0.05,-3.02,6.71,0.95,-0.59,1.47,1.27,-5.28,3.72,-8.03,16611036
527803,0.15,1.07,0.06,1.13,5.77,-1.19,-0.61,1.47,1.28,-4.03,1.74,-9.19,16606789
527815,0.17,1.08,0.06,2.44,3.66,0.58,-0.56,1.48,1.30,-2.38,-4.55,-9.46,16604380
527826,0.18,1.07,0.07,4.09,1.37,0.21,-0.54,1.48,1.32,-2.35,-2.59,-8.64,16609635
527838,0.19,1.04,0.06,3.36,-0.27,-0.73,-0.51,1.47,1.35,-5.49,-2.90,-6.65,16612053
527850,0.17,1.01,0.06,0.95,-1.13,-0.70,-0.50,1.46,1.32,-4.97,1.37,-3.17,16611729
527861,0.15,0.98,0.06,-1.46,-0.12,0.52,-0.51,1.44,1.30,-2.44,5.86,-0.85,16611784
527874,0.13,0.95,0.07,-3.33,1.25,0.52,-0.53,1.46,1.27,-1.25,9.34,-0.18,16610867
527885,0.12,0.94,0.07,-5.89,2.96,0.64,-0.55,1.45,1.24,1.50,11.51,0.61,16610835
527897,0.12,0.93,0.08,-6.68,2.59,-0.55,-0.57,1.47,1.29,3.75,8.12,0.06,16610743
527908,0.15,0.95,0.08,-7.11,1.59,-3.75,-0.57,1.44,1.27,8.64,1.16,1.37,16611554
527921,0.16,0.98,0.08,-4.49,-0.40,-4.30,-0.57,1.46,1.26,10.13,-4.52,2.84,16608851
527932,0.16,1.05,0.08,1.07,-0.70,-1.98,-0.56,1.46,1.25,13.67,-6.74,2.84,16606534
527943,0.14,1.13,0.07,11.90,1.34,1.22,-0.55,1.51,1.31,12.18,2.66,1.01,16610926
527955,0.14,1.19,0.06,18.65,3.69,-7.02,-0.62,1.54,1.35,10.22,7.05,-3.20,16616823
527967,0.14,1.23,0.05,23.80,4.55,-4.58,-0.61,1.59,1.41,5.95,4.00,-8.21,16624275
527979,0.15,1.19,0.03,22.92,3.33,-1.74,-0.58,1.62,1.51,0.06,1.01,-13.28,16629789
527990,0.17,1.10,0.01,15.17,1.10,-3.60,-0.53,1.61,1.57,-10.53,6.29,-12.42,16638590
528003,0.17,1.03,-0.00,7.45,-0.18,-2.17,-0.56,1.59,1.51,-15.84,8.91,-13.61,16643913
528014,0.17,1.01,-0.01,4.76,-0.55,-2.62,-0.59,1.60,1.44,-23.96,8.91,-13.34,16646698
528026,0.15,1.03,-0.00,2.47,1.46,-2.87,-0.66,1.60,1.40,-26.70,9.49,-15.32,16647702
528037,0.12,1.06,0.00,5.25,4.64,-1.43,-0.62,1.59,1.38,-28.08,1.25,-17.06,16651387
528050,0.09,1.10,0.01,7.93,7.32,1.74,-0.58,1.57,1.35,-27.98,-3.08,-15.93,16655191
528061,0.08,1.12,0.01,10.93,9.40,3.45,-0.54,1.54,1.35,-28.29,2.69,-15.50,16656849
528072,0.08,1.12,0.01,12.70,10.86,3.63,-0.53,1.52,1.33,-27.71,4.39,-14.01,16657785
528084,0.08,1.09,0.02,12.91,11.20,2.96,-0.50,1.51,1.35,-27.71,6.20,-12.45,16659168
528096,0.08,1.06,0.02,12.94,11.44,1.37,-0.46,1.47,1.31,-28.17,10.31,-9.16,16659122
528108,0.09,1.07,0.02,13.52,9.58,3.72,-0.47,1.44,1.34,-32.14,14.77,-4.24,16657197
528119,0.12,1.05,0.02,13.73,7.39,-0.58,-0.51,1.47,1.38,-34.27,16.30,-0.73,16651264
528132,0.13,1.02,0.02,13.46,6.59,-1.07,-0.55,1.47,1.32,-33.69,10.71,-0.52,16649921
528143,0.14,1.01,0.01,12.82,5.13,-0.64,-0.55,1.46,1.38,-37.81,3.51,1.62,16654168
528155,0.15,1.00,0.00,11.44,4.15,0.67,-0.54,1.43,1.36,-37.29,-0.03,0.40,16658067
528166,0.16,0.96,0.01,8.85,2.66,-1.25,-0.51,1.41,1.31,-36.96,-6.90,-0.06,16658700
528178,0.16,0.93,0.01,4.97,1.68,-3.36,-0.49,1.43,1.28,-36.25,-3.51,3.20,16658072
528190,0.16,0.91,0.02,2.08,2.50,-1.37,-0.54,1.42,1.27,-31.80,2.87,1.50,16657093
528201,0.15,0.90,0.03,-0.73,3.81,0.64,-0.60,1.41,1.24,-27.53,8.45,-0.40,16656350
528214,0.16,0.89,0.04,-2.66,3.02,1.13,-0.56,1.42,1.21,-22.58,4.12,-0.89,16656800
528225,0.22,0.89,0.07,-3.36,-3.33,0.12,-0.50,1.43,1.18,-11.57,-3.23,5.10,16657184
528237,0.27,0.90,0.09,-1.89,-9.61,-0.82,-0.52,1.45,1.14,0.40,-1.19,9.92,16659332
528248,0.29,0.94,0.09,1.31,-11.11,-8.21,-0.61,1.44,1.19,7.14,10.10,6.99,16661323
528261,0.25,0.96,0.08,3.54,-11.17,-5.07,-0.63,1.41,1.28,13.12,6.10,3.20,16662975
528272,0.19,0.94,0.06,-0.31,-7.84,-4.09,-0.61,1.45,1.37,12.45,4.94,1.89,16662078
528283,0.15,0.91,0.03,-6.16,-4.79,-4.33,-0.57,1.43,1.37,12.24,3.08,0.67,16663463
528295,0.12,0.92,0.02,-7.35,-1.40,-2.17,-0.58,1.38,1.31,13.00,7.11,0.49,16663473
528307,0.09,0.96,0.02,-4.79,2.11,-1.53,-0.59,1.39,1.26,15.66,6.62,2.44,16662564
528319,0.08,1.00,0.01,-1.43,5.89,-1.19,-0.60,1.38,1.23,20.26,6.16,2.14,16660430
528330,0.09,1.04,0.01,4.15,8.64,-2.93,-0.60,1.40,1.31,19.44,9.37,0.12,16661417
528343,0.11,1.07,-0.00,8.58,8.54,-2.56,-0.59,1.41,1.36,19.17,9.77,-4.73,16663165
528354,0.14,1.06,-0.02,8.70,7.17,-3.72,-0.52,1.48,1.46,13.49,14.40,-4.64,16663513
528366,0.15,1.05,-0.03,7.66,5.68,-1.19,-0.55,1.47,1.46,8.91,24.05,-5.58,16663411
528377,0.16,1.03,-0.05,5.52,4.18,-1.37,-0.60,1.47,1.47,0.37,22.74,-5.40,16663497
528390,0.17,1.02,-0.06,3.69,2.35,-1.98,-0.58,1.48,1.48,-6.20,16.69,-6.56,16661289
528401,0.18,1.02,-0.07,3.05,0.46,-1.71,-0.56,1.49,1.48,-10.19,10.65,-5.83,16659964
528412,0.18,1.02,-0.07,1.37,-1.04,-1.80,-0.61,1.51,1.47,-14.80,11.60,-7.78,16663613
528424,0.19,1.01,-0.07,-0.27,-2.84,-2.75,-0.62,1.51,1.47,-18.13,5.62,-7.57,16666669
528436,0.20,1.02,-0.07,-1.83,-4.21,-5.28,-0.65,1.51,1.41,-17.97,-2.20,-7.39,16669721
528448,0.19,1.04,-0.05,0.46,-3.60,-8.79,-0.70,1.51,1.28,-14.19,-13.76,-6.59,16670375
528459,0.15,1.09,-0.04,7.66,-1.46,-7.60,-0.60,1.46,1.16,-6.29,-26.61,-5.40,16672041
528472,0.11,1.11,0.01,16.48,5.00,-8.24,-0.71,1.55,1.36,-5.98,-10.89,-6.81,16669188
528483,0.07,1.10,0.00,16.82,9.19,-7.54,-0.53,1.60,1.29,-2.14,-12.63,-9.77,16670177
528494,0.09,1.09,-0.00,8.51,7.90,-5.16,-0.50,1.58,1.35,0.37,1.34,-3.05,16673670
528506,0.14,1.06,0.01,10.13,6.53,-7.20,-0.54,1.56,1.38,-0.70,12.45,-3.45,16675376
528518,0.17,1.07,0.01,13.98,2.26,-6.74,-0.61,1.54,1.31,-0.03,12.94,-10.77,16679083
528530,0.20,1.07,-0.00,11.05,0.55,-10.01,-0.60,1.58,1.36,-2.29,13.98,-8.51,16684566
528541,0.19,1.06,-0.02,10.83,-0.40,-8.24,-0.57,1.53,1.39,-2.50,5.37,-13.09,16686093
528553,0.17,1.05,-0.03,11.60,-0.95,-4.27,-0.51,1.50,1.45,-8.76,-1.07,-11.05,16687702
528565,0.14,1.04,-0.05,11.32,-0.37,-2.56,-0.51,1.47,1.39,-11.90,-2.32,-8.24,16689319
528577,0.12,1.06,-0.06,11.23,-0.85,4.46,-0.52,1.46,1.37,-16.57,0.92,-6.16,16688498
528588,0.11,1.04,-0.04,11.20,-0.09,-0.67,-0.51,1.51,1.35,-16.57,-1.86,-3.91,16695766
528601,0.09,1.05,-0.04,13.24,1.74,4.55,-0.60,1.56,1.36,-19.65,12.94,-7.48,16703430
528612,0.11,1.05,-0.04,11.78,1.37,1.28,-0.56,1.54,1.37,-20.17,10.96,-9.19,16711980
528623,0.14,1.04,-0.05,11.69,-0.89,-0.89,-0.59,1.50,1.41,-20.48,9.61,-13.15,16719136
528635,0.18,1.02,-0.05,10.53,-3.60,-2.96,-0.55,1.50,1.44,-22.19,4.09,-12.82,16725043
528647,0.17,1.03,-0.06,10.93,-5.13,1.86,-0.55,1.47,1.37,-25.02,10.62,-14.83,16730502
528659,0.18,1.03,-0.05,12.21,-5.98,-2.04,-0.56,1.43,1.29,-22.22,11.20,-13.76,16736209
528670,0.19,1.03,-0.03,12.97,-8.42,-3.88,-0.58,1.47,1.24,-14.22,7.51,-12.91,16739397
528683,0.20,1.06,-0.02,19.35,-9.37,-9.80,-0.63,1.48,1.19,-4.76,1.98,-13.40,16749618
528694,0.16,1.09,-0.01,22.49,-6.23,-6.74,-0.65,1.48,1.23,0.03,-1.28,-12.02,16762207
528706,0.10,1.12,-0.01,30.40,-1.37,-5.10,-0.55,1.41,1.18,9.49,-9.06,-12.70,16773380
528717,0.06,1.14,-0.01,35.86,3.39,-0.06,-0.58,1.49,1.27,8.76,4.79,-12.02,6947
528729,0.06,1.16,-0.01,42.79,4.97,0.43,-0.48,1.50,1.22,18.92,2.08,-15.20,17258
528741,0.08,1.17,-0.02,48.13,3.42,3.63,-0.52,1.49,1.29,21.24,18.89,-12.76,28829
528752,0.11,1.15,-0.04,49.93,2.01,2.11,-0.59,1.50,1.37,20.94,23.28,-12.48,38930
528764,0.14,1.13,-0.08,50.17,2.41,-7.60,-0.65,1.47,1.40,16.08,17.70,-18.86,43869
528776,0.15,1.13,-0.09,56.15,0.09,-5.34,-0.58,1.39,1.40,14.62,17.67,-14.95,53032
528788,0.09,1.11,-0.12,54.26,4.43,-1.01,-0.59,1.42,1.34,18.28,-3.69,-15.59,59438
528799,0.07,1.13,-0.11,65.61,6.04,1.19,-0.58,1.40,1.25,12.66,19.62,-13.70,66258
528811,0.06,1.13,-0.12,69.27,10.56,-6.47,-0.67,1.42,1.28,15.26,14.53,-14.07,76616
528823,0.06,1.12,-0.12,70.95,13.64,-2.75,-0.67,1.41,1.20,22.16,-5.86,-16.30,88213
528834,0.08,1.13,-0.11,80.44,15.29,-3.08,-0.65,1.47,1.30,24.69,3.33,-17.58,97016
528846,0.08,1.08,-0.15,73.97,17.64,-5.71,-0.69,1.53,1.40,27.89,-4.09,-18.07,107985
528858,0.10,1.03,-0.17,74.43,18.25,-1.13,-0.61,1.52,1.45,26.49,-1.25,-24.29,122114
528870,0.15,0.97,-0.21,69.43,12.66,-1.31,-0.58,1.54,1.53,13.52,4.27,-21.39,133545
528881,0.24,0.93,-0.23,63.69,2.01,-2.11,-0.46,1.56,1.59,2.08,-7.17,-14.74,143533
528893,0.28,0.90,-0.26,57.86,-7.08,2.26,-0.49,1.54,1.44,-1.01,5.89,-4.09,152946
528905,0.31,0.89,-0.26,59.14,-15.81,-3.69,-0.58,1.44,1.35,0.70,9.95,-0.12,164190
528917,0.27,0.89,-0.26,56.98,-14.86,-4.00,-0.70,1.40,1.25,6.04,0.43,4.09,172056
528928,0.17,0.90,-0.25,55.94,-9.19,3.08,-0.74,1.36,1.19,13.85,-11.51,0.95,173515
528940,0.11,0.89,-0.24,54.26,-3.14,4.03,-0.73,1.42,1.15,18.34,-16.08,-5.13,180615
528952,0.10,0.88,-0.24,53.71,2.90,-2.14,-0.76,1.51,1.21,24.69,-15.35,-12.85,192440
528963,0.06,0.88,-0.26,52.70,9.43,-3.20,-0.73,1.47,1.26,32.50,-20.63,-19.41,201130
528975,0.05,0.88,-0.28,48.89,13.49,-4.00,-0.67,1.51,1.33,27.92,-29.39,-22.83,208169
528987,0.07,0.90,-0.29,50.57,14.62,-4.33,-0.51,1.46,1.29,30.67,-22.80,-16.63,214904
528999,0.06,0.90,-0.30,53.25,17.67,2.14,-0.44,1.46,1.31,30.15,1.10,-13.79,220958
529010,0.07,0.92,-0.32,52.28,16.42,6.50,-0.56,1.37,1.24,29.05,30.94,-16.60,223163
529022,0.15,0.96,-0.32,60.09,10.59,-1.86,-0.50,1.31,1.15,36.25,27.37,-13.28,232536
529034,0.18,1.04,-0.31,74.62,7.87,-3.42,-0.53,1.25,1.07,47.06,19.93,-3.17,239297
529045,0.11,1.10,-0.30,89.32,12.70,5.16,-0.61,1.23,1.06,58.75,22.49,2.01,237572
529057,0.03,1.10,-0.31,92.35,17.97,12.51,-0.51,1.28,1.24,59.48,7.14,3.14,237054
529069,0.05,0.99,-0.33,91.80,19.32,9.25,-0.53,1.48,1.42,48.65,4.49,5.43,239737
529081,0.12,0.87,-0.37,86.55,12.94,3.91,-0.56,1.59,1.52,36.01,-5.22,7.14,253108
529092,0.21,0.75,-0.43,72.54,3.81,5.37,-0.59,1.60,1.54,27.25,-2.08,4.03,273037
529104,0.30,0.66,-0.48,62.01,-6.93,-1.37,-0.70,1.60,1.54,19.65,2.69,-2.59,291870
529116,0.37,0.62,-0.52,54.93,-18.68,-10.80,-0.67,1.54,1.50,14.13,-13.06,-8.97,308320
529128,0.32,0.59,-0.52,45.35,-16.91,-10.86,-0.72,1.57,1.29,2.23,-24.57,-7.87,316889
529139,0.20,0.61,-0.51,43.67,-8.58,-2.75,-0.74,1.52,1.10,0.98,-28.84,-5.46,319177
529150,0.05,0.71,-0.49,43.46,5.43,0.82,-0.70,1.40,0.99,18.07,-31.31,-1.68,319855
529163,-0.05,0.82,-0.45,53.07,19.01,0.61,-0.61,1.33,1.01,36.50,-34.45,-0.31,318029
529174,-0.06,0.93,-0.44,68.97,28.11,-2.53,-0.58,1.34,1.11,48.28,-14.77,-1.74,312268
529186,-0.05,0.96,-0.46,67.69,34.18,-3.51,-0.51,1.51,1.28,46.20,11.38,-3.36,314968
529198,0.00,0.90,-0.48,71.50,34.12,-0.03,-0.40,1.63,1.45,38.82,17.15,-4.73,326966
529210,0.11,0.78,-0.53,62.74,25.42,2.81,-0.32,1.75,1.52,29.14,52.43,-1.25,345898
529221,0.25,0.68,-0.57,51.73,10.65,2.66,-0.49,1.80,1.57,17.67,82.49,-2.38,366625
529233,0.38,0.59,-0.62,39.43,-3.48,0.03,-0.67,1.72,1.56,5.86,58.90,-1.22,381477
529245,0.45,0.58,-0.65,34.85,-15.35,-2.23,-0.92,1.62,1.40,1.95,10.35,-5.74,395305
529256,0.43,0.60,-0.66,32.17,-19.29,-2.04,-0.97,1.61,1.29,-5.74,-53.47,-13.95,406310
529268,0.34,0.64,-0.65,32.59,-17.30,-4.24,-0.80,1.50,1.18,-11.47,-94.64,-13.73,407763
529280,0.21,0.71,-0.62,34.18,-10.62,-3.54,-0.66,1.49,1.10,-1.98,-90.82,-9.22,408537
529292,0.10,0.82,-0.59,42.66,-4.18,-3.05,-0.40,1.43,1.09,7.66,-83.80,-4.24,406821
529303,0.01,0.86,-0.56,55.82,9.19,-4.49,-0.40,1.49,1.07,17.55,-26.76,6.01,407483
529315,-0.06,0.85,-0.56,55.57,18.43,-1.98,-0.43,1.55,1.23,19.74,21.48,6.44,414849
529327,-0.06,0.78,-0.59,50.48,25.27,-1.28,-0.45,1.55,1.31,18.77,60.21,8.82,431695
529339,-0.02,0.69,-0.62,43.49,27.62,4.15,-0.52,1.60,1.33,11.44,84.96,-0.21,445008
529350,0.08,0.64,-0.65,40.59,22.92,5.22,-0.62,1.62,1.35,9.43,91.58,-10.80,458237
529361,0.22,0.62,-0.68,36.47,13.49,4.12,-0.76,1.63,1.40,2.08,67.38,-19.41,471614
529374,0.31,0.64,-0.70,35.40,3.36,3.88,-0.78,1.62,1.37,-6.16,17.70,-22.13,477572
529385,0.35,0.67,-0.70,39.18,-5.10,1.07,-0.71,1.61,1.31,-9.89,-25.67,-19.93,478788
529397,0.34,0.72,-0.70,45.20,-9.31,-2.01,-0.72,1.55,1.25,-19.99,-43.09,-14.62,482929
529409,0.29,0.78,-0.68,52.49,-8.70,-8.58,-0.65,1.55,1.14,-24.63,-57.56,-5.77,489828
529421,0.16,0.83,-0.66,61.80,-1.01,-10.96,-0.59,1.55,1.09,-24.05,-43.46,4.76,496006
529432,0.04,0.84,-0.65,62.71,10.28,-9.22,-0.45,1.58,1.16,-12.08,-9.86,7.87,511590
529444,-0.04,0.79,-0.65,62.77,17.55,-7.63,-0.35,1.68,1.23,-7.87,29.51,8.36,538447
529456,-0.04,0.73,-0.67,62.26,22.71,-7.26,-0.38,1.77,1.35,-4.94,63.51,6.59,572513
529467,-0.01,0.64,-0.71,53.74,22.37,0.12,-0.50,1.81,1.41,-11.35,79.07,3.51,607266
529479,0.08,0.57,-0.75,44.98,18.59,3.81,-0.60,1.81,1.38,-14.80,67.38,-5.13,636615
529490,0.20,0.56,-0.75,40.01,11.20,6.32,-0.73,1.75,1.19,-12.94,44.25,-10.77,662399
529503,0.30,0.62,-0.72,42.54,2.78,6.65,-0.83,1.71,1.07,-5.13,6.38,-19.93,683833
529514,0.34,0.69,-0.69,48.25,-1.83,9.12,-0.81,1.66,0.94,-0.95,-18.68,-27.16,705200
529526,0.33,0.73,-0.65,49.99,-2.90,14.25,-0.73,1.62,0.92,12.05,-34.67,-31.25,727788
529538,0.29,0.76,-0.62,56.27,-2.69,13.67,-0.66,1.52,1.00,31.80,-28.90,-30.76,744853
529550,0.26,0.72,-0.62,59.72,1.25,10.59,-0.61,1.48,1.08,45.17,-9.83,-29.21,758391
529561,0.16,0.63,-0.66,53.50,10.86,6.10,-0.79,1.57,1.30,46.51,9.98,-35.37,772671
529572,0.06,0.50,-0.73,46.20,23.96,-4.49,-0.63,1.59,1.47,30.79,40.16,-44.77,786629
529585,-0.08,0.39,-0.82,40.16,39.67,-6.74,-0.45,1.51,1.72,7.57,74.40,-41.69,796364
529596,-0.21,0.32,-0.92,33.60,52.73,-5.37,-0.30,1.35,1.87,-25.79,113.89,-33.39,789672
529608,-0.26,0.27,-0.97,31.74,57.74,-2.90,-0.18,1.24,1.94,-62.71,131.59,-13.73,772663
529619,-0.19,0.25,-1.00,34.33,54.84,-3.48,-0.27,1.15,1.80,-94.36,141.85,6.35,749937
529632,-0.06,0.26,-0.99,34.58,48.00,-1.98,-0.58,1.12,1.62,-118.16,116.67,19.87,734316
529643,0.10,0.28,-0.95,41.75,35.22,-4.76,-0.72,1.10,1.44,-124.66,50.23,20.32,722769
529655,0.25,0.25,-0.91,38.67,23.35,-9.34,-0.68,1.22,1.48,-136.72,12.08,21.00,711911
529667,0.33,0.22,-0.87,35.06,14.31,-5.86,-0.63,1.29,1.34,-138.82,5.37,22.40,700780
529678,0.42,0.19,-0.80,27.71,4.03,-5.55,-0.53,1.18,1.09,-122.53,4.61,28.14,691317
529690,0.51,0.17,-0.72,20.11,-7.84,-0.15,-0.65,1.16,0.91,-104.25,14.71,31.89,673407
529701,0.55,0.14,-0.63,8.21,-14.31,10.13,-1.03,1.18,0.76,-73.85,7.20,26.00,650742
529714,0.60,0.15,-0.56,2.29,-17.76,2.84,-1.02,1.11,0.77,-41.93,-10.38,9.31,616715
529725,0.56,0.20,-0.51,-0.12,-15.47,-1.28,-0.99,1.11,0.84,-17.43,-13.31,0.67,578201
529737,0.46,0.28,-0.50,-0.52,-9.12,-2.53,-0.83,1.16,0.86,4.33,-14.04,1.50,546534
529748,0.38,0.35,-0.51,1.86,-4.21,-8.82,-0.69,1.26,0.99,22.80,-1.83,8.15,522204
529761,0.29,0.38,-0.54,2.44,-0.52,-11.23,-0.50,1.39,1.19,30.85,10.86,24.78,506046
529772,0.22,0.36,-0.59,-1.89,0.95,-11.38,-0.51,1.38,1.31,36.44,22.06,40.59,492305
529783,0.19,0.32,-0.65,-7.78,0.46,-8.12,-0.60,1.45,1.34,36.71,9.95,51.70,474788
529796,0.22,0.31,-0.69,-11.26,-2.66,-9.16,-0.68,1.51,1.29,37.48,-14.83,56.00,452938
529807,0.28,0.36,-0.73,-9.80,-8.54,-7.48,-0.69,1.56,1.31,38.45,-45.17,53.28,434317
529819,0.33,0.45,-0.77,-3.66,-13.95,-7.60,-0.66,1.69,1.37,34.55,-56.03,45.44,420309
529830,0.34,0.53,-0.84,1.68,-17.15,-2.38,-0.61,1.83,1.44,28.81,-52.12,36.01,410647
529843,0.31,0.57,-0.90,4.06,-17.33,4.06,-0.63,1.94,1.52,19.23,-39.15,25.94,406735
529854,0.28,0.55,-0.96,2.78,-16.20,6.81,-0.67,1.90,1.55,8.12,-29.17,13.64,397812
529866,0.24,0.51,-0.99,0.76,-14.19,9.03,-0.60,1.71,1.49,-0.61,-23.90,3.17,384240
529878,0.22,0.46,-0.99,-2.99,-12.42,7.84,-0.57,1.67,1.47,-7.23,-13.21,-1.50,365212
529890,0.19,0.44,-0.99,-5.16,-8.76,3.20,-0.68,1.66,1.41,-8.76,-23.71,-3.30,343743
529901,0.14,0.43,-0.98,-5.49,-1.43,-2.04,-0.70,1.72,1.38,-18.77,-27.74,-9.09,322725
529912,0.08,0.46,-0.97,-5.46,6.26,-5.16,-0.62,1.70,1.32,-22.61,-13.28,-13.12,307913
529925,0.05,0.52,-0.94,-1.92,11.75,-5.55,-0.52,1.67,1.19,-21.55,10.83,-13.92,298934
529936,0.08,0.57,-0.89,2.72,12.51,-5.19,-0.49,1.66,1.14,-17.46,27.95,-9.46,293769
529948,0.14,0.58,-0.85,3.33,8.82,-4.73,-0.50,1.64,1.14,-12.82,25.09,-4.06,290676
529959,0.20,0.56,-0.82,2.69,3.11,-1.80,-0.52,1.63,1.18,-9.22,6.74,-0.85,287941
529972,0.23,0.52,-0.80,-0.15,-0.85,2.59,-0.52,1.64,1.25,-5.71,-13.18,1.16,286110
529983,0.26,0.48,-0.80,-2.50,-8.09,5.62,-0.46,1.52,1.25,-3.66,-25.02,0.55,282855
529995,0.27,0.45,-0.79,-5.04,-11.54,10.53,-0.48,1.52,1.25,-3.91,-22.37,3.20,276317
530007,0.25,0.43,-0.80,-5.46,-12.79,14.10,-0.61,1.47,1.27,-5.34,-21.67,1.98,269882
530018,0.26,0.43,-0.80,-5.86,-13.03,11.20,-0.63,1.38,1.23,-9.12,-14.68,-4.58,263877
530030,0.24,0.45,-0.80,-1.50,-11.35,7.23,-0.65,1.41,1.25,-12.08,-10.83,-4.85,256683
530041,0.18,0.46,-0.79,0.55,-7.54,4.85,-0.53,1.37,1.28,-10.35,-1.53,-2.17,251432
530054,0.12,0.45,-0.79,0.73,-1.89,0.67,-0.54,1.44,1.28,-7.29,13.03,2.81,246464
530065,0.06,0.43,-0.79,-0.76,5.28,-2.26,-0.60,1.46,1.25,-5.28,12.54,6.62,242830
530077,0.04,0.41,-0.79,-2.59,9.40,-2.93,-0.54,1.46,1.27,0.15,11.90,5.25,239942
530088,0.08,0.38,-0.79,-6.07,9.83,-4.88,-0.53,1.48,1.29,-0.76,19.23,4.67,238790
530101,0.14,0.38,-0.79,-7.93,6.59,-3.14,-0.52,1.44,1.29,1.95,18.40,6.10,239711
530112,0.20,0.39,-0.79,-6.96,2.14,-1.31,-0.55,1.43,1.28,3.81,12.73,6.16,241083
530123,0.25,0.39,-0.79,-7.66,-1.86,-1.77,-0.63,1.48,1.28,2.62,2.35,2.81,238080
530136,0.27,0.40,-0.80,-8.94,-4.61,0.58,-0.65,1.52,1.28,3.39,-9.43,0.73,237172
530147,0.26,0.41,-0.80,-8.48,-6.10,1.34,-0.55,1.52,1.28,8.09,-17.30,2.26,238583
530159,0.23,0.45,-0.80,-7.14,-4.79,3.23,-0.64,1.48,1.26,8.48,-9.19,2.96,234532
530170,0.19,0.48,-0.80,-3.72,-0.85,1.71,-0.64,1.50,1.27,10.71,-9.46,2.59,225067
530183,0.16,0.49,-0.82,-1.74,3.51,-3.78,-0.61,1.55,1.34,9.16,-1.92,2.35,214878
530194,0.14,0.46,-0.84,-3.45,6.74,-7.72,-0.58,1.60,1.39,5.77,11.63,0.70,216217
530206,0.12,0.44,-0.86,-5.25,8.33,-6.32,-0.54,1.61,1.39,0.89,19.53,0.67,221203
530217,0.13,0.44,-0.87,-6.16,7.81,-4.15,-0.50,1.58,1.34,-0.82,26.15,3.42,220520
530229,0.17,0.44,-0.86,-5.80,4.82,-2.84,-0.54,1.57,1.33,-1.53,18.92,6.26,219337
530241,0.20,0.45,-0.85,-5.65,0.85,-2.53,-0.56,1.59,1.35,-3.78,2.41,7.45,217097
530252,0.23,0.47,-0.86,-4.00,-3.08,-1.65,-0.57,1.58,1.34,-8.39,-10.25,7.81,213253
530265,0.23,0.49,-0.86,-2.04,-5.00,0.37,-0.55,1.56,1.34,-10.83,-18.46,9.31,212235
530276,0.21,0.50,-0.86,0.03,-4.21,1.77,-0.54,1.54,1.28,-12.45,-16.30,8.36,213724
530288,0.18,0.50,-0.85,0.40,-1.92,0.95,-0.56,1.54,1.27,-14.47,-5.34,5.80,212970
530299,0.15,0.49,-0.84,0.98,1.74,-0.46,-0.61,1.55,1.23,-12.27,7.87,2.04,209984
530312,0.14,0.48,-0.84,0.09,5.98,-2.01,-0.60,1.54,1.24,-9.28,15.75,-2.11,205288
530323,0.14,0.47,-0.82,-0.73,8.33,-2.53,-0.58,1.54,1.23,-6.53,24.44,-3.27,202085
530334,0.16,0.46,-0.82,-1.10,8.12,-2.84,-0.55,1.56,1.29,-4.94,27.50,-4.73,201691
530347,0.19,0.45,-0.82,-2.35,6.26,-2.17,-0.56,1.55,1.32,-4.00,23.16,-4.73,198785
530358,0.22,0.44,-0.82,-3.08,3.33,-0.09,-0.56,1.55,1.31,-4.61,15.08,-4.61,196457
530370,0.24,0.44,-0.82,-4.03,-0.58,2.17,-0.61,1.51,1.28,-6.47,6.65,-4.94,197301
530381,0.26,0.44,-0.82,-4.43,-2.87,2.78,-0.67,1.47,1.26,-7.14,-6.59,-7.87,197226
530394,0.25,0.45,-0.82,-3.42,-2.38,3.81,-0.68,1.48,1.25,-5.98,-12.24,-12.30,194644
530405,0.23,0.46,-0.81,-2.14,-0.46,1.16,-0.60,1.48,1.23,-0.82,-7.20,-12.21,187159
530417,0.20,0.47,-0.81,0.15,2.81,-0.27,-0.55,1.49,1.30,0.52,9.74,-7.39,179656
530428,0.16,0.47,-0.81,0.73,4.67,0.40,-0.54,1.46,1.31,-0.27,20.66,-3.88,170347
530440,0.16,0.45,-0.81,-0.46,4.79,0.15,-0.57,1.50,1.32,-3.05,24.17,-1.92,169116
530452,0.16,0.42,-0.83,-1.92,4.52,-0.37,-0.63,1.50,1.39,-6.13,15.05,-1.53,171838
530463,0.19,0.40,-0.83,-2.93,2.11,-2.14,-0.55,1.47,1.35,-8.73,7.63,1.68,174970
530476,0.21,0.40,-0.83,-3.57,-0.64,-2.44,-0.58,1.48,1.32,-9.89,-0.82,2.96,171182
530487,0.21,0.40,-0.83,-4.43,-1.43,-1.86,-0.59,1.50,1.30,-10.50,-9.52,4.52,169699
530499,0.21,0.41,-0.82,-3.85,-1.40,-1.31,-0.59,1.48,1.24,-9.67,-7.69,2.62,167744
530510,0.20,0.42,-0.82,-4.30,-0.27,-2.81,-0.60,1.48,1.24,-11.23,1.31,1.19,165721
530523,0.18,0.43,-0.81,-4.24,1.31,-2.01,-0.60,1.45,1.24,-8.91,8.73,-0.52,163760
530534,0.18,0.44,-0.80,-2.90,2.35,-2.81,-0.55,1.43,1.24,-5.89,8.73,1.68,162109
530545,0.18,0.44,-0.79,-2.41,2.56,-3.33,-0.58,1.47,1.22,-3.81,12.51,4.61,154094
530557,0.18,0.44,-0.79,-3.27,2.72,-3.91,-0.60,1.52,1.26,-1.65,7.17,5.16,151690
530569,0.19,0.44,-0.79,-4.12,3.54,-3.57,-0.60,1.52,1.26,0.43,4.58,1.71,154565
530581,0.20,0.44,-0.80,-4.21,3.54,-3.66,-0.60,1.52,1.27,2.04,4.94,-0.46,152149
530592,0.20,0.44,-0.80,-4.55,2.75,-1.50,-0.57,1.52,1.27,2.66,7.26,-1.19,154627
530605,0.22,0.44,-0.81,-5.04,1.71,0.15,-0.58,1.52,1.29,4.03,10.74,-1.65,154163
530616,0.23,0.44,-0.81,-5.58,-0.52,0.70,-0.62,1.53,1.30,1.92,7.39,-2.62,153123
530628,0.24,0.45,-0.81,-4.67,-1.80,0.98,-0.63,1.49,1.29,2.81,0.21,-0.98,147898
530639,0.24,0.46,-0.81,-3.27,-2.26,-0.27,-0.66,1.48,1.27,1.59,-7.29,-2.01,145715
530651,0.22,0.46,-0.81,-2.59,-1.04,-1.92,-0.62,1.52,1.29,1.89,-10.28,-1.71,143081
530663,0.19,0.46,-0.82,-2.69,0.76,-2.47,-0.53,1.54,1.32,0.64,-6.38,0.31,137609
530674,0.16,0.46,-0.82,-3.42,1.71,-1.16,-0.51,1.55,1.31,0.03,6.26,4.03,139380
530686,0.16,0.45,-0.82,-3.45,1.25,-1.83,-0.54,1.55,1.30,0.15,8.67,6.35,142882
530698,0.17,0.44,-0.82,-4.33,1.01,-1.01,-0.58,1.53,1.29,0.61,5.83,7.69,144265
530710,0.18,0.44,-0.83,-4.70,0.31,-0.52,-0.62,1.54,1.30,-0.82,-1.13,6.29,143359
530721,0.19,0.45,-0.83,-3.78,-0.06,-0.24,-0.61,1.52,1.31,-1.13,-5.43,3.69,141750
530734,0.20,0.46,-0.83,-2.81,0.37,-0.70,-0.61,1.51,1.30,-2.26,-4.36,1.22,138423
530745,0.20,0.47,-0.84,-1.86,0.55,-1.46,-0.61,1.51,1.29,-3.51,-2.59,-1.83,136404
530756,0.20,0.48,-0.83,-0.43,0.76,-1.65,-0.59,1.53,1.31,-3.94,-0.03,-3.20,134443
530768,0.20,0.48,-0.84,-0.21,0.79,-1.68,-0.58,1.54,1.32,-4.82,6.29,-4.30,129616
530780,0.20,0.48,-0.84,0.76,0.79,-1.68,-0.57,1.55,1.33,-5.07,8.27,-6.32,131280
530792,0.19,0.48,-0.84,1.62,1.28,-1.83,-0.60,1.57,1.33,-6.84,5.52,-5.00,134775
530803,0.18,0.47,-0.85,0.70,1.71,-1.83,-0.60,1.58,1.34,-9.16,-0.21,-5.04,138461
530816,0.18,0.45,-0.85,-0.61,2.53,-1.34,-0.60,1.57,1.32,-10.13,-2.87,-3.97,141417
530827,0.17,0.44,-0.85,-1.46,3.30,-1.83,-0.60,1.55,1.31,-11.32,-3.08,-6.26,140663
530839,0.17,0.44,-0.85,-2.32,4.73,-2.44,-0.58,1.53,1.29,-11.29,5.19,-6.90,137232
530850,0.16,0.44,-0.84,-2.29,5.62,-1.07,-0.57,1.54,1.27,-12.73,11.51,-8.64,136192
530863,0.18,0.45,-0.83,-2.20,4.64,-0.18,-0.55,1.54,1.26,-11.38,13.43,-9.67,131502
530874,0.20,0.46,-0.82,-1.19,2.26,-0.18,-0.54,1.54,1.26,-10.38,11.38,-8.48,133524
530885,0.22,0.47,-0.82,-0.46,0.31,0.24,-0.57,1.52,1.28,-7.23,2.32,-5.46,136508
530897,0.21,0.48,-0.81,1.25,-0.03,1.07,-0.59,1.51,1.28,-7.39,-6.01,-4.76,136884
530909,0.19,0.48,-0.81,1.40,0.55,1.10,-0.59,1.52,1.28,-7.45,-11.66,-2.38,138797
530921,0.18,0.45,-0.81,-0.95,1.56,0.00,-0.56,1.53,1.28,-7.17,-6.99,-3.60,141950
530932,0.17,0.43,-0.81,-2.66,2.20,0.55,-0.53,1.52,1.29,-5.34,4.46,-2.66,140499
530945,0.17,0.43,-0.81,-3.23,2.59,0.52,-0.56,1.49,1.26,-3.78,10.83,-1.86,136524
530956,0.18,0.43,-0.81,-3.48,2.59,-0.46,-0.61,1.48,1.27,-4.21,11.23,-0.58,133399
530968,0.18,0.44,-0.81,-3.11,2.99,-2.14,-0.61,1.45,1.25,-2.75,5.34,-1.74,131298
530979,0.18,0.45,-0.80,-1.46,4.12,-2.99,-0.58,1.47,1.24,-1.34,2.44,-3.69,129484
530991,0.18,0.45,-0.80,-1.31,4.27,-1.95,-0.55,1.49,1.24,-0.61,5.52,-3.33,129059
531003,0.19,0.45,-0.80,-1.56,3.27,-0.95,-0.53,1.50,1.27,-1.16,5.92,-3.81,131607
531014,0.21,0.44,-0.80,-2.59,1.34,-0.70,-0.55,1.52,1.28,-2.47,7.69,-3.39,133855
531026,0.21,0.44,-0.80,-2.59,0.03,0.73,-0.57,1.49,1.28,-2.38,4.70,-2.14,136424
531038,0.20,0.44,-0.81,-2.66,0.18,1.25,-0.59,1.49,1.29,-2.23,2.50,-0.89,133993
531050,0.19,0.45,-0.81,-1.80,0.79,-0.21,-0.61,1.51,1.28,-1.40,-0.79,-0.73,133091
531061,0.18,0.45,-0.81,-2.01,1.80,-1.50,-0.61,1.53,1.28,0.85,-0.70,-1.34,130749
531074,0.18,0.44,-0.81,-2.81,2.56,-1.40,-0.56,1.53,1.31,0.73,1.25,-0.03,129220
531085,0.18,0.44,-0.82,-3.75,2.41,-1.40,-0.54,1.53,1.29,1.92,10.28,1.01,127978
531096,0.19,0.43,-0.82,-4.97,1.50,-1.07,-0.58,1.54,1.30,1.59,11.38,2.23,130081
531108,0.20,0.44,-0.82,-4.49,0.98,-1.13,-0.61,1.54,1.31,1.22,5.25,2.08,128027
531120,0.20,0.44,-0.83,-3.63,0.58,-1.16,-0.61,1.53,1.32,-0.58,-0.64,-0.31,125418
531132,0.21,0.44,-0.84,-4.12,0.52,-1.46,-0.59,1.53,1.34,-2.14,-1.95,-2.90,126685
531143,0.20,0.44,-0.84,-4.61,0.37,-0.70,-0.59,1.50,1.31,-4.58,-0.61,-5.07,126656
531155,0.19,0.45,-0.84,-4.12,0.95,0.55,-0.58,1.48,1.28,-4.39,2.44,-4.43,125072
531167,0.19,0.46,-0.83,-2.11,1.25,-0.70,-0.60,1.49,1.27,-3.85,4.30,-3.20,121289
531179,0.18,0.47,-0.82,-0.98,2.26,-1.16,-0.59,1.49,1.28,-3.39,4.21,-2.20,120688
531190,0.18,0.48,-0.82,0.92,2.69,-1.74,-0.58,1.50,1.29,-5.00,4.49,-0.43,117617
531202,0.18,0.48,-0.82,2.14,2.56,-1.92,-0.58,1.51,1.30,-3.60,3.51,0.82,119919
531214,0.19,0.47,-0.82,1.68,1.74,-2.75,-0.58,1.54,1.30,-4.52,1.01,1.74,121581
531225,0.20,0.45,-0.83,0.06,0.89,-2.11,-0.59,1.56,1.31,-4.52,-0.58,0.37,124595
531237,0.21,0.42,-0.83,-2.78,-0.37,-0.76,-0.59,1.56,1.30,-3.88,-4.58,-0.76,125765
531249,0.22,0.41,-0.83,-5.37,-1.19,-2.38,-0.59,1.53,1.28,-2.11,-4.43,-0.12,123244
531261,0.21,0.41,-0.82,-4.79,-2.14,-1.50,-0.54,1.52,1.29,-2.29,-5.55,0.21,120810
531272,0.20,0.43,-0.82,-4.70,-1.86,-0.52,-0.57,1.53,1.27,-2.29,-2.01,-0.09,119302
531284,0.20,0.45,-0.82,-4.70,-2.01,-0.15,-0.58,1.53,1.27,-1.62,-1.40,1.22,115146
531296,0.19,0.46,-0.81,-2.81,-1.83,0.24,-0.60,1.51,1.23,-0.49,-3.66,1.25,113941
531307,0.18,0.46,-0.81,-2.69,-0.52,-1.19,-0.62,1.52,1.28,0.03,-6.74,1.19,115212
531319,0.16,0.46,-0.82,-3.36,1.50,-0.67,-0.56,1.52,1.28,-0.12,-3.17,0.58,115108
531331,0.17,0.47,-0.82,-0.89,1.31,-1.22,-0.53,1.52,1.27,0.95,4.58,-0.55,110909
531343,0.18,0.46,-0.82,-2.96,1.37,-3.94,-0.57,1.53,1.29,1.28,7.69,1.25,108910
531354,0.17,0.46,-0.82,-1.95,2.04,-4.55,-0.57,1.53,1.32,1.04,4.73,0.95,109073
531366,0.17,0.46,-0.83,-0.49,1.80,-1.50,-0.57,1.54,1.33,-0.46,2.84,1.22,110469
531378,0.19,0.44,-0.84,-3.57,0.70,-5.40,-0.60,1.52,1.32,-3.33,-5.98,-1.43,109168
531390,0.19,0.44,-0.83,-3.14,0.00,-4.55,-0.54,1.52,1.29,-4.70,-9.40,1.31,108462
531401,0.20,0.45,-0.83,-1.07,-0.76,-6.56,-0.54,1.51,1.30,-3.54,-6.10,0.85,109745
531412,0.18,0.46,-0.83,-0.89,0.21,-9.74,-0.57,1.53,1.31,-5.43,-5.28,1.43,108802
531425,0.15,0.46,-0.83,-0.21,2.93,-8.54,-0.54,1.53,1.31,-5.95,0.34,-0.70,104366
531436,0.13,0.46,-0.84,0.64,4.76,-6.90,-0.54,1.53,1.33,-8.36,8.09,-1.56,104366
531448,0.13,0.45,-0.84,0.79,6.47,-8.82,-0.55,1.51,1.35,-11.57,13.03,-2.81,102471
531460,0.14,0.44,-0.85,0.18,6.10,-8.39,-0.53,1.52,1.34,-11.51,15.32,-3.27,99218
531472,0.16,0.43,-0.85,-0.49,4.79,-9.61,-0.57,1.54,1.36,-13.21,10.93,-1.95,97015
531483,0.19,0.43,-0.85,-0.64,2.66,-9.00,-0.59,1.56,1.35,-15.69,3.42,-2.32,96017
531495,0.20,0.43,-0.86,-1.92,0.98,-7.63,-0.60,1.58,1.34,-18.28,-2.93,-1.04,99514
531507,0.21,0.44,-0.85,-1.86,-0.89,-5.34,-0.58,1.55,1.28,-18.59,-6.04,-0.31,97908
531519,0.20,0.45,-0.84,-1.07,-0.82,-3.54,-0.56,1.51,1.25,-15.96,-4.27,0.85,96494
531530,0.18,0.46,-0.82,-0.49,-0.03,-3.27,-0.58,1.49,1.20,-13.46,-1.86,2.96,97172
531542,0.19,0.47,-0.80,-0.27,-0.37,-1.83,-0.57,1.49,1.18,-7.78,-1.34,4.52,93201
531554,0.21,0.46,-0.79,-0.85,-2.87,-0.85,-0.58,1.48,1.21,-2.53,-1.34,4.18,89147
531565,0.24,0.46,-0.78,-0.73,-5.49,-0.92,-0.62,1.50,1.27,0.55,-7.23,4.03,83979
531577,0.23,0.45,-0.79,-0.98,-5.19,-0.85,-0.67,1.49,1.30,-1.25,-15.99,0.64,82455
531589,0.19,0.45,-0.81,-0.49,-2.08,-1.04,-0.61,1.50,1.31,-5.00,-19.56,-3.94,82235
531601,0.16,0.45,-0.83,-0.49,1.04,-1.07,-0.54,1.51,1.35,-9.22,-7.11,-6.53,82549
531612,0.14,0.45,-0.84,0.12,2.66,-1.74,-0.49,1.51,1.34,-11.23,7.48,-5.95,82339
531624,0.14,0.45,-0.84,0.49,3.36,-1.07,-0.52,1.52,1.34,-12.45,19.65,-5.04,79339
531636,0.12,0.42,-0.84,-2.96,4.24,2.44,-0.51,1.49,1.32,-11.17,11.35,-2.32,74375
531647,0.12,0.39,-0.82,-3.57,6.07,0.21,-0.53,1.46,1.28,-9.86,10.93,-1.62,70425
531659,0.13,0.36,-0.81,-8.33,4.91,5.07,-0.53,1.43,1.27,-8.54,5.49,0.12,64443
531671,0.17,0.36,-0.80,-13.64,3.17,3.14,-0.55,1.37,1.17,-1.59,-1.34,-0.18,53542
531683,0.21,0.44,-0.76,-2.66,-0.27,-0.52,-0.59,1.41,1.10,5.37,-4.43,1.59,43984
531694,0.24,0.50,-0.75,1.59,-1.77,-1.37,-0.62,1.51,1.21,8.12,-10.13,-0.09,41339
531706,0.22,0.47,-0.77,-1.53,-2.17,-0.85,-0.54,1.53,1.37,6.44,-10.01,-0.40,42371
531718,0.19,0.44,-0.80,-3.17,-2.01,3.02,-0.50,1.51,1.39,1.19,-0.92,1.50,46930
531730,0.16,0.45,-0.83,-0.92,-0.49,4.43,-0.56,1.53,1.38,-3.42,3.27,2.44,44533
531741,0.15,0.46,-0.85,0.70,1.10,6.26,-0.58,1.52,1.41,-8.76,5.22,0.31,36599
531752,0.15,0.46,-0.87,1.07,2.38,7.66,-0.64,1.51,1.36,-11.02,5.83,-5.52,33314
531765,0.14,0.45,-0.86,1.71,5.58,-0.67,-0.59,1.51,1.20,-8.76,-1.10,-7.39,28678
531776,0.13,0.49,-0.83,5.83,6.74,2.11,-0.56,1.58,1.22,-3.42,12.85,-5.86,26980
531788,0.14,0.45,-0.83,-0.24,9.46,-6.68,-0.53,1.63,1.31,-2.11,12.70,-6.07,33392
531800,0.13,0.40,-0.83,-5.31,10.10,-2.32,-0.52,1.58,1.35,-1.22,21.42,-5.40,33634
531812,0.14,0.37,-0.84,-10.83,9.58,-1.50,-0.52,1.53,1.33,-3.14,23.04,-4.27,27466
531823,0.16,0.39,-0.83,-8.82,7.78,-3.05,-0.50,1.50,1.32,-2.14,15.56,-3.60,14533
531835,0.17,0.41,-0.82,-7.42,6.53,-0.64,-0.49,1.50,1.32,-2.93,9.58,-2.29,5023
531847,0.17,0.43,-0.82,-5.16,6.35,-4.46,-0.53,1.50,1.28,-2.69,4.85,-2.99,16773282
531859,0.17,0.46,-0.83,-4.03,5.52,1.25,-0.57,1.52,1.28,-4.97,7.75,-4.82,16765790
531870,0.19,0.47,-0.83,-4.33,4.36,-0.98,-0.55,1.52,1.27,-4.79,4.18,-5.55,16762656
531881,0.21,0.46,-0.82,-4.58,2.29,2.14,-0.55,1.50,1.24,-3.02,9.67,-6.77,16757780
531894,0.23,0.46,-0.81,-3.45,-0.82,3.05,-0.57,1.49,1.23,-1.10,8.70,-5.19,16754665
531905,0.23,0.46,-0.80,-5.16,-0.37,0.70,-0.60,1.50,1.26,0.46,7.45,-3.75,16751744
531917,0.16,0.43,-0.79,-4.64,3.57,2.41,-0.52,1.49,1.30,2.17,1.22,-1.16,16741094
531929,0.13,0.41,-0.79,-8.64,6.20,0.00,-0.51,1.47,1.24,3.05,11.51,0.18,16732531
531941,0.14,0.42,-0.80,-7.35,6.65,0.55,-0.58,1.48,1.30,5.28,12.12,-1.46,16724483
531952,0.16,0.45,-0.81,-3.94,6.35,0.49,-0.62,1.54,1.36,3.23,12.57,-4.27,16716176
531964,0.18,0.44,-0.83,-5.95,5.95,-2.81,-0.60,1.56,1.37,0.79,8.12,-4.61,16707778
531976,0.19,0.44,-0.84,-9.70,5.43,-1.40,-0.59,1.56,1.35,-2.26,9.46,-5.28,16703059
531987,0.19,0.45,-0.85,-8.67,6.04,-1.74,-0.65,1.55,1.34,-4.18,7.08,-7.48,16696454
531999,0.18,0.47,-0.85,-7.26,7.32,0.18,-0.63,1.54,1.30,-4.06,4.21,-7.63,16691850
532011,0.17,0.47,-0.84,-5.83,8.51,-3.23,-0.57,1.53,1.24,-3.57,7.05,-7.32,16686613
532023,0.17,0.46,-0.82,-7.60,8.15,1.71,-0.50,1.50,1.28,-1.22,14.77,-2.99,16677072
532034,0.18,0.46,-0.81,-6.59,6.04,0.70,-0.50,1.46,1.25,-2.11,19.56,2.29,16670288
532046,0.20,0.48,-0.81,-5.71,3.97,0.21,-0.58,1.50,1.27,-1.25,14.22,3.97,16657036
532058,0.21,0.48,-0.81,-5.25,3.75,1.40,-0.69,1.57,1.34,-2.66,7.54,-0.27,16647507
532070,0.22,0.48,-0.83,-3.51,3.75,1.68,-0.70,1.56,1.37,-5.68,-5.68,-7.72,16645264
532081,0.24,0.47,-0.85,-3.27,3.02,3.91,-0.67,1.53,1.33,-7.93,-5.37,-10.99,16639544
532092,0.26,0.49,-0.85,-1.04,1.98,3.51,-0.65,1.51,1.29,-6.71,-4.33,-12.18,16634489
532105,0.26,0.48,-0.84,0.31,1.40,4.03,-0.60,1.53,1.27,-6.26,4.18,-11.51,16631889
532116,0.24,0.45,-0.83,-1.31,0.70,4.09,-0.57,1.54,1.28,-4.97,9.46,-10.16,16627353
532128,0.22,0.42,-0.82,-4.76,1.19,2.93,-0.56,1.52,1.33,-3.39,11.75,-9.09,16621928
532140,0.20,0.39,-0.83,-9.16,2.23,2.38,-0.55,1.53,1.35,-4.03,10.89,-8.58,16617119
532152,0.17,0.39,-0.83,-11.26,2.96,0.31,-0.57,1.50,1.35,-5.34,2.59,-6.84,16613494
532163,0.16,0.44,-0.83,-7.87,4.27,-1.89,-0.59,1.51,1.31,-8.76,-2.41,-5.92,16612238
532175,0.17,0.48,-0.83,-3.23,4.18,-3.72,-0.57,1.51,1.31,-8.09,-9.34,-5.31,16610427
532187,0.18,0.49,-0.82,-3.11,2.84,-3.69,-0.51,1.51,1.30,-10.50,-3.60,-4.64,16610514
532198,0.18,0.49,-0.81,-2.17,2.35,-2.93,-0.53,1.49,1.24,-10.80,4.43,-2.01,16611598
532210,0.19,0.50,-0.80,-0.31,1.68,-2.90,-0.57,1.50,1.20,-6.26,4.55,1.16,16608778
532221,0.20,0.50,-0.78,-0.55,1.13,-2.72,-0.57,1.52,1.21,-3.63,0.98,1.07,16607694
532234,0.20,0.47,-0.78,-4.12,0.52,-0.64,-0.57,1.53,1.22,0.67,-1.43,0.76,16610511
532245,0.21,0.45,-0.77,-6.32,0.18,0.24,-0.56,1.51,1.25,4.09,-2.47,0.98,16612147
532257,0.20,0.44,-0.78,-7.20,0.98,0.70,-0.56,1.52,1.25,5.68,0.61,1.53,16609982
532269,0.18,0.46,-0.79,-6.56,2.23,1.95,-0.57,1.51,1.29,5.00,1.98,-1.22,16610297
532281,0.18,0.48,-0.80,-4.36,3.42,0.15,-0.54,1.51,1.31,3.97,6.35,-4.06,16613784
532292,0.17,0.49,-0.80,-2.11,3.33,0.73,-0.53,1.51,1.31,2.69,11.72,-3.39,16612298
532303,0.19,0.48,-0.81,-2.56,2.69,-1.31,-0.56,1.52,1.33,0.61,8.51,-3.94,16606244
532316,0.20,0.48,-0.82,-3.45,1.46,-2.32,-0.58,1.52,1.31,-1.04,3.85,-3.05,16607459
532327,0.20,0.48,-0.82,-4.06,1.01,-3.20,-0.57,1.53,1.30,-1.89,-2.66,-2.62,16609823
532339,0.20,0.47,-0.82,-3.81,0.43,-2.50,-0.55,1.53,1.29,-1.22,-5.00,-2.35,16610983
532350,0.18,0.47,-0.82,-3.91,0.98,0.58,-0.55,1.54,1.29,-1.16,-2.29,-0.64,16609811
532363,0.16,0.47,-0.82,-4.03,3.08,0.27,-0.57,1.54,1.31,-3.39,3.08,-1.68,16610020
532374,0.16,0.47,-0.82,-2.53,4.24,0.37,-0.56,1.53,1.31,-4.30,8.45,-2.72,16610990
532386,0.17,0.48,-0.83,-1.13,4.18,0.09,-0.59,1.54,1.32,-4.97,14.40,-4.52,16611211
532398,0.19,0.48,-0.83,-0.95,3.36,-0.37,-0.58,1.53,1.31,-4.88,12.51,-3.20,16607631
532410,0.20,0.47,-0.83,-1.80,2.96,-1.13,-0.59,1.55,1.30,-5.83,9.74,-3.69,16608716
532421,0.20,0.46,-0.83,-2.81,2.99,-2.01,-0.58,1.54,1.31,-4.70,3.51,-5.31,16610002
532432,0.20,0.47,-0.83,-3.97,2.41,-2.99,-0.58,1.53,1.33,-5.65,1.77,-3.42,16610341
532445,0.20,0.48,-0.83,-1.92,2.11,-2.78,-0.57,1.55,1.32,-7.08,-1.04,-2.84,16610426
532456,0.20,0.47,-0.83,-2.75,1.95,-1.98,-0.57,1.56,1.32,-7.42,-1.19,-3.48,16609682
532468,0.20,0.46,-0.83,-3.42,1.74,-1.65,-0.57,1.54,1.28,-6.44,1.68,-2.93,16608324
532480,0.19,0.46,-0.82,-3.91,2.26,-1.13,-0.57,1.53,1.27,-9.12,3.85,-4.33,16610338
532492,0.18,0.46,-0.82,-3.75,3.14,-0.92,-0.56,1.53,1.28,-8.94,6.56,-4.91,16614267
532503,0.18,0.47,-0.82,-2.99,3.63,-0.79,-0.56,1.51,1.28,-8.30,9.34,-6.13,16612925
532515,0.19,0.48,-0.82,-2.59,3.05,0.24,-0.57,1.52,1.29,-8.33,9.09,-7.23,16609934
532527,0.20,0.48,-0.81,-1.92,2.72,-0.18,-0.58,1.50,1.27,-9.22,5.37,-6.77,16610903
532538,0.20,0.47,-0.81,-2.47,2.17,-0.31,-0.59,1.51,1.27,-8.06,4.76,-9.12,16611526
532550,0.21,0.47,-0.80,-3.91,1.34,-0.76,-0.58,1.50,1.29,-7.32,1.13,-4.61,16610148
532561,0.21,0.47,-0.80,-2.81,1.28,-1.10,-0.58,1.50,1.25,-6.56,0.79,-2.23,16609641
532574,0.20,0.48,-0.79,-2.50,2.17,-1.13,-0.59,1.51,1.26,-5.31,1.25,-1.28,16610272
532585,0.19,0.47,-0.79,-1.98,2.44,-1.01,-0.57,1.50,1.27,-2.23,4.52,-2.53,16610527
532597,0.19,0.47,-0.79,-2.20,2.93,-0.70,-0.58,1.53,1.29,-2.17,5.65,-2.11,16611934
532609,0.19,0.46,-0.80,-3.27,3.42,-0.76,-0.58,1.52,1.29,-1.83,7.69,-3.60,16612799
532621,0.19,0.46,-0.81,-3.60,3.48,-0.24,-0.56,1.50,1.29,-3.57,9.25,-3.88,16612624
532632,0.20,0.47,-0.81,-2.62,2.26,-1.40,-0.58,1.50,1.30,-4.88,6.71,-2.56,16611107
532643,0.20,0.48,-0.81,-1.83,1.74,-1.40,-0.59,1.50,1.29,-5.49,1.53,-2.81,16608938
532656,0.20,0.47,-0.81,-1.71,1.22,-1.16,-0.59,1.51,1.30,-5.52,1.07,-1.98,16609963
532667,0.20,0.46,-0.80,-2.78,0.98,-1.10,-0.59,1.51,1.30,-3.94,0.95,-0.24,16609193
532679,0.20,0.46,-0.80,-3.27,1.34,-1.95,-0.57,1.52,1.29,-3.30,1.59,0.52,16610965
532690,0.19,0.46,-0.80,-3.94,1.68,-1.31,-0.57,1.52,1.27,-2.35,4.73,0.37,16610096
532703,0.19,0.46,-0.80,-3.63,2.62,-1.86,-0.59,1.52,1.27,-0.79,5.31,-0.03,16608636
532714,0.19,0.47,-0.80,-3.78,3.11,-2.53,-0.60,1.51,1.30,0.76,2.78,-2.50,16607126
532726,0.20,0.47,-0.80,-3.14,2.78,-2.32,-0.58,1.50,1.26,0.89,1.31,-2.23,16605667
532738,0.21,0.48,-0.80,-1.86,1.68,-1.98,-0.58,1.53,1.30,0.24,1.04,-3.11,16607732
532749,0.21,0.48,-0.81,-2.56,1.22,-0.12,-0.60,1.52,1.31,-2.69,0.52,-3.39,16605759
532761,0.21,0.47,-0.82,-1.92,1.31,-0.06,-0.59,1.51,1.30,-3.85,0.89,-4.94,16608168
532772,0.20,0.47,-0.82,-2.11,2.17,1.31,-0.56,1.53,1.30,-3.42,2.35,-5.95,16610737
532785,0.20,0.46,-0.82,-4.06,1.98,1.10,-0.55,1.52,1.28,-2.66,5.10,-7.05,16608275
532796,0.20,0.46,-0.81,-4.00,1.40,0.37,-0.56,1.53,1.26,-1.80,6.50,-3.85,16607353
532808,0.21,0.47,-0.81,-4.15,0.31,0.76,-0.58,1.52,1.29,-1.31,4.91,-2.84,16606249
532819,0.21,0.48,-0.81,-2.23,-0.61,-0.89,-0.60,1.52,1.30,-2.38,-2.17,-2.32,16607189
532832,0.20,0.48,-0.81,-1.16,-0.46,-1.04,-0.58,1.53,1.31,-3.11,-5.71,-1.89,16610824
532843,0.20,0.47,-0.81,-1.43,-0.15,-0.18,-0.54,1.52,1.30,-5.22,-2.32,-1.10,16609792
