time,faccx,faccy,faccz,fgyrx,fgyry,fgyrz,saccx,saccy,saccz,sgyrx,sgyry,sgyrz,load
296226,0.05,1.04,0.10,0.85,1.37,-0.27,0.04,1.01,0.02,-0.37,0.55,-0.95,16638026
296239,0.05,1.02,0.09,-2.35,2.32,-1.46,0.04,1.01,0.01,-1.07,0.76,-0.82,16637388
296250,0.05,1.00,0.08,-4.00,2.01,-0.89,0.04,1.01,0.01,-1.22,0.55,-0.55,16635224
296262,0.05,1.02,0.10,0.67,2.26,-1.37,0.04,1.01,0.01,-0.89,0.46,-0.73,16633788
296273,0.05,1.03,0.10,2.23,1.86,-1.31,0.04,1.01,0.01,-0.64,0.61,-1.10,16634580
296285,0.05,1.02,0.10,-0.98,1.80,-0.73,0.04,1.01,0.01,-0.73,0.58,-0.79,16635995
296297,0.05,1.01,0.09,-4.06,1.65,-0.79,0.04,1.00,0.02,9.49,0.64,-0.70,16635005
296308,0.05,1.02,0.09,-2.87,1.80,-0.79,0.04,1.00,0.03,18.98,0.24,-0.79,16635499
296321,0.05,1.03,0.10,-0.58,2.08,-1.28,0.04,1.01,0.03,18.31,0.09,-0.70,16635221
296332,0.05,1.03,0.09,-1.43,1.80,-0.95,0.04,1.01,0.02,15.44,0.37,-0.92,16634633
296344,0.05,1.02,0.09,-3.39,1.95,-1.22,0.04,1.01,0.01,10.19,0.52,-0.49,16635542
296355,0.05,1.02,0.09,-3.05,2.08,-1.59,0.04,1.01,-0.00,4.58,0.18,-0.67,16636152
296368,0.05,1.03,0.10,-1.37,2.08,-1.56,0.04,1.01,-0.01,-0.89,0.43,-0.85,16636259
296379,0.05,1.03,0.10,-1.28,2.01,-1.80,0.04,1.01,-0.01,-1.46,0.52,-0.76,16637798
296390,0.05,1.02,0.09,-2.90,1.92,-1.22,0.04,1.01,-0.00,-0.12,0.55,-0.73,16637640
296402,0.05,1.02,0.09,-3.14,1.95,-1.31,0.04,1.01,-0.00,-1.43,0.58,-1.13,16641258
296414,0.05,1.02,0.10,-1.98,1.98,-1.22,0.04,1.01,-0.00,-1.19,0.64,-0.76,16640244
296426,0.05,1.03,0.10,-1.28,2.04,-1.19,0.04,1.01,-0.00,-0.58,0.52,-0.67,16634889
296437,0.05,1.02,0.09,-2.69,1.92,-1.28,0.04,1.01,-0.00,-1.34,0.49,-0.67,16633182
296450,0.05,1.02,0.09,-3.23,1.80,-1.34,0.04,1.01,-0.00,-0.76,0.61,-1.07,16633924
296461,0.05,1.02,0.10,-1.98,2.26,-1.43,0.04,1.01,-0.00,-1.04,0.49,-0.92,16637130
296473,0.05,1.03,0.10,-1.65,1.89,-1.16,0.04,1.01,-0.01,-0.92,0.82,-0.67,16637166
296484,0.05,1.02,0.10,-2.08,2.08,-1.25,0.04,1.01,-0.01,-0.95,0.34,-0.73,16637815
296497,0.05,1.02,0.09,-2.78,1.98,-1.19,0.04,1.01,-0.00,-1.50,0.55,-1.01,16639079
296508,0.05,1.02,0.09,-1.92,2.14,-1.31,0.04,1.01,-0.00,-1.13,0.55,-0.70,16639037
296519,0.05,1.02,0.09,-1.95,2.17,-1.59,0.04,1.01,0.00,-1.19,0.82,-1.07,16638080
296531,0.05,1.02,0.09,-2.47,2.08,-1.31,0.04,1.01,0.00,-0.85,0.73,-0.55,16636484
296543,0.05,1.02,0.09,-2.75,2.04,-1.16,0.04,1.01,-0.00,-0.70,0.55,-0.85,16633415
296555,0.05,1.02,0.09,-2.41,2.01,-1.04,0.04,1.01,-0.00,-0.98,0.79,-1.13,16634371
296566,0.05,1.02,0.09,-2.20,1.98,-1.53,0.04,1.01,-0.00,-0.76,0.46,-0.76,16634331
296579,0.05,1.02,0.09,-1.98,2.26,-1.46,0.04,1.01,-0.00,-0.79,0.70,-0.95,16631710
296590,0.05,1.02,0.09,-2.72,1.86,-1.07,0.04,1.01,-0.00,-1.19,0.55,-0.76,16634165
296602,0.05,1.02,0.09,-2.47,1.92,-1.31,0.04,1.01,-0.00,-1.13,0.37,-1.04,16635764
296613,0.05,1.02,0.10,-2.11,2.20,-1.37,0.04,1.01,-0.00,-0.92,0.55,-0.79,16637230
296625,0.05,1.02,0.09,-2.04,1.83,-1.37,0.04,1.01,-0.00,-0.61,0.58,-0.82,16638070
296637,0.05,1.02,0.09,-2.50,2.08,-1.31,0.04,1.01,-0.00,-1.10,0.67,-0.95,16634520
296648,0.05,1.02,0.09,-2.41,1.89,-1.34,0.04,1.01,-0.00,-0.92,0.85,-0.76,16635914
296660,0.05,1.02,0.10,-1.83,1.95,-1.19,0.04,1.01,-0.00,-0.95,0.67,-0.95,16636451
296672,0.05,1.02,0.10,-2.11,2.01,-1.28,0.04,1.01,-0.00,-1.10,0.52,-0.89,16635391
296684,0.05,1.02,0.09,-2.29,1.83,-1.10,0.04,1.01,-0.00,-1.13,0.27,-0.82,16635495
296695,0.05,1.02,0.09,-2.35,1.86,-1.37,0.04,1.01,-0.00,-0.95,0.61,-0.79,16636794
296708,0.05,1.02,0.09,-2.14,2.11,-1.46,0.04,1.01,-0.00,-1.22,0.64,-0.79,16635346
296719,0.05,1.02,0.09,-2.29,2.29,-1.10,0.03,1.01,-0.00,-0.85,0.43,-0.85,16635126
296730,0.05,1.02,0.09,-2.62,1.95,-1.22,0.04,1.01,-0.00,-0.70,0.55,-0.85,16636579
296742,0.05,1.02,0.09,-2.53,1.98,-1.34,0.04,1.01,-0.00,-0.61,0.46,-0.70,16635457
296754,0.05,1.02,0.09,-2.32,1.98,-1.25,0.04,1.01,-0.00,-0.67,0.89,-1.01,16635581
296766,0.05,1.02,0.09,-2.35,1.83,-1.04,0.04,1.01,-0.00,-0.98,0.67,-0.95,16636186
296777,0.05,1.02,0.10,-2.50,1.95,-1.13,0.04,1.01,-0.00,-1.19,0.46,-0.95,16636185
296790,0.05,1.02,0.10,-2.50,2.11,-1.40,0.04,1.01,-0.01,-1.01,0.76,-0.79,16634888
296801,0.05,1.02,0.10,-1.98,2.01,-1.40,0.04,1.01,-0.01,-1.10,0.58,-1.01,16635770
296813,0.05,1.02,0.10,-1.95,2.08,-1.37,0.04,1.01,-0.00,-1.40,0.55,-0.85,16636393
296824,0.05,1.02,0.09,-2.32,2.11,-1.34,0.04,1.01,-0.00,-0.40,0.58,-0.98,16636435
296837,0.05,1.02,0.09,-1.43,1.83,-1.65,0.04,1.01,-0.00,-0.89,0.49,-0.85,16636666
296848,0.05,1.02,0.09,-1.46,2.17,-1.22,0.04,1.01,-0.00,-0.61,0.52,-0.82,16634698
296859,0.05,1.02,0.10,-1.74,1.86,-1.22,0.04,1.01,-0.00,-1.19,0.43,-0.58,16634674
296871,0.05,1.02,0.10,-1.71,1.68,-1.53,0.04,1.01,-0.00,-0.98,0.43,-1.04,16633368
296883,0.05,1.02,0.10,-2.47,2.14,-1.10,0.04,1.01,-0.00,-1.13,0.40,-1.04,16634235
296895,0.05,1.02,0.09,-2.75,1.95,-1.28,0.04,1.01,-0.00,-0.82,0.31,-0.73,16636226
296906,0.05,1.02,0.09,-2.66,1.95,-1.13,0.04,1.01,-0.00,-1.04,0.58,-0.85,16636144
296919,0.05,1.02,0.09,-2.32,2.04,-1.37,0.04,1.01,0.00,-0.95,0.43,-1.01,16638257
296930,0.05,1.02,0.09,-2.56,2.14,-1.31,0.04,1.01,-0.00,-0.89,0.70,-0.89,16637409
296942,0.05,1.02,0.09,-2.32,2.11,-1.34,0.04,1.01,-0.00,-0.76,0.70,-0.92,16633463
296953,0.05,1.02,0.09,-2.29,2.14,-1.31,0.04,1.01,-0.00,-0.92,0.73,-0.73,16632788
296965,0.05,1.02,0.09,-2.32,2.11,-1.37,0.04,1.01,-0.00,-0.92,0.49,-0.73,16634824
296977,0.05,1.02,0.09,-2.23,2.08,-1.16,0.04,1.01,-0.00,-1.01,0.73,-0.67,16636545
296988,0.05,1.02,0.09,-2.32,1.83,-1.34,0.07,1.00,-0.01,29.45,21.73,-2.20,16636853
297000,0.05,1.02,0.10,-2.38,1.89,-1.53,0.24,0.96,-0.06,146.33,32.50,-10.28,16635785
297012,0.05,1.02,0.09,-2.23,1.98,-1.53,0.22,0.95,-0.08,151.95,-14.71,-0.85,16637192
297024,0.05,1.02,0.09,-2.29,1.92,-1.22,0.20,1.00,-0.09,91.55,-57.98,22.74,16638107
297035,0.05,1.02,0.09,-2.44,1.92,-1.46,0.14,1.03,-0.07,-12.91,-57.56,28.23,16635044
297048,0.05,1.02,0.09,-2.32,1.80,-1.25,0.03,1.12,0.06,-175.29,126.71,-14.19,16633890
297059,0.05,1.02,0.09,-2.35,2.11,-1.34,-0.06,1.06,-0.02,-117.49,77.21,-13.79,16636098
297071,0.05,1.02,0.09,-2.29,2.29,-1.25,-0.12,1.02,-0.02,-78.22,64.88,1.22,16635178
297082,0.05,1.02,0.10,-2.11,2.11,-1.04,-0.13,1.01,0.01,-58.59,28.99,-4.43,16636819
297094,0.05,1.02,0.10,-2.20,2.01,-0.92,0.01,1.08,-0.02,-286.01,13.24,-5.34,16640089
297106,0.05,1.02,0.09,-2.29,2.04,-1.43,0.06,0.97,0.02,-51.48,156.49,7.17,16638681
297117,0.05,1.02,0.09,-2.35,2.04,-1.50,0.11,1.05,0.04,-102.97,157.59,-25.02,16635624
297129,0.05,1.02,0.09,-1.89,2.01,-1.43,0.13,1.08,0.07,-131.23,190.12,-36.56,16636075
297141,0.05,1.02,0.09,-2.44,2.23,-1.19,0.09,1.05,0.02,-110.05,193.60,-30.03,16637596
297153,0.05,1.02,0.09,-2.35,2.20,-1.25,-0.04,1.11,0.05,-162.29,102.54,15.05,16634931
297164,0.05,1.02,0.09,-2.56,1.95,-1.43,-0.05,1.12,0.25,-197.17,10.44,13.79,16633974
297177,0.05,1.02,0.10,-2.50,2.01,-1.25,-0.02,1.15,0.44,-236.21,-17.33,19.71,16633602
297188,0.05,1.02,0.10,-2.38,2.01,-1.43,-0.01,1.26,0.57,-325.13,-30.55,26.52,16633390
297200,0.05,1.02,0.10,-2.41,2.01,-1.37,-0.01,1.31,0.62,-406.56,-34.97,10.59,16636589
297211,0.05,1.02,0.10,-2.23,2.14,-1.31,-0.04,1.29,0.58,-458.71,-23.56,-4.61,16637263
297223,0.05,1.02,0.09,-2.41,1.80,-1.31,-0.05,1.21,0.51,-471.07,5.80,-27.31,16633747
297235,0.05,1.02,0.10,-2.04,1.95,-1.28,-0.05,1.14,0.55,-475.83,18.16,-33.66,16634640
297246,0.05,1.02,0.10,-1.92,2.23,-1.10,-0.04,1.11,0.66,-482.30,-0.95,-35.16,16637660
297259,0.05,1.02,0.10,-1.98,1.89,-1.13,-0.04,1.06,0.79,-505.55,-6.71,-47.12,16640205
297270,0.05,1.02,0.10,-2.26,2.11,-1.37,-0.06,1.00,0.91,-530.24,-24.05,-54.11,16637294
297282,0.05,1.02,0.09,-2.08,1.98,-1.50,-0.06,0.92,0.96,-531.71,-28.38,-61.34,16637407
297293,0.05,1.02,0.09,-2.14,2.01,-1.28,-0.06,0.83,0.91,-511.72,-33.60,-71.53,16635681
297306,0.05,1.02,0.09,-2.35,2.04,-1.34,-0.06,0.74,0.70,-422.03,-59.66,-68.54,16634416
297317,0.05,1.02,0.09,-2.26,2.14,-1.25,-0.01,0.68,0.40,-317.11,-9.22,-38.39,16634248
297328,0.05,1.02,0.09,-2.29,2.14,-1.31,0.07,0.62,0.30,-233.09,92.93,-24.17,16634895
297340,0.05,1.02,0.09,-2.20,1.98,-1.50,0.12,0.57,0.44,-208.44,111.30,-15.14,16635041
297352,0.05,1.02,0.09,-2.41,1.95,-1.56,0.08,0.46,0.66,-187.07,65.83,-25.12,16634975
297364,0.05,1.02,0.09,-2.35,1.89,-1.16,0.03,0.34,0.83,-164.76,8.48,-18.86,16634751
297375,0.05,1.02,0.10,-2.38,2.04,-1.19,-0.01,0.23,0.93,-145.42,-32.07,-19.47,16635501
297388,0.05,1.02,0.10,-2.29,1.86,-1.19,-0.02,0.15,0.89,-116.88,-43.33,-18.40,16636431
297399,0.05,1.02,0.10,-2.04,2.04,-1.31,0.00,0.11,0.75,-76.11,2.72,-12.12,16638674
297411,0.05,1.02,0.09,-2.41,2.04,-1.01,0.05,0.12,0.70,-52.40,65.70,-0.76,16639314
297422,0.05,1.02,0.09,-2.50,2.17,-1.28,0.04,0.12,0.78,-42.08,61.43,7.72,16637440
297434,0.05,1.02,0.09,-2.14,2.20,-1.50,0.01,0.10,0.91,-25.97,14.53,12.02,16636128
297446,0.05,1.02,0.09,-2.14,2.14,-1.40,-0.03,0.08,1.03,-26.06,-30.91,5.95,16636540
297457,0.05,1.02,0.09,-2.44,2.20,-1.25,-0.05,0.04,1.08,-29.21,-46.88,1.10,16636880
297469,0.05,1.02,0.09,-2.23,1.98,-1.34,-0.03,0.02,1.04,-31.31,-30.18,5.10,16636843
297481,0.05,1.02,0.09,-2.41,2.14,-1.56,-0.01,0.00,0.98,-20.17,2.38,2.08,16636695
297493,0.05,1.02,0.09,-2.47,2.14,-1.43,-0.00,-0.01,0.94,-4.70,25.73,-0.24,16633445
297504,0.05,1.02,0.09,-2.14,2.01,-1.25,-0.00,-0.01,0.95,8.00,30.27,1.28,16634733
297517,0.05,1.02,0.09,-2.50,1.98,-1.19,-0.01,0.01,1.00,6.87,18.31,7.17,16633342
297528,0.05,1.02,0.09,-2.26,2.01,-1.16,-0.02,0.02,1.04,3.57,5.00,6.41,16633787
297540,0.05,1.02,0.10,-2.14,2.08,-1.65,-0.02,0.02,1.06,-2.47,-2.90,2.78,16636154
297551,0.05,1.02,0.10,-2.04,2.17,-1.34,-0.02,0.02,1.06,-10.25,-1.28,4.33,16637311
297563,0.05,1.02,0.10,-2.32,2.11,-1.31,-0.02,0.01,1.05,-18.55,7.29,0.55,16635664
297575,0.05,1.02,0.10,-2.17,2.23,-1.04,-0.03,0.00,1.05,-21.55,5.00,-1.92,16634801
297586,0.05,1.02,0.10,-2.17,1.80,-1.37,-0.04,-0.01,1.04,-17.64,5.16,-2.69,16635344
297598,0.05,1.02,0.10,-1.89,1.95,-1.34,-0.04,-0.02,1.04,-13.89,14.68,-5.00,16635698
297610,0.05,1.02,0.09,-2.11,2.01,-1.10,-0.04,-0.02,1.06,-13.24,18.28,-7.08,16635869
297622,0.05,1.02,0.09,-2.23,2.04,-0.98,-0.04,-0.01,1.08,-15.96,14.86,-6.38,16633124
297633,0.05,1.02,0.09,-2.35,1.89,-1.28,-0.05,-0.01,1.10,-16.05,12.45,-5.52,16635853
297646,0.05,1.02,0.09,-2.44,2.17,-1.59,-0.05,-0.01,1.10,-12.79,8.88,-4.06,16637013
297657,0.05,1.02,0.09,-2.44,2.11,-1.56,-0.05,-0.02,1.10,-8.45,5.80,-2.99,16634874
297668,0.05,1.02,0.09,-2.26,1.92,-1.25,-0.06,-0.03,1.08,-6.04,4.30,-0.61,16635362
297680,0.05,1.02,0.10,-2.29,2.04,-1.22,-0.06,-0.04,1.06,2.47,4.39,-0.09,16635288
297692,0.05,1.02,0.10,-2.26,2.17,-1.56,-0.06,-0.05,1.05,10.04,3.39,0.15,16635299
297704,0.05,1.02,0.10,-2.20,2.17,-1.25,-0.06,-0.06,1.05,14.77,-0.49,-0.15,16635679
297715,0.05,1.02,0.10,-2.01,1.95,-1.31,-0.06,-0.07,1.06,15.75,-3.20,-1.07,16635001
297728,0.05,1.02,0.10,-2.50,2.08,-1.46,-0.06,-0.07,1.07,7.60,-2.99,-4.15,16634652
297739,0.05,1.02,0.10,-2.32,2.11,-1.25,-0.06,-0.06,1.07,3.39,-2.87,-6.96,16637256
297751,0.05,1.02,0.09,-2.41,2.08,-1.22,-0.05,-0.06,1.05,10.44,-4.12,-5.16,16637538
297762,0.05,1.02,0.09,-2.41,2.20,-1.37,-0.05,-0.06,1.03,25.67,-4.52,-4.49,16639302
297775,0.05,1.02,0.09,-2.29,2.11,-1.37,-0.05,-0.05,0.99,52.19,-2.72,-1.68,16637217
297786,0.05,1.02,0.09,-2.29,2.01,-1.10,-0.04,-0.04,0.95,91.34,-0.34,6.74,16634529
297797,0.05,1.02,0.09,-2.35,2.01,-0.98,-0.04,-0.04,0.93,141.30,-1.95,16.97,16633613
297809,0.05,1.02,0.09,-2.38,1.98,-1.22,-0.04,-0.04,0.93,187.87,-13.09,21.79,16635993
297821,0.05,1.02,0.09,-2.50,1.92,-1.25,-0.06,-0.05,0.95,236.15,-38.15,20.48,16635904
297833,0.05,1.02,0.09,-2.41,1.92,-1.40,-0.08,-0.06,0.94,286.74,-69.82,12.24,16635917
297844,0.05,1.02,0.10,-2.23,2.11,-1.19,-0.09,-0.07,0.90,335.33,-93.23,4.03,16635663
297857,0.05,1.02,0.10,-2.56,1.98,-1.04,-0.08,-0.03,0.83,377.81,-105.50,-3.05,16635380
297868,0.05,1.02,0.10,-2.20,2.14,-1.19,-0.06,0.03,0.74,420.50,-108.86,-10.10,16637569
297880,0.05,1.02,0.10,-2.32,2.17,-1.04,-0.04,0.12,0.65,454.32,-97.32,-19.84,16636265
297891,0.05,1.02,0.10,-2.32,1.98,-1.28,-0.02,0.23,0.59,471.28,-77.55,-31.37,16633852
297903,0.05,1.02,0.10,-2.01,1.98,-1.50,0.01,0.38,0.56,462.92,-54.57,-29.60,16634442
297915,0.05,1.02,0.09,-2.11,2.11,-1.34,0.05,0.55,0.57,441.53,-35.16,-7.69,16634494
297926,0.05,1.02,0.09,-2.32,2.08,-1.22,0.08,0.68,0.60,413.85,-25.45,-2.99,16633596
297938,0.05,1.02,0.09,-2.69,1.80,-1.07,0.10,0.78,0.62,377.01,-17.58,5.62,16633784
297950,0.05,1.02,0.09,-2.35,2.38,-1.22,0.11,0.83,0.62,363.13,-15.93,-8.54,16634650
297962,0.05,1.02,0.09,-1.53,1.95,-1.19,0.11,0.88,0.59,358.28,-26.67,11.60,16635100
297973,0.05,1.02,0.10,0.89,2.17,-1.74,0.07,0.94,0.56,325.71,-65.34,10.10,16636492
297986,0.05,1.02,0.10,0.73,2.29,-1.16,0.07,0.92,0.49,352.60,-53.59,-1.56,16634840
297997,0.05,1.02,0.09,-1.80,1.86,-1.13,0.08,0.98,0.46,312.77,-23.77,-20.08,16634107
298009,0.05,1.02,0.09,-3.81,1.92,-1.50,0.09,1.03,0.46,275.42,-14.37,-24.75,16636073
298020,0.05,1.02,0.09,-3.20,1.98,-1.25,0.09,1.08,0.47,233.86,-27.47,-22.43,16635297
298032,0.05,1.03,0.10,-1.98,2.17,-1.53,0.08,1.11,0.45,188.96,-29.72,-27.37,16636103
298044,0.05,1.02,0.10,-2.32,2.23,-1.34,0.08,1.12,0.40,139.71,-22.92,-28.99,16636575
298055,0.05,1.02,0.09,-2.81,2.23,-1.37,0.09,1.19,0.38,59.78,35.43,-86.09,16638608
298067,0.05,1.02,0.09,-2.69,1.95,-1.25,0.19,1.63,0.40,45.56,8.12,-45.10,16637052
298079,0.05,1.02,0.10,-1.83,2.14,-1.22,0.11,1.39,0.22,108.09,5.31,-4.49,16634405
298091,0.05,1.02,0.10,-1.37,2.26,-1.59,0.08,1.29,0.21,77.42,7.32,2.87,16635282
298102,0.05,1.02,0.09,-2.62,2.11,-1.16,0.06,1.22,0.18,66.56,18.65,20.20,16636782
298115,0.05,1.02,0.09,-2.56,2.11,-1.37,0.05,1.18,0.22,49.93,-4.15,12.05,16638331
298126,0.05,1.02,0.09,-2.17,2.14,-1.46,0.03,1.12,0.21,38.15,-5.22,-3.36,16638618
298137,0.05,1.02,0.09,-2.23,2.11,-1.37,0.03,1.09,0.19,18.74,-10.07,-4.88,16638396
298149,0.05,1.02,0.09,-3.02,1.83,-1.37,0.05,1.07,0.13,-5.62,11.75,-14.25,16638901
298161,0.05,1.02,0.09,-2.81,1.98,-1.31,0.06,1.06,0.09,-19.53,21.64,0.24,16634421
298173,0.05,1.02,0.10,-2.20,2.26,-1.34,0.05,1.04,0.07,-14.95,3.88,0.24,16634477
298184,0.05,1.02,0.10,-2.17,2.01,-1.25,0.05,1.03,0.05,-7.93,-7.17,-2.01,16635487
298196,0.05,1.02,0.10,-2.62,2.14,-1.25,0.05,1.02,0.04,0.00,-12.94,2.72,16637541
298208,0.05,1.02,0.10,-2.38,2.01,-1.10,0.05,1.01,0.04,2.66,-8.39,-0.89,16638201
298220,0.05,1.02,0.10,-2.11,2.04,-1.31,0.04,1.02,0.04,-9.03,-2.38,-0.58,16634047
298231,0.05,1.02,0.10,-1.65,2.08,-1.01,0.03,1.02,0.05,-19.23,4.55,-0.95,16634644
298243,0.05,1.02,0.09,-2.20,1.98,-1.25,0.04,1.02,0.06,-20.17,9.70,-2.01,16634246
298255,0.05,1.02,0.09,-2.84,1.98,-1.31,0.02,1.02,0.06,-22.52,-2.78,-0.89,16633553
298266,0.05,1.02,0.09,-2.44,2.20,-1.50,0.03,1.01,0.06,-23.86,-0.70,-1.22,16634194
298278,0.05,1.02,0.09,-2.20,2.04,-1.16,0.04,1.01,0.07,-7.05,-4.27,-2.87,16634838
298290,0.05,1.02,0.09,-2.41,1.80,-1.31,0.03,1.01,0.07,-4.39,-5.43,-1.59,16635837
298302,0.05,1.02,0.09,-2.53,2.14,-1.34,0.03,1.01,0.08,0.40,-0.09,-0.55,16636347
298313,0.05,1.02,0.09,-2.53,1.98,-1.37,0.03,1.00,0.09,8.30,-1.80,-0.52,16636401
298326,0.05,1.02,0.09,-2.14,1.86,-1.25,0.03,1.01,0.09,4.18,-0.03,-0.52,16634278
298337,0.05,1.02,0.09,-2.29,2.20,-1.25,0.03,1.01,0.08,0.09,0.49,-0.92,16634912
298349,0.05,1.02,0.09,-2.35,2.14,-1.59,0.04,1.01,0.07,-1.53,0.43,-0.76,16638111
298360,0.05,1.02,0.10,-2.32,2.04,-1.34,0.04,1.01,0.06,-8.45,-0.67,-0.73,16638099
298372,0.05,1.02,0.10,-2.01,2.01,-1.43,0.04,1.01,0.06,-10.22,0.03,-0.67,16635328
298384,0.05,1.02,0.10,-2.14,2.17,-1.37,0.04,1.01,0.07,-0.73,-0.76,-0.89,16636956
298395,0.05,1.02,0.10,-2.11,2.08,-1.16,0.04,1.01,0.07,-0.76,0.15,-1.19,16638455
298407,0.05,1.02,0.10,-2.35,1.95,-1.28,0.03,1.01,0.07,-0.61,0.79,-0.58,16638003
298419,0.05,1.02,0.09,-2.23,1.89,-1.22,0.03,1.01,0.07,-1.10,0.79,-0.95,16635432
298431,0.05,1.02,0.09,-2.08,2.04,-1.01,0.04,1.01,0.07,-2.44,0.92,-1.04,16633812
298442,0.05,1.02,0.09,-2.69,1.92,-1.25,0.04,1.01,0.07,-5.07,0.52,-1.65,16634568
298455,0.05,1.02,0.09,-2.35,1.95,-1.43,0.04,1.01,0.07,-5.40,-0.89,-1.31,16637266
298466,0.05,1.02,0.09,-2.35,2.08,-1.37,0.04,1.01,0.07,-2.35,-1.04,-1.07,16637441
298478,0.05,1.02,0.09,-2.04,2.11,-1.37,0.04,1.01,0.08,1.56,-0.24,-0.21,16636463
298489,0.05,1.02,0.09,-2.44,2.08,-1.22,0.04,1.01,0.08,2.26,0.37,-0.34,16635980
298501,0.05,1.02,0.09,-2.32,2.04,-1.53,0.03,1.01,0.07,0.52,0.67,-0.58,16636064
298513,0.05,1.02,0.09,-2.26,1.80,-1.22,0.04,1.01,0.07,-1.59,0.46,-0.85,16635356
298524,0.05,1.02,0.09,-2.04,2.01,-1.65,0.04,1.01,0.07,-4.03,0.58,-1.34,16636366
298536,0.05,1.02,0.09,-2.20,2.01,-1.01,0.04,1.01,0.07,-1.46,-0.43,-0.95,16635262
298548,0.05,1.02,0.09,-2.14,1.89,-1.16,0.04,1.01,0.07,-0.61,0.40,-0.70,16636387
298560,0.05,1.02,0.09,-2.26,2.04,-1.25,0.04,1.01,0.08,0.55,0.58,-0.49,16639546
298571,0.05,1.02,0.09,-2.20,2.32,-1.10,0.04,1.01,0.08,2.11,0.61,-0.24,16638316
298584,0.05,1.02,0.09,-2.35,1.92,-1.22,0.04,1.01,0.08,2.44,1.56,-0.03,16635572
298595,0.05,1.02,0.09,-2.26,2.14,-1.19,0.04,1.01,0.07,1.01,5.10,-0.24,16636841
298607,0.05,1.02,0.09,-2.23,2.08,-1.37,0.04,1.01,0.07,-1.37,2.47,-1.25,16637737
298618,0.05,1.02,0.09,-2.23,2.29,-1.53,0.04,1.01,0.07,-3.69,0.61,-1.53,16637088
298630,0.05,1.02,0.09,-2.35,1.92,-1.34,0.04,1.01,0.07,-2.20,0.61,-1.22,16637396
298642,0.05,1.02,0.09,-2.41,2.08,-1.40,0.04,1.01,0.07,-0.85,0.31,-0.73,16638778
298653,0.05,1.02,0.09,-2.41,1.89,-1.04,0.04,1.01,0.07,-0.46,0.67,-0.85,16637565
298665,0.05,1.02,0.09,-2.20,2.08,-1.25,0.04,1.01,0.07,0.03,0.70,-0.46,16634099
298677,0.05,1.02,0.09,-2.32,2.23,-1.13,0.04,1.01,0.07,-0.43,2.08,-0.67,16630934
298689,0.05,1.02,0.10,-2.14,1.92,-1.34,0.04,1.01,0.07,-0.55,3.48,-0.98,16634893
298700,0.05,1.02,0.10,-2.08,1.80,-1.46,0.03,1.01,0.08,-0.85,8.97,-0.52,16635731
298713,0.05,1.02,0.10,-1.95,2.11,-1.28,0.04,1.01,0.09,6.74,23.44,0.73,16633455
298724,0.05,1.02,0.09,-2.08,2.17,-1.37,0.04,1.02,0.11,-20.51,41.35,-2.62,16634384
298735,0.05,1.02,0.09,-2.38,1.92,-1.31,0.04,1.02,0.19,-39.76,27.13,-1.95,16636191
298747,0.05,1.02,0.09,-2.32,1.95,-1.40,0.03,1.07,0.27,-92.44,-23.74,-14.59,16633304
298759,0.05,1.02,0.09,-2.41,2.04,-1.28,0.03,1.11,0.28,-106.60,-41.56,-19.32,16632786
298771,0.05,1.02,0.09,-2.38,1.95,-1.31,0.05,1.18,0.21,-134.64,-28.90,22.92,16635438
298782,0.05,1.02,0.09,-2.20,2.01,-1.34,0.06,1.22,0.14,-148.62,-21.06,24.96,16635236
298795,0.05,1.02,0.09,-2.47,2.01,-1.28,0.07,1.23,0.12,-177.34,8.79,33.84,16635300
298806,0.05,1.02,0.09,-2.59,2.08,-1.37,0.09,1.25,0.13,-222.02,31.40,43.00,16637706
298818,0.05,1.02,0.09,-2.23,1.95,-1.31,0.08,1.27,0.18,-246.49,20.84,47.97,16636863
298829,0.05,1.02,0.09,-2.11,2.08,-1.13,0.08,1.26,0.22,-261.60,17.00,50.29,16635089
298842,0.05,1.02,0.09,-2.35,2.01,-1.46,0.08,1.25,0.28,-289.06,23.53,51.48,16636034
298853,0.05,1.02,0.09,-2.47,1.98,-1.31,0.09,1.24,0.34,-323.94,28.87,53.99,16632973
298864,0.05,1.02,0.09,-2.41,1.89,-1.28,0.09,1.20,0.37,-339.23,43.79,47.06,16632931
298876,0.05,1.02,0.09,-2.14,1.98,-1.37,0.08,1.14,0.41,-346.92,43.49,39.92,16634437
298888,0.05,1.02,0.09,-2.29,1.95,-1.37,0.07,1.06,0.45,-340.24,42.72,35.00,16639192
298900,0.05,1.02,0.09,-2.59,1.95,-1.28,0.06,0.98,0.53,-340.21,31.80,29.27,16638471
298911,0.05,1.02,0.09,-2.87,2.26,-1.28,0.06,0.92,0.66,-363.83,26.52,13.67,16636591
298924,0.05,1.02,0.09,-2.44,2.01,-1.65,0.04,0.88,0.80,-390.69,-15.14,15.53,16637074
298935,0.05,1.02,0.09,-2.59,2.01,-1.37,0.05,0.84,0.83,-392.64,-15.66,8.15,16637199
298947,0.05,1.02,0.09,-2.53,2.11,-1.40,0.03,0.76,0.81,-383.03,-41.08,3.20,16637384
298958,0.05,1.02,0.10,-2.20,2.11,-1.19,0.03,0.68,0.73,-368.38,-40.83,-12.45,16637483
298970,0.05,1.02,0.10,-1.98,2.17,-1.46,0.07,0.66,0.62,-357.39,1.74,-3.39,16638915
298982,0.05,1.02,0.10,-1.95,1.95,-1.10,0.11,0.64,0.54,-329.35,32.68,15.44,16636325
298993,0.05,1.02,0.10,-1.80,2.08,-1.16,0.13,0.59,0.54,-298.10,41.69,23.50,16634066
299005,0.05,1.02,0.09,-2.14,2.08,-1.34,0.14,0.51,0.59,-281.74,57.28,18.22,16634240
299017,0.05,1.02,0.09,-1.92,2.01,-1.37,0.13,0.43,0.68,-270.42,47.61,18.49,16635251
299029,0.05,1.02,0.09,-2.23,2.08,-1.34,0.11,0.33,0.73,-252.66,35.58,15.93,16636324
299040,0.05,1.02,0.09,-2.14,2.11,-1.13,0.10,0.23,0.76,-229.83,27.25,14.80,16635086
299053,0.05,1.02,0.09,-2.38,2.04,-1.46,0.09,0.14,0.77,-196.69,31.31,5.65,16632301
299064,0.05,1.02,0.09,-2.26,2.11,-1.31,0.08,0.06,0.75,-160.31,36.90,7.14,16632927
299076,0.05,1.02,0.09,-2.14,2.20,-1.50,0.08,-0.00,0.77,-130.55,39.92,0.31,16634467
299087,0.05,1.02,0.09,-1.86,2.20,-1.65,0.08,-0.03,0.81,-108.61,42.63,6.10,16637784
299099,0.05,1.02,0.09,-2.41,1.98,-1.13,0.08,-0.05,0.84,-87.01,43.12,8.82,16638787
299111,0.05,1.02,0.09,-2.44,1.98,-1.34,0.07,-0.08,0.89,-63.81,40.28,10.25,16636626
299122,0.05,1.02,0.09,-2.14,1.98,-1.34,0.06,-0.12,0.94,-46.66,33.36,5.19,16637199
299134,0.05,1.02,0.09,-2.47,1.86,-1.16,0.05,-0.15,0.99,-27.98,23.13,6.16,16639443
299146,0.05,1.02,0.09,-2.20,2.08,-1.19,0.04,-0.18,1.03,-10.56,9.98,1.31,16638428
299158,0.05,1.02,0.09,-2.32,2.01,-1.50,0.03,-0.20,1.05,3.94,5.46,-3.02,16638416
299169,0.05,1.02,0.09,-2.59,2.11,-1.31,0.04,-0.21,1.05,16.05,10.19,-6.77,16638308
299182,0.05,1.02,0.09,-2.01,2.14,-1.68,0.03,-0.19,1.08,18.25,-7.14,-0.52,16638006
299193,0.05,1.02,0.09,-2.26,2.08,-1.28,0.03,-0.14,1.10,11.32,-13.21,1.28,16636788
299204,0.05,1.02,0.09,-1.95,1.95,-1.04,0.04,-0.12,1.11,-2.44,-1.07,-5.58,16634465
299216,0.05,1.02,0.09,-2.20,1.95,-1.31,0.04,-0.10,1.12,-9.86,-0.31,-0.55,16634871
299228,0.05,1.02,0.09,-2.11,2.08,-1.50,0.04,-0.10,1.11,-8.70,-0.64,0.70,16635239
299240,0.05,1.02,0.09,-2.14,2.17,-1.37,0.04,-0.12,1.09,-3.85,3.72,0.85,16633068
299251,0.05,1.02,0.09,-2.50,2.20,-1.31,0.04,-0.13,1.08,4.09,6.68,-1.25,16636122
299264,0.05,1.02,0.09,-2.26,2.20,-1.46,0.03,-0.14,1.07,9.98,7.81,-2.72,16639302
299275,0.05,1.02,0.10,-2.08,2.23,-1.19,0.03,-0.13,1.07,5.28,7.39,-5.62,16637490
299287,0.05,1.02,0.10,-2.26,2.08,-1.25,0.03,-0.12,1.07,-0.92,6.26,-4.61,16634652
299298,0.05,1.02,0.10,-2.29,1.89,-1.46,0.03,-0.10,1.07,-7.08,3.39,-3.88,16632692
299311,0.05,1.02,0.10,-2.04,2.08,-1.22,0.03,-0.09,1.06,-6.84,3.51,-2.35,16634666
299322,0.05,1.02,0.09,-2.20,2.17,-1.28,0.03,-0.09,1.06,-2.01,5.22,-1.10,16633253
299333,0.05,1.02,0.09,-2.56,2.20,-1.46,0.02,-0.09,1.06,1.01,4.64,-0.64,16634147
299345,0.05,1.02,0.09,-2.23,1.92,-1.28,0.02,-0.09,1.06,3.14,2.23,-0.21,16637308
299357,0.05,1.02,0.09,-2.26,1.89,-1.19,0.02,-0.09,1.05,6.96,3.20,0.85,16636914
299369,0.05,1.02,0.09,-2.26,1.77,-1.19,0.02,-0.09,1.04,9.74,4.64,0.98,16638292
299380,0.05,1.02,0.09,-2.47,2.04,-1.25,0.02,-0.09,1.04,11.35,2.93,0.37,16635636
299393,0.05,1.02,0.10,-2.41,1.98,-1.34,0.02,-0.09,1.06,4.67,2.08,-0.55,16634806
299404,0.05,1.02,0.10,-2.44,1.80,-1.40,0.02,-0.09,1.07,-4.79,2.04,-4.46,16636103
299416,0.05,1.02,0.09,-2.56,2.44,-1.28,0.02,-0.09,1.06,-7.75,4.03,-4.18,16636456
299427,0.05,1.02,0.09,-2.26,1.89,-1.16,0.02,-0.10,1.05,-4.33,9.98,-3.17,16633660
299439,0.05,1.02,0.09,-2.04,2.04,-1.43,0.02,-0.10,1.05,-2.38,11.23,-5.10,16633086
299451,0.05,1.02,0.09,-2.66,2.11,-1.19,0.01,-0.10,1.06,0.79,3.60,-3.27,16636419
299462,0.05,1.02,0.09,-1.95,1.98,-1.25,0.01,-0.10,1.06,6.93,-1.95,-1.13,16637743
299474,0.05,1.02,0.09,-2.38,2.14,-1.40,0.02,-0.10,1.06,8.21,0.82,-0.27,16637880
299486,0.05,1.02,0.09,-2.38,2.20,-1.25,0.02,-0.10,1.06,7.14,2.81,-1.53,16635893
299498,0.05,1.02,0.09,-2.14,2.20,-1.34,0.02,-0.10,1.07,4.97,4.94,-2.11,16633518
299509,0.05,1.02,0.09,-2.62,2.11,-1.19,0.02,-0.10,1.07,5.71,5.07,-2.17,16634276
299522,0.05,1.02,0.09,-2.20,2.11,-1.31,0.02,-0.10,1.07,7.05,2.35,-1.56,16634588
299533,0.05,1.02,0.09,-2.47,2.11,-1.46,0.02,-0.10,1.07,12.70,2.17,-2.66,16632943
299544,0.05,1.02,0.09,-2.38,2.08,-1.25,0.02,-0.11,1.05,25.85,1.56,-1.59,16633854
299556,0.05,1.02,0.09,-2.23,2.08,-1.50,0.02,-0.12,1.03,46.36,-0.58,0.61,16634043
299568,0.05,1.02,0.09,-2.62,2.04,-1.22,0.02,-0.12,1.01,76.63,-4.09,3.51,16635105
299580,0.05,1.02,0.09,-2.38,2.23,-1.25,0.02,-0.12,0.98,110.44,-5.98,9.64,16635809
299591,0.05,1.02,0.10,-2.26,2.20,-1.40,0.02,-0.11,0.98,141.30,-7.39,12.36,16635416
299603,0.05,1.02,0.09,-2.26,1.98,-1.31,0.01,-0.11,1.00,169.31,-17.49,11.41,16635848
299615,0.05,1.02,0.09,-2.23,2.14,-1.31,-0.01,-0.12,1.01,206.54,-32.38,3.91,16636304
299627,0.05,1.02,0.09,-2.32,2.01,-1.22,-0.01,-0.13,0.98,262.48,-41.41,-2.04,16636231
299638,0.05,1.02,0.09,-2.23,1.98,-1.43,-0.02,-0.14,0.93,333.65,-51.48,-16.20,16637784
299651,0.05,1.02,0.09,-2.38,2.26,-1.25,-0.02,-0.12,0.87,417.18,-62.77,-14.31,16633948
299662,0.05,1.02,0.09,-2.38,1.77,-1.16,-0.01,-0.03,0.78,478.85,-82.31,-24.84,16633554
299673,0.05,1.02,0.09,-2.26,2.01,-1.25,0.00,0.10,0.69,525.51,-87.62,-25.18,16636667
299685,0.05,1.02,0.09,-2.20,1.89,-1.43,0.03,0.25,0.61,544.98,-81.45,-22.98,16637849
299697,0.05,1.02,0.10,-2.35,1.98,-1.04,0.06,0.42,0.56,540.89,-60.58,-24.72,16637243
299709,0.05,1.02,0.09,-2.26,2.04,-1.37,0.07,0.58,0.54,517.06,-40.95,-27.47,16635399
299720,0.05,1.02,0.09,-2.38,1.89,-1.19,0.08,0.73,0.55,482.42,-26.58,-27.68,16636474
299732,0.05,1.02,0.09,-2.38,1.95,-1.01,0.08,0.82,0.55,451.39,-11.41,-44.01,16637100
299744,0.05,1.02,0.09,-1.89,2.35,-1.22,0.09,0.90,0.55,412.75,-6.38,-42.66,16635839
299756,0.05,1.02,0.10,-1.77,2.08,-1.28,0.09,0.96,0.55,367.92,-6.77,-43.67,16637325
299767,0.05,1.02,0.10,0.46,2.26,-1.68,0.07,1.04,0.52,305.63,-26.43,-35.77,16635360
299779,0.05,1.02,0.10,0.24,2.23,-1.43,0.07,1.00,0.45,305.39,-37.72,-54.23,16634133
299791,0.05,1.02,0.09,-1.80,1.77,-1.53,0.08,1.02,0.38,275.63,-22.03,-72.33,16635640
299802,0.05,1.02,0.09,-3.17,2.01,-1.59,0.07,1.00,0.33,264.68,-25.91,-67.54,16636289
299814,0.05,1.02,0.09,-3.17,2.26,-1.53,0.04,0.93,0.31,267.12,-31.19,-98.69,16636930
299826,0.05,1.02,0.09,-2.78,2.14,-1.43,0.06,0.98,0.31,172.15,23.86,-72.91,16637168
299838,0.05,1.02,0.09,-2.59,2.08,-1.37,0.05,1.03,0.30,115.14,21.51,-62.93,16635770
299849,0.05,1.02,0.09,-3.02,1.95,-1.40,0.04,1.09,0.33,67.81,8.21,-30.67,16634821
299862,0.05,1.02,0.09,-1.98,1.98,-0.98,0.03,1.08,0.34,49.07,-8.64,-33.81,16635022
299873,0.05,1.02,0.09,-2.04,2.01,-1.46,0.02,1.05,0.30,41.99,-12.48,-30.85,16636085
299885,0.05,1.02,0.09,-2.84,2.23,-1.74,-0.00,1.01,0.26,34.88,-22.89,-33.33,16636232
299896,0.05,1.02,0.09,-2.93,1.95,-1.19,0.14,1.29,0.21,61.74,-47.36,261.72,16639735
299908,0.05,1.02,0.09,-2.66,2.14,-1.25,0.06,1.48,0.19,-9.58,-14.68,-36.38,16636619
299920,0.05,1.03,0.09,-1.86,1.92,-1.22,-0.01,1.37,0.15,-16.72,-22.16,0.27,16636161
299931,0.05,1.02,0.09,-2.47,2.17,-1.22,0.01,1.25,0.15,3.57,-15.32,-0.37,16639170
299943,0.05,1.02,0.09,-2.87,2.11,-1.62,0.02,1.17,0.12,8.15,-2.69,-0.52,16637449
299955,0.05,1.02,0.09,-2.47,2.20,-1.43,0.04,1.12,0.11,11.90,-4.67,-1.74,16632666
299967,0.05,1.02,0.10,-1.92,2.14,-1.22,0.05,1.09,0.08,10.38,3.14,-1.68,16635029
299978,0.05,1.02,0.09,-2.20,2.04,-1.31,0.04,1.06,0.07,6.56,0.61,-0.03,16636216
299991,0.05,1.02,0.09,-2.38,2.20,-1.28,0.05,1.05,0.06,5.74,-4.03,-3.20,16638203
300002,0.05,1.02,0.09,-2.23,1.95,-1.50,0.03,1.04,0.06,-0.95,-11.14,-1.25,16636138
300013,0.05,1.02,0.09,-2.01,1.86,-1.25,0.03,1.03,0.06,3.27,-4.55,-1.07,16635057
300025,0.05,1.02,0.09,-2.17,2.08,-1.22,0.02,1.03,0.06,-6.77,-6.68,-0.58,16637459
300037,0.05,1.02,0.09,-2.44,2.17,-1.25,0.02,1.02,0.06,-3.39,3.36,-1.77,16638235
300049,0.05,1.02,0.09,-2.66,2.08,-1.43,0.04,1.01,0.07,7.42,13.58,-2.01,16635314
300060,0.05,1.02,0.09,-2.44,2.26,-1.28,0.03,1.02,0.06,-7.66,3.60,-1.16,16634625
300072,0.05,1.02,0.09,-2.23,2.04,-1.37,0.03,1.02,0.04,-19.78,0.64,-0.64,16634788
300084,0.05,1.02,0.09,-2.59,2.08,-1.43,0.04,1.02,0.04,-21.42,0.79,-0.89,16634066
300096,0.05,1.02,0.10,-2.69,2.14,-1.10,0.04,1.01,0.05,-16.51,0.67,-0.85,16634700
300107,0.05,1.02,0.10,-2.17,1.92,-1.40,0.04,1.01,0.06,-8.79,0.34,-0.98,16633507
300119,0.05,1.02,0.10,-1.95,1.95,-1.28,0.04,1.01,0.07,-0.73,0.46,-0.85,16634873
300131,0.05,1.02,0.09,-2.35,1.98,-1.25,0.04,1.01,0.07,-1.19,0.73,-0.89,16636378
300142,0.05,1.02,0.09,-2.38,2.14,-1.37,0.04,1.01,0.07,-1.01,0.58,-0.85,16633977
300154,0.05,1.02,0.09,-1.92,1.89,-1.19,0.04,1.01,0.07,-0.85,0.67,-0.79,16633107
300166,0.05,1.02,0.09,-2.17,2.11,-1.34,0.04,1.01,0.07,-1.28,0.31,-0.85,16635624
300178,0.05,1.02,0.09,-2.20,1.95,-1.25,0.04,1.01,0.07,-1.13,0.52,-0.67,16637170
300189,0.05,1.02,0.09,-2.29,2.04,-1.19,0.04,1.01,0.07,-1.07,0.55,-1.22,16639052
300201,0.05,1.02,0.09,-2.32,1.95,-1.25,0.04,1.01,0.07,-0.95,0.70,-1.04,16639101
300213,0.05,1.02,0.09,-2.20,1.98,-1.25,0.04,1.01,0.07,-1.13,0.73,-1.16,16634522
300225,0.05,1.02,0.09,-2.32,2.20,-1.19,0.04,1.01,0.07,-0.92,0.67,-0.89,16636043
300236,0.05,1.02,0.09,-2.29,1.92,-1.25,0.04,1.01,0.07,-1.04,0.73,-0.64,16636786
300248,0.05,1.02,0.09,-2.38,2.08,-1.37,0.04,1.01,0.07,-1.22,0.73,-0.85,16637279
300260,0.05,1.02,0.10,-2.38,2.14,-1.46,0.04,1.01,0.07,-1.22,0.61,-0.95,16637569
300271,0.05,1.02,0.10,-2.26,2.14,-1.28,0.04,1.01,0.07,-1.13,0.58,-0.79,16636172
300283,0.05,1.02,0.10,-2.38,2.08,-1.16,0.04,1.01,0.07,-1.34,0.82,-1.19,16635805
300295,0.05,1.02,0.10,-2.32,2.20,-1.19,0.04,1.01,0.07,-1.19,0.76,-0.85,16634935
300307,0.05,1.02,0.09,-2.41,2.04,-1.22,0.04,1.01,0.07,-1.34,0.52,-0.85,16635890
300318,0.05,1.02,0.09,-2.35,1.92,-1.10,0.04,1.01,0.07,-1.16,0.43,-0.73,16636953
300331,0.05,1.02,0.09,-2.26,1.92,-1.22,0.04,1.01,0.07,-1.43,0.73,-0.70,16636189
300342,0.05,1.02,0.09,-2.26,2.14,-1.37,0.04,1.01,0.07,-1.01,0.64,-0.61,16633093
300353,0.05,1.02,0.09,-2.50,2.14,-1.46,0.04,1.01,0.07,-1.25,0.49,-0.61,16634429
300365,0.05,1.02,0.09,-2.44,2.11,-1.28,0.04,1.01,0.07,-0.92,0.73,-0.82,16638957
300377,0.05,1.02,0.09,-2.44,2.08,-1.34,0.04,1.01,0.07,-1.37,0.67,-0.82,16637147
300389,0.05,1.02,0.09,-2.50,1.95,-1.34,0.04,1.01,0.07,-1.07,0.85,-0.92,16637632
300400,0.05,1.02,0.09,-2.41,2.04,-1.28,0.04,1.01,0.07,-1.10,0.61,-0.79,16637101
300412,0.05,1.02,0.10,-2.26,2.17,-1.31,0.04,1.01,0.07,-1.16,0.82,-0.98,16635267
300424,0.05,1.02,0.10,-2.35,1.92,-1.25,0.04,1.01,0.07,-1.10,0.49,-0.67,16633251
300436,0.05,1.02,0.10,-2.20,1.98,-1.31,0.04,1.01,0.07,-1.53,0.24,-1.07,16633024
300447,0.05,1.02,0.10,-2.29,2.04,-1.19,0.04,1.01,0.07,-0.95,0.85,-0.58,16636529
300459,0.05,1.02,0.10,-2.04,1.92,-1.28,0.04,1.01,0.07,-1.22,0.82,-1.07,16638383
300471,0.05,1.02,0.10,-2.23,2.04,-1.25,0.04,1.01,0.07,-1.04,0.76,-0.76,16636337
300482,0.05,1.02,0.09,-2.08,2.08,-1.10,0.04,1.01,0.07,-1.01,0.49,-0.89,16635454
300494,0.05,1.02,0.09,-2.20,2.14,-1.19,0.04,1.01,0.07,-1.10,0.31,-0.82,16635337
300506,0.05,1.02,0.09,-2.20,2.01,-1.31,0.04,1.01,0.07,-0.92,0.61,-0.92,16635497
300518,0.05,1.02,0.09,-2.23,2.04,-1.28,0.04,1.01,0.07,-1.01,0.55,-0.73,16635615
300529,0.05,1.02,0.09,-2.38,1.83,-1.31,0.04,1.01,0.07,-0.92,0.61,-0.49,16635535
300541,0.05,1.02,0.09,-2.14,2.11,-1.37,0.04,1.01,0.07,-0.89,0.52,-0.82,16636784
300553,0.05,1.02,0.09,-2.32,1.95,-1.37,0.04,1.01,0.07,-1.10,0.52,-0.82,16636292
300565,0.05,1.02,0.10,-2.29,2.08,-1.28,0.04,1.01,0.07,-1.07,0.92,-0.76,16633865
300576,0.05,1.02,0.10,-1.98,2.01,-1.04,0.04,1.01,0.07,-1.04,0.61,-0.79,16634492
300588,0.05,1.02,0.10,-2.04,1.98,-1.43,0.04,1.01,0.07,-1.56,0.76,-0.85,16636827
300600,0.05,1.02,0.10,-2.08,2.08,-0.95,0.04,1.01,0.07,-1.40,0.55,-1.07,16638990
300611,0.05,1.02,0.09,-3.30,2.01,-1.19,0.04,1.01,0.07,-1.10,0.67,-1.01,16639645
300623,0.05,1.02,0.09,-3.39,2.04,-1.22,0.04,1.01,0.07,-0.92,0.37,-0.92,16638336
300635,0.05,1.02,0.09,-2.17,2.11,-1.37,0.04,1.01,0.07,-1.19,0.46,-0.73,16637527
300647,0.05,1.02,0.09,-2.01,2.17,-1.07,0.04,1.01,0.07,-0.95,0.70,-0.92,16637102
300658,0.05,1.02,0.09,-3.02,2.17,-1.37,0.04,1.01,0.07,-1.19,0.58,-1.04,16636465
300670,0.05,1.02,0.09,-2.75,1.89,-1.19,0.04,1.01,0.07,-1.04,0.31,-0.76,16635542
300682,0.05,1.02,0.10,-1.80,1.95,-1.62,0.04,1.01,0.07,-1.25,0.55,-0.64,16638809
300693,0.05,1.03,0.10,-0.82,2.11,-1.59,0.04,1.01,0.07,-1.04,0.70,-0.98,16636314
300705,0.05,1.02,0.09,-1.95,2.08,-1.37,0.04,1.01,0.07,-1.25,0.55,-0.98,16632997
300717,0.05,1.02,0.09,-2.69,2.23,-1.19,0.04,1.01,0.07,-1.34,0.40,-0.73,16635224
300729,0.05,1.02,0.09,-2.62,2.29,-1.40,0.04,1.01,0.07,-1.28,0.24,-0.85,16635235
300740,0.05,1.02,0.09,-1.98,2.11,-1.28,0.04,1.01,0.07,-0.85,0.40,-0.55,16634679
300752,0.05,1.02,0.09,-2.11,2.01,-1.31,0.04,1.01,0.07,-1.16,0.64,-1.07,16634877
300764,0.05,1.02,0.09,-2.78,2.08,-1.10,0.04,1.01,0.07,-0.98,0.52,-1.01,16636556
300776,0.05,1.02,0.09,-2.66,1.98,-1.34,0.04,1.01,0.07,-1.16,0.76,-0.98,16637773
300787,0.05,1.02,0.10,-2.44,1.92,-1.25,0.04,1.01,0.07,-1.31,0.55,-0.67,16635965
300798,0.05,1.02,0.09,-4.21,1.89,-1.22,0.04,1.01,0.07,-1.01,0.76,-1.16,16637324
300811,0.05,1.02,0.09,-5.49,1.89,-0.89,0.04,1.01,0.07,-1.07,0.55,-0.98,16637791
300822,0.05,1.02,0.09,-4.43,2.26,-1.19,0.04,1.01,0.07,-1.22,0.85,-1.04,16640866
300834,0.05,1.02,0.10,-2.84,2.01,-1.56,0.04,1.01,0.07,-1.10,0.58,-0.85,16640407
300846,0.05,1.03,0.10,-1.62,1.92,-1.19,0.04,1.01,0.07,-0.70,0.85,-0.79,16637392
300858,0.05,1.03,0.10,-2.56,1.89,-1.31,0.04,1.01,0.07,-1.37,0.61,-0.67,16636501
300869,0.05,1.02,0.10,-5.65,1.59,-1.19,0.04,1.01,0.07,-0.85,0.61,-0.85,16640655
