time,faccx,faccy,faccz,fgyrx,fgyry,fgyrz,saccx,saccy,saccz,sgyrx,sgyry,sgyrz,load
726502,0.06,1.01,0.08,-5.37,2.14,-1.37,0.43,0.93,-0.03,1.01,-0.73,-4.30,16633908
726512,0.06,1.01,0.09,-2.84,2.01,-1.53,0.42,0.93,-0.04,0.79,-0.03,-1.19,16635703
726522,0.05,1.03,0.09,-0.92,2.38,-1.40,0.42,0.92,-0.04,-2.44,1.77,-1.34,16633742
726534,0.05,1.04,0.11,3.85,3.05,-1.98,0.40,0.91,-0.04,-3.91,1.65,0.73,16634794
726545,0.06,1.04,0.11,3.60,2.01,-1.62,0.41,0.92,-0.04,-2.72,2.11,3.91,16636810
726557,0.05,1.02,0.10,-1.50,2.01,-0.61,0.42,0.94,-0.04,-0.18,0.49,-0.79,16634979
726568,0.05,1.00,0.08,-5.89,1.65,-1.34,0.43,0.94,-0.03,1.37,-2.29,-5.46,16635293
726581,0.05,1.01,0.09,-4.91,1.98,-1.65,0.42,0.93,-0.04,-0.46,0.49,-2.29,16635629
726592,0.05,1.03,0.10,-0.79,2.14,-1.46,0.41,0.92,-0.04,-4.00,2.93,1.86,16636245
726604,0.05,1.04,0.11,0.82,2.26,-1.34,0.41,0.92,-0.04,-2.50,1.22,0.58,16635868
726616,0.05,1.02,0.09,-2.69,1.86,-1.01,0.42,0.93,-0.03,0.64,-0.73,-2.14,16635135
726628,0.05,1.01,0.09,-4.94,1.80,-1.25,0.42,0.94,-0.03,1.74,-0.31,-1.34,16635168
726639,0.05,1.02,0.09,-3.27,2.08,-1.43,0.42,0.93,-0.04,-0.31,0.70,-0.40,16633965
726651,0.05,1.03,0.10,-0.61,2.04,-1.28,0.41,0.92,-0.04,-3.85,1.56,-1.07,16636722
726663,0.05,1.03,0.10,-0.55,1.98,-1.31,0.41,0.93,-0.04,-2.99,1.62,-0.89,16637082
726674,0.05,1.02,0.09,-2.81,1.92,-1.04,0.42,0.93,-0.03,0.58,-0.24,-1.22,16635655
726686,0.05,1.01,0.09,-4.24,2.20,-1.16,0.42,0.93,-0.03,1.89,-0.43,-0.82,16635492
726697,0.05,1.02,0.10,-2.47,1.95,-1.13,0.41,0.93,-0.04,-1.16,0.82,-0.40,16635246
726710,0.05,1.03,0.10,-0.98,2.32,-1.40,0.41,0.92,-0.04,-3.05,1.34,-0.98,16634513
726721,0.05,1.03,0.10,-1.62,2.20,-1.46,0.42,0.93,-0.04,-2.08,0.98,-1.28,16635423
726733,0.05,1.02,0.09,-3.14,2.04,-1.37,0.42,0.93,-0.04,0.06,0.09,-0.98,16635645
726745,0.05,1.02,0.09,-3.45,2.01,-1.25,0.42,0.93,-0.04,0.46,0.12,-0.89,16635114
726757,0.05,1.02,0.10,-2.20,2.08,-1.10,0.41,0.93,-0.04,-1.53,0.85,-0.58,16633417
726768,0.05,1.03,0.10,-1.16,2.01,-1.19,0.41,0.93,-0.04,-2.26,0.89,-0.49,16634430
726780,0.05,1.02,0.10,-1.83,1.89,-1.28,0.42,0.93,-0.04,-1.13,0.40,-0.98,16632805
726792,0.05,1.02,0.09,-3.02,2.14,-1.10,0.42,0.93,-0.04,0.03,-0.03,-1.13,16632244
726803,0.05,1.02,0.09,-2.81,1.77,-1.22,0.42,0.93,-0.04,-0.67,0.52,-1.13,16636185
726815,0.05,1.02,0.10,-1.98,2.11,-1.25,0.42,0.93,-0.04,-1.13,0.92,-0.43,16640052
726827,0.05,1.03,0.10,-1.31,1.98,-1.37,0.41,0.93,-0.04,-1.43,0.89,-0.55,16637656
726839,0.05,1.02,0.10,-2.23,1.92,-1.28,0.42,0.93,-0.04,-0.55,0.49,-0.73,16634371
726850,0.05,1.02,0.10,-2.78,1.86,-1.10,0.42,0.93,-0.04,-0.67,0.34,-1.25,16635985
726862,0.05,1.02,0.10,-2.32,2.08,-1.13,0.42,0.93,-0.04,-1.28,0.58,-0.85,16635558
726874,0.05,1.02,0.10,-1.65,2.08,-1.40,0.41,0.93,-0.04,-1.50,0.82,-0.61,16635796
726886,0.05,1.02,0.10,-1.59,1.95,-1.22,0.41,0.93,-0.04,-1.34,0.61,-0.31,16636930
726897,0.05,1.02,0.10,-2.56,1.89,-1.16,0.42,0.93,-0.04,-0.52,0.34,-0.79,16636084
726908,0.05,1.02,0.09,-2.59,2.01,-1.46,0.42,0.93,-0.04,-0.49,0.67,-1.22,16634682
726921,0.05,1.02,0.10,-2.44,2.11,-1.04,0.42,0.93,-0.04,-1.10,0.61,-1.22,16636904
726932,0.05,1.02,0.10,-1.95,2.32,-0.73,0.41,0.92,-0.04,-2.04,1.07,-0.52,16636342
726944,0.05,1.03,0.10,-0.12,2.29,-0.70,0.41,0.92,-0.04,-2.96,0.79,-0.34,16636213
726956,0.05,1.03,0.11,0.18,1.80,-0.76,0.41,0.93,-0.04,-3.57,1.25,0.64,16643883
726968,0.05,1.02,0.09,-3.48,1.95,-1.10,0.42,0.94,-0.04,0.46,0.67,-0.61,16651171
726979,0.05,1.00,0.08,-5.86,1.77,-1.25,0.42,0.93,-0.03,2.08,-1.25,-3.66,16649708
726991,0.05,1.02,0.09,-2.59,2.01,-1.43,0.41,0.93,-0.04,-2.62,1.19,-0.92,16648764
727003,0.05,1.03,0.10,0.49,2.20,-1.22,0.41,0.92,-0.04,-4.18,2.72,1.07,16654169
727015,0.05,1.01,0.09,-4.36,2.26,-0.76,0.43,0.93,-0.03,1.25,-1.16,-4.91,16662575
727026,0.05,0.99,0.07,-10.50,1.74,-0.89,0.43,0.94,-0.03,4.12,-2.81,-6.16,16686705
727037,0.05,1.02,0.10,-3.39,2.29,-0.79,0.40,0.92,-0.05,-2.17,1.46,-0.15,16714456
727050,0.05,1.04,0.12,1.77,2.17,-1.28,0.40,0.92,-0.05,-2.66,3.08,0.12,16748333
727061,0.05,1.01,0.10,-5.71,1.77,-1.13,0.42,0.94,-0.05,-3.51,-1.77,-5.37,23120
727073,0.05,1.00,0.10,-8.64,1.98,-1.59,0.42,0.91,-0.04,28.17,13.49,-1.74,82961
727085,0.04,1.03,0.13,-0.03,3.14,-1.16,0.39,0.89,-0.02,45.14,18.52,-6.13,147840
727097,0.04,1.04,0.14,1.01,3.08,-0.21,0.36,0.90,-0.03,53.44,15.44,-7.26,216334
727108,0.05,1.02,0.13,-3.66,2.87,-0.24,0.38,0.94,-0.06,38.97,20.42,2.11,279477
727120,0.05,1.02,0.14,0.09,2.53,-0.82,0.37,0.95,-0.09,4.94,2.87,9.92,324491
727132,0.05,1.04,0.14,4.64,2.17,0.03,0.38,0.93,-0.11,-9.98,3.66,5.65,359575
727143,0.05,1.02,0.10,-1.13,2.78,-0.79,0.42,0.94,-0.10,-6.68,11.51,-7.97,390716
727155,0.06,1.02,0.07,-1.13,2.81,-0.79,0.44,0.94,-0.07,-23.77,4.55,-9.03,414623
727166,0.06,1.05,0.07,2.62,2.78,-0.98,0.45,0.93,-0.04,-25.88,-6.32,-13.58,425157
727179,0.06,1.03,0.04,-3.17,2.01,-1.37,0.47,0.93,-0.02,-12.24,-8.58,-20.54,423836
727190,0.06,1.02,0.04,-5.19,2.32,-1.31,0.46,0.93,-0.01,-8.67,-7.42,-14.53,411051
727202,0.06,1.03,0.07,-0.43,2.29,-1.34,0.43,0.92,-0.02,-1.34,-4.55,-5.40,381589
727214,0.06,1.03,0.08,-2.17,1.83,-1.25,0.42,0.94,-0.03,2.23,1.40,1.19,349415
727226,0.05,1.02,0.07,-4.33,1.53,-1.34,0.42,0.94,-0.04,1.65,1.56,3.02,318032
727237,0.05,1.02,0.09,-1.71,1.74,-1.50,0.41,0.93,-0.04,-1.07,-0.79,-0.73,289752
727249,0.05,1.03,0.09,-1.46,1.98,-1.50,0.42,0.93,-0.05,-3.51,0.09,-2.93,267537
727261,0.05,1.02,0.08,-3.63,2.11,-1.34,0.41,0.94,-0.04,-0.95,1.28,-1.50,240581
727272,0.06,1.02,0.09,-2.23,2.26,-1.37,0.40,0.93,-0.04,0.67,0.46,-0.12,203340
727284,0.06,1.03,0.10,-0.79,2.29,-1.43,0.40,0.93,-0.05,0.09,1.25,0.12,164867
727296,0.06,1.02,0.10,-2.41,1.65,-1.19,0.41,0.94,-0.05,0.15,0.27,0.06,124635
727308,0.06,1.02,0.09,-2.17,1.25,-1.59,0.41,0.93,-0.05,-0.61,-0.52,-0.09,90554
727319,0.05,1.03,0.09,-0.73,1.43,-1.62,0.41,0.93,-0.05,-1.65,0.55,0.67,57346
727331,0.05,1.02,0.08,-2.29,1.89,-1.46,0.42,0.93,-0.04,-0.70,0.82,-1.13,21626
727343,0.05,1.02,0.07,-4.43,2.17,-1.65,0.42,0.93,-0.04,0.24,-1.13,-4.00,16770795
727355,0.05,1.02,0.08,-4.18,2.23,-1.80,0.41,0.93,-0.05,0.61,-0.27,-1.62,16747863
727366,0.05,1.02,0.10,-2.32,2.01,-1.04,0.40,0.93,-0.06,0.61,1.07,0.27,16732153
727378,0.05,1.02,0.12,-1.98,1.80,-1.34,0.39,0.93,-0.07,1.92,0.52,0.03,16723883
727390,0.05,1.02,0.12,-2.20,1.46,-1.31,0.39,0.93,-0.07,1.43,-0.31,-0.24,16721891
727401,0.04,1.02,0.12,-1.92,1.65,-1.59,0.39,0.93,-0.08,-2.26,1.01,0.46,16724359
727413,0.04,1.02,0.11,-1.83,1.92,-1.13,0.40,0.93,-0.07,-3.39,0.82,-2.01,16728134
727425,0.05,1.02,0.10,-2.23,2.14,-1.01,0.40,0.93,-0.06,-2.59,0.89,-2.87,16734177
727437,0.05,1.02,0.10,-2.84,2.53,-0.58,0.40,0.93,-0.05,-0.67,1.10,-1.04,16742680
727448,0.05,1.02,0.10,-2.59,2.59,-1.13,0.40,0.93,-0.05,1.16,0.55,-0.79,16758539
727460,0.05,1.02,0.10,-2.50,2.41,-0.64,0.40,0.93,-0.06,0.43,0.76,-0.58,6678
727472,0.05,1.02,0.11,-2.81,1.71,-1.10,0.40,0.93,-0.07,-1.07,0.27,-1.34,34175
727484,0.05,1.02,0.11,-2.78,1.01,-1.19,0.40,0.93,-0.07,-2.41,0.79,-1.53,66835
727495,0.05,1.02,0.10,-2.99,1.28,-1.56,0.41,0.93,-0.06,-2.66,0.85,-1.98,101183
727506,0.06,1.02,0.08,-5.00,1.62,-1.56,0.42,0.94,-0.04,-2.35,-0.95,-3.85,138039
727519,0.06,1.02,0.06,-5.55,2.08,-1.68,0.43,0.94,-0.03,-1.40,-0.09,-3.94,182933
727530,0.06,1.03,0.07,-4.06,2.50,-1.62,0.42,0.93,-0.02,0.73,-1.62,-4.52,226451
727542,0.06,1.03,0.08,-4.30,2.53,-1.53,0.41,0.93,-0.03,2.47,-0.18,-2.59,262910
727554,0.06,1.02,0.09,-5.25,2.20,-1.31,0.40,0.93,-0.05,4.27,-0.43,-1.74,289021
727566,0.05,1.01,0.11,-5.28,1.86,-1.16,0.39,0.93,-0.07,4.85,-0.82,-2.23,315579
727577,0.05,1.02,0.13,-4.15,1.74,-0.98,0.38,0.93,-0.08,0.55,0.21,-1.34,349448
727589,0.04,1.02,0.13,-4.00,1.77,-0.55,0.38,0.93,-0.09,-2.29,1.92,-1.53,388460
727601,0.04,1.02,0.12,-2.90,1.74,-0.89,0.39,0.92,-0.08,-1.98,0.92,-1.22,429708
727613,0.04,1.03,0.11,-1.65,2.17,-0.43,0.40,0.93,-0.07,-0.67,1.10,-0.85,466021
727624,0.04,1.02,0.09,-4.36,2.69,-0.18,0.42,0.93,-0.06,0.03,1.31,-4.55,498544
727635,0.04,1.01,0.08,-7.17,3.30,-0.76,0.42,0.94,-0.05,-0.46,-0.15,-7.02,515214
727648,0.05,1.02,0.09,-4.64,2.50,-1.04,0.41,0.93,-0.05,-1.71,0.09,-5.58,515595
727659,0.06,1.04,0.11,0.43,2.08,-1.10,0.39,0.93,-0.05,-4.46,1.80,-0.31,506334
727671,0.07,1.05,0.11,2.23,1.83,-1.22,0.39,0.93,-0.05,-3.14,1.83,2.99,489999
727683,0.07,1.05,0.11,2.38,1.77,-1.50,0.39,0.93,-0.04,-2.50,1.07,4.58,465398
727695,0.07,1.05,0.10,2.84,2.01,-1.77,0.40,0.93,-0.04,-3.23,2.29,4.39,426123
727706,0.06,1.04,0.08,1.13,2.20,-1.92,0.42,0.93,-0.04,-2.01,1.56,1.43,374407
727718,0.06,1.02,0.07,-1.56,2.26,-1.74,0.42,0.94,-0.04,-0.55,0.40,-1.07,316530
727730,0.05,1.02,0.08,-1.65,2.47,-1.53,0.42,0.93,-0.05,-0.46,0.21,-0.98,267121
727742,0.05,1.02,0.10,-1.34,2.35,-1.71,0.40,0.93,-0.06,-0.79,1.89,1.77,221474
727753,0.05,1.01,0.10,-2.78,2.26,-1.80,0.40,0.93,-0.07,0.73,0.67,0.31,169807
727764,0.04,1.01,0.11,-1.62,1.77,-1.37,0.39,0.93,-0.07,-0.37,0.98,0.61,121549
727777,0.04,1.02,0.12,0.15,1.50,-1.07,0.39,0.93,-0.08,-2.50,1.37,1.25,82648
727788,0.05,1.02,0.11,-0.03,1.74,-1.19,0.40,0.93,-0.07,-3.91,1.68,0.34,58003
727800,0.05,1.02,0.09,-1.77,2.04,-1.34,0.41,0.93,-0.05,-3.85,0.95,-2.20,38151
727812,0.05,1.02,0.08,-1.62,2.17,-1.25,0.42,0.93,-0.04,-1.98,0.85,-1.95,22115
727824,0.06,1.02,0.08,-2.08,2.26,-1.68,0.41,0.93,-0.04,1.04,0.52,-0.58,6392
727835,0.06,1.02,0.08,-3.42,2.35,-1.43,0.41,0.93,-0.04,1.80,0.06,-0.52,16767802
727847,0.06,1.02,0.09,-3.33,2.26,-1.28,0.41,0.93,-0.05,0.24,0.46,-1.59,16759789
727859,0.05,1.02,0.10,-1.56,1.83,-1.46,0.40,0.93,-0.06,-1.25,0.43,-0.31,16753601
727871,0.05,1.02,0.11,-1.56,1.71,-1.53,0.40,0.93,-0.06,-1.65,1.01,0.61,16744680
727882,0.05,1.02,0.10,-2.20,1.62,-1.53,0.40,0.93,-0.06,-1.50,0.52,-1.04,16734214
727894,0.05,1.02,0.10,-2.41,1.80,-1.37,0.41,0.93,-0.05,-1.28,0.55,-1.59,16731560
727906,0.05,1.02,0.09,-2.50,2.17,-1.31,0.41,0.93,-0.05,-0.67,0.70,-1.16,16733152
727917,0.05,1.02,0.09,-3.05,2.38,-1.25,0.41,0.93,-0.05,0.03,0.37,-1.83,16735407
727929,0.05,1.02,0.09,-3.66,2.08,-1.10,0.41,0.93,-0.05,-0.03,0.21,-2.17,16740965
727941,0.05,1.02,0.10,-2.62,2.04,-1.28,0.40,0.93,-0.06,-1.10,0.43,-1.31,16748912
727953,0.05,1.02,0.10,-2.50,1.95,-0.95,0.40,0.93,-0.06,-0.98,0.85,-1.34,16756647
727964,0.05,1.02,0.11,-3.48,1.65,-1.25,0.40,0.93,-0.06,-0.85,0.52,-1.98,16765546
727976,0.05,1.02,0.10,-3.39,1.77,-1.16,0.40,0.93,-0.06,-1.01,0.70,-1.71,16777214
727988,0.05,1.02,0.10,-3.14,1.89,-0.89,0.40,0.93,-0.06,-0.95,0.55,-1.34,19427
727999,0.05,1.02,0.09,-2.53,2.04,-1.19,0.41,0.93,-0.05,-0.67,0.43,-1.25,40165
728011,0.05,1.02,0.09,-3.91,2.08,-1.34,0.41,0.93,-0.05,0.34,0.12,-2.50,64499
728023,0.05,1.01,0.08,-5.65,2.20,-1.13,0.42,0.93,-0.05,1.10,-0.85,-4.18,102067
728035,0.05,1.01,0.09,-6.38,1.98,-1.07,0.41,0.93,-0.05,-0.18,-0.79,-5.16,159035
728046,0.05,1.03,0.10,-2.96,2.14,-1.19,0.40,0.93,-0.06,-2.69,1.22,-2.38,220314
728058,0.05,1.02,0.11,-3.57,2.01,-0.76,0.39,0.93,-0.06,-1.62,0.31,-3.72,266291
728070,0.05,1.02,0.11,-5.65,2.14,-0.79,0.39,0.93,-0.06,0.00,-0.76,-3.81,306988
728082,0.05,1.03,0.12,-2.50,1.80,-1.22,0.38,0.93,-0.06,-1.77,0.82,0.55,360713
728093,0.05,1.04,0.12,1.77,1.56,-1.31,0.38,0.92,-0.06,-2.87,2.50,3.20,417737
728104,0.05,1.03,0.11,-0.46,1.83,-1.43,0.40,0.93,-0.05,-0.24,1.50,-0.21,460819
728117,0.06,1.03,0.09,-2.53,1.98,-1.43,0.41,0.93,-0.05,-1.19,0.49,0.21,497356
728128,0.06,1.04,0.09,1.62,2.14,-1.83,0.41,0.93,-0.05,-2.59,0.82,1.01,529931
728140,0.06,1.03,0.09,0.00,2.14,-1.28,0.41,0.93,-0.05,0.21,2.66,-1.59,552556
728152,0.05,1.02,0.08,-3.63,1.89,-1.65,0.41,0.94,-0.05,0.43,0.49,-1.65,566911
728164,0.05,1.03,0.10,0.09,2.04,-1.71,0.40,0.93,-0.05,-1.31,1.13,1.22,574006
728175,0.05,1.03,0.10,-0.21,1.53,-1.43,0.40,0.94,-0.06,-2.17,1.19,0.85,567812
728187,0.06,1.02,0.09,-3.48,1.89,-1.68,0.41,0.94,-0.05,-0.92,-0.12,-1.86,553911
728199,0.06,1.03,0.10,0.89,2.04,-1.77,0.40,0.93,-0.05,-1.86,0.85,1.07,536959
728211,0.06,1.03,0.09,-2.69,2.69,-2.50,0.41,0.94,-0.04,0.21,2.35,0.46,508555
728222,0.06,1.01,0.08,-5.89,2.38,-1.59,0.41,0.95,-0.04,1.95,-1.07,-3.48,466114
728233,0.05,1.01,0.09,-4.03,2.20,-1.10,0.41,0.94,-0.05,1.62,-0.64,-3.23,409504
728246,0.05,1.02,0.09,-4.67,2.35,-1.34,0.41,0.94,-0.06,-0.03,1.25,-2.32,351064
728257,0.05,1.02,0.10,-3.72,2.44,-1.43,0.41,0.93,-0.06,0.37,0.21,-2.23,293788
728269,0.04,1.03,0.10,-2.44,2.08,-1.25,0.40,0.92,-0.06,-1.01,0.43,-1.68,244724
728281,0.04,1.04,0.11,0.00,2.04,-1.22,0.40,0.92,-0.07,-3.39,1.98,1.56,199550
728293,0.05,1.04,0.11,2.08,2.14,-1.25,0.40,0.92,-0.06,-4.27,2.26,2.08,151087
728304,0.05,1.04,0.10,1.40,1.98,-1.40,0.40,0.93,-0.06,-4.03,1.83,-0.40,104041
728316,0.06,1.02,0.09,-1.31,1.89,-1.71,0.40,0.93,-0.05,-4.18,1.34,-0.55,59239
728328,0.06,1.03,0.10,0.55,2.23,-1.95,0.40,0.93,-0.04,-1.13,0.61,1.74,15248
728340,0.06,1.02,0.10,0.70,1.62,-1.89,0.40,0.93,-0.04,2.81,0.34,4.46,16754871
728351,0.06,1.02,0.09,-3.05,0.82,-1.13,0.41,0.93,-0.05,-1.13,-2.59,-2.35,16724032
728363,0.05,1.01,0.09,-3.72,-0.03,-1.22,0.41,0.93,-0.06,0.37,-0.70,3.42,16697007
728375,0.05,1.01,0.08,-2.56,-1.07,-1.65,0.42,0.92,-0.06,0.34,-1.65,2.08,16673275
728386,0.05,1.01,0.08,-2.32,-2.08,-1.25,0.42,0.91,-0.07,2.14,-1.74,-4.21,16656025
728398,0.06,1.01,0.09,-2.69,-1.86,-1.80,0.41,0.93,-0.06,-4.79,-8.97,-15.38,16643046
728410,0.04,1.02,0.11,-4.64,1.53,-0.82,0.39,0.93,-0.06,-4.24,-2.90,-7.72,16639055
728422,0.04,1.03,0.12,-0.92,2.17,-1.31,0.38,0.93,-0.06,-4.91,2.72,-0.67,16639642
728433,0.05,1.03,0.11,-0.46,2.32,-1.28,0.38,0.93,-0.06,-3.20,2.66,-1.89,16639247
728445,0.06,1.02,0.10,-2.90,2.17,-1.37,0.40,0.95,-0.04,-1.07,1.16,-1.19,16637251
728457,0.06,1.01,0.09,-4.88,2.04,-1.43,0.40,0.94,-0.04,2.99,-1.19,-2.78,16636678
728469,0.06,1.02,0.10,-3.05,2.08,-1.65,0.39,0.94,-0.04,1.46,0.79,0.40,16637742
728480,0.06,1.03,0.10,-0.46,1.98,-1.37,0.39,0.93,-0.05,-1.01,1.43,1.07,16636755
728492,0.05,1.03,0.10,-0.64,2.11,-1.59,0.40,0.93,-0.06,-1.65,1.07,-0.27,16635574
728504,0.05,1.02,0.10,-2.56,1.92,-1.19,0.41,0.93,-0.06,-0.37,0.27,-1.46,16633996
728515,0.04,1.02,0.09,-3.78,1.74,-1.28,0.41,0.93,-0.06,0.52,0.12,-1.65,16636716
728527,0.05,1.02,0.09,-2.69,1.83,-0.95,0.40,0.93,-0.06,-2.14,1.16,-1.07,16638052
728539,0.05,1.03,0.10,-1.43,2.17,-1.07,0.40,0.93,-0.06,-3.57,1.13,-1.77,16635979
728551,0.05,1.03,0.10,-1.68,2.04,-1.62,0.40,0.93,-0.05,-1.28,0.76,-0.92,16636453
728562,0.06,1.02,0.09,-2.99,2.08,-1.10,0.40,0.94,-0.05,0.70,0.24,0.09,16635329
728574,0.06,1.02,0.10,-2.99,1.89,-1.22,0.40,0.94,-0.05,1.10,-0.21,-0.64,16634279
728586,0.06,1.02,0.10,-2.26,1.89,-1.07,0.40,0.93,-0.05,-1.56,1.16,-0.46,16635326
728598,0.05,1.03,0.10,-1.53,2.04,-1.19,0.40,0.93,-0.06,-1.98,0.95,-0.64,16635344
728609,0.05,1.02,0.09,-2.01,2.04,-1.25,0.40,0.93,-0.06,-0.67,0.46,-0.70,16636398
728621,0.05,1.02,0.09,-2.90,1.89,-1.46,0.41,0.93,-0.06,-0.43,0.37,-0.85,16638306
728633,0.05,1.02,0.09,-2.44,2.14,-1.43,0.41,0.93,-0.06,-1.19,0.58,-1.65,16636884
728644,0.05,1.03,0.10,-0.79,2.26,-1.56,0.40,0.93,-0.06,-1.37,1.19,-0.61,16636834
728656,0.05,1.03,0.10,-1.01,2.04,-1.34,0.40,0.93,-0.06,-1.34,1.13,-0.34,16637112
728668,0.05,1.02,0.09,-2.93,2.26,-0.95,0.40,0.94,-0.05,-0.70,1.07,-0.24,16636492
728680,0.05,1.04,0.10,2.90,3.60,-1.53,0.38,0.92,-0.05,-3.45,3.85,1.98,16635394
728691,0.05,1.07,0.12,10.25,3.85,-1.34,0.38,0.92,-0.05,-2.38,2.26,1.13,16638923
728704,0.05,1.01,0.09,-4.58,5.04,-1.80,0.40,0.95,-0.05,5.13,6.53,1.22,16642456
728715,0.05,0.97,0.06,-14.13,5.04,0.12,0.42,0.96,-0.04,9.22,1.80,-7.78,16640828
728727,0.05,0.98,0.06,-13.92,4.46,-1.50,0.42,0.94,-0.04,6.93,-1.53,-7.02,16640191
728738,0.06,1.04,0.10,-3.94,1.74,-1.56,0.40,0.91,-0.06,-1.43,0.43,1.37,16635753
728750,0.05,1.06,0.12,4.09,2.41,-0.89,0.39,0.90,-0.07,-6.10,3.36,2.08,16634845
728762,0.05,1.05,0.11,2.38,1.59,-0.73,0.40,0.93,-0.07,-3.45,2.87,1.19,16635132
728773,0.05,1.01,0.09,-3.85,1.22,-1.01,0.41,0.94,-0.05,0.09,-0.49,-2.96,16636021
728785,0.05,1.00,0.08,-7.48,1.98,-1.46,0.41,0.94,-0.05,3.57,-3.94,-7.35,16633587
728797,0.06,1.02,0.09,-3.72,2.08,-1.65,0.31,0.81,-0.07,108.64,25.97,-81.12,16635369
728809,0.06,1.06,0.12,7.11,1.53,-0.82,0.44,0.86,0.07,146.15,101.32,-16.97,16637107
728820,0.06,1.04,0.11,4.58,2.59,-2.32,0.44,0.97,0.12,65.67,59.57,-14.95,16638486
728833,0.05,0.99,0.07,-7.57,2.23,-1.31,0.42,0.93,-0.02,117.71,-19.50,30.06,16637646
728844,0.05,0.98,0.06,-14.37,2.44,-2.78,0.48,1.00,0.02,66.68,49.29,29.33,16637483
728856,0.05,1.02,0.09,-6.29,2.56,-2.23,0.58,1.00,-0.15,61.83,167.30,79.86,16635284
728867,0.04,1.05,0.12,2.14,2.75,-1.80,0.56,1.16,-0.32,-246.15,143.80,169.62,16634320
728879,0.05,1.04,0.12,2.04,2.44,-1.25,0.60,1.26,-0.36,-301.12,174.53,252.23,16635591
728891,0.05,1.01,0.09,-3.94,1.65,-0.82,0.79,1.25,-0.30,-124.36,189.82,281.62,16637050
728902,0.06,1.00,0.08,-7.57,1.77,-1.80,0.75,1.16,-0.14,-147.00,168.43,156.80,16634670
728914,0.06,1.02,0.10,-3.20,1.98,-1.34,0.65,1.13,-0.01,-205.32,138.76,190.12,16632652
728926,0.06,1.04,0.11,1.46,2.11,-1.22,0.61,0.99,0.01,-104.40,177.83,184.08,16634533
728938,0.05,1.04,0.11,1.16,2.53,-1.13,0.60,0.89,0.05,-112.79,173.40,228.82,16634805
728949,0.05,1.01,0.09,-3.69,2.11,-1.19,0.55,0.85,0.10,-112.00,159.58,204.93,16634607
728962,0.05,1.01,0.08,-5.37,1.71,-1.37,0.54,0.77,0.13,-77.09,160.74,213.26,16632809
728973,0.05,1.02,0.10,-2.84,2.11,-1.22,0.63,0.73,0.19,-67.54,169.95,227.36,16635309
728984,0.05,1.04,0.11,0.06,2.35,-0.95,0.75,0.73,0.31,-77.03,239.44,284.94,16636092
728996,0.05,1.03,0.10,-0.27,2.04,-1.25,0.82,0.73,0.40,-71.75,309.94,295.68,16632635
729008,0.05,1.02,0.09,-3.48,1.92,-1.19,0.83,0.73,0.48,-72.48,356.96,270.69,16636030
729020,0.05,1.01,0.09,-4.30,1.92,-1.34,0.84,0.71,0.50,-83.07,369.84,259.03,16636143
729031,0.06,1.03,0.09,-1.80,2.01,-1.13,0.87,0.70,0.48,-96.07,366.91,271.48,16631732
729043,0.06,1.03,0.10,-0.31,2.20,-1.19,0.87,0.70,0.46,-135.31,377.90,285.52,16631525
729055,0.06,1.03,0.09,-1.43,2.20,-1.25,0.82,0.68,0.45,-159.91,357.76,259.92,16635826
729067,0.06,1.02,0.08,-3.57,1.98,-1.22,0.72,0.59,0.42,-174.07,332.73,243.26,16635922
729078,0.05,1.02,0.08,-3.54,1.92,-1.31,0.60,0.45,0.40,-161.04,326.42,238.53,16634285
729091,0.05,1.03,0.09,-1.89,1.92,-1.43,0.54,0.34,0.45,-161.99,324.43,208.31,16633596
729102,0.05,1.03,0.09,-1.07,2.20,-1.25,0.53,0.21,0.58,-155.18,291.87,202.18,16633426
729113,0.05,1.02,0.09,-2.53,2.04,-1.19,0.56,0.11,0.73,-188.08,260.59,205.63,16633760
729125,0.05,1.02,0.09,-3.75,1.89,-1.62,0.53,0.06,0.82,-199.89,213.65,170.32,16634252
729137,0.05,1.02,0.09,-3.20,2.20,-1.40,0.47,0.06,0.84,-170.90,182.46,133.82,16634466
729149,0.05,1.03,0.10,-1.71,2.04,-1.31,0.43,0.02,0.84,-130.77,157.84,109.62,16634567
729160,0.05,1.03,0.10,-1.40,2.11,-1.65,0.44,0.00,0.85,-115.11,129.91,110.05,16633942
729172,0.05,1.02,0.10,-2.50,1.89,-1.07,0.42,-0.03,0.87,-101.23,111.51,89.66,16633135
729184,0.05,1.02,0.10,-3.05,2.17,-1.89,0.38,-0.06,0.88,-82.70,96.25,93.32,16631752
729196,0.05,1.02,0.10,-2.53,1.86,-1.37,0.35,-0.10,0.87,-66.68,91.64,119.69,16631118
729207,0.05,1.03,0.10,-1.31,2.50,-1.28,0.30,-0.13,0.83,-46.39,82.73,128.33,16631956
729219,0.05,1.03,0.10,-1.40,2.35,-1.34,0.24,-0.16,0.76,-44.37,36.59,77.91,16631800
729231,0.05,1.02,0.09,-2.78,2.01,-1.46,0.22,-0.17,0.66,-16.88,-51.12,49.16,16632187
729242,0.05,1.02,0.09,-3.05,1.95,-1.37,0.18,-0.19,0.59,40.95,-113.13,16.88,16636130
729254,0.05,1.02,0.09,-2.14,1.71,-1.34,0.21,-0.18,0.64,75.65,-158.54,-8.97,16638472
729266,0.05,1.03,0.10,-1.74,2.01,-1.40,0.27,-0.15,0.69,118.41,-195.83,-9.43,16634920
729278,0.05,1.02,0.09,-2.26,1.98,-1.62,0.30,-0.12,0.71,166.08,-259.92,-25.45,16634048
729289,0.05,1.02,0.09,-2.96,2.11,-1.68,0.36,-0.07,0.69,235.47,-364.47,-89.08,16632500
729302,0.05,1.02,0.10,-2.47,2.17,-1.19,0.46,0.00,0.71,271.70,-473.94,-162.99,16632008
729313,0.05,1.02,0.10,-1.65,2.01,-1.31,0.61,0.07,0.67,277.59,-578.98,-184.05,16631799
729325,0.05,1.02,0.10,-1.62,2.26,-1.13,0.72,0.12,0.65,296.69,-699.77,-184.20,16632199
729336,0.05,1.02,0.10,-2.35,1.98,-1.40,0.77,0.21,0.59,266.82,-833.47,-231.93,16636326
729348,0.05,1.02,0.09,-2.38,1.77,-1.40,0.96,0.19,0.58,238.04,-838.78,-180.33,16635371
729360,0.05,1.02,0.09,-2.23,2.17,-1.43,1.08,0.24,0.61,201.87,-840.61,-183.93,16635529
729371,0.05,1.03,0.09,-2.01,1.92,-1.10,1.19,0.29,0.67,188.69,-711.21,-214.90,16635293
729383,0.05,1.02,0.09,-2.66,2.08,-1.19,1.26,0.35,0.79,115.69,-564.03,-235.47,16635092
729395,0.06,1.02,0.08,-5.49,1.37,-1.25,1.13,0.33,0.71,95.03,-415.65,-244.84,16634408
729407,0.05,1.02,0.09,-4.27,2.35,-1.16,1.05,0.26,0.59,117.95,-292.63,-216.83,16633484
729418,0.05,1.03,0.10,-1.77,2.20,-1.71,1.02,0.33,0.51,-22.46,-150.63,-139.04,16633519
729431,0.05,1.03,0.10,-1.28,1.83,-1.56,1.06,0.32,0.34,-17.43,-54.26,-55.33,16634683
729442,0.05,1.02,0.10,-2.62,2.50,-1.01,1.12,0.30,0.18,11.23,42.85,33.42,16634766
729454,0.05,1.02,0.10,-0.85,2.08,-1.98,1.15,0.37,0.08,5.10,152.92,108.92,16633090
729465,0.05,1.02,0.10,-1.95,2.01,-0.95,1.16,0.43,-0.01,25.70,265.90,130.49,16632919
729477,0.05,1.02,0.10,-1.86,1.92,-1.13,1.21,0.47,-0.05,31.49,382.05,179.69,16635566
729489,0.05,1.03,0.10,-1.62,2.11,-1.22,1.29,0.46,-0.06,27.44,498.99,232.36,16635405
729500,0.05,1.03,0.10,-2.01,1.86,-1.01,1.28,0.53,-0.05,18.04,607.12,238.62,16634850
729512,0.05,1.02,0.10,-2.44,1.89,-1.37,1.28,0.54,-0.06,-3.57,661.50,223.54,16634055
729524,0.05,1.02,0.09,-2.96,1.77,-1.13,1.22,0.52,-0.09,-25.12,682.46,199.13,16632206
729536,0.05,1.02,0.09,-2.50,2.14,-1.37,1.11,0.46,-0.07,-21.94,672.70,182.22,16632521
729547,0.05,1.03,0.10,-1.62,2.23,-1.16,1.04,0.40,0.02,-22.28,678.10,193.79,16634312
729560,0.05,1.03,0.10,-1.56,1.92,-1.50,1.01,0.32,0.17,-51.27,677.12,211.91,16634656
729571,0.05,1.02,0.09,-2.44,2.11,-1.13,0.92,0.26,0.30,-91.64,649.81,181.43,16636363
729583,0.05,1.02,0.09,-2.90,1.95,-1.50,0.80,0.26,0.37,-119.57,586.30,149.44,16637250
729594,0.05,1.02,0.09,-2.35,1.95,-1.53,0.67,0.21,0.46,-130.13,514.56,135.89,16636476
729606,0.05,1.02,0.10,-1.74,2.01,-1.37,0.60,0.15,0.55,-127.75,465.85,153.50,16635665
729618,0.05,1.02,0.10,-1.80,2.04,-1.13,0.49,0.07,0.64,-88.32,422.27,153.63,16636165
729629,0.05,1.02,0.10,-2.41,2.26,-1.59,0.36,0.02,0.73,-69.52,364.20,115.81,16633782
729641,0.05,1.02,0.09,-2.53,1.86,-1.22,0.21,0.00,0.79,-39.67,282.84,68.76,16633450
729653,0.05,1.02,0.09,-2.62,2.04,-1.31,0.11,-0.04,0.86,-27.16,207.64,49.62,16634810
729665,0.05,1.02,0.09,-2.14,1.95,-1.46,0.07,-0.07,0.92,-17.09,148.47,34.58,16634829
729676,0.05,1.02,0.09,-2.01,1.98,-1.37,0.06,-0.09,0.94,-10.35,98.97,50.17,16634798
729689,0.05,1.02,0.09,-2.44,2.11,-1.28,0.04,-0.09,0.92,-6.35,43.79,40.04,16635192
729700,0.05,1.02,0.09,-3.05,1.95,-1.04,0.02,-0.07,0.88,0.03,-31.16,14.40,16636669
729711,0.05,1.02,0.09,-2.72,2.17,-1.40,0.00,-0.07,0.87,12.18,-110.87,-6.41,16634264
729723,0.05,1.02,0.10,-2.11,2.01,-1.22,-0.01,-0.08,0.88,28.66,-200.10,-36.83,16634706
729735,0.05,1.02,0.10,-1.95,2.01,-1.34,0.02,-0.05,0.88,41.56,-296.57,-74.58,16633686
729747,0.05,1.02,0.10,-2.59,1.92,-1.37,0.06,-0.03,0.87,63.45,-416.90,-131.13,16634307
729758,0.05,1.02,0.10,-2.99,2.01,-1.31,0.10,-0.01,0.87,78.89,-545.62,-212.19,16634395
729771,0.05,1.02,0.10,-2.47,2.14,-1.13,0.16,0.01,0.87,103.55,-651.49,-299.44,16634298
729782,0.05,1.02,0.10,-2.08,2.01,-1.43,0.27,0.06,0.91,90.36,-716.86,-324.25,16634071
729794,0.05,1.02,0.10,-1.98,2.11,-1.56,0.41,0.10,0.90,67.20,-729.89,-306.15,16632616
729805,0.05,1.02,0.09,-2.56,1.95,-1.31,0.56,0.13,0.87,47.00,-701.90,-303.28,16632178
729818,0.05,1.02,0.09,-2.81,2.01,-1.19,0.73,0.14,0.78,68.08,-626.46,-261.14,16634390
729829,0.05,1.02,0.10,-2.32,1.95,-1.16,0.85,0.16,0.63,149.93,-616.15,-241.30,16636900
729840,0.05,1.02,0.10,-2.35,2.08,-1.28,0.93,0.22,0.46,191.83,-598.79,-229.80,16635477
729852,0.05,1.02,0.09,-2.11,1.95,-1.71,0.99,0.25,0.40,204.25,-529.36,-212.16,16632457
729864,0.06,1.02,0.09,-2.69,2.23,-2.04,1.05,0.26,0.44,184.30,-428.62,-147.16,16632770
729876,0.05,1.02,0.09,-3.08,2.23,-1.56,1.11,0.26,0.51,147.06,-259.49,-108.64,16634717
729887,0.05,1.02,0.09,-3.30,1.92,-1.68,1.18,0.34,0.61,13.37,-83.80,-49.44,16635532
729900,0.05,1.02,0.09,-4.52,2.26,-2.23,1.23,0.33,0.61,-59.36,84.20,32.07,16635692
729911,0.05,1.03,0.10,-1.92,2.01,-1.43,1.26,0.32,0.47,-51.79,188.05,95.21,16634196
729923,0.05,1.03,0.10,-0.98,2.29,-1.28,1.28,0.35,0.33,-28.81,274.60,139.43,16634164
729934,0.05,1.02,0.10,-1.80,1.80,-1.31,1.31,0.42,0.22,-19.13,336.00,152.77,16632917
729946,0.05,1.02,0.09,-3.60,1.53,-1.22,1.37,0.47,0.20,-57.53,412.35,178.10,16633667
729958,0.05,1.02,0.10,-2.47,1.74,-1.10,1.37,0.49,0.20,-70.34,462.43,187.65,16635047
729969,0.05,1.03,0.10,-0.64,1.95,-1.07,1.34,0.49,0.21,-87.62,509.89,194.06,16635345
729981,0.05,1.03,0.10,-1.19,2.17,-0.85,1.27,0.47,0.23,-80.96,550.23,193.33,16634620
729993,0.05,1.02,0.09,-2.66,1.89,-1.16,1.16,0.42,0.26,-87.25,541.14,166.75,16634289
730005,0.05,1.02,0.09,-3.63,1.89,-1.62,1.03,0.34,0.31,-100.25,515.08,143.98,16633373
730016,0.05,1.02,0.09,-2.35,1.98,-1.46,0.91,0.28,0.37,-117.40,503.85,146.67,16632946
730029,0.05,1.03,0.10,-1.01,2.17,-1.43,0.76,0.22,0.45,-125.31,484.34,136.87,16631971
730040,0.05,1.02,0.10,-1.65,2.20,-1.25,0.64,0.14,0.52,-100.40,446.35,132.84,16632050
730052,0.05,1.02,0.10,-2.47,2.04,-1.37,0.56,0.10,0.60,-93.87,377.90,86.12,16633294
730063,0.05,1.02,0.10,-2.53,2.23,-1.43,0.54,0.07,0.67,-87.34,340.70,91.58,16638126
730075,0.05,1.02,0.10,-1.71,2.01,-1.34,0.50,0.07,0.73,-70.77,318.51,78.00,16637549
730087,0.05,1.03,0.10,-1.37,2.01,-1.07,0.47,0.04,0.79,-63.57,278.59,78.95,16635226
730098,0.05,1.02,0.10,-2.20,1.86,-1.25,0.42,0.02,0.79,-19.78,230.93,98.51,16634316
730110,0.05,1.02,0.09,-3.27,2.32,-1.34,0.33,-0.04,0.82,17.85,176.12,92.25,16633508
730122,0.05,1.02,0.09,-2.69,1.77,-1.25,0.26,-0.05,0.86,62.74,168.91,96.53,16631352
730134,0.05,1.02,0.09,-1.80,2.17,-1.37,0.18,-0.04,0.87,72.24,134.12,56.73,16631945
730145,0.05,1.02,0.09,-1.56,2.17,-1.28,0.10,-0.01,0.89,42.36,90.79,37.41,16635225
730158,0.05,1.02,0.09,-2.04,1.83,-1.43,0.02,-0.02,0.90,19.17,26.21,22.49,16633562
730169,0.05,1.02,0.09,-2.56,1.83,-1.62,-0.04,0.00,0.88,9.89,-37.72,7.39,16633619
730181,0.05,1.02,0.09,-2.44,1.89,-1.56,-0.06,-0.01,0.88,21.55,-118.32,-6.99,16632958
730192,0.05,1.02,0.09,-2.29,2.17,-1.43,-0.04,-0.02,0.91,27.44,-204.96,-14.95,16634432
730204,0.05,1.02,0.09,-2.84,2.14,-1.37,-0.00,-0.01,0.93,21.45,-286.99,-29.91,16634517
730216,0.05,1.02,0.09,-2.90,2.01,-1.56,0.03,0.01,0.96,11.87,-374.02,-63.29,16632619
730227,0.05,1.02,0.09,-2.62,2.11,-1.43,0.09,0.05,0.98,-3.08,-450.84,-99.18,16634315
730240,0.05,1.02,0.10,-2.47,1.95,-1.28,0.13,0.07,0.95,-15.26,-516.91,-134.09,16634778
730251,0.05,1.02,0.10,-2.35,1.92,-1.13,0.15,0.07,0.85,-10.71,-593.48,-175.11,16633648
730263,0.05,1.02,0.09,-2.72,2.14,-1.46,0.17,0.08,0.67,18.92,-666.53,-215.76,16633275
730274,0.05,1.02,0.09,-2.96,1.65,-1.04,0.23,0.13,0.46,56.55,-711.36,-263.95,16634630
730287,0.05,1.02,0.10,-2.50,2.50,-1.83,0.39,0.18,0.26,128.39,-719.09,-274.38,16635508
730298,0.05,1.02,0.10,-2.59,2.17,-1.28,0.55,0.24,0.13,187.38,-694.73,-273.10,16636047
730309,0.05,1.01,0.09,-5.22,1.37,0.15,0.76,0.31,0.08,232.42,-640.75,-256.62,16637050
730321,0.05,1.02,0.10,-1.89,2.14,-1.53,0.96,0.34,0.12,223.79,-563.54,-210.05,16634025
730333,0.05,1.03,0.11,0.92,1.98,-1.37,1.10,0.36,0.22,178.13,-468.51,-173.92,16631401
730345,0.05,1.03,0.10,-2.59,2.66,-1.62,1.20,0.38,0.34,102.91,-361.76,-129.24,16634576
730356,0.05,1.02,0.09,-4.64,2.47,-1.04,1.23,0.37,0.36,86.03,-218.87,-109.83,16634916
730369,0.05,1.02,0.09,-3.78,1.92,-1.80,1.31,0.42,0.37,26.58,-34.85,-71.99,16633989
730380,0.05,1.02,0.10,-1.74,1.62,-1.10,1.46,0.42,0.35,-37.45,151.15,17.12,16633537
730392,0.05,1.03,0.10,-0.43,2.32,-1.13,1.63,0.42,0.27,-79.38,313.29,109.65,16633015
730403,0.05,1.03,0.10,-0.89,2.14,-1.34,1.69,0.47,0.16,-94.60,430.79,164.64,16634260
730416,0.05,1.02,0.09,-2.41,1.89,-1.22,1.65,0.50,0.04,-62.90,485.90,184.51,16634545
730427,0.05,1.02,0.09,-2.93,1.98,-1.22,1.59,0.51,0.03,-52.80,524.29,206.24,16634989
730438,0.05,1.02,0.10,-2.17,1.92,-1.07,1.52,0.46,0.11,-59.91,557.16,231.35,16636278
730450,0.05,1.03,0.10,-2.11,2.14,-1.07,1.42,0.44,0.24,-83.65,587.40,229.52,16635963
730462,0.05,1.02,0.10,-1.86,2.14,-1.22,1.27,0.43,0.34,-96.80,605.93,209.81,16636344
730474,0.05,1.02,0.10,-2.44,1.89,-1.01,1.11,0.39,0.41,-88.47,595.89,176.76,16634949
730485,0.05,1.02,0.10,-2.62,2.17,-1.25,0.96,0.34,0.48,-68.05,557.98,148.47,16632574
730498,0.05,1.02,0.10,-1.86,2.14,-1.25,0.86,0.26,0.58,-59.84,512.60,118.10,16632748
730509,0.05,1.02,0.09,-1.83,1.95,-1.31,0.82,0.22,0.70,-82.58,490.08,109.31,16635361
730521,0.05,1.02,0.09,-2.29,1.98,-1.37,0.81,0.19,0.80,-124.82,497.83,124.57,16634116
730532,0.05,1.02,0.09,-1.62,2.20,-1.50,0.77,0.19,0.88,-172.15,500.43,120.91,16632549
730545,0.05,1.02,0.09,-2.14,1.98,-1.43,0.69,0.20,0.87,-202.97,473.82,119.93,16633839
730556,0.05,1.03,0.09,-1.83,2.14,-1.34,0.54,0.15,0.75,-182.31,419.07,111.08,16634897
730567,0.05,1.02,0.10,-1.62,2.08,-1.43,0.38,0.08,0.67,-127.11,312.65,100.40,16636340
730579,0.05,1.02,0.09,-2.56,1.95,-1.19,0.16,-0.02,0.65,-63.45,204.38,95.70,16637385
730591,0.05,1.02,0.09,-3.20,1.92,-1.19,-0.00,-0.08,0.71,-25.15,163.24,78.31,16635775
730603,0.05,1.02,0.10,-2.56,1.92,-1.40,-0.10,-0.11,0.78,-22.77,172.79,93.38,16631919
730614,0.05,1.02,0.09,-2.20,1.98,-1.43,-0.16,-0.12,0.81,-48.49,145.23,79.90,16633297
730627,0.05,1.02,0.09,-2.26,2.04,-1.22,-0.27,-0.12,0.82,-59.81,90.30,35.19,16635146
730638,0.05,1.02,0.09,-2.78,2.17,-1.28,-0.31,-0.13,0.83,-56.76,57.22,18.31,16636270
730650,0.05,1.02,0.10,-2.29,2.11,-1.25,-0.32,-0.13,0.82,-56.55,21.06,-10.16,16635280
730661,0.05,1.02,0.10,-2.14,2.26,-1.68,-0.31,-0.14,0.79,-28.84,-44.49,-32.93,16633994
730674,0.05,1.02,0.10,-2.20,1.98,-1.37,-0.27,-0.17,0.77,2.56,-130.86,-49.80,16632716
730685,0.05,1.02,0.10,-2.38,1.92,-1.43,-0.21,-0.17,0.75,10.31,-214.63,-70.22,16633764
730696,0.05,1.02,0.10,-2.90,2.01,-1.13,-0.16,-0.16,0.69,33.84,-326.39,-109.53,16633937
730708,0.05,1.02,0.10,-2.35,1.98,-1.22,-0.14,-0.12,0.61,68.91,-465.48,-174.35,16634792
730720,0.05,1.02,0.10,-1.86,1.83,-1.50,-0.13,-0.07,0.53,119.87,-599.55,-254.58,16633954
730732,0.05,1.02,0.10,-2.04,2.01,-1.37,-0.03,-0.01,0.44,163.18,-702.09,-296.88,16636965
730743,0.05,1.02,0.09,-2.26,2.08,-1.19,0.23,0.01,0.40,220.89,-642.06,-255.71,16637539
730756,0.05,1.02,0.10,-2.14,2.08,-1.43,0.49,-0.01,0.41,216.95,-552.31,-173.68,16637237
730767,0.05,1.02,0.10,-1.98,2.08,-1.34,0.65,0.02,0.42,256.81,-492.03,-162.20,16634862
730779,0.05,1.02,0.10,-1.95,1.98,-1.10,0.70,0.07,0.46,291.14,-463.07,-169.92,16633473
730790,0.05,1.02,0.09,-2.17,2.23,-1.19,0.73,0.08,0.55,304.78,-425.08,-157.96,16635944
730802,0.05,1.02,0.09,-2.47,2.29,-1.59,0.78,0.10,0.68,271.27,-365.11,-143.46,16634208
730814,0.05,1.02,0.09,-2.53,1.95,-1.28,0.82,0.19,0.85,164.76,-255.00,-145.60,16632288
730825,0.05,1.02,0.09,-1.95,1.68,-0.85,0.88,0.26,0.99,51.39,-122.19,-155.36,16633644
730838,0.05,1.03,0.10,-1.50,2.26,-1.43,0.99,0.29,1.07,0.70,-2.69,-141.11,16634878
730849,0.05,1.02,0.09,-2.47,1.86,-2.08,1.04,0.33,1.10,-27.98,54.29,-133.61,16634286
730861,0.05,1.02,0.09,-3.08,1.92,-1.40,1.02,0.36,1.08,-87.37,78.58,-144.20,16634170
730872,0.05,1.02,0.09,-2.23,2.04,-1.65,0.91,0.37,0.96,-152.80,49.13,-142.33,16633717
730885,0.05,1.03,0.10,-1.34,2.11,-1.43,0.78,0.40,0.76,-293.58,0.15,-135.28,16635239
730896,0.05,1.02,0.09,-2.23,1.92,-1.25,0.76,0.46,0.54,-261.60,19.13,-110.60,16635981
730908,0.05,1.02,0.09,-2.72,1.98,-1.25,0.86,0.54,0.54,-282.93,-36.83,-75.81,16635306
730919,0.05,1.04,0.10,-1.22,2.14,-2.78,1.20,0.74,0.89,-551.76,76.39,-31.98,16635136
730931,0.05,1.02,0.09,-2.56,2.11,-1.77,0.94,0.53,0.84,-406.56,-76.69,-174.44,16634511
730943,0.05,1.02,0.09,-4.30,2.53,-2.17,0.63,0.49,0.74,-375.76,-279.69,-312.62,16633820
730954,0.05,1.03,0.09,-3.85,2.32,-1.95,0.76,0.52,0.85,-363.89,-261.93,-287.23,16636459
730967,0.05,1.02,0.10,-3.54,2.04,-2.04,0.85,0.40,0.85,-354.40,-246.09,-113.56,16637966
730978,0.05,1.02,0.10,-3.33,1.98,-1.53,0.83,0.28,0.76,-281.49,-251.71,-97.63,16636588
730990,0.05,1.02,0.09,-3.08,2.62,-1.89,0.89,0.28,0.75,-249.05,-275.39,-132.90,16636873
731001,0.05,1.02,0.10,-3.27,2.01,-1.40,0.86,0.24,0.63,-228.61,-239.20,-72.30,16637471
731014,0.05,1.02,0.10,-1.89,2.17,-1.19,0.85,0.22,0.54,-226.47,-245.06,-4.39,16637223
731025,0.05,1.03,0.09,-1.83,2.11,-1.13,0.82,0.29,0.47,-368.38,-251.77,113.43,16636780
731037,0.05,1.02,0.10,-5.68,0.85,-0.06,0.83,0.37,0.41,-383.18,-217.86,171.48,16636579
731048,0.05,1.02,0.10,-2.29,1.53,-0.89,1.19,0.20,0.46,-116.94,-282.90,-73.61,16635171
731060,0.06,1.02,0.10,-0.73,3.91,-4.15,1.00,0.17,0.35,-34.94,-243.65,-23.56,16635634
731072,0.05,1.02,0.10,-1.31,2.35,-2.56,1.06,0.11,0.27,25.97,-224.06,4.15,16636055
731083,0.05,1.02,0.10,-0.49,1.50,-1.25,1.06,0.07,0.22,26.76,-190.80,8.06,16635869
731096,0.05,1.02,0.10,-0.64,2.32,-1.71,1.07,0.04,0.18,60.12,-163.45,9.00,16636387
731107,0.05,1.03,0.10,-1.43,1.98,-0.79,1.07,0.05,0.13,62.01,-124.18,20.81,16636615
731119,0.05,1.02,0.10,-2.20,1.98,-0.98,1.09,0.05,0.12,69.70,-66.47,11.41,16635602
731130,0.05,1.02,0.09,-3.57,2.11,-1.59,1.09,0.02,0.10,92.19,-53.22,-11.11,16635685
731143,0.05,1.02,0.09,-4.06,1.74,-1.59,1.08,0.01,0.06,116.73,-30.52,-0.18,16636951
731154,0.05,1.02,0.10,-1.68,1.59,-1.46,1.10,0.01,0.07,96.16,1.13,7.87,16638217
731165,0.05,1.03,0.10,-1.83,2.32,-1.19,1.08,0.01,0.07,90.24,25.57,13.61,16636576
731177,0.05,1.02,0.10,-1.37,1.98,-0.92,1.07,0.02,0.08,69.61,23.19,-3.75,16638386
731189,0.05,1.02,0.10,-2.41,1.98,-1.22,1.06,0.01,0.09,27.10,18.77,7.45,16636546
731201,0.05,1.02,0.10,-2.53,1.95,-1.56,1.03,0.01,0.11,18.98,24.41,-4.46,16634677
731212,0.05,1.02,0.10,-1.71,1.74,-1.01,1.04,-0.02,0.13,0.24,20.90,-3.14,16635576
731225,0.05,1.02,0.10,-2.17,1.92,-1.07,1.03,0.00,0.14,-14.71,17.40,-0.55,16637457
731236,0.05,1.02,0.09,-2.56,2.04,-1.50,1.04,-0.00,0.18,-13.52,18.07,-3.94,16639133
731248,0.05,1.02,0.09,-2.81,1.89,-1.22,1.03,-0.02,0.19,-16.97,14.16,-2.38,16637192
731259,0.05,1.02,0.09,-2.66,2.04,-1.43,1.02,-0.02,0.21,-19.10,9.19,-3.05,16635547
731272,0.05,1.02,0.10,-1.89,2.08,-1.37,1.02,-0.04,0.22,-16.11,5.13,-3.08,16634647
731283,0.05,1.02,0.10,-1.95,1.83,-1.22,1.02,-0.04,0.22,-7.72,-1.10,-1.65,16636057
731294,0.05,1.02,0.10,-2.08,2.08,-1.10,1.01,-0.03,0.23,-1.01,-7.84,-1.01,16635911
731307,0.05,1.02,0.10,-2.62,1.98,-1.07,1.01,-0.02,0.23,-1.10,-15.59,-1.10,16633910
731318,0.05,1.02,0.10,-2.38,2.01,-1.40,1.01,-0.02,0.22,-1.13,-21.58,-0.40,16635913
731330,0.05,1.02,0.10,-2.17,2.20,-1.01,1.01,-0.02,0.21,-0.82,-24.20,-0.85,16637061
731341,0.05,1.02,0.10,-2.50,2.20,-1.16,1.02,-0.01,0.21,-1.19,-25.24,-0.98,16636565
731354,0.05,1.02,0.09,-2.99,2.26,-1.01,1.02,-0.01,0.20,-2.29,-25.73,-0.98,16637655
731365,0.05,1.02,0.10,-2.78,2.01,-1.62,1.02,-0.01,0.19,-3.94,-25.24,-1.16,16635085
731377,0.05,1.02,0.10,-2.17,2.08,-1.22,1.03,-0.01,0.17,-1.10,-19.53,-0.82,16633650
731388,0.05,1.02,0.10,-1.50,2.14,-1.19,1.04,-0.01,0.16,-1.56,-12.12,-0.67,16632321
731400,0.05,1.02,0.10,-1.65,2.04,-0.95,1.04,-0.01,0.15,-1.46,-4.15,-0.58,16634417
731412,0.05,1.02,0.10,-1.83,1.92,-1.16,1.04,-0.01,0.14,-0.92,1.07,-0.67,16637289
731423,0.05,1.02,0.10,-2.23,1.83,-1.13,1.04,-0.01,0.14,-0.98,4.97,-0.76,16637210
731436,0.05,1.02,0.09,-2.20,2.04,-1.25,1.04,-0.01,0.15,-0.82,7.02,-0.92,16635594
731447,0.05,1.02,0.09,-2.35,2.01,-1.22,1.04,-0.01,0.15,-0.89,7.35,-0.61,16633998
731459,0.05,1.02,0.09,-2.50,2.01,-1.34,1.03,-0.01,0.16,-0.98,5.65,-0.70,16633879
731470,0.05,1.02,0.09,-2.44,1.89,-1.53,1.03,-0.01,0.16,-0.89,2.23,-1.25,16634747
731483,0.05,1.02,0.10,-2.47,2.08,-1.22,1.03,-0.01,0.16,-0.98,-1.01,-0.67,16635211
731494,0.05,1.02,0.10,-2.08,2.08,-1.46,1.03,-0.01,0.17,-1.19,-3.94,-0.73,16633381
731506,0.05,1.02,0.10,-2.20,1.80,-1.43,1.03,-0.01,0.16,-0.95,-5.77,-1.04,16635172
731517,0.05,1.02,0.10,-2.14,1.98,-0.98,1.03,-0.01,0.16,-0.92,-6.47,-0.89,16634943
731529,0.05,1.02,0.10,-2.38,2.08,-1.22,1.03,-0.01,0.16,-0.85,-5.89,-1.22,16638553
731541,0.05,1.02,0.10,-2.44,2.20,-1.43,1.03,-0.01,0.16,-0.85,-5.00,-0.76,16638663
731552,0.05,1.02,0.09,-2.26,2.20,-1.22,1.03,-0.01,0.16,-0.92,-3.14,-0.85,16638462
731565,0.05,1.02,0.09,-2.47,2.01,-1.10,1.03,-0.01,0.15,-0.85,-1.59,-0.95,16637190
731576,0.05,1.02,0.09,-2.29,1.80,-1.22,1.03,-0.01,0.15,-0.73,-0.09,-0.85,16635892
731588,0.05,1.02,0.09,-2.50,1.95,-1.37,1.03,-0.01,0.15,-1.07,0.98,-0.82,16634599
731599,0.05,1.02,0.09,-2.53,1.98,-1.22,1.03,-0.01,0.16,-1.19,0.79,-0.73,16633618
731612,0.05,1.02,0.09,-2.26,2.17,-1.22,1.03,-0.01,0.16,-0.95,-0.06,-0.70,16635096
731623,0.05,1.02,0.09,-2.29,2.20,-1.07,1.03,-0.01,0.16,-0.70,-1.50,-0.67,16634993
731634,0.05,1.02,0.09,-2.62,2.08,-1.40,1.03,-0.01,0.15,-1.07,-2.41,-0.58,16637632
731646,0.05,1.02,0.10,-2.20,1.95,-1.10,1.03,-0.01,0.15,-1.13,-2.72,-0.89,16639247
731658,0.05,1.02,0.10,-2.17,2.14,-1.40,1.03,-0.01,0.15,-1.16,-3.27,-0.92,16635012
731670,0.05,1.02,0.10,-2.23,1.98,-1.16,1.03,-0.01,0.15,-1.31,-2.59,-0.79,16635375
731681,0.05,1.02,0.10,-2.53,2.08,-1.28,1.03,-0.01,0.15,-1.65,-1.92,-0.79,16638192
731694,0.05,1.02,0.10,-2.26,2.26,-1.16,1.03,-0.01,0.15,-1.34,-1.37,-0.76,16634092
731705,0.05,1.02,0.10,-2.38,2.20,-1.13,1.03,-0.01,0.15,-0.73,-1.01,-1.07,16633933
731717,0.05,1.02,0.10,-2.69,1.83,-1.13,1.03,-0.01,0.15,-0.98,-0.89,-1.16,16636078
731728,0.05,1.02,0.09,-2.50,1.83,-1.10,1.03,-0.01,0.15,-0.79,-1.37,-1.43,16635389
731741,0.05,1.02,0.09,-2.87,2.04,-1.43,1.03,-0.01,0.15,-1.04,-2.11,-1.04,16635732
731752,0.05,1.02,0.09,-2.93,2.41,-0.85,1.03,-0.01,0.15,-0.79,-2.90,-1.37,16636141
731763,0.05,1.02,0.09,-2.93,2.20,-1.25,1.03,-0.01,0.15,-0.85,-3.42,-1.74,16635251
731776,0.05,1.02,0.09,-3.33,2.44,-1.43,1.03,-0.01,0.15,-0.31,-3.14,-1.53,16637774
731787,0.04,1.02,0.09,-4.00,5.52,-1.40,1.03,-0.02,0.15,3.60,-4.49,-1.53,16639202
731799,0.01,1.02,0.09,-3.94,11.02,-1.31,1.03,-0.02,0.14,8.24,-3.63,-0.70,16636460
731810,0.01,1.03,0.10,-3.08,13.73,-1.89,1.03,-0.02,0.14,10.62,1.28,0.43,16635548
731823,0.03,1.03,0.10,-1.83,13.31,-1.34,1.03,-0.01,0.14,10.07,4.43,0.98,16638851
731834,0.05,1.03,0.10,-1.83,11.84,-1.22,1.03,-0.01,0.15,8.39,2.26,0.58,16641161
731846,0.07,1.02,0.10,-3.05,8.76,-1.28,1.03,-0.00,0.15,4.67,-1.95,-0.79,16642138
731857,0.08,1.02,0.10,-4.00,4.21,-1.40,1.03,-0.00,0.15,0.00,-7.87,-1.95,16638151
731870,0.08,1.02,0.09,-3.72,1.65,-1.71,1.03,-0.01,0.15,-1.13,-10.19,-1.53,16635035
731881,0.07,1.03,0.10,-2.23,2.14,-1.68,1.03,-0.00,0.15,-0.98,-10.77,0.06,16638319
731892,0.06,1.03,0.11,-0.43,2.50,-1.37,1.03,-0.00,0.14,-1.10,-11.20,0.79,16639638
731905,0.06,1.03,0.11,-2.04,3.05,-1.31,1.03,0.00,0.14,-1.83,-10.68,-0.55,16638074
731916,0.06,1.01,0.11,-4.55,2.99,-1.34,1.04,0.01,0.13,0.27,-5.62,-3.08,16638370
731928,0.07,1.01,0.12,-7.48,1.95,-0.98,1.04,0.03,0.12,-0.95,-3.78,-3.63,16639340
731939,0.08,1.01,0.13,-7.20,0.00,-0.98,1.04,0.03,0.13,-3.02,-3.45,-4.88,16640654
731952,0.08,1.01,0.12,-9.00,-1.10,-0.37,1.04,0.01,0.13,-3.57,-4.12,-6.77,16638835
