time,faccx,faccy,faccz,fgyrx,fgyry,fgyrz,saccx,saccy,saccz,sgyrx,sgyry,sgyrz,load
11314,0.27,-1.06,0.13,7.51,4.46,-0.34,0.06,0.98,-0.08,5.83,2.53,-0.92,16456724
11324,0.28,-1.06,0.14,8.48,6.26,1.22,0.07,0.98,-0.07,5.10,3.51,-1.10,16456644
11334,0.27,-1.00,0.16,6.68,6.50,-2.78,0.07,0.98,-0.07,3.63,3.57,-1.10,16456871
11345,0.25,-0.93,0.17,2.08,5.37,-7.84,0.07,0.98,-0.07,3.17,3.78,-1.31,16456942
11358,0.23,-0.87,0.18,-2.26,2.81,-9.49,0.08,0.98,-0.07,2.17,4.85,-1.98,16456884
11370,0.22,-0.85,0.17,-5.25,2.01,-8.88,0.07,0.98,-0.08,1.04,4.33,-2.72,16456987
11382,0.22,-0.87,0.17,-7.17,1.46,-4.12,0.06,0.99,-0.08,0.98,1.59,-4.27,16456891
11394,0.22,-0.89,0.16,-8.15,0.06,-1.46,0.07,0.99,-0.09,0.18,2.59,-4.97,16456936
11406,0.21,-0.91,0.15,-8.24,-2.69,-4.09,0.08,1.00,-0.09,-0.46,5.52,-5.28,16457061
11418,0.20,-0.95,0.14,-4.46,-3.97,-8.30,0.08,0.99,-0.09,-0.12,7.08,-5.46,16457077
11429,0.21,-1.00,0.14,1.01,-4.67,-9.31,0.07,0.98,-0.10,0.43,9.03,-5.95,16457172
11442,0.21,-1.03,0.14,5.00,-4.70,-8.64,0.05,0.98,-0.10,0.21,7.45,-4.18,16457319
11454,0.22,-1.03,0.13,5.83,-3.85,-3.63,0.03,0.99,-0.11,-0.49,4.12,-3.48,16457299
11465,0.22,-1.00,0.13,4.12,-3.54,-0.43,0.03,1.00,-0.12,-1.37,3.75,-2.69,16457093
11478,0.21,-0.96,0.12,0.31,-4.03,-0.09,0.02,1.01,-0.12,-1.62,3.54,-2.11,16457010
11490,0.21,-0.93,0.11,-3.17,-4.15,1.62,0.03,1.02,-0.13,-1.59,5.52,-1.22,16456949
11501,0.22,-0.93,0.11,-4.61,-3.66,2.78,0.03,1.02,-0.13,-1.95,6.20,-0.18,16456972
11513,0.22,-0.94,0.10,-5.92,-3.66,4.94,0.02,1.02,-0.13,-2.59,5.55,1.31,16457109
11526,0.22,-0.96,0.09,-5.34,-4.06,5.07,0.02,1.02,-0.13,-2.17,5.22,1.86,16457131
11537,0.22,-1.00,0.08,-1.65,-4.24,3.94,0.02,1.02,-0.13,-1.37,3.97,2.08,16457280
11549,0.22,-1.03,0.07,1.65,-5.16,4.33,0.03,1.01,-0.14,-0.61,3.39,2.38,16457333
11561,0.22,-1.03,0.07,2.14,-5.71,5.37,0.03,1.02,-0.14,-0.52,3.57,2.50,16457214
11574,0.23,-1.00,0.07,0.06,-6.81,6.23,0.04,1.02,-0.14,-0.58,4.91,2.47,16457160
11585,0.23,-0.97,0.07,-2.99,-6.77,6.53,0.04,1.03,-0.15,-0.95,4.21,2.66,16457193
11597,0.24,-0.96,0.08,-4.97,-6.29,10.50,0.04,1.04,-0.14,-0.70,2.26,2.38,16457190
11610,0.25,-0.97,0.08,-5.89,-6.53,12.05,0.05,1.04,-0.14,-1.22,2.62,1.46,16457218
11621,0.25,-0.97,0.08,-7.05,-6.90,11.14,0.05,1.04,-0.14,-1.04,2.20,0.85,16457020
11633,0.25,-0.96,0.08,-8.39,-7.57,10.25,0.06,1.03,-0.13,-1.28,2.96,-0.12,16457054
11645,0.26,-0.97,0.08,-6.29,-7.14,5.43,0.06,1.02,-0.13,-1.34,2.75,-0.18,16457148
11657,0.27,-0.99,0.09,-3.94,-5.40,4.58,0.07,1.01,-0.13,-1.92,2.11,0.55,16457186
11669,0.28,-1.01,0.10,-1.10,-3.05,5.07,0.07,1.00,-0.12,-1.19,2.56,0.34,16457195
11681,0.29,-1.01,0.10,0.85,-1.50,1.53,0.07,0.99,-0.12,-1.43,3.63,0.12,16457300
11693,0.28,-0.98,0.11,-0.37,-0.46,-0.89,0.07,0.99,-0.12,-1.95,3.36,-0.46,16457309
11705,0.28,-0.95,0.11,-2.66,1.22,0.37,0.07,0.99,-0.12,-2.53,3.85,-0.82,16457125
11717,0.27,-0.91,0.12,-6.13,1.89,1.34,0.06,0.99,-0.12,-2.62,3.08,-0.67,16456837
11728,0.26,-0.88,0.11,-11.93,1.68,3.30,0.06,1.00,-0.12,-3.05,2.56,-1.77,16456939
11741,0.24,-0.83,0.11,-18.71,0.06,4.49,0.06,1.01,-0.12,-3.39,2.69,-2.96,16456953
11753,0.22,-0.78,0.09,-29.21,-2.50,7.78,0.07,1.03,-0.12,-6.38,3.08,-3.05,16456926
11765,0.20,-0.77,0.09,-37.54,-6.20,9.00,0.07,1.02,-0.12,-6.62,5.00,-3.36,16456989
11777,0.20,-0.86,0.07,-29.48,-7.39,-2.66,0.06,1.00,-0.12,-4.94,5.49,-2.62,16457196
11789,0.22,-1.03,0.06,-14.37,-5.13,-5.74,0.04,0.99,-0.12,-3.02,3.02,-1.50,16457512
11801,0.26,-1.19,0.05,0.76,-1.43,1.16,0.04,0.99,-0.12,-1.13,3.39,-1.34,16457776
11812,0.28,-1.24,0.05,9.37,0.52,4.85,0.04,1.00,-0.13,-0.55,2.93,-1.13,16457621
11825,0.27,-1.18,0.04,8.97,-0.82,5.34,0.03,1.01,-0.14,-0.49,1.74,-1.59,16457578
11837,0.25,-1.06,0.03,3.14,-4.43,3.45,0.04,1.02,-0.14,-0.46,3.69,-2.20,16457392
11848,0.23,-0.96,0.02,-4.79,-7.32,0.64,0.04,1.03,-0.14,-0.70,4.88,-1.95,16457198
11860,0.24,-0.91,0.02,-9.95,-7.72,1.50,0.02,1.03,-0.14,-0.82,3.33,-1.34,16457213
11873,0.25,-0.92,0.02,-10.77,-6.23,4.73,0.01,1.02,-0.14,-0.15,1.59,-1.40,16457283
11884,0.27,-0.96,0.02,-8.39,-3.36,5.86,0.01,1.02,-0.14,0.67,0.21,-0.92,16457259
11896,0.29,-0.99,0.02,-6.44,-1.04,4.27,0.01,1.01,-0.14,1.74,0.21,-0.79,16457378
11909,0.29,-0.99,0.02,-5.80,0.49,2.44,0.02,1.01,-0.14,2.20,1.07,0.31,16457432
11920,0.29,-0.97,0.03,-7.42,1.56,1.25,0.02,1.01,-0.14,2.72,-0.37,0.55,16457361
11932,0.28,-0.95,0.03,-9.92,2.87,1.62,0.02,1.02,-0.13,2.59,-2.01,0.40,16457385
11944,0.28,-0.95,0.03,-10.86,3.57,0.24,0.03,1.02,-0.13,2.72,-2.35,0.67,16457417
11957,0.28,-0.95,0.04,-11.32,4.55,-0.89,0.04,1.02,-0.13,2.84,-2.26,0.98,16457438
11968,0.27,-0.95,0.04,-11.57,5.89,-1.04,0.04,1.01,-0.12,2.78,-2.32,1.28,16457309
11980,0.27,-0.95,0.05,-13.79,7.02,0.24,0.05,1.01,-0.12,2.38,-2.23,1.40,16457163
11993,0.26,-0.93,0.05,-16.82,7.42,0.37,0.06,1.02,-0.13,1.86,-3.14,0.64,16457284
12004,0.24,-0.92,0.05,-18.80,7.66,-1.07,0.07,1.02,-0.13,1.22,-3.02,-0.27,16457308
12016,0.23,-0.93,0.06,-19.44,7.20,-3.33,0.08,1.02,-0.13,1.07,-0.79,-0.18,16457341
12028,0.22,-0.97,0.06,-16.30,7.54,-5.80,0.08,1.01,-0.13,1.16,-0.43,-0.31,16457400
12040,0.22,-1.03,0.06,-9.95,7.63,-6.65,0.09,1.00,-0.13,1.22,0.61,-0.37,16457492
12052,0.21,-1.07,0.07,-3.81,8.15,-7.45,0.09,1.00,-0.13,1.43,0.31,-0.95,16457623
12064,0.20,-1.08,0.07,-0.92,7.26,-7.11,0.10,1.01,-0.13,0.82,1.37,-2.69,16457519
12076,0.18,-1.05,0.07,-0.70,5.28,-6.01,0.11,1.00,-0.14,-0.49,4.03,-2.53,16457269
12088,0.16,-1.02,0.08,-1.59,1.71,-4.88,0.11,1.00,-0.14,-1.46,4.64,-3.81,16457242
12100,0.15,-1.00,0.08,-1.65,-1.31,-5.55,0.10,1.00,-0.14,-2.47,3.69,-4.55,16457199
12111,0.14,-1.00,0.08,-0.46,-4.30,-4.33,0.10,1.00,-0.14,-2.78,1.50,-4.46,16457324
12124,0.14,-1.01,0.08,1.07,-6.35,-1.50,0.10,0.97,-0.15,-2.35,1.25,-4.67,16457393
12136,0.15,-1.01,0.07,3.69,-7.23,-2.56,0.12,0.99,-0.15,-6.74,15.59,-16.66,16457459
12148,0.16,-1.00,0.06,5.89,-7.84,-4.85,0.07,0.93,-0.14,-1.43,5.74,-1.62,16457466
12160,0.16,-0.98,0.05,6.10,-8.15,-4.03,0.03,0.95,-0.13,-0.27,-2.53,1.25,16457345
12172,0.17,-0.96,0.04,5.46,-7.84,-0.73,0.03,0.99,-0.13,-3.33,3.42,-3.39,16457371
12184,0.18,-0.94,0.02,2.93,-7.66,2.62,0.01,0.97,-0.13,-2.08,6.20,0.79,16457332
12195,0.18,-0.92,0.01,0.55,-7.29,3.27,-0.01,0.97,-0.13,0.43,0.00,1.65,16457355
12208,0.19,-0.92,-0.00,0.15,-7.48,3.54,-0.03,1.00,-0.13,1.71,-9.09,5.13,16457256
12220,0.19,-0.92,-0.01,-1.07,-7.20,5.58,-0.03,1.04,-0.13,2.50,-15.35,7.66,16457346
12231,0.20,-0.92,-0.02,-3.85,-7.05,8.48,-0.03,1.04,-0.13,2.72,-16.66,8.21,16457399
12243,0.20,-0.92,-0.02,-6.90,-7.32,11.08,-0.01,1.03,-0.13,2.90,-9.46,6.50,16457434
12256,0.21,-0.92,-0.02,-10.38,-7.97,13.67,0.01,1.01,-0.14,3.17,-0.18,4.82,16457404
12267,0.21,-0.93,-0.03,-13.12,-8.70,15.44,0.02,1.02,-0.14,4.00,2.01,6.13,16457404
12279,0.21,-0.93,-0.03,-16.51,-9.52,15.26,0.02,1.03,-0.14,4.64,-0.58,5.62,16457406
12292,0.21,-0.92,-0.03,-20.32,-9.52,17.36,0.02,1.05,-0.14,4.27,-4.58,6.07,16457362
12303,0.22,-0.91,-0.03,-26.09,-9.43,23.01,0.02,1.07,-0.14,3.97,-8.45,6.87,16457370
12315,0.22,-0.86,-0.03,-35.25,-9.95,29.14,0.02,1.06,-0.14,3.05,-12.57,5.10,16457277
12327,0.21,-0.80,-0.03,-47.27,-11.20,34.33,0.03,1.05,-0.14,4.00,-13.49,4.39,16457301
12340,0.20,-0.73,-0.03,-61.25,-12.97,35.98,0.03,1.05,-0.15,3.08,-18.22,5.80,16457212
12351,0.19,-0.68,-0.04,-74.49,-14.71,35.80,0.04,1.06,-0.15,-1.65,-20.84,-3.57,16457116
12363,0.18,-0.66,-0.05,-86.30,-15.75,37.05,0.05,1.06,-0.15,-4.49,-21.82,-3.42,16457367
12376,0.18,-0.66,-0.06,-96.86,-15.59,36.65,0.06,1.07,-0.15,-6.38,-22.95,1.25,16457517
12387,0.19,-0.67,-0.08,-105.77,-14.19,34.42,0.06,1.04,-0.15,-6.35,-19.71,0.67,16457612
12399,0.20,-0.69,-0.10,-112.37,-10.96,29.57,0.06,1.03,-0.14,-6.84,-20.17,6.07,16457596
12411,0.21,-0.72,-0.12,-116.55,-5.89,23.83,0.05,1.00,-0.15,-5.34,-15.44,2.59,16457691
12423,0.23,-0.75,-0.15,-121.19,0.00,22.37,0.05,0.99,-0.14,-8.30,-14.19,-0.73,16457670
12435,0.25,-0.80,-0.18,-123.32,5.65,21.55,0.05,1.02,-0.13,-9.31,-17.40,6.56,16457815
12447,0.25,-0.84,-0.21,-123.35,10.59,18.19,0.05,0.98,-0.13,-10.68,-12.91,2.44,16457866
12459,0.25,-0.88,-0.24,-121.06,14.25,12.15,0.05,0.97,-0.14,-9.64,-12.85,0.52,16457950
12471,0.24,-0.93,-0.27,-116.33,17.52,7.75,0.06,0.95,-0.13,-5.58,-5.83,2.11,16458040
12483,0.23,-0.98,-0.29,-109.04,19.17,2.01,0.05,0.95,-0.13,-3.94,-8.97,3.81,16458041
12494,0.22,-1.04,-0.32,-99.52,20.39,-1.95,0.04,0.92,-0.14,0.98,-6.84,3.94,16458010
12507,0.21,-1.09,-0.34,-88.10,21.24,-2.69,0.04,0.93,-0.14,4.27,-5.43,9.34,16458110
12519,0.20,-1.15,-0.36,-75.07,21.79,-0.98,0.04,0.95,-0.14,5.25,-5.89,7.75,16458111
12531,0.19,-1.19,-0.37,-62.38,21.64,2.87,0.03,0.96,-0.14,4.88,-10.07,5.34,16458116
12542,0.18,-1.22,-0.38,-49.77,20.29,6.84,0.04,0.95,-0.15,7.45,-8.91,5.77,16458125
12555,0.16,-1.23,-0.38,-39.06,18.49,8.76,0.04,0.96,-0.15,7.39,-8.03,6.44,16458154
12567,0.14,-1.21,-0.38,-30.79,15.23,9.49,0.05,0.96,-0.16,9.58,-6.13,7.23,16458004
12578,0.12,-1.16,-0.37,-25.97,11.57,5.49,0.05,0.97,-0.17,10.65,-6.29,8.88,16458009
12591,0.11,-1.12,-0.37,-21.61,7.20,1.65,0.05,0.98,-0.17,10.22,-6.50,7.72,16457850
12603,0.11,-1.06,-0.36,-20.78,4.27,-2.26,0.05,1.00,-0.18,8.73,-6.29,5.31,16457795
12614,0.11,-1.01,-0.35,-22.46,3.14,-4.39,0.06,1.02,-0.18,6.16,-5.95,5.25,16457567
12626,0.13,-0.97,-0.34,-25.54,3.97,-1.28,0.07,1.03,-0.18,4.15,-3.54,2.29,16457596
12639,0.15,-0.93,-0.32,-30.85,6.93,5.16,0.08,1.04,-0.18,1.83,-2.41,2.90,16457383
12650,0.17,-0.90,-0.31,-38.79,11.75,16.54,0.08,1.05,-0.18,-1.65,-0.89,0.21,16457117
12662,0.20,-0.85,-0.30,-47.45,18.13,25.02,0.09,1.06,-0.18,-6.01,0.67,0.34,16456970
12675,0.22,-0.81,-0.30,-55.18,23.38,24.66,0.10,1.07,-0.18,-9.37,0.79,1.13,16457104
12686,0.22,-0.76,-0.32,-61.37,26.49,10.96,0.10,1.07,-0.18,-12.36,-0.95,3.05,16457161
12698,0.21,-0.74,-0.34,-65.06,27.92,-5.52,0.10,1.06,-0.17,-13.61,-2.84,4.03,16457086
12710,0.20,-0.77,-0.37,-65.52,29.14,-15.66,0.09,1.04,-0.17,-13.70,-3.08,4.88,16456992
12723,0.19,-0.84,-0.40,-62.07,29.63,-15.23,0.09,1.03,-0.16,-13.34,-1.59,4.15,16457099
12734,0.17,-0.92,-0.42,-54.35,28.87,-9.12,0.08,1.02,-0.16,-12.60,-4.39,2.99,16457144
12746,0.14,-1.01,-0.44,-43.40,26.79,-4.12,0.07,1.02,-0.16,-12.45,-8.12,1.86,16457123
12759,0.11,-1.08,-0.46,-30.58,22.61,-0.12,0.07,1.01,-0.16,-11.47,-9.40,1.74,16457051
12770,0.08,-1.11,-0.48,-18.89,17.15,1.98,0.08,0.99,-0.16,-8.79,-7.17,2.29,16457088
12782,0.06,-1.12,-0.49,-8.73,11.54,2.32,0.09,0.96,-0.16,-6.35,-3.57,3.23,16457052
12794,0.05,-1.09,-0.50,-1.62,6.90,2.44,0.09,0.95,-0.15,-4.30,0.55,3.60,16456909
12806,0.04,-1.03,-0.49,2.35,2.17,1.95,0.09,0.95,-0.15,-3.33,1.86,2.84,16456629
12818,0.03,-0.97,-0.49,3.54,-1.43,1.34,0.08,0.96,-0.15,-4.12,-0.70,1.77,16456467
12830,0.03,-0.91,-0.49,3.75,-3.94,2.69,0.08,0.96,-0.14,-4.64,-0.70,1.13,16456400
12841,0.04,-0.88,-0.49,3.63,-5.55,3.97,0.08,0.96,-0.14,-3.91,-0.40,1.43,16456434
12854,0.05,-0.85,-0.48,3.42,-6.74,2.81,0.07,0.96,-0.14,-2.62,-0.40,2.11,16456456
12866,0.08,-0.81,-0.48,2.35,-6.50,-1.83,0.07,0.96,-0.14,-2.59,-1.10,2.62,16456293
12877,0.11,-0.79,-0.47,1.83,-3.94,-4.79,0.07,0.97,-0.14,-2.50,-1.43,3.17,16456185
12890,0.15,-0.79,-0.46,1.37,-0.12,-4.09,0.08,0.97,-0.14,-2.72,-0.24,3.69,16456233
12902,0.17,-0.80,-0.46,1.95,2.69,-2.99,0.08,0.97,-0.14,-1.86,-0.12,4.18,16456337
12913,0.19,-0.82,-0.46,4.03,4.52,-3.02,0.08,0.97,-0.14,-1.22,-0.21,4.91,16456287
12925,0.19,-0.85,-0.47,8.70,4.64,-3.85,0.08,0.97,-0.14,0.34,-1.13,4.97,16456417
12938,0.18,-0.88,-0.48,14.31,3.66,-3.63,0.08,0.97,-0.15,1.65,-3.51,4.76,16456546
12950,0.16,-0.93,-0.50,22.06,1.16,-1.65,0.08,0.97,-0.15,3.75,-4.64,3.88,16456744
12961,0.15,-0.97,-0.50,29.57,-1.65,0.03,0.08,0.98,-0.15,4.85,-6.23,2.96,16456720
12974,0.14,-1.00,-0.51,37.66,-3.97,1.46,0.08,0.98,-0.16,6.68,-6.44,2.47,16456822
12986,0.13,-1.05,-0.51,47.97,-6.96,2.84,0.08,0.98,-0.16,8.48,-6.26,1.28,16457067
12997,0.12,-1.12,-0.50,60.70,-9.89,6.32,0.08,0.99,-0.16,9.46,-5.83,0.64,16457194
13009,0.11,-1.19,-0.49,74.65,-13.12,11.84,0.08,0.98,-0.16,11.41,-4.91,-1.07,16457420
13022,0.10,-1.30,-0.48,97.11,-16.33,12.73,0.08,0.98,-0.17,13.58,-6.35,-1.74,16457565
13033,0.09,-1.40,-0.47,120.97,-19.65,10.53,0.08,0.97,-0.17,16.17,-6.35,-1.71,16457888
13045,0.09,-1.46,-0.45,140.38,-21.91,11.44,0.08,0.97,-0.17,17.49,-4.82,-1.34,16458046
13058,0.09,-1.45,-0.42,152.59,-23.99,13.09,0.08,0.99,-0.18,16.30,-2.01,-1.10,16458100
13069,0.09,-1.36,-0.39,154.51,-25.21,12.97,0.08,1.00,-0.18,12.42,1.53,-0.73,16457886
13081,0.08,-1.24,-0.36,150.91,-26.67,10.19,0.08,1.02,-0.18,7.63,2.93,-0.95,16457490
13093,0.08,-1.13,-0.32,146.33,-27.47,4.36,0.08,1.04,-0.17,2.20,2.75,-1.46,16457404
13105,0.07,-1.05,-0.28,140.87,-27.50,-0.64,0.08,1.05,-0.17,-2.75,1.80,-1.40,16457496
13117,0.08,-1.01,-0.24,136.84,-26.21,0.46,0.08,1.05,-0.16,-7.14,2.04,-2.11,16457269
13129,0.08,-0.98,-0.19,132.08,-25.24,4.67,0.09,1.05,-0.16,-10.44,1.98,-1.83,16457260
13142,0.08,-0.99,-0.15,132.93,-23.83,7.17,0.09,1.04,-0.15,-13.85,1.43,-1.71,16457309
13153,0.08,-1.00,-0.12,133.15,-23.71,6.20,0.09,1.03,-0.15,-15.23,1.37,-1.53,16457447
13165,0.07,-1.03,-0.10,137.60,-23.07,1.71,0.09,1.02,-0.14,-16.82,0.70,-0.89,16457556
13177,0.07,-1.08,-0.09,143.86,-24.75,-2.81,0.09,1.00,-0.14,-17.55,1.13,-1.28,16457457
13189,0.05,-1.12,-0.10,150.91,-27.19,-8.88,0.09,1.00,-0.14,-18.40,2.81,-1.74,16457509
13201,0.03,-1.13,-0.10,154.72,-30.82,-11.96,0.09,1.00,-0.15,-19.17,4.55,-1.92,16457423
13213,0.03,-1.08,-0.11,150.97,-31.86,-6.59,0.09,1.01,-0.15,-22.16,6.16,-1.50,16457382
13224,0.04,-1.01,-0.11,140.93,-32.81,9.49,0.09,1.02,-0.15,-25.09,7.08,-0.21,16457200
13237,0.05,-0.90,-0.10,127.04,-35.61,19.13,0.09,1.03,-0.15,-28.17,7.87,0.55,16456785
13249,0.04,-0.84,-0.10,116.52,-39.43,17.94,0.08,1.04,-0.15,-30.70,5.62,-0.61,16456728
13260,0.05,-0.91,-0.10,122.07,-41.17,9.00,0.07,1.02,-0.14,-26.03,5.40,-1.71,16456653
13273,0.07,-1.04,-0.09,131.84,-39.89,7.93,0.07,1.01,-0.14,-26.92,5.13,-2.99,16456869
13285,0.10,-1.08,-0.08,133.00,-38.97,15.81,0.07,1.00,-0.14,-25.30,7.29,-2.59,16456728
13296,0.12,-1.02,-0.06,125.82,-38.06,20.17,0.08,1.01,-0.15,-25.88,8.30,-1.59,16456155
13308,0.12,-0.89,-0.04,113.46,-38.27,18.43,0.08,1.01,-0.14,-26.82,9.86,-0.12,16455387
13321,0.13,-0.76,-0.01,97.53,-38.36,15.35,0.07,1.02,-0.14,-29.51,7.08,0.40,16454969
13333,0.15,-0.69,0.02,85.24,-35.55,15.59,0.06,1.02,-0.13,-29.66,4.52,0.06,16454839
13344,0.18,-0.71,0.05,79.04,-30.58,20.90,0.06,1.02,-0.13,-28.32,3.97,-0.95,16454774
13357,0.19,-0.75,0.08,75.44,-26.61,16.66,0.05,1.01,-0.12,-26.82,2.78,-0.24,16454532
13369,0.21,-0.77,0.11,71.32,-22.43,13.34,0.05,1.00,-0.12,-24.72,1.37,-0.49,16454231
13380,0.22,-0.76,0.13,64.51,-18.62,13.85,0.06,0.99,-0.11,-22.13,2.44,0.89,16453936
13392,0.22,-0.72,0.15,54.66,-16.20,13.79,0.07,0.99,-0.11,-19.38,2.38,1.31,16453425
13405,0.21,-0.71,0.17,48.28,-14.37,13.18,0.06,0.98,-0.10,-15.66,1.19,1.56,16453146
13416,0.20,-0.71,0.19,41.14,-12.79,14.50,0.06,0.98,-0.10,-14.28,-0.58,1.92,16452908
13428,0.19,-0.69,0.20,32.01,-11.75,16.66,0.06,0.98,-0.09,-12.42,-1.71,1.92,16452647
13441,0.18,-0.70,0.22,26.37,-10.71,15.93,0.06,0.98,-0.09,-10.28,-1.86,0.98,16452505
13452,0.17,-0.74,0.24,23.28,-9.89,14.07,0.06,0.97,-0.08,-7.81,-2.20,0.67,16452462
13464,0.16,-0.78,0.25,22.43,-9.09,12.27,0.06,0.97,-0.08,-6.01,-2.32,-1.16,16452521
13476,0.15,-0.78,0.27,18.43,-8.76,10.68,0.07,0.98,-0.08,-4.09,-1.56,-0.85,16452422
13488,0.15,-0.75,0.29,11.05,-8.64,12.27,0.08,0.98,-0.08,-2.53,-1.13,-1.25,16452141
13500,0.14,-0.75,0.31,6.35,-8.76,14.10,0.07,0.98,-0.08,0.70,-2.01,-2.29,16452030
13512,0.12,-0.78,0.33,5.49,-8.82,12.57,0.07,0.98,-0.07,2.99,-4.70,-2.81,16452054
13524,0.11,-0.78,0.34,1.28,-8.97,14.74,0.07,0.98,-0.07,4.36,-5.43,-3.08,16452034
13536,0.11,-0.73,0.36,-8.03,-8.51,18.55,0.07,0.99,-0.07,5.07,-4.58,-3.23,16452099
13548,0.11,-0.69,0.37,-16.88,-8.06,22.16,0.08,1.00,-0.07,5.95,-4.33,-3.78,16452112
13560,0.10,-0.72,0.38,-20.02,-7.14,21.33,0.08,1.01,-0.06,7.02,-5.37,-4.43,16452523
13572,0.09,-0.76,0.39,-21.00,-6.13,19.13,0.08,1.00,-0.06,7.51,-4.67,-4.06,16452904
13584,0.08,-0.78,0.39,-22.31,-5.22,14.34,0.08,1.00,-0.07,9.77,-3.51,-3.97,16453053
13596,0.08,-0.75,0.40,-27.83,-2.72,10.28,0.09,1.00,-0.07,10.99,-2.32,-2.78,16453196
13607,0.10,-0.65,0.40,-42.51,1.74,12.60,0.09,1.02,-0.08,12.57,-1.13,-1.43,16453326
13620,0.13,-0.48,0.39,-66.47,7.57,16.82,0.09,1.04,-0.08,10.10,-1.59,0.03,16453337
13632,0.15,-0.36,0.37,-92.13,12.85,22.37,0.09,1.06,-0.08,8.61,-3.60,0.89,16453263
13643,0.16,-0.40,0.36,-104.03,19.62,17.70,0.09,1.05,-0.07,6.68,-6.07,0.43,16453804
13656,0.14,-0.73,0.34,-86.36,24.54,19.81,0.07,1.02,-0.06,6.84,-10.89,-1.46,16454929
13668,0.07,-1.10,0.32,-56.98,24.29,15.63,0.06,0.99,-0.07,7.20,-12.79,-1.46,16455845
13679,-0.00,-1.16,0.30,-49.71,19.29,15.01,0.07,0.98,-0.08,6.04,-9.09,0.49,16456265
13691,-0.03,-0.95,0.28,-67.54,15.47,23.56,0.09,1.00,-0.10,3.91,-3.88,2.50,16455989
13704,-0.03,-0.64,0.25,-102.11,13.76,39.12,0.09,1.05,-0.11,1.50,-0.79,3.63,16455438
13716,-0.02,-0.37,0.22,-141.42,14.47,48.92,0.09,1.08,-0.11,-1.65,-1.65,3.85,16455159
13727,0.01,-0.22,0.17,-173.98,18.65,49.04,0.08,1.09,-0.11,-4.97,-3.57,3.36,16455368
13740,0.05,-0.20,0.12,-197.88,26.70,44.74,0.09,1.09,-0.11,-9.12,-2.84,3.60,16455745
13752,0.12,-0.26,0.07,-214.60,38.60,37.20,0.10,1.08,-0.11,-12.39,-1.10,3.88,16456235
13763,0.18,-0.37,0.00,-224.76,53.41,27.40,0.11,1.07,-0.11,-14.25,-0.21,4.76,16456772
13775,0.23,-0.50,-0.07,-228.45,66.53,12.85,0.11,1.05,-0.10,-14.71,0.52,5.34,16457115
13788,0.25,-0.62,-0.16,-228.64,78.46,-6.65,0.10,1.04,-0.10,-13.34,-0.46,6.84,16457296
13799,0.26,-0.74,-0.25,-225.68,87.34,-23.62,0.10,1.02,-0.09,-14.68,-0.92,9.34,16457489
13811,0.24,-0.92,-0.34,-215.79,93.35,-25.18,0.09,0.99,-0.09,-12.33,-1.92,9.89,16457600
13824,0.19,-1.10,-0.42,-201.72,94.91,-17.30,0.08,0.98,-0.09,-10.86,-5.98,6.41,16457702
13835,0.12,-1.22,-0.47,-187.32,90.61,-13.46,0.07,0.96,-0.09,-8.24,-6.56,4.91,16457916
13847,0.03,-1.26,-0.53,-173.74,82.09,-25.91,0.07,0.93,-0.08,-3.14,-3.20,3.91,16457917
13859,-0.05,-1.27,-0.57,-160.80,69.73,-35.46,0.07,0.92,-0.08,0.21,-1.53,1.80,16457696
13871,-0.11,-1.27,-0.59,-149.72,53.89,-33.57,0.07,0.91,-0.08,4.91,-0.09,1.19,16457572
13883,-0.16,-1.27,-0.60,-137.76,39.34,-32.87,0.07,0.91,-0.09,7.60,0.82,0.15,16457440
13895,-0.18,-1.29,-0.59,-125.31,27.13,-28.84,0.07,0.92,-0.09,9.40,0.40,-1.01,16457443
13907,-0.17,-1.30,-0.58,-111.45,18.62,-27.71,0.06,0.94,-0.10,10.83,-1.86,-3.88,16457314
13919,-0.13,-1.31,-0.56,-96.34,14.98,-26.31,0.07,0.94,-0.11,14.43,0.79,-3.05,16457221
13931,-0.07,-1.33,-0.53,-83.01,15.44,-17.91,0.07,0.95,-0.11,15.59,1.83,-3.20,16457241
13943,-0.02,-1.33,-0.50,-69.67,17.30,-16.91,0.07,0.97,-0.12,16.75,2.81,-4.70,16457042
13955,0.03,-1.32,-0.46,-58.20,21.42,-11.23,0.08,0.98,-0.12,17.30,3.81,-4.36,16457046
13967,0.08,-1.27,-0.43,-51.03,26.67,-5.37,0.07,1.00,-0.13,15.69,4.43,-4.85,16456780
13979,0.10,-1.21,-0.41,-48.74,31.22,4.61,0.07,1.02,-0.13,13.15,4.52,-4.43,16456672
13990,0.11,-1.11,-0.40,-50.81,34.64,8.85,0.07,1.04,-0.13,10.04,4.91,-3.85,16456471
14003,0.10,-1.00,-0.40,-56.95,34.58,3.72,0.08,1.05,-0.12,7.26,4.46,-2.35,16456225
14015,0.07,-0.91,-0.41,-64.21,31.80,-1.50,0.08,1.06,-0.12,3.66,4.00,-1.80,16456070
14026,0.05,-0.84,-0.42,-71.23,29.42,-10.16,0.08,1.07,-0.12,0.85,3.54,-0.76,16455875
14039,0.06,-0.81,-0.43,-75.93,30.09,-15.38,0.09,1.07,-0.12,-1.74,2.41,-0.18,16455719
14051,0.08,-0.83,-0.44,-75.93,32.44,-18.95,0.09,1.06,-0.12,-2.78,1.46,0.46,16455813
14062,0.09,-0.90,-0.46,-68.97,33.05,-16.75,0.09,1.05,-0.11,-3.17,1.19,-0.27,16455871
14074,0.08,-0.99,-0.47,-59.27,32.81,-7.23,0.09,1.04,-0.11,-3.36,0.46,-0.82,16455883
14087,0.06,-1.07,-0.48,-48.31,30.85,6.71,0.09,1.03,-0.11,-3.14,1.46,-2.62,16455989
14099,0.02,-1.10,-0.49,-38.06,25.15,8.70,0.09,1.02,-0.11,-2.84,1.16,-2.59,16455925
14110,-0.01,-1.07,-0.51,-30.73,18.92,1.74,0.10,1.02,-0.12,-2.44,2.56,-2.56,16455775
14123,-0.04,-1.03,-0.52,-26.25,12.05,-1.74,0.10,1.02,-0.11,-2.50,3.66,-2.53,16455717
14135,-0.04,-0.99,-0.53,-24.75,8.09,1.80,0.10,1.02,-0.12,-3.75,4.85,-2.53,16455425
14146,-0.03,-0.96,-0.53,-22.95,5.58,2.32,0.09,1.02,-0.11,-4.24,5.34,-2.17,16455160
14158,-0.01,-0.93,-0.53,-21.51,4.36,2.44,0.09,1.02,-0.11,-5.22,5.83,-2.04,16455118
14171,0.02,-0.91,-0.53,-20.42,5.43,4.58,0.09,1.02,-0.11,-6.41,6.62,-2.35,16454953
14182,0.06,-0.87,-0.52,-21.48,8.00,6.81,0.09,1.02,-0.11,-7.54,6.23,-1.53,16454867
14194,0.08,-0.83,-0.52,-22.71,10.07,4.18,0.09,1.02,-0.11,-8.73,4.46,-0.06,16454691
14206,0.10,-0.81,-0.53,-22.22,11.41,-0.95,0.09,1.02,-0.11,-9.25,2.72,1.19,16454600
14218,0.09,-0.83,-0.54,-17.67,10.65,-1.95,0.08,1.01,-0.12,-8.61,2.23,1.98,16454729
14230,0.08,-0.87,-0.55,-10.35,9.22,0.24,0.08,1.00,-0.12,-7.93,2.69,1.80,16454731
14242,0.07,-0.92,-0.57,-0.98,6.53,1.50,0.07,0.99,-0.12,-6.41,2.53,1.46,16454759
14254,0.07,-0.94,-0.58,8.09,4.03,-0.49,0.07,0.99,-0.12,-5.34,2.41,1.16,16454759
14266,0.07,-0.95,-0.59,17.15,2.23,-5.07,0.07,1.00,-0.13,-4.18,1.77,1.04,16454708
14278,0.09,-0.95,-0.59,26.64,0.49,-9.64,0.07,1.00,-0.13,-3.14,-0.52,1.25,16454778
14290,0.10,-0.97,-0.60,38.45,-1.01,-14.74,0.08,1.00,-0.13,-1.28,-2.08,2.59,16454932
14302,0.11,-1.01,-0.60,51.91,-2.11,-17.46,0.07,0.99,-0.13,1.25,-4.00,3.33,16454967
14314,0.11,-1.07,-0.59,67.47,-3.88,-14.95,0.07,0.98,-0.13,4.09,-4.88,4.03,16455188
14326,0.10,-1.14,-0.59,84.72,-7.02,-8.88,0.06,0.96,-0.13,6.50,-4.85,2.72,16455337
14338,0.08,-1.19,-0.58,101.81,-11.96,-3.85,0.06,0.96,-0.13,8.27,-5.37,1.74,16455641
14350,0.05,-1.21,-0.59,115.97,-18.01,-0.18,0.06,0.97,-0.12,8.54,-6.32,0.27,16455967
14362,0.02,-1.21,-0.59,127.53,-25.09,4.06,0.06,0.97,-0.12,8.76,-7.05,-0.79,16456158
14373,-0.00,-1.23,-0.58,138.55,-30.03,11.05,0.06,0.97,-0.12,8.82,-6.96,-1.56,16456502
14386,-0.01,-1.24,-0.57,150.12,-34.76,17.12,0.07,0.96,-0.11,9.92,-5.43,-1.89,16456701
14398,-0.01,-1.30,-0.56,167.30,-37.84,17.52,0.07,0.95,-0.12,12.51,-3.20,-1.92,16456983
14409,0.00,-1.38,-0.56,187.35,-39.22,15.96,0.08,0.94,-0.12,15.11,-0.52,-1.77,16457208
14422,0.02,-1.45,-0.55,206.63,-38.79,18.01,0.08,0.94,-0.12,17.24,2.23,-1.31,16457391
14434,0.04,-1.48,-0.55,221.07,-37.78,22.16,0.09,0.95,-0.12,17.33,4.36,-0.61,16457567
14445,0.06,-1.43,-0.54,226.75,-36.56,19.59,0.09,0.96,-0.12,15.26,7.14,-0.15,16457520
14457,0.06,-1.26,-0.53,220.64,-36.41,8.79,0.10,0.99,-0.13,10.96,10.16,0.58,16457300
14470,0.06,-1.04,-0.49,206.12,-36.29,-8.76,0.10,1.03,-0.13,6.13,11.87,1.50,16457093
14481,0.06,-0.83,-0.43,186.00,-35.80,-20.81,0.10,1.06,-0.14,0.79,11.93,1.46,16456857
14493,0.07,-0.69,-0.36,165.34,-34.85,-20.97,0.10,1.08,-0.14,-4.39,9.34,0.82,16456518
14505,0.09,-0.66,-0.28,151.82,-30.73,-19.35,0.10,1.09,-0.14,-8.51,6.56,0.95,16456653
14518,0.13,-0.74,-0.22,148.50,-23.35,-16.39,0.11,1.08,-0.14,-10.16,7.35,0.43,16456945
14529,0.18,-0.87,-0.17,151.09,-12.48,-8.76,0.11,1.06,-0.14,-12.73,8.94,0.09,16456958
14541,0.22,-1.00,-0.13,156.52,-4.39,0.00,0.12,1.03,-0.14,-12.39,12.08,1.40,16457065
14554,0.22,-1.08,-0.11,162.99,0.03,-0.70,0.12,1.02,-0.13,-13.00,12.66,1.19,16457264
14565,0.19,-1.13,-0.11,171.57,0.79,-11.44,0.11,1.01,-0.13,-14.31,13.37,2.04,16457418
14577,0.15,-1.10,-0.11,169.56,-1.19,-15.11,0.11,1.01,-0.13,-17.94,15.41,3.81,16457097
14589,0.10,-0.98,-0.09,158.29,-4.85,-12.48,0.11,1.02,-0.14,-21.70,16.08,4.85,16456647
14601,0.07,-0.87,-0.08,145.57,-9.12,-11.75,0.10,1.04,-0.13,-28.69,14.13,5.40,16456216
14613,0.05,-0.78,-0.06,132.72,-12.48,-11.47,0.09,1.04,-0.13,-28.96,14.01,5.19,16455826
14625,0.06,-0.73,-0.03,120.00,-13.98,-4.73,0.09,1.04,-0.13,-32.01,14.74,4.30,16455485
14637,0.08,-0.71,0.00,109.10,-14.68,2.32,0.09,1.03,-0.13,-30.03,13.67,2.53,16455130
14649,0.09,-0.73,0.03,103.18,-14.62,3.45,0.08,1.02,-0.13,-28.84,11.26,0.76,16454737
14661,0.10,-0.69,0.05,91.74,-16.27,3.72,0.08,1.02,-0.12,-28.41,9.64,0.52,16454335
14672,0.10,-0.63,0.07,76.78,-16.88,6.23,0.08,1.02,-0.12,-27.65,7.81,-0.03,16453888
14685,0.12,-0.60,0.10,63.51,-16.48,12.30,0.08,1.02,-0.11,-28.14,3.23,-0.34,16453372
14697,0.13,-0.63,0.13,56.21,-15.69,19.74,0.07,1.01,-0.10,-22.71,1.28,-0.58,16453036
14709,0.12,-0.65,0.15,49.59,-16.36,18.80,0.07,1.00,-0.09,-21.76,-1.86,-0.79,16452896
14721,0.13,-0.66,0.18,41.93,-15.96,20.51,0.08,0.99,-0.09,-17.18,-0.40,-2.44,16452689
14733,0.13,-0.66,0.20,35.28,-15.59,18.89,0.09,0.98,-0.09,-15.96,-0.24,-4.21,16452454
14745,0.12,-0.66,0.22,29.30,-16.08,17.46,0.10,0.97,-0.08,-10.50,0.27,-4.24,16452303
14756,0.11,-0.66,0.23,21.91,-15.99,16.75,0.10,0.96,-0.08,-7.60,0.18,-4.03,16452243
14769,0.11,-0.67,0.25,16.11,-14.92,17.55,0.09,0.96,-0.08,-3.97,0.00,-3.66,16452117
14781,0.12,-0.70,0.27,13.09,-13.12,16.94,0.08,0.96,-0.07,-0.98,-1.56,-2.93,16452072
14792,0.12,-0.72,0.29,8.30,-11.63,15.63,0.08,0.96,-0.07,2.14,-2.26,-1.59,16452243
14804,0.12,-0.70,0.30,1.50,-10.25,17.21,0.08,0.96,-0.07,4.88,-2.44,-1.34,16452118
14817,0.12,-0.67,0.31,-8.91,-9.16,21.88,0.08,0.98,-0.07,6.23,-2.75,-0.95,16452045
14828,0.11,-0.65,0.32,-17.55,-8.48,23.07,0.08,0.99,-0.07,7.75,-3.66,-0.76,16452020
14840,0.10,-0.69,0.33,-19.99,-8.39,22.28,0.08,0.99,-0.06,8.58,-5.16,-1.01,16452192
14853,0.10,-0.76,0.34,-20.08,-7.14,19.96,0.09,0.99,-0.07,10.19,-4.82,-0.85,16452499
14864,0.10,-0.77,0.35,-22.67,-6.26,13.82,0.10,0.99,-0.08,12.02,-3.42,-0.18,16452607
14876,0.11,-0.73,0.36,-31.22,-3.91,9.55,0.10,1.00,-0.08,13.52,-1.37,1.04,16452801
14888,0.14,-0.67,0.38,-42.08,1.13,10.83,0.10,1.01,-0.09,14.43,-2.35,1.19,16453023
14901,0.17,-0.64,0.38,-50.45,6.04,5.34,0.10,1.03,-0.09,16.54,-4.43,1.37,16453158
14912,0.18,-0.57,0.37,-65.95,11.20,2.20,0.10,1.05,-0.10,15.50,-4.18,1.62,16453356
14924,0.19,-0.50,0.36,-84.32,14.95,11.17,0.10,1.06,-0.10,15.11,-4.46,0.21,16453469
14937,0.17,-0.43,0.33,-107.51,15.56,17.82,0.11,1.08,-0.09,7.14,-6.20,1.07,16453784
14948,0.13,-0.45,0.30,-119.57,14.37,19.78,0.11,1.07,-0.09,8.76,-8.30,-1.22,16454298
14960,0.11,-0.66,0.27,-110.87,15.78,10.28,0.10,1.05,-0.10,9.22,-9.03,-2.99,16455215
14972,0.10,-0.79,0.25,-110.08,17.15,15.69,0.11,1.03,-0.11,7.11,-6.47,-2.29,16455945
14984,0.10,-0.72,0.22,-128.11,18.52,26.89,0.12,1.03,-0.12,3.20,-2.81,0.24,16456039
14996,0.11,-0.54,0.19,-156.22,21.45,29.33,0.13,1.05,-0.12,-0.92,0.06,0.92,16455802
15008,0.11,-0.37,0.14,-184.91,25.27,26.25,0.12,1.06,-0.12,-4.30,0.37,1.28,16455641
15020,0.13,-0.28,0.08,-211.43,30.91,22.09,0.12,1.08,-0.11,-8.15,-0.79,0.43,16455766
15032,0.15,-0.28,0.00,-232.39,38.33,16.27,0.11,1.08,-0.11,-11.90,-2.90,-0.49,16456020
15044,0.18,-0.36,-0.08,-246.37,48.22,11.99,0.11,1.07,-0.10,-15.63,-5.86,-1.13,16456461
15055,0.21,-0.49,-0.17,-252.41,58.81,7.60,0.11,1.06,-0.10,-18.92,-7.20,-1.13,16456889
15068,0.23,-0.65,-0.26,-252.75,68.27,1.71,0.12,1.03,-0.09,-20.17,-6.20,0.79,16457308
15080,0.22,-0.79,-0.36,-248.69,75.78,-7.11,0.12,1.01,-0.09,-19.50,-4.97,3.23,16457428
15092,0.21,-0.90,-0.45,-241.49,81.73,-21.09,0.11,0.98,-0.08,-16.57,-2.11,4.43,16457486
15104,0.19,-1.01,-0.53,-232.09,83.53,-30.24,0.11,0.94,-0.08,-12.05,0.37,8.88,16457670
15116,0.16,-1.12,-0.59,-219.18,83.13,-36.53,0.10,0.91,-0.08,-6.53,4.73,11.17,16457665
15128,0.13,-1.21,-0.64,-204.99,81.42,-28.47,0.09,0.91,-0.08,-1.83,1.31,6.71,16457710
15139,0.08,-1.31,-0.68,-185.18,76.84,-21.42,0.09,0.91,-0.09,1.92,1.83,5.86,16457738
15152,0.04,-1.41,-0.71,-164.70,70.62,-8.85,0.08,0.91,-0.09,5.68,2.17,3.75,16457690
15164,-0.01,-1.47,-0.71,-140.20,61.68,5.04,0.07,0.92,-0.10,9.22,1.04,1.13,16457653
15175,-0.07,-1.50,-0.70,-117.37,50.42,5.49,0.07,0.92,-0.10,14.04,3.05,0.31,16457612
15187,-0.10,-1.48,-0.68,-95.89,38.27,-2.62,0.07,0.92,-0.12,18.04,3.85,-0.98,16457480
15200,-0.10,-1.44,-0.64,-80.87,31.56,-2.53,0.08,0.95,-0.13,19.07,3.42,-2.32,16457264
15211,-0.08,-1.37,-0.60,-71.32,26.09,8.70,0.08,0.97,-0.14,18.49,4.15,-4.03,16457078
15223,-0.05,-1.28,-0.57,-68.21,23.47,22.43,0.08,1.00,-0.14,16.24,3.11,-5.58,16456811
15236,-0.03,-1.15,-0.54,-70.62,20.84,15.78,0.09,1.03,-0.14,13.55,2.35,-5.16,16456469
15247,0.00,-1.00,-0.53,-75.20,19.93,-4.55,0.10,1.05,-0.14,10.77,3.48,-5.16,16456049
15259,0.05,-0.89,-0.51,-81.39,21.09,-19.84,0.11,1.06,-0.14,7.63,6.44,-3.88,16455786
15271,0.09,-0.86,-0.50,-85.51,23.35,-19.65,0.11,1.06,-0.14,4.46,8.27,-3.42,16455633
15284,0.12,-0.90,-0.50,-85.27,28.17,-8.12,0.11,1.07,-0.14,1.59,7.93,-4.12,16455641
15295,0.14,-0.95,-0.50,-82.24,32.17,2.23,0.11,1.07,-0.13,-0.89,6.07,-5.00,16455643
15307,0.13,-1.00,-0.50,-73.58,32.01,3.36,0.11,1.06,-0.13,-2.01,2.23,-4.58,16455600
15320,0.10,-1.04,-0.51,-62.04,30.12,-1.95,0.11,1.05,-0.13,-1.25,1.53,-3.69,16455620
15331,0.07,-1.10,-0.51,-48.03,27.31,0.03,0.11,1.03,-0.13,-0.12,2.01,-4.09,16455507
15343,0.03,-1.15,-0.52,-33.97,22.09,4.15,0.12,1.02,-0.13,-0.06,4.27,-4.18,16455248
15355,-0.01,-1.15,-0.52,-25.73,15.44,13.43,0.12,1.01,-0.12,-1.10,5.22,-5.43,16454969
15367,-0.04,-1.08,-0.53,-22.06,8.24,11.60,0.11,1.02,-0.12,-2.96,5.19,-5.55,16454778
15379,-0.04,-0.99,-0.53,-21.76,4.15,3.33,0.12,1.02,-0.11,-4.64,4.24,-5.34,16454417
15391,-0.00,-0.93,-0.52,-20.78,3.94,-3.57,0.12,1.02,-0.11,-5.43,3.63,-4.67,16454060
15403,0.04,-0.92,-0.52,-16.88,6.71,-3.97,0.11,1.02,-0.11,-6.65,2.17,-3.97,16453918
15415,0.08,-0.94,-0.52,-9.43,10.10,-1.62,0.11,1.01,-0.11,-7.14,1.04,-3.85,16453740
15427,0.09,-0.97,-0.52,-1.65,11.99,-1.19,0.10,1.01,-0.11,-8.00,0.37,-4.03,16453736
15438,0.08,-0.97,-0.53,6.44,10.71,-2.78,0.10,1.01,-0.11,-8.30,-0.46,-3.30,16453745
15451,0.07,-0.97,-0.54,15.01,7.87,-11.41,0.10,1.00,-0.11,-7.90,-0.95,-2.50,16453661
15463,0.06,-0.98,-0.55,24.96,4.85,-16.30,0.10,0.99,-0.11,-6.35,-0.92,-1.59,16453496
15474,0.05,-1.00,-0.56,35.92,1.83,-16.48,0.09,0.99,-0.12,-5.65,-1.31,-1.16,16453616
15486,0.05,-1.03,-0.57,48.92,-1.04,-15.87,0.08,0.98,-0.12,-3.75,-1.46,-0.85,16453702
15499,0.05,-1.05,-0.58,62.47,-4.55,-18.19,0.08,0.98,-0.12,-1.71,-3.23,-0.40,16453809
15511,0.06,-1.08,-0.59,77.64,-8.12,-19.74,0.08,0.99,-0.12,0.15,-4.58,0.37,16454061
15522,0.06,-1.12,-0.60,93.57,-11.72,-18.83,0.08,0.98,-0.12,2.72,-5.07,0.70,16454447
15535,0.05,-1.15,-0.61,107.91,-15.56,-13.73,0.08,0.98,-0.12,4.43,-5.25,0.49,16454684
15547,0.04,-1.17,-0.61,120.15,-20.36,-6.77,0.07,0.97,-0.13,5.28,-5.04,-0.15,16454872
15558,0.03,-1.17,-0.62,129.79,-25.05,1.62,0.07,0.97,-0.12,6.47,-3.36,-1.10,16455166
15570,0.02,-1.14,-0.62,135.35,-30.70,7.69,0.07,0.97,-0.12,7.26,-1.68,-1.92,16455592
15583,0.01,-1.08,-0.62,136.32,-35.52,10.28,0.07,0.98,-0.13,6.41,-1.04,-2.56,16455837
15594,0.01,-1.02,-0.61,133.85,-39.15,14.53,0.07,0.99,-0.13,5.52,-0.52,-2.59,16455973
15606,0.02,-0.96,-0.61,129.18,-42.02,18.86,0.07,1.00,-0.13,4.06,0.52,-1.98,16456279
15619,0.03,-0.93,-0.60,125.06,-43.91,22.46,0.08,1.01,-0.13,3.78,1.19,-3.08,16456482
15630,0.05,-0.97,-0.60,131.44,-44.74,15.63,0.08,1.01,-0.14,5.52,1.31,-2.66,16456678
15642,0.09,-1.06,-0.58,143.89,-42.60,9.34,0.09,1.00,-0.14,8.73,2.44,-3.33,16456946
15654,0.13,-1.11,-0.56,152.89,-38.02,9.80,0.10,1.00,-0.14,10.31,5.83,-3.14,16457199
15667,0.16,-1.11,-0.52,155.76,-31.92,14.40,0.10,0.99,-0.14,10.99,10.10,-2.50,16457116
15678,0.18,-1.08,-0.49,155.88,-25.63,14.86,0.10,1.00,-0.14,10.04,9.28,-0.64,16457096
15690,0.19,-1.05,-0.45,156.62,-19.99,10.01,0.08,1.00,-0.14,8.54,5.25,-0.06,16457030
15703,0.18,-0.99,-0.42,151.76,-15.99,6.38,0.08,1.01,-0.14,6.59,4.91,0.98,16457093
15714,0.17,-0.89,-0.38,141.39,-13.55,0.82,0.08,1.02,-0.15,3.94,6.35,1.77,16456968
15726,0.15,-0.80,-0.34,128.85,-12.85,-5.13,0.09,1.03,-0.15,1.89,5.13,2.87,16456800
15738,0.12,-0.77,-0.30,121.40,-13.09,-11.20,0.09,1.03,-0.15,0.46,2.84,2.35,16456748
15750,0.10,-0.80,-0.26,118.59,-13.92,-14.62,0.08,1.03,-0.15,-0.82,0.67,2.47,16456962
15762,0.09,-0.87,-0.23,119.14,-14.83,-14.68,0.09,1.02,-0.14,-1.37,0.12,2.08,16457213
15774,0.08,-1.00,-0.21,127.99,-15.84,-15.08,0.09,1.00,-0.14,-0.61,-1.40,1.19,16457238
15785,0.07,-1.16,-0.20,145.05,-18.71,-16.36,0.09,0.98,-0.14,0.92,-1.46,0.12,16457349
15798,0.04,-1.22,-0.18,154.39,-21.73,-16.24,0.10,0.97,-0.15,-1.31,1.34,-1.25,16457491
15810,0.02,-1.15,-0.15,151.58,-25.88,-8.70,0.11,0.98,-0.15,-4.33,4.94,-1.98,16457307
15821,-0.00,-0.99,-0.12,137.18,-31.59,0.27,0.11,1.00,-0.16,-8.70,6.84,-2.26,16456741
15834,-0.01,-0.84,-0.09,121.25,-37.02,6.23,0.11,1.01,-0.15,-12.85,5.95,-3.23,16456303
15846,-0.01,-0.78,-0.06,112.03,-40.65,6.56,0.10,1.02,-0.14,-14.92,4.88,-4.27,16456199
15857,0.02,-0.81,-0.01,109.04,-41.84,8.24,0.10,1.01,-0.14,-14.19,5.65,-5.40,16456236
15869,0.04,-0.86,0.03,110.05,-40.83,7.81,0.10,1.01,-0.13,-18.01,6.13,-6.90,16456116
15882,0.06,-0.86,0.07,107.39,-39.22,9.09,0.10,1.00,-0.13,-20.54,7.08,-5.04,16456013
15894,0.09,-0.76,0.11,93.84,-35.34,9.58,0.10,1.00,-0.13,-23.10,9.16,-2.99,16455563
15905,0.12,-0.68,0.15,79.62,-31.19,14.95,0.10,1.00,-0.12,-22.98,7.54,-2.26,16455167
15918,0.15,-0.63,0.17,68.24,-26.40,14.68,0.09,1.01,-0.12,-21.45,4.06,-1.46,16454900
15930,0.16,-0.62,0.19,59.69,-22.09,12.39,0.08,1.00,-0.12,-19.62,2.17,-0.64,16454694
15941,0.17,-0.64,0.21,52.03,-18.01,11.60,0.08,1.00,-0.11,-19.96,1.89,0.12,16454597
15953,0.17,-0.69,0.22,48.31,-14.07,13.67,0.08,1.00,-0.11,-18.71,1.59,0.61,16454618
15966,0.16,-0.74,0.22,44.95,-11.44,14.10,0.08,1.00,-0.11,-17.79,1.89,0.70,16454544
15977,0.15,-0.73,0.22,37.48,-10.99,12.57,0.08,1.00,-0.11,-16.27,2.99,1.43,16454457
15989,0.13,-0.74,0.22,30.94,-10.80,15.53,0.08,1.00,-0.11,-13.18,3.78,0.76,16454293
16002,0.11,-0.78,0.21,28.72,-12.27,14.16,0.08,0.99,-0.11,-10.74,2.50,0.89,16454243
16013,0.09,-0.79,0.21,23.56,-13.85,16.17,0.07,0.99,-0.11,-7.93,1.28,1.25,16454098
16025,0.08,-0.78,0.22,17.06,-14.56,19.68,0.07,1.00,-0.11,-5.77,1.07,1.53,16453830
16037,0.08,-0.78,0.22,10.83,-14.98,20.42,0.07,1.00,-0.11,-3.51,1.07,0.92,16453710
16049,0.09,-0.79,0.23,6.71,-13.92,18.55,0.07,0.99,-0.10,0.31,1.01,0.34,16453770
16061,0.11,-0.78,0.24,0.82,-12.30,19.29,0.07,1.00,-0.11,3.51,1.37,-0.18,16453768
16073,0.12,-0.73,0.25,-8.97,-10.59,19.35,0.08,1.01,-0.11,4.46,0.82,-0.37,16453771
16086,0.13,-0.68,0.26,-20.69,-9.28,18.71,0.08,1.01,-0.11,6.38,1.37,-0.06,16453782
16097,0.13,-0.66,0.26,-27.62,-7.51,10.56,0.08,1.01,-0.11,9.58,1.50,0.03,16453899
16109,0.15,-0.66,0.27,-33.75,-3.39,-0.76,0.08,1.00,-0.11,13.76,2.56,0.79,16454029
16121,0.18,-0.62,0.29,-43.79,2.90,-9.64,0.08,1.00,-0.12,16.14,3.69,1.50,16454132
16133,0.23,-0.52,0.29,-60.64,11.63,-13.70,0.09,1.01,-0.12,16.69,4.43,2.23,16454142
16145,0.27,-0.36,0.29,-89.69,20.11,-10.44,0.10,1.03,-0.12,14.22,3.97,3.14,16453980
16157,0.30,-0.19,0.27,-122.19,29.05,-7.93,0.10,1.05,-0.13,11.84,3.33,3.08,16454063
16168,0.33,-0.06,0.23,-155.88,37.41,-7.29,0.11,1.07,-0.12,6.77,2.56,3.66,16454262
16181,0.35,0.00,0.17,-188.29,46.57,-5.40,0.11,1.07,-0.12,0.43,1.22,4.18,16454503
16193,0.35,0.02,0.09,-219.15,55.33,-3.27,0.11,1.07,-0.11,-6.01,0.61,4.70,16454924
16204,0.35,-0.02,-0.01,-246.25,62.59,-1.37,0.11,1.05,-0.10,-10.19,-2.75,4.18,16455491
16217,0.33,-0.16,-0.12,-261.81,68.36,-3.78,0.10,1.04,-0.10,-12.76,-7.32,3.14,16455955
16229,0.31,-0.37,-0.24,-266.02,73.33,-7.78,0.10,1.01,-0.09,-13.21,-10.80,3.23,16456740
16240,0.29,-0.60,-0.34,-262.88,76.81,-9.55,0.09,0.98,-0.10,-12.57,-13.31,1.80,16457280
16252,0.26,-0.84,-0.44,-250.34,79.25,-13.49,0.09,0.96,-0.10,-11.08,-14.25,0.06,16457412
16265,0.24,-1.05,-0.52,-234.89,80.47,-18.37,0.09,0.94,-0.09,-8.51,-13.34,-1.28,16457684
16277,0.20,-1.18,-0.58,-220.09,80.78,-19.50,0.09,0.93,-0.10,-6.20,-12.18,-2.69,16457699
16288,0.17,-1.27,-0.63,-206.33,78.49,-18.40,0.09,0.92,-0.10,-2.44,-10.74,-3.81,16457601
16301,0.10,-1.30,-0.65,-191.44,69.46,-28.38,0.08,0.92,-0.11,0.82,-8.94,-4.91,16457675
16313,0.04,-1.34,-0.67,-175.42,59.23,-28.35,0.08,0.91,-0.12,5.71,-5.16,-3.17,16457825
16324,-0.00,-1.35,-0.67,-162.78,48.16,-29.85,0.08,0.92,-0.12,8.88,-4.00,-2.84,16457756
16336,-0.05,-1.37,-0.67,-145.48,36.41,-32.84,0.08,0.93,-0.13,11.54,-1.95,-4.06,16457605
16349,-0.06,-1.39,-0.66,-130.86,27.68,-28.29,0.07,0.94,-0.14,13.12,-1.13,-4.67,16457629
16360,-0.05,-1.41,-0.63,-115.23,22.22,-23.32,0.07,0.96,-0.15,14.86,-0.85,-6.44,16457460
16372,-0.04,-1.41,-0.60,-98.24,17.64,-21.48,0.07,0.98,-0.16,15.29,-1.25,-7.17,16457429
16385,0.01,-1.42,-0.56,-84.47,18.22,-8.18,0.07,1.00,-0.16,15.96,1.25,-7.63,16457328
16396,0.03,-1.39,-0.52,-74.37,19.10,3.94,0.08,1.01,-0.17,15.35,2.96,-7.20,16457285
16408,0.06,-1.34,-0.49,-67.32,20.60,15.35,0.08,1.02,-0.17,14.13,4.18,-6.44,16457058
16420,0.06,-1.25,-0.47,-63.23,20.39,15.90,0.08,1.04,-0.17,11.63,4.21,-5.25,16456706
16432,0.06,-1.15,-0.46,-62.01,18.71,8.42,0.09,1.05,-0.17,9.09,3.27,-3.81,16456502
16444,0.05,-1.07,-0.46,-61.22,15.96,-2.29,0.10,1.06,-0.17,6.99,4.67,-2.26,16456504
16456,0.04,-1.01,-0.45,-61.77,13.55,-6.59,0.10,1.07,-0.16,4.49,5.83,-1.50,16456274
16467,0.04,-0.99,-0.45,-62.38,12.18,0.15,0.10,1.07,-0.16,1.92,5.95,-1.59,16456064
16480,0.04,-0.99,-0.45,-60.91,11.05,7.97,0.10,1.06,-0.16,-0.09,4.30,-1.28,16456030
16492,0.03,-0.99,-0.46,-57.53,9.25,8.76,0.10,1.05,-0.15,-2.56,3.45,-0.61,16455813
16504,0.02,-0.98,-0.46,-56.43,7.08,12.27,0.10,1.05,-0.15,-4.70,3.48,-0.79,16455671
16516,0.01,-0.98,-0.47,-54.23,3.20,19.96,0.10,1.04,-0.15,-6.07,3.54,-0.82,16455571
16528,-0.00,-0.98,-0.49,-49.50,-1.62,16.39,0.10,1.03,-0.15,-6.99,3.66,-0.49,16455343
16540,-0.00,-0.98,-0.50,-41.35,-4.61,6.71,0.11,1.03,-0.15,-7.17,4.36,-0.03,16455146
16551,0.02,-1.00,-0.50,-31.59,-5.37,3.72,0.11,1.02,-0.15,-6.41,5.04,0.31,16454947
16564,0.04,-1.04,-0.50,-21.09,-4.64,9.83,0.11,1.01,-0.15,-5.83,5.77,0.31,16454734
16576,0.07,-1.07,-0.51,-11.17,-3.63,18.71,0.11,1.00,-0.15,-6.23,6.96,0.52,16454624
16587,0.07,-1.05,-0.52,-8.03,-3.33,31.89,0.10,1.00,-0.15,-7.51,6.53,-0.82,16454267
16600,0.05,-0.96,-0.53,-10.50,-7.72,38.30,0.09,1.00,-0.15,-8.58,5.89,-0.58,16453763
16612,0.03,-0.83,-0.55,-18.07,-12.70,28.90,0.09,1.01,-0.15,-10.31,5.07,-0.34,16453587
16623,0.05,-0.72,-0.57,-24.41,-14.71,10.41,0.10,1.02,-0.15,-11.17,4.82,0.37,16453214
16635,0.08,-0.69,-0.58,-25.45,-12.91,-1.28,0.10,1.02,-0.15,-11.23,4.97,1.19,16452994
16648,0.13,-0.74,-0.58,-20.02,-7.57,-1.43,0.10,1.01,-0.15,-10.28,5.34,1.89,16452957
16660,0.18,-0.83,-0.58,-10.68,-0.95,4.24,0.09,1.00,-0.16,-8.91,5.00,2.44,16453106
16671,0.19,-0.91,-0.59,1.34,3.20,11.35,0.09,0.99,-0.16,-6.96,4.03,2.59,16453224
16684,0.18,-0.94,-0.60,12.05,2.56,8.73,0.08,0.98,-0.16,-4.67,1.83,2.62,16453209
16696,0.16,-0.94,-0.62,23.62,-1.92,-5.43,0.08,0.99,-0.16,-1.62,0.27,2.62,16453107
16707,0.15,-0.94,-0.64,35.37,-4.97,-20.81,0.08,0.99,-0.17,0.76,0.15,2.93,16453225
16719,0.17,-0.97,-0.64,47.88,-4.67,-27.34,0.08,0.99,-0.17,3.30,0.70,2.99,16453284
16732,0.20,-1.02,-0.64,62.47,-2.32,-27.40,0.08,0.98,-0.18,6.29,0.21,2.90,16453504
16743,0.23,-1.07,-0.63,78.34,0.37,-26.18,0.08,0.98,-0.18,9.25,-1.22,2.75,16453882
16755,0.24,-1.14,-0.62,98.72,2.17,-26.89,0.08,0.97,-0.17,12.60,-3.30,2.99,16454192
16768,0.24,-1.26,-0.61,123.87,3.33,-22.80,0.08,0.96,-0.17,16.24,-4.09,2.81,16454737
16779,0.22,-1.36,-0.60,148.44,3.36,-14.34,0.08,0.94,-0.17,19.10,-4.12,1.80,16455278
16791,0.19,-1.48,-0.60,176.88,3.17,-8.15,0.07,0.92,-0.16,21.51,-2.66,0.55,16455852
16803,0.16,-1.55,-0.60,201.48,1.62,1.46,0.07,0.91,-0.16,23.62,-1.19,-0.73,16456224
16815,0.14,-1.56,-0.60,218.38,-0.31,10.86,0.08,0.90,-0.15,24.69,1.56,-0.98,16456348
16827,0.12,-1.48,-0.60,227.17,-3.78,11.08,0.08,0.91,-0.15,23.44,4.39,-1.16,16456435
16839,0.09,-1.34,-0.59,226.23,-8.42,5.00,0.09,0.93,-0.15,20.29,7.57,-0.58,16456508
16850,0.07,-1.16,-0.57,216.00,-12.66,-6.13,0.10,0.95,-0.15,15.53,11.29,-0.58,16456277
16863,0.04,-0.92,-0.53,196.17,-17.55,-19.53,0.10,0.98,-0.16,9.49,13.85,-0.95,16456113
16875,0.02,-0.76,-0.48,177.52,-20.69,-27.86,0.10,1.01,-0.16,3.23,12.60,-2.78,16456065
16887,0.02,-0.72,-0.43,164.37,-22.83,-23.10,0.09,1.03,-0.16,-3.85,5.58,-4.94,16456110
16899,0.04,-0.77,-0.38,158.48,-23.50,-9.31,0.08,1.05,-0.16,-7.23,-0.76,-7.17,16456336
16911,0.06,-0.85,-0.34,156.22,-24.93,1.68,0.09,1.04,-0.16,-8.48,-4.43,-9.00,16456587
16923,0.07,-0.91,-0.31,156.31,-26.92,4.15,0.10,1.03,-0.17,-8.06,-1.95,-9.64,16456892
16934,0.07,-0.93,-0.30,153.08,-30.88,1.68,0.12,1.03,-0.18,-9.25,2.90,-10.93,16457011
16947,0.07,-0.91,-0.27,148.38,-33.91,-4.24,0.13,1.03,-0.18,-11.72,7.29,-12.21,16456875
16959,0.06,-0.89,-0.25,143.01,-37.26,-5.89,0.14,1.03,-0.18,-13.18,7.90,-13.37,16456825
16970,0.06,-0.86,-0.22,136.35,-38.79,-3.57,0.13,1.03,-0.18,-15.47,8.88,-13.46,16456722
16983,0.07,-0.80,-0.19,122.89,-38.57,4.06,0.13,1.03,-0.17,-21.36,7.87,-12.45,16456570
16995,0.08,-0.74,-0.15,109.71,-37.17,12.15,0.12,1.03,-0.17,-23.28,8.58,-11.99,16456470
17006,0.10,-0.73,-0.12,99.98,-35.31,12.66,0.11,1.02,-0.17,-24.84,12.54,-11.14,16456331
17018,0.11,-0.77,-0.08,96.86,-31.68,8.97,0.10,1.02,-0.18,-29.08,15.01,-9.92,16456175
17031,0.12,-0.87,-0.05,99.55,-28.56,10.93,0.09,1.02,-0.18,-26.98,22.13,-8.97,16456365
17043,0.12,-0.92,-0.02,98.66,-26.86,10.38,0.10,1.02,-0.18,-31.65,26.79,-6.32,16456377
17054,0.12,-0.88,0.00,91.67,-25.18,7.66,0.09,1.03,-0.17,-38.85,28.02,-5.65,16456030
17067,0.14,-0.82,0.02,82.34,-23.25,8.06,0.09,1.03,-0.15,-33.78,34.42,-3.33,16455708
17079,0.16,-0.78,0.05,73.91,-19.65,11.81,0.08,1.03,-0.13,-39.52,30.36,-3.57,16455409
17090,0.19,-0.74,0.07,65.58,-15.56,9.49,0.07,1.01,-0.13,-31.52,28.78,-4.85,16455190
17102,0.22,-0.72,0.10,58.47,-11.05,5.83,0.05,0.99,-0.12,-26.58,22.92,-5.40,16455059
17115,0.25,-0.73,0.13,54.26,-6.20,4.21,0.05,0.98,-0.12,-21.48,17.64,-5.74,16454894
17126,0.27,-0.76,0.16,52.46,-1.37,0.40,0.05,0.96,-0.11,-13.70,15.01,-6.62,16454834
17138,0.28,-0.77,0.18,50.17,2.50,-5.92,0.05,0.95,-0.11,-7.48,13.09,-8.12,16454653
17150,0.28,-0.75,0.20,43.24,4.73,-6.29,0.09,0.96,-0.11,-1.95,19.20,-11.05,16454266
17162,0.27,-0.70,0.22,33.17,4.91,-5.43,0.09,0.97,-0.11,-1.59,19.35,-15.96,16453866
17174,0.26,-0.69,0.24,25.09,3.51,-4.27,0.10,0.98,-0.12,0.43,21.85,-18.31,16453706
17186,0.25,-0.77,0.26,24.75,2.41,-4.15,0.11,1.01,-0.13,-0.55,25.24,-23.80,16453719
17198,0.23,-0.87,0.28,29.11,-0.52,-11.14,0.12,1.04,-0.14,-0.24,27.53,-23.22,16453870
17210,0.20,-0.92,0.30,31.52,-4.00,-16.20,0.11,1.06,-0.15,-5.34,20.81,-20.48,16453931
17222,0.21,-0.90,0.33,26.64,-3.69,-19.78,0.09,1.08,-0.16,-7.87,15.44,-18.28,16453690
17233,0.24,-0.90,0.36,24.05,1.13,-14.22,0.06,1.09,-0.16,-9.98,8.61,-19.20,16453457
17246,0.25,-0.91,0.38,22.64,3.60,-17.82,0.04,1.09,-0.16,-1.46,1.95,-17.06,16453285
17258,0.23,-0.94,0.39,24.26,5.00,-21.67,0.08,1.23,-0.16,-135.31,9.03,-13.73,16453561
17270,0.22,-0.95,0.40,25.30,5.62,-21.94,0.06,1.16,-0.14,-19.56,5.40,-17.64,16453632
17282,0.18,-0.92,0.40,22.61,5.34,-22.86,0.04,1.03,-0.13,-6.93,4.70,-15.53,16453448
17294,0.16,-0.91,0.41,20.63,5.89,-15.17,0.01,1.06,-0.12,-19.10,-0.61,-12.73,16453179
17306,0.12,-0.91,0.41,20.11,5.13,-11.90,-0.00,1.04,-0.11,-15.20,-2.62,-10.74,16453279
17317,0.10,-0.90,0.42,19.68,3.85,-9.06,-0.00,1.03,-0.10,-16.24,-2.90,-9.16,16453337
17330,0.08,-0.91,0.42,19.68,2.41,-4.43,0.01,1.03,-0.09,-18.19,-1.37,-7.51,16453354
17342,0.07,-0.90,0.42,19.81,0.98,-5.13,0.02,1.01,-0.08,-17.55,3.48,-6.23,16453227
17353,0.08,-0.87,0.42,17.27,1.62,-5.04,0.03,1.01,-0.07,-16.72,6.29,-5.13,16453113
17366,0.10,-0.84,0.43,13.21,3.33,-0.70,0.02,1.00,-0.06,-16.42,6.10,-3.08,16453104
17378,0.11,-0.84,0.42,10.71,4.91,1.31,0.01,1.01,-0.05,-17.18,4.64,-1.71,16453117
17389,0.11,-0.88,0.41,12.27,4.91,1.98,0.01,1.00,-0.05,-16.45,2.90,-0.15,16453276
17401,0.10,-0.93,0.40,15.75,3.45,2.56,0.01,1.00,-0.05,-15.96,2.14,0.43,16453402
17414,0.10,-0.94,0.39,17.06,2.01,1.56,0.02,1.00,-0.04,-15.38,3.51,0.95,16453615
17425,0.11,-0.91,0.38,13.64,0.95,1.43,0.03,1.00,-0.05,-13.64,5.74,0.92,16453616
17437,0.14,-0.89,0.37,10.16,1.92,3.42,0.03,1.01,-0.04,-12.18,5.40,0.67,16453492
17449,0.17,-0.88,0.37,8.54,3.02,1.68,0.03,1.01,-0.04,-11.02,3.88,0.37,16453380
17461,0.19,-0.91,0.36,10.53,3.75,-0.40,0.03,1.00,-0.04,-8.97,4.52,-0.06,16453506
17473,0.19,-0.91,0.36,9.70,2.66,-3.33,0.04,1.00,-0.04,-6.96,5.25,-1.74,16453489
17485,0.19,-0.86,0.35,4.76,0.27,-2.17,0.03,1.00,-0.04,-5.83,5.00,-2.26,16453431
17498,0.19,-0.83,0.36,-0.58,-1.04,1.50,0.02,1.00,-0.03,-5.19,3.97,-3.42,16453350
17509,0.20,-0.84,0.36,-0.73,-0.46,-0.21,0.01,0.99,-0.03,-4.33,2.84,-4.21,16453478
17521,0.21,-0.87,0.37,1.71,0.15,-3.60,0.01,0.98,-0.02,-3.14,2.23,-5.07,16453621
17533,0.23,-0.88,0.39,2.56,1.40,-4.12,0.00,0.97,-0.03,-3.33,2.62,-3.11,16453677
17545,0.24,-0.86,0.40,0.92,3.60,-2.99,-0.00,0.98,-0.03,-3.14,2.75,-2.99,16453542
17557,0.25,-0.83,0.41,-1.37,4.97,-5.40,-0.00,0.98,-0.03,-3.23,1.83,-3.51,16453486
17569,0.24,-0.82,0.42,-2.29,5.62,-7.32,-0.01,0.97,-0.02,-3.02,1.31,-3.75,16453483
17581,0.23,-0.84,0.42,-1.07,6.44,-7.45,-0.01,0.96,-0.02,-2.56,0.58,-2.96,16453583
17593,0.23,-0.84,0.42,-0.21,7.17,-8.03,-0.01,0.95,-0.02,-1.89,0.58,-1.95,16453570
17605,0.22,-0.84,0.42,0.06,7.90,-7.66,-0.01,0.95,-0.02,-1.80,-0.76,-2.01,16453664
17616,0.20,-0.83,0.42,-1.77,7.81,-7.08,-0.01,0.95,-0.03,-1.83,-1.59,-2.08,16453627
17629,0.18,-0.81,0.42,-3.69,7.84,-8.06,-0.00,0.96,-0.04,-2.44,-1.59,-1.10,16453631
17641,0.17,-0.84,0.42,-3.94,8.61,-5.83,0.00,0.97,-0.04,-2.35,-2.01,0.92,16453726
17652,0.17,-0.89,0.42,-2.08,9.43,-2.32,-0.00,0.98,-0.05,-2.62,-3.36,2.38,16453800
17665,0.16,-0.90,0.41,-2.66,9.09,-2.41,0.01,1.00,-0.05,-2.62,-4.73,1.83,16453749
17677,0.15,-0.92,0.40,-3.02,6.68,-0.55,0.02,1.02,-0.06,-2.14,-3.81,1.01,16453832
17688,0.12,-0.94,0.39,-2.41,2.75,0.76,0.05,1.02,-0.06,-0.95,-0.43,0.15,16453829
17700,0.11,-0.95,0.38,-2.69,-1.37,-1.34,0.06,1.03,-0.07,0.03,2.47,-1.50,16453842
17713,0.11,-0.93,0.39,-5.13,-3.36,-0.24,0.07,1.04,-0.08,0.76,3.75,-2.72,16453839
17725,0.13,-0.93,0.39,-6.04,-3.39,1.16,0.07,1.04,-0.08,0.40,3.81,-3.39,16453744
17736,0.15,-0.96,0.40,-3.72,-3.17,-0.06,0.06,1.04,-0.08,0.12,2.90,-4.27,16453927
17748,0.17,-0.97,0.41,-1.89,-4.24,-3.39,0.07,1.04,-0.08,0.09,4.24,-4.88,16454020
17761,0.18,-0.96,0.42,-2.41,-3.88,-3.66,0.07,1.05,-0.08,-0.70,4.76,-5.62,16453966
17772,0.20,-0.93,0.43,-4.67,-2.66,-4.85,0.06,1.05,-0.08,-1.04,5.49,-6.13,16453859
17784,0.22,-0.93,0.45,-4.15,-0.24,-5.13,0.05,1.05,-0.07,-1.98,3.75,-6.41,16453835
17797,0.22,-0.94,0.46,-1.89,0.92,-5.65,0.04,1.04,-0.06,-2.08,3.54,-6.13,16454039
17808,0.21,-0.95,0.46,0.34,-0.09,-8.45,0.04,1.03,-0.05,-2.29,4.55,-5.74,16454065
17820,0.18,-0.92,0.46,-0.61,-2.29,-6.23,0.03,1.02,-0.05,-2.81,4.76,-5.83,16453937
17832,0.18,-0.87,0.46,-4.06,-3.42,-6.01,0.02,1.02,-0.05,-4.21,5.31,-5.86,16453889
17844,0.19,-0.86,0.46,-4.27,-1.77,-3.57,0.01,1.01,-0.04,-4.43,4.97,-5.62,16453876
17856,0.19,-0.91,0.47,-0.09,-0.34,-2.50,-0.01,1.01,-0.04,-5.04,2.96,-4.12,16454047
17868,0.18,-0.94,0.47,2.99,-0.15,-2.62,-0.02,1.01,-0.04,-5.58,1.80,-3.14,16454196
17881,0.18,-0.93,0.46,2.78,-1.07,-1.89,-0.02,1.01,-0.04,-5.74,2.66,-2.11,16454147
17892,0.17,-0.91,0.45,0.95,-1.95,0.37,-0.01,1.01,-0.04,-5.40,4.00,-1.34,16454139
17904,0.18,-0.89,0.44,0.34,-1.77,0.67,-0.02,1.01,-0.04,-5.07,3.14,-0.52,16454193
17916,0.19,-0.89,0.43,0.18,-0.95,0.24,-0.03,1.01,-0.04,-4.73,1.89,0.12,16454077
17928,0.19,-0.90,0.42,-0.52,-0.70,1.04,-0.03,1.01,-0.05,-4.12,1.74,0.64,16453881
17940,0.20,-0.90,0.41,-1.37,-0.15,2.84,-0.03,1.02,-0.05,-4.12,0.52,0.76,16453877
17952,0.22,-0.91,0.41,-2.53,0.92,3.51,-0.02,1.02,-0.05,-4.30,-0.76,1.25,16454005
17964,0.23,-0.91,0.40,-3.08,2.29,1.65,-0.00,1.02,-0.05,-2.69,1.25,1.04,16453927
17976,0.25,-0.90,0.39,-4.36,4.43,-0.98,0.01,1.01,-0.04,-0.40,3.20,0.61,16453856
17988,0.26,-0.87,0.39,-6.96,6.53,-1.74,0.01,1.01,-0.04,0.76,3.08,0.24,16453830
17999,0.26,-0.86,0.40,-8.85,7.97,-2.44,0.00,1.01,-0.04,0.24,0.46,0.55,16453935
