time,faccx,faccy,faccz,fgyrx,fgyry,fgyrz,saccx,saccy,saccz,sgyrx,sgyry,sgyrz,load
5226,0.06,-1.00,0.06,0.79,1.59,1.04,0.04,0.01,1.10,-2.08,1.86,-0.67,16424561
5235,0.05,-0.98,0.06,0.49,0.67,-1.62,0.04,0.01,1.10,-2.23,1.83,-0.58,16428493
5245,0.06,-0.99,0.06,-0.37,0.82,-0.76,0.04,0.01,1.10,-2.38,1.59,-0.92,16433164
5258,0.06,-0.98,0.07,-2.53,0.46,0.67,0.04,0.01,1.10,-2.08,1.77,-0.58,16436216
5270,0.06,-0.99,0.06,-1.22,0.89,-1.80,0.04,0.01,1.10,-2.29,1.83,-0.79,16436843
5282,0.06,-0.99,0.06,-1.28,0.73,-0.21,0.04,0.01,1.10,-2.23,1.80,-0.67,16436450
5294,0.06,-0.99,0.06,-1.68,0.64,0.37,0.04,0.01,1.10,-1.98,1.71,-1.10,16436882
5306,0.06,-0.99,0.06,-1.16,0.73,-0.64,0.04,0.01,1.10,-2.17,1.65,-0.89,16436712
5318,0.06,-0.99,0.06,-1.22,0.76,-0.37,0.04,0.01,1.10,-2.14,1.68,-0.64,16436615
5329,0.06,-0.99,0.06,-1.13,0.85,-0.06,0.04,0.01,1.10,-2.47,1.83,-0.76,16436702
5342,0.06,-0.99,0.06,-1.13,0.67,-0.12,0.04,0.01,1.10,-2.17,1.59,-0.64,16436569
5354,0.06,-0.99,0.06,-1.10,0.82,-0.34,0.04,0.01,1.10,-2.38,1.74,-0.82,16436551
5365,0.06,-0.99,0.06,-1.04,0.92,-0.37,0.04,0.01,1.10,-2.32,1.68,-0.73,16436567
5378,0.06,-0.99,0.06,-1.46,0.92,-0.18,0.04,0.01,1.10,-2.14,1.71,-0.73,16436501
5390,0.06,-0.99,0.06,-1.13,1.07,-0.15,0.04,0.01,1.10,-2.35,1.83,-0.73,16436551
5401,0.06,-0.99,0.06,-1.28,0.73,-0.34,0.04,0.01,1.10,-2.26,1.80,-0.67,16436552
5413,0.06,-0.99,0.06,-1.07,0.70,-0.24,0.04,0.01,1.10,-2.29,1.68,-0.85,16436489
5426,0.06,-0.99,0.06,-1.25,0.79,-0.21,0.04,0.01,1.10,-2.17,1.62,-0.73,16436606
5438,0.06,-0.99,0.06,-1.22,1.10,-0.34,0.04,0.01,1.10,-2.29,1.98,-0.67,16436726
5449,0.06,-0.99,0.06,-1.37,0.85,-0.09,0.04,0.01,1.10,-2.11,1.83,-0.73,16436694
5462,0.06,-0.99,0.06,-1.16,0.85,-0.12,0.04,0.01,1.10,-2.32,1.65,-0.70,16436758
5474,0.06,-0.99,0.06,-1.22,0.73,0.12,0.04,0.01,1.10,-2.23,1.65,-0.85,16436654
5485,0.06,-0.99,0.06,-1.25,0.82,-0.37,0.04,0.01,1.10,-2.23,1.62,-0.98,16436488
5497,0.06,-0.99,0.06,-1.34,0.70,-0.15,0.04,0.01,1.10,-2.26,1.83,-0.85,16436547
5510,0.06,-0.99,0.06,-1.31,0.46,-0.09,0.04,0.01,1.10,-2.14,1.56,-0.89,16436593
5521,0.06,-0.99,0.06,-1.25,0.73,-0.18,0.04,0.01,1.10,-2.08,1.56,-0.76,16436615
5533,0.06,-0.99,0.06,-0.95,0.79,0.06,0.04,0.01,1.10,-1.92,1.77,-0.85,16436606
5545,0.06,-0.99,0.06,-1.31,0.95,-0.15,0.04,0.01,1.10,-2.29,1.83,-1.01,16436576
5558,0.06,-0.99,0.06,-0.98,0.82,-0.03,0.04,0.01,1.10,-2.11,1.71,-0.85,16436815
5569,0.06,-0.99,0.06,-1.13,0.82,0.00,0.04,0.01,1.10,-2.17,1.83,-0.73,16436794
5581,0.06,-0.99,0.06,-1.28,0.85,-0.15,0.04,0.01,1.10,-2.20,1.71,-0.92,16436608
5594,0.06,-0.99,0.06,-1.46,0.64,-0.18,0.04,0.01,1.10,-2.17,1.83,-0.82,16436567
5605,0.06,-0.99,0.06,-1.34,0.92,-0.12,0.04,0.01,1.10,-2.41,1.98,-0.89,16436590
5617,0.06,-0.99,0.06,-1.19,0.61,-0.18,0.04,0.01,1.10,-2.23,1.68,-0.82,16436735
5629,0.06,-0.99,0.06,-1.25,0.82,-0.37,0.04,0.01,1.10,-2.53,1.71,-1.04,16436601
5641,0.06,-0.99,0.06,-1.16,0.64,-0.18,0.04,0.01,1.10,-2.23,1.77,-0.82,16436651
5653,0.06,-0.99,0.06,-1.22,0.89,-0.31,0.04,0.01,1.10,-2.29,1.86,-0.95,16436710
5665,0.06,-0.99,0.06,-1.22,0.85,0.03,0.04,0.01,1.10,-2.17,1.68,-0.85,16436753
5677,0.06,-0.99,0.06,-1.59,0.70,-0.27,0.04,0.01,1.10,-2.17,1.83,-0.82,16436860
5689,0.06,-0.99,0.06,-1.16,0.67,-0.27,0.04,0.01,1.10,-2.29,1.92,-0.89,16436769
5701,0.06,-0.99,0.06,-1.22,0.76,-0.27,0.04,0.01,1.10,-2.23,1.62,-0.73,16436664
5713,0.06,-0.99,0.06,-1.46,0.98,0.00,0.04,0.01,1.10,-2.14,1.80,-0.85,16436733
5725,0.06,-0.99,0.06,-1.28,0.67,-0.12,0.04,0.01,1.10,-2.44,1.56,-0.52,16436813
5737,0.06,-0.99,0.06,-1.40,0.79,-0.09,0.04,0.01,1.10,-2.20,1.68,-0.61,16436783
5749,0.06,-0.99,0.06,-1.04,0.70,-0.15,0.04,0.01,1.10,-2.35,1.80,-0.82,16436770
5761,0.06,-0.99,0.06,-1.25,0.85,0.06,0.04,0.01,1.10,-2.50,1.92,-0.67,16436688
5773,0.06,-0.99,0.06,-1.13,0.82,0.00,0.04,0.01,1.10,-2.01,1.68,-0.79,16436649
5785,0.06,-0.99,0.06,-1.46,0.79,-0.43,0.04,0.01,1.10,-2.29,1.77,-1.04,16436747
5796,0.06,-0.99,0.06,-1.19,0.82,-0.15,0.04,0.01,1.10,-2.20,1.80,-0.64,16436733
5809,0.06,-0.99,0.06,-1.10,0.73,-0.24,0.04,0.01,1.10,-2.23,1.77,-0.52,16436646
5821,0.06,-0.99,0.06,-1.40,0.89,-0.46,0.04,0.01,1.10,-2.20,1.68,-0.73,16436679
5833,0.06,-0.99,0.06,-1.31,0.67,-0.15,0.04,0.01,1.10,-2.23,1.56,-1.07,16436780
5844,0.06,-0.99,0.06,-1.25,0.98,-0.24,0.04,0.01,1.10,-2.23,1.80,-0.89,16436729
5857,0.06,-0.99,0.06,-0.98,0.85,-0.34,0.04,0.01,1.10,-2.38,1.89,-0.98,16436700
5869,0.06,-0.99,0.06,-1.34,0.64,-0.24,0.04,0.01,1.10,-2.38,1.62,-0.82,16436708
5880,0.06,-0.99,0.06,-1.22,0.76,-0.15,0.04,0.01,1.10,-2.29,1.74,-1.01,16436702
5893,0.06,-0.99,0.06,-1.37,0.95,-0.03,0.04,0.01,1.10,-2.04,1.71,-0.82,16436749
5905,0.06,-0.99,0.06,-1.16,0.64,-0.21,0.04,0.01,1.10,-2.23,1.59,-0.70,16436630
5916,0.06,-0.99,0.06,-1.13,0.82,-0.31,0.04,0.01,1.10,-1.95,1.65,-0.79,16436575
5928,0.06,-0.99,0.06,-1.22,0.79,-0.03,0.04,0.01,1.10,-2.26,1.71,-0.85,16436583
5941,0.06,-0.99,0.06,-1.37,0.85,-0.15,0.04,0.01,1.10,-2.41,1.71,-1.07,16436762
5952,0.06,-0.99,0.06,-1.43,0.79,-0.15,0.04,0.01,1.10,-2.11,1.92,-0.92,16436804
5964,0.06,-0.99,0.06,-1.40,0.73,0.09,0.04,0.01,1.10,-2.44,1.68,-1.04,16436825
5977,0.06,-0.99,0.06,-1.40,0.82,-0.09,0.04,0.01,1.10,-2.29,1.89,-0.85,16436802
5989,0.06,-0.99,0.06,-1.16,0.85,-0.03,0.04,0.01,1.10,-2.11,1.80,-1.01,16436606
6000,0.06,-0.99,0.06,-1.56,0.67,-0.15,0.04,0.01,1.10,-2.14,1.62,-0.85,16436733
6012,0.06,-0.99,0.06,-1.37,0.73,-0.12,0.04,0.01,1.10,-2.20,1.43,-0.67,16436782
6025,0.06,-0.99,0.06,-1.37,0.73,-0.09,0.04,0.01,1.10,-2.44,1.86,-0.58,16436580
6036,0.06,-0.99,0.06,-1.07,0.85,-0.03,0.04,0.01,1.10,-2.35,1.77,-0.67,16436595
6048,0.06,-0.99,0.06,-0.95,0.79,-0.09,0.04,0.01,1.10,-2.29,1.62,-0.85,16436770
6061,0.06,-0.99,0.07,-1.16,1.01,0.03,0.04,0.01,1.10,-2.26,1.68,-1.01,16436759
6072,0.06,-0.99,0.06,-1.13,0.73,0.15,0.04,0.01,1.10,-2.41,1.77,-0.95,16436735
6084,0.06,-0.99,0.06,-1.07,0.76,-0.31,0.04,0.01,1.10,-2.44,1.80,-0.61,16436815
6096,0.06,-0.99,0.06,-1.71,0.70,0.00,0.10,0.08,1.12,-18.52,-3.45,18.74,16436949
6109,0.06,-0.99,0.06,-1.25,0.61,-0.18,0.15,0.13,1.14,-47.27,-9.00,101.20,16436797
6120,0.06,-0.99,0.06,-1.25,0.52,-0.21,0.11,0.05,1.17,-52.92,-21.33,67.32,16436668
6132,0.06,-0.99,0.06,-1.37,0.89,-0.09,0.07,0.03,1.18,-62.23,7.84,26.12,16436630
6145,0.06,-0.99,0.06,-1.19,0.73,-0.18,0.04,0.06,1.18,-53.59,24.35,22.58,16436542
6156,0.06,-0.99,0.06,-1.28,0.85,-0.03,-0.01,0.04,1.18,-20.90,31.31,4.15,16436595
6168,0.06,-0.99,0.06,-1.37,0.70,-0.27,-0.03,0.06,1.20,-48.77,34.76,-29.72,16436681
6180,0.06,-0.99,0.06,-1.01,0.82,-0.21,0.03,0.00,1.24,-92.44,41.99,-49.44,16436633
6192,0.06,-0.99,0.06,-0.92,0.67,-0.31,0.07,-0.04,1.30,-134.37,62.90,-36.44,16436592
6204,0.06,-0.99,0.06,-1.31,0.67,-0.31,0.06,-0.09,1.37,-139.71,75.56,2.96,16436653
6216,0.06,-0.99,0.06,-1.07,0.89,-0.31,0.08,-0.14,1.39,-124.36,66.99,34.21,16436682
6227,0.06,-0.99,0.06,-1.43,0.79,-0.31,0.13,-0.14,1.34,-133.61,65.55,52.80,16436670
6240,0.06,-0.99,0.06,-1.19,0.85,-0.09,0.16,-0.08,1.30,-177.52,88.01,89.11,16436800
6252,0.06,-0.99,0.06,-1.25,0.61,-0.21,0.15,-0.04,1.28,-213.01,116.24,132.84,16436804
6264,0.06,-0.99,0.06,-1.34,0.76,0.06,0.10,-0.05,1.28,-259.89,119.14,153.59,16436614
6276,0.06,-0.99,0.06,-1.34,1.01,-0.31,0.04,-0.08,1.28,-309.45,112.43,159.39,16436648
6288,0.06,-0.99,0.06,-1.07,0.61,-0.12,-0.05,-0.17,1.26,-327.76,94.18,138.06,16436630
6300,0.06,-0.99,0.06,-1.22,0.92,-0.24,-0.07,-0.28,1.20,-357.15,56.73,87.40,16436602
6311,0.06,-0.99,0.06,-1.40,0.92,-0.06,-0.07,-0.31,1.05,-351.01,20.72,51.42,16436638
6324,0.06,-0.99,0.06,-1.31,0.98,-0.09,-0.11,-0.31,0.95,-353.42,-71.93,21.88,16436558
6336,0.06,-0.99,0.06,-1.28,0.70,-0.18,-0.20,-0.30,0.88,-365.88,-124.24,-5.89,16436735
6347,0.06,-0.99,0.06,-1.22,0.64,-0.03,-0.30,-0.39,0.88,-325.47,-120.97,-4.82,16436807
6360,0.06,-0.99,0.06,-0.95,0.79,-0.24,-0.37,-0.50,0.84,-270.20,-106.26,8.79,16436723
6372,0.06,-0.99,0.06,-0.98,0.95,-0.15,-0.36,-0.58,0.80,-241.00,-100.62,48.31,16436574
6384,0.06,-0.99,0.06,-1.40,0.67,-0.06,-0.38,-0.66,0.84,-278.17,-106.72,26.76,16436673
6395,0.06,-0.99,0.06,-1.19,0.58,-0.03,-0.42,-0.71,0.85,-320.83,-100.19,-37.93,16436761
6408,0.06,-0.99,0.06,-1.01,0.79,-0.15,-0.48,-0.72,0.77,-298.25,-96.13,-93.96,16436739
6420,0.06,-0.99,0.06,-1.19,0.58,0.03,-0.50,-0.71,0.61,-278.38,-93.81,-150.15,16436724
6431,0.06,-0.99,0.06,-1.10,0.85,-0.09,-0.49,-0.76,0.44,-226.20,-71.99,-215.18,16436856
6444,0.06,-0.99,0.06,-1.25,0.95,-0.46,-0.40,-0.83,0.30,-147.28,-64.24,-219.06,16436807
6456,0.06,-0.99,0.06,-1.10,0.79,-0.06,-0.29,-0.77,0.15,-64.64,-108.58,-165.34,16436682
6467,0.06,-0.99,0.06,-1.40,0.89,0.09,-0.18,-0.86,0.08,-12.42,-177.37,-198.73,16436588
6479,0.06,-0.99,0.06,-1.28,0.92,-0.21,-0.09,-0.92,0.08,81.30,-215.55,-199.07,16436589
6492,0.06,-0.99,0.06,-1.22,0.67,-0.21,-0.13,-0.91,0.17,224.03,-262.18,-143.52,16436531
6503,0.06,-0.99,0.06,-1.13,0.98,-0.09,-0.15,-0.75,0.21,327.18,-232.33,-123.96,16436578
6515,0.06,-0.99,0.06,-1.37,0.76,-0.27,-0.12,-0.54,0.21,359.19,-149.57,-178.71,16436593
6528,0.06,-0.99,0.06,-1.31,0.85,-0.06,0.00,-0.39,0.23,308.50,-104.49,-261.57,16436514
6540,0.06,-0.99,0.06,-1.34,0.95,-0.21,0.22,-0.35,0.20,248.99,-58.07,-331.60,16436477
6551,0.06,-0.99,0.06,-1.31,0.64,-0.24,0.43,-0.45,0.17,252.50,-67.60,-353.18,16436622
6563,0.06,-0.99,0.06,-1.16,0.92,0.06,0.63,-0.59,0.19,254.61,-120.42,-311.04,16436694
6576,0.06,-0.99,0.06,-1.40,0.85,-0.18,0.85,-0.63,0.30,244.72,-128.05,-197.02,16436703
6587,0.06,-0.99,0.06,-1.22,0.82,-0.21,0.96,-0.63,0.42,286.16,-116.00,-126.31,16436657
6599,0.06,-0.99,0.06,-1.31,0.67,-0.34,0.94,-0.54,0.49,320.86,-95.67,-125.15,16436461
6611,0.06,-0.99,0.06,-1.37,0.85,0.03,0.85,-0.33,0.52,314.36,-72.42,-145.08,16436362
6623,0.06,-0.99,0.06,-1.59,1.10,-0.24,0.76,-0.16,0.62,311.16,-43.49,-166.29,16436554
6635,0.06,-0.99,0.06,-1.40,0.52,-0.31,0.71,-0.07,0.73,313.39,-11.44,-185.70,16436648
6647,0.06,-0.99,0.07,-1.40,0.61,-0.15,0.68,-0.01,0.79,293.79,5.22,-212.52,16436550
6660,0.06,-0.99,0.06,-1.10,0.67,-0.21,0.64,0.00,0.85,262.82,29.48,-239.32,16436598
6671,0.06,-0.99,0.06,-1.50,0.64,-0.12,0.61,0.02,0.94,229.52,66.07,-246.06,16436646
6683,0.06,-0.99,0.06,-1.16,0.55,-0.09,0.58,0.07,1.04,211.82,122.31,-217.16,16436505
6695,0.06,-0.99,0.06,-1.28,0.73,-0.27,0.55,0.14,1.07,195.07,175.75,-188.66,16436464
6707,0.06,-0.99,0.06,-1.34,0.85,-0.09,0.52,0.20,1.05,183.84,235.50,-195.98,16436378
6719,0.06,-0.99,0.06,-1.16,0.73,-0.18,0.47,0.27,1.02,224.67,300.66,-198.58,16436535
6731,0.06,-0.99,0.06,-1.31,0.55,-0.21,0.42,0.33,1.00,274.57,329.22,-208.98,16436732
6743,0.06,-0.99,0.06,-1.34,0.79,-0.06,0.42,0.34,0.96,304.29,336.21,-230.01,16436787
6755,0.06,-0.99,0.06,-0.89,0.95,-0.27,0.46,0.32,0.94,280.82,322.63,-258.15,16436631
6767,0.06,-0.99,0.06,-1.19,0.73,-0.03,0.48,0.31,0.92,216.98,303.89,-277.22,16436739
6778,0.06,-0.99,0.06,-1.16,0.70,-0.55,0.45,0.34,0.93,180.54,308.72,-267.55,16436795
6791,0.06,-0.99,0.06,-1.53,0.82,-0.31,0.35,0.39,1.01,165.07,380.58,-260.25,16436813
6803,0.06,-0.99,0.06,-1.25,0.61,0.15,0.32,0.41,1.07,187.32,388.09,-207.64,16436765
6815,0.06,-0.99,0.06,-1.37,0.79,-0.12,0.27,0.43,1.11,153.47,368.26,-177.15,16436659
6827,0.06,-0.99,0.06,-1.25,0.61,-0.09,0.24,0.46,1.08,101.26,363.25,-140.53,16436703
6839,0.06,-0.99,0.07,-1.16,0.58,-0.24,0.20,0.48,1.01,41.99,346.47,-115.39,16436596
6851,0.06,-0.99,0.07,-1.16,0.98,-0.12,0.14,0.46,0.94,-5.16,318.85,-107.64,16436546
6862,0.06,-0.99,0.06,-1.01,0.76,-0.18,0.06,0.42,0.91,-48.10,332.79,-125.31,16436495
6875,0.06,-0.99,0.06,-1.22,0.61,-0.24,-0.03,0.39,0.87,-79.74,372.41,-134.58,16436566
6887,0.06,-0.99,0.06,-1.19,0.85,-0.27,-0.15,0.45,0.88,-129.52,392.85,-119.17,16436610
6898,0.06,-0.99,0.06,-1.13,0.85,-0.06,-0.30,0.51,0.91,-164.28,371.25,-92.38,16436681
6910,0.06,-0.99,0.06,-1.10,0.95,-0.15,-0.44,0.57,0.97,-207.21,376.04,-45.90,16436749
6923,0.06,-0.99,0.06,-1.37,0.85,-0.31,-0.53,0.61,0.96,-253.94,393.13,-17.94,16436674
6935,0.06,-0.99,0.07,-1.22,0.55,-0.12,-0.56,0.66,0.89,-291.66,414.92,22.43,16436770
6946,0.06,-0.99,0.07,-1.07,0.52,-0.24,-0.57,0.70,0.75,-299.16,401.92,59.60,16436708
6959,0.06,-0.99,0.06,-1.28,0.85,-0.09,-0.58,0.65,0.66,-332.61,371.58,44.68,16436713
6971,0.06,-0.99,0.06,-1.16,0.64,0.00,-0.65,0.52,0.61,-348.91,316.99,-14.47,16436758
6982,0.06,-0.99,0.06,-1.19,0.49,0.06,-0.73,0.34,0.59,-357.42,272.80,-50.08,16436677
6994,0.06,-0.99,0.06,-1.13,0.82,0.00,-0.75,0.22,0.63,-378.78,176.03,-67.17,16436689
7007,0.06,-0.99,0.06,-1.43,0.82,0.00,-0.77,0.17,0.68,-402.59,48.07,-86.09,16436631
7018,0.06,-0.99,0.06,-0.92,0.79,0.24,-0.74,0.20,0.65,-406.43,-57.86,-106.90,16436594
7030,0.06,-0.99,0.06,-1.28,0.73,-0.40,-0.70,0.31,0.57,-404.85,-101.87,-94.27,16436535
7043,0.06,-0.99,0.07,-1.22,0.58,-0.34,-0.75,0.38,0.52,-398.68,-140.20,-105.01,16436459
7054,0.06,-0.99,0.06,-1.40,0.67,-0.06,-0.83,0.38,0.52,-398.44,-202.70,-138.00,16436379
7066,0.06,-0.99,0.06,-1.25,0.98,0.15,-0.88,0.28,0.58,-402.53,-218.63,-158.29,16436443
7078,0.06,-0.99,0.06,-1.28,1.01,-0.09,-0.90,0.14,0.67,-413.24,-217.50,-167.82,16436402
7091,0.06,-0.99,0.06,-1.25,0.98,-0.09,-0.91,-0.03,0.83,-455.05,-215.91,-169.74,16436467
7102,0.06,-0.99,0.06,-1.07,1.01,-0.40,-0.91,-0.14,0.96,-518.01,-255.89,-176.36,16436550
7114,0.06,-0.99,0.06,-1.07,0.73,-0.06,-0.89,-0.16,0.97,-538.94,-287.48,-203.46,16436510
7127,0.06,-0.99,0.06,-1.13,0.49,-0.03,-0.93,-0.11,0.90,-535.58,-283.36,-243.47,16436508
7138,0.06,-0.99,0.06,-1.34,1.13,-0.15,-0.98,-0.09,0.77,-498.60,-250.15,-267.64,16436723
7150,0.06,-0.99,0.06,-1.01,0.82,-0.37,-0.95,-0.19,0.64,-433.65,-241.79,-276.67,16436898
7162,0.06,-0.99,0.06,-1.19,0.73,-0.15,-0.84,-0.35,0.58,-411.59,-216.49,-289.58,16436930
7174,0.06,-0.99,0.06,-1.16,0.58,-0.43,-0.75,-0.50,0.54,-379.12,-186.10,-292.51,16436664
7186,0.06,-0.99,0.06,-1.25,0.73,0.03,-0.68,-0.62,0.47,-293.91,-168.33,-252.96,16436646
7198,0.06,-0.99,0.06,-1.37,0.70,0.00,-0.57,-0.72,0.35,-185.88,-175.48,-212.13,16436659
7211,0.06,-0.99,0.06,-1.40,0.82,-0.49,-0.42,-0.77,0.21,-123.81,-209.87,-230.44,16436627
7222,0.06,-0.99,0.06,-1.31,0.89,-0.31,-0.30,-0.81,0.10,-42.24,-230.26,-254.85,16436684
7234,0.06,-0.99,0.06,-0.89,0.73,0.06,-0.23,-0.83,0.05,40.04,-203.28,-259.55,16436719
7246,0.06,-0.99,0.06,-1.19,0.85,0.12,-0.19,-0.74,0.01,85.33,-193.91,-279.54,16436721
7258,0.06,-0.99,0.06,-1.10,0.58,-0.15,-0.17,-0.63,0.03,154.72,-171.75,-255.71,16436885
7270,0.06,-0.99,0.06,-1.40,0.70,-0.18,-0.05,-0.63,0.14,174.47,-134.64,-217.77,16436876
7282,0.06,-0.99,0.06,-1.31,0.79,-0.03,0.08,-0.74,0.28,163.54,-191.53,-219.06,16436898
7293,0.06,-0.99,0.06,-1.19,0.82,-0.37,0.22,-0.88,0.39,170.23,-235.90,-210.11,16436836
7306,0.06,-0.99,0.06,-1.25,0.64,-0.06,0.36,-0.90,0.48,159.21,-231.63,-160.31,16436669
7318,0.06,-0.99,0.06,-1.50,0.92,-0.12,0.46,-0.85,0.46,157.68,-234.22,-126.53,16436661
7329,0.06,-0.99,0.06,-1.31,1.01,-0.31,0.43,-0.74,0.38,204.16,-271.67,-151.31,16436710
7342,0.06,-0.99,0.06,-1.28,0.73,-0.21,0.37,-0.57,0.32,243.77,-233.80,-195.89,16436620
7354,0.06,-0.99,0.06,-1.13,0.76,-0.24,0.31,-0.36,0.28,301.09,-128.88,-244.78,16436493
7366,0.06,-0.99,0.06,-1.31,0.98,-0.12,0.32,-0.19,0.33,357.51,-76.81,-269.10,16436421
7377,0.06,-0.99,0.06,-0.92,0.85,-0.18,0.38,-0.11,0.40,453.03,-26.46,-289.25,16436496
7390,0.06,-0.99,0.06,-1.07,0.64,-0.15,0.44,-0.05,0.51,506.44,25.42,-312.29,16436410
7402,0.06,-0.99,0.06,-0.89,0.46,-0.03,0.49,0.02,0.65,525.85,58.23,-289.06,16436537
7413,0.06,-0.99,0.06,-1.31,0.79,-0.27,0.57,0.04,0.82,496.31,87.25,-286.74,16436564
7426,0.06,-0.99,0.06,-1.28,0.64,-0.12,0.61,0.06,0.99,434.51,124.27,-264.47,16436548
7438,0.06,-0.99,0.06,-1.16,0.67,-0.12,0.63,0.06,1.10,359.92,146.42,-257.51,16436654
7449,0.06,-0.99,0.06,-1.37,0.73,-0.18,0.62,0.08,1.15,267.91,175.84,-247.86,16436618
7461,0.06,-0.99,0.06,-1.19,0.70,0.03,0.54,0.10,1.25,182.07,202.58,-241.85,16436635
7474,0.06,-0.99,0.06,-1.10,0.76,-0.21,0.48,0.07,1.36,133.27,249.63,-221.04,16436651
7486,0.06,-0.99,0.06,-1.19,1.01,-0.15,0.45,0.05,1.37,92.59,311.40,-192.50,16436718
7497,0.06,-0.99,0.06,-1.19,0.76,-0.15,0.43,0.06,1.34,72.24,364.04,-148.96,16436789
7510,0.06,-0.99,0.06,-1.22,0.61,-0.21,0.43,0.06,1.31,30.76,368.65,-111.88,16436883
7522,0.06,-0.99,0.06,-1.25,0.70,-0.24,0.41,0.07,1.26,-50.17,314.64,-97.11,16436701
7533,0.06,-0.99,0.06,-1.07,0.76,0.03,0.41,0.04,1.20,-98.79,239.56,-97.20,16436516
7545,0.06,-0.99,0.06,-1.16,0.61,-0.06,0.42,0.11,1.10,-102.26,180.02,-45.29,16436601
7558,0.06,-0.99,0.06,-1.13,0.79,-0.18,0.37,0.30,1.01,-116.39,143.34,23.22,16436725
7569,0.06,-0.99,0.06,-0.92,0.58,-0.24,0.30,0.37,1.00,-125.15,95.89,47.52,16436620
7581,0.06,-0.99,0.06,-1.25,0.73,0.03,0.21,0.38,1.06,-142.55,70.04,65.03,16436612
7593,0.06,-0.99,0.06,-1.19,0.67,-0.12,0.16,0.36,1.13,-137.51,80.11,96.47,16436682
7605,0.06,-0.99,0.06,-1.37,0.73,-0.03,0.11,0.29,1.18,-127.17,95.98,104.31,16436741
7617,0.06,-0.99,0.06,-1.16,0.82,-0.12,0.07,0.19,1.24,-138.09,84.44,66.89,16436733
7629,0.06,-0.99,0.06,-1.13,0.82,-0.03,0.07,0.10,1.20,-103.24,88.10,49.56,16436632
7642,0.06,-0.99,0.06,-1.10,0.46,-0.18,0.10,0.08,1.13,-100.19,71.38,15.32,16436735
7653,0.06,-0.99,0.06,-0.98,0.95,-0.15,0.09,0.12,1.16,-168.98,-68.76,1.13,16436777
7665,0.06,-0.99,0.06,-1.16,0.98,-0.15,0.09,0.11,1.15,-157.41,-79.16,-2.84,16436771
7677,0.06,-0.99,0.06,-1.40,0.70,-0.24,0.07,-0.00,1.26,-68.18,-105.01,10.71,16436754
7689,0.06,-0.99,0.06,-0.98,0.85,0.06,0.08,-0.04,1.25,13.98,1.71,6.90,16436757
7701,0.06,-0.99,0.06,-1.31,1.01,-0.12,0.12,-0.01,1.19,17.33,4.06,13.31,16436801
7713,0.06,-0.99,0.06,-1.13,0.67,-0.24,0.13,0.01,1.18,-5.98,1.16,15.20,16436747
7725,0.06,-0.99,0.06,-1.40,0.58,-0.27,0.13,-0.02,1.15,1.65,2.84,29.57,16436698
7737,0.06,-0.99,0.06,-1.31,0.79,-0.03,0.10,-0.02,1.13,7.11,2.35,33.75,16436643
7749,0.06,-0.99,0.06,-1.10,0.89,0.09,0.06,-0.03,1.13,-4.67,0.58,27.25,16436640
7761,0.06,-0.99,0.07,-1.34,0.95,-0.34,0.04,-0.04,1.12,8.15,5.92,5.10,16436814
7773,0.06,-0.99,0.07,-1.43,0.92,-0.27,0.04,-0.02,1.12,2.01,5.16,-1.40,16436770
7785,0.06,-0.99,0.07,-1.16,0.67,-0.06,0.03,0.02,1.11,2.47,6.07,6.62,16436665
7797,0.06,-0.99,0.07,-1.10,0.76,-0.46,0.02,0.05,1.11,-0.34,2.75,1.19,16436692
7809,0.06,-0.99,0.07,-1.22,0.52,-0.06,0.02,0.08,1.11,-2.44,1.77,-15.72,16436722
7821,0.06,-0.99,0.07,-1.31,0.82,-0.06,-0.00,0.12,1.10,1.59,4.06,-53.59,16436819
7833,0.06,-0.99,0.06,-1.16,0.92,-0.43,0.04,0.15,1.13,8.21,-0.15,-15.59,16436706
7844,0.06,-0.99,0.06,-1.31,0.95,0.09,0.09,0.12,1.09,-26.52,-19.10,27.65,16436654
7857,0.06,-0.99,0.06,-1.25,0.82,-0.27,0.11,0.02,1.09,0.46,10.07,48.22,16436594
7869,0.06,-0.99,0.06,-1.34,0.55,-0.27,0.10,-0.02,1.11,-6.20,-1.28,35.03,16436671
7880,0.06,-0.99,0.06,-1.19,0.70,-0.21,0.06,-0.04,1.10,-5.40,-1.10,12.97,16436698
7892,0.06,-0.99,0.06,-1.22,0.89,-0.24,0.03,-0.05,1.10,-1.37,2.32,-0.49,16436611
7905,0.06,-0.99,0.06,-1.37,0.76,-0.34,0.03,-0.03,1.10,-2.20,1.83,-0.85,16436463
7917,0.06,-0.99,0.06,-1.19,0.92,-0.31,0.03,-0.02,1.10,-2.17,1.59,-0.92,16436489
7928,0.06,-0.99,0.06,-1.40,0.92,-0.31,0.03,-0.01,1.10,-2.01,1.86,-0.73,16436521
7941,0.06,-0.99,0.06,-1.16,0.73,0.12,0.04,-0.00,1.10,-2.17,1.89,-0.73,16436661
7953,0.06,-0.99,0.06,-1.28,0.85,-0.15,0.04,-0.00,1.10,-2.26,1.89,-0.98,16436719
7964,0.06,-0.99,0.06,-1.10,0.49,-0.18,0.04,0.00,1.10,-2.17,1.86,-1.01,16436670
7976,0.06,-0.99,0.06,-1.22,0.67,-0.09,0.04,0.00,1.10,-2.20,1.83,-0.85,16436502
7989,0.06,-0.99,0.06,-0.92,0.85,-0.12,0.04,0.00,1.10,-2.32,1.71,-0.95,16436648
8000,0.06,-0.99,0.06,-1.53,1.04,-0.31,0.04,0.01,1.10,-2.29,1.50,-1.01,16436701
8012,0.06,-0.99,0.06,-1.28,0.67,0.09,0.04,0.01,1.10,-2.44,1.80,-0.85,16436531
8025,0.06,-0.99,0.06,-1.31,0.79,-0.15,0.04,0.01,1.10,-2.20,1.83,-0.85,16436681
8037,0.06,-0.99,0.06,-1.31,0.82,-0.27,0.04,0.01,1.10,-2.41,1.53,-0.85,16436777
8048,0.06,-0.99,0.07,-1.37,0.67,-0.18,0.04,0.01,1.10,-2.20,1.56,-0.61,16436690
8060,0.06,-0.99,0.07,-1.16,0.79,-0.03,0.04,0.01,1.10,-2.14,1.80,-0.92,16436573
8073,0.06,-0.99,0.06,-1.16,1.10,-0.15,0.04,0.01,1.10,-2.11,1.77,-0.70,16436577
8084,0.06,-0.99,0.06,-1.28,0.64,0.03,0.04,0.01,1.10,-2.38,1.65,-0.76,16436680
8096,0.06,-0.99,0.06,-1.28,1.01,-0.09,0.04,0.01,1.10,-2.29,1.86,-0.89,16436820
8109,0.06,-0.99,0.06,-1.19,0.70,0.12,0.04,0.01,1.10,-2.44,1.86,-0.79,16436858
8120,0.06,-0.99,0.06,-1.22,0.89,-0.27,0.04,0.01,1.10,-2.41,1.83,-0.85,16436705
8132,0.06,-0.99,0.06,-1.46,0.85,0.06,0.04,0.01,1.10,-2.23,1.80,-0.76,16436702
8144,0.06,-0.99,0.06,-1.07,0.82,-0.49,0.04,0.01,1.10,-2.26,1.95,-1.13,16436674
8156,0.06,-0.99,0.06,-1.31,0.95,0.00,0.04,0.01,1.10,-2.29,1.77,-0.82,16436689
8168,0.06,-0.99,0.06,-0.98,0.61,-0.06,0.04,0.01,1.10,-2.47,1.83,-0.73,16436740
8180,0.06,-0.99,0.06,-1.56,1.04,-0.09,0.04,0.01,1.10,-2.08,1.80,-0.98,16436783
8193,0.06,-0.99,0.06,-1.28,0.82,-0.06,0.04,0.01,1.10,-2.11,1.92,-0.92,16436722
8204,0.06,-0.99,0.06,-1.40,0.89,-0.18,0.04,0.01,1.10,-2.20,1.53,-0.98,16436699
8216,0.06,-0.99,0.06,-1.10,0.85,-0.06,0.04,0.01,1.10,-2.38,1.62,-0.95,16436778
8228,0.06,-0.99,0.06,-1.28,0.76,-0.09,0.04,0.01,1.10,-2.32,1.86,-0.70,16436811
8240,0.06,-0.99,0.06,-1.13,0.76,0.06,0.04,0.01,1.10,-2.29,1.71,-0.64,16436832
8252,0.06,-0.99,0.06,-1.16,0.67,-0.37,0.04,0.01,1.10,-2.04,1.89,-0.89,16436840
8264,0.06,-0.99,0.06,-1.40,0.82,-0.06,0.04,0.01,1.10,-2.20,1.86,-0.58,16436823
8275,0.06,-0.99,0.06,-1.13,1.13,0.00,0.04,0.01,1.10,-2.41,1.53,-0.79,16436754
8288,0.06,-0.99,0.07,-0.95,0.98,-0.06,0.04,0.01,1.10,-2.38,1.83,-0.95,16436563
8300,0.06,-0.99,0.06,-1.10,0.76,-0.40,0.04,0.01,1.10,-2.47,1.68,-0.82,16436484
8312,0.06,-0.99,0.06,-1.25,0.95,-0.15,0.04,0.01,1.10,-2.35,1.80,-0.67,16436696
8324,0.06,-0.99,0.06,-1.16,0.70,-0.09,0.04,0.01,1.10,-2.32,1.68,-0.49,16436711
8336,0.06,-0.99,0.06,-1.31,0.79,-0.49,0.04,0.01,1.10,-2.20,1.68,-0.67,16436727
8348,0.06,-0.99,0.06,-1.34,0.70,-0.24,0.04,0.01,1.10,-2.26,1.71,-0.79,16436736
8359,0.06,-0.99,0.06,-1.01,0.70,-0.09,0.04,0.01,1.10,-2.35,1.80,-0.73,16436820
8372,0.06,-0.99,0.06,-1.16,0.79,-0.27,0.04,0.01,1.10,-2.17,1.53,-0.89,16436894
8384,0.06,-0.99,0.06,-1.22,0.73,-0.27,0.04,0.01,1.10,-2.44,1.68,-1.07,16436953
8395,0.06,-0.99,0.06,-1.19,0.82,0.09,0.04,0.01,1.10,-2.32,1.65,-1.04,16436951
8408,0.06,-0.99,0.06,-1.28,0.89,-0.27,0.04,0.01,1.10,-2.35,1.83,-0.85,16436984
8420,0.06,-0.99,0.06,-1.25,0.64,-0.15,0.04,0.01,1.10,-2.20,1.53,-0.95,16436959
8431,0.06,-0.99,0.06,-1.25,0.92,-0.12,0.04,0.01,1.10,-2.26,1.89,-0.64,16436934
8443,0.06,-0.99,0.06,-0.98,0.67,0.00,0.04,0.01,1.10,-2.50,1.83,-0.61,16436935
8456,0.06,-0.99,0.06,-1.50,0.95,-0.03,0.04,0.01,1.10,-2.08,1.80,-0.85,16436827
8468,0.06,-0.99,0.06,-1.68,0.92,0.67,0.04,0.01,1.10,-2.32,1.68,-1.04,16436980
8479,0.06,-0.99,0.06,-1.37,0.79,-0.24,0.04,0.01,1.10,-2.14,1.95,-0.67,16436855
8492,0.06,-0.99,0.06,-0.67,0.67,-0.46,0.04,0.01,1.10,-2.04,1.68,-0.98,16436466
8504,0.06,-0.99,0.06,-1.56,0.73,0.46,0.04,0.01,1.10,-2.17,1.71,-0.82,16436453
8515,0.06,-0.99,0.06,-1.59,0.82,0.82,0.04,0.01,1.10,-2.20,1.65,-0.76,16436401
8527,0.06,-0.99,0.06,-0.79,0.98,-1.10,0.04,0.01,1.10,-2.32,1.74,-1.04,16436061
8540,0.06,-0.99,0.06,-1.10,0.92,-0.52,0.04,0.01,1.10,-2.14,1.89,-0.76,16435935
8551,0.06,-0.99,0.06,-1.13,0.70,-0.27,0.04,0.01,1.10,-2.11,1.86,-0.61,16436078
8563,0.05,-0.99,0.06,-0.67,0.58,-1.43,0.04,0.01,1.10,-2.29,1.74,-0.67,16436612
8576,0.06,-0.99,0.06,-1.01,0.79,-1.19,0.04,0.01,1.10,-2.08,1.92,-0.82,16437488
8588,0.06,-0.99,0.07,-1.13,1.07,-0.49,0.04,0.01,1.10,-2.35,1.74,-0.76,16438981
8599,0.06,-0.99,0.07,-1.16,1.16,-0.21,0.04,0.01,1.10,-2.35,1.68,-0.79,16440482
8611,0.06,-0.99,0.07,-1.28,2.17,-0.18,0.04,0.01,1.10,-2.32,1.71,-0.85,16442593
8624,0.07,-0.99,0.09,-0.92,6.65,-1.74,0.04,0.01,1.10,-2.38,1.62,-0.85,16445425
8635,0.06,-1.00,0.13,0.55,11.66,-1.37,0.04,0.01,1.10,-2.41,1.80,-0.73,16448241
8647,0.04,-1.02,0.15,4.27,15.32,-0.70,0.04,0.01,1.10,-2.29,1.77,-0.73,16450454
8659,0.03,-1.04,0.17,7.26,18.74,-3.27,0.04,0.01,1.10,-2.11,1.89,-0.61,16451167
8671,0.04,-1.05,0.16,10.47,21.27,-6.87,0.04,0.01,1.10,-2.17,1.74,-1.04,16451025
8683,0.06,-1.05,0.14,13.92,22.28,-11.66,0.04,0.01,1.10,-2.32,1.62,-0.85,16450825
8695,0.06,-1.06,0.13,17.21,21.58,-16.20,0.04,0.01,1.10,-2.32,1.74,-0.73,16450691
8708,0.06,-1.07,0.13,21.94,20.23,-17.82,0.04,0.01,1.10,-2.17,1.65,-0.61,16450678
8719,0.06,-1.10,0.14,28.41,18.89,-15.14,0.04,0.01,1.10,-2.23,1.86,-0.95,16450625
8731,0.06,-1.12,0.14,34.79,16.69,-13.00,0.04,0.01,1.10,-2.35,1.62,-0.79,16450535
8743,0.04,-1.12,0.13,39.61,14.31,-14.53,0.04,0.01,1.10,-2.17,1.65,-0.85,16450306
8755,0.02,-1.09,0.12,41.32,11.44,-20.23,0.04,0.01,1.10,-2.23,1.74,-0.95,16450056
8767,0.00,-1.06,0.12,41.66,9.25,-25.15,0.04,0.01,1.10,-2.20,1.65,-0.82,16450245
8779,0.00,-1.02,0.13,39.98,6.38,-26.98,0.04,0.01,1.10,-2.17,1.89,-0.82,16450385
8791,0.01,-0.99,0.15,37.17,4.43,-27.65,0.04,0.01,1.10,-2.14,1.53,-0.85,16450130
8803,0.04,-0.97,0.17,35.49,5.13,-26.98,0.04,0.01,1.10,-2.26,1.77,-0.79,16450081
8815,0.06,-0.97,0.19,34.09,7.54,-25.51,0.04,0.01,1.10,-2.20,1.83,-0.98,16450188
8826,0.07,-0.97,0.21,32.87,10.80,-22.92,0.04,0.01,1.10,-2.08,1.83,-0.76,16450271
8839,0.07,-0.99,0.23,31.92,13.49,-17.09,0.04,0.01,1.10,-2.17,1.71,-0.64,16450371
8851,0.07,-1.00,0.25,31.19,15.96,-10.28,0.04,0.01,1.10,-2.44,1.74,-0.73,16450438
8863,0.08,-1.02,0.25,30.27,18.13,-0.79,0.04,0.01,1.10,-2.20,1.68,-0.79,16450359
8875,0.09,-1.04,0.22,28.63,18.62,11.93,0.04,0.01,1.10,-2.11,1.86,-0.89,16450281
8887,0.11,-1.06,0.19,26.34,17.36,30.88,0.04,0.01,1.10,-2.47,1.74,-0.92,16450132
8899,0.12,-1.08,0.16,23.41,15.38,50.38,0.04,0.01,1.10,-2.14,1.95,-0.82,16450037
8910,0.12,-1.09,0.14,19.20,13.82,68.79,0.04,0.01,1.10,-2.23,1.68,-0.92,16449912
8923,0.12,-1.08,0.14,13.24,13.64,85.66,0.04,0.01,1.10,-2.17,1.83,-0.76,16449978
8935,0.11,-1.06,0.16,5.68,15.93,101.47,0.04,0.01,1.10,-2.23,1.65,-0.70,16450016
8946,0.11,-1.04,0.18,-2.41,19.65,118.68,0.04,0.01,1.10,-2.32,1.71,-0.70,16449833
8958,0.11,-1.03,0.21,-10.16,23.53,136.05,0.04,0.01,1.10,-2.32,1.59,-0.67,16449831
8971,0.09,-1.02,0.21,-18.16,25.42,147.86,0.04,0.01,1.10,-2.29,1.74,-0.67,16449922
8983,0.06,-0.98,0.20,-25.94,26.15,151.79,0.04,0.01,1.10,-2.38,1.56,-0.92,16449865
8994,0.02,-0.93,0.18,-35.10,25.15,147.03,0.04,0.01,1.10,-2.23,1.74,-0.79,16449675
9007,-0.02,-0.89,0.16,-43.82,23.19,140.81,0.04,0.01,1.10,-2.93,1.28,-0.89,16449666
9019,-0.06,-0.85,0.14,-53.13,19.68,128.23,0.04,0.01,1.10,-2.17,1.95,-0.85,16449844
9030,-0.10,-0.82,0.11,-62.53,16.14,114.14,0.04,0.01,1.10,-2.20,1.59,-0.76,16449910
9042,-0.14,-0.80,0.09,-71.23,12.12,100.13,0.04,0.01,1.10,-2.44,1.65,-0.76,16449792
9055,-0.16,-0.77,0.07,-79.59,7.14,82.21,0.04,0.01,1.10,-2.04,1.62,-0.89,16449635
9066,-0.17,-0.77,0.05,-86.06,2.78,66.80,0.04,0.01,1.10,-2.56,1.56,-0.73,16449624
9078,-0.19,-0.79,0.03,-91.52,-0.98,51.30,0.04,0.01,1.10,-2.26,1.65,-0.76,16449821
9091,-0.22,-0.78,0.01,-97.26,-3.75,33.29,0.04,0.01,1.10,-2.08,1.56,-0.58,16449896
9102,-0.24,-0.79,0.01,-102.54,-5.52,16.05,0.04,0.01,1.10,-2.08,1.77,-0.76,16449739
9114,-0.26,-0.80,0.00,-106.90,-5.13,-0.40,0.04,0.01,1.10,-2.17,1.89,-0.92,16449907
9126,-0.26,-0.80,-0.00,-110.78,-4.24,-17.03,0.04,0.01,1.10,-1.80,1.80,-1.13,16449823
9139,-0.26,-0.80,-0.01,-113.16,-4.76,-35.28,0.04,0.01,1.10,-2.11,1.89,-0.92,16449800
9150,-0.26,-0.80,-0.03,-114.75,-7.75,-53.80,0.04,0.01,1.10,-2.56,1.56,-0.49,16449683
9162,-0.26,-0.78,-0.06,-115.81,-11.54,-74.19,0.04,0.01,1.10,-2.23,1.83,-0.82,16449604
9175,-0.24,-0.78,-0.09,-114.53,-13.64,-91.52,0.04,0.01,1.10,-2.47,1.68,-0.92,16449664
9186,-0.19,-0.80,-0.12,-110.66,-13.49,-103.33,0.04,0.01,1.10,-2.50,1.65,-0.92,16449774
9198,-0.15,-0.83,-0.14,-97.32,-15.26,-114.29,0.04,0.01,1.10,-2.20,1.74,-0.73,16449861
9210,-0.13,-0.87,-0.16,-73.39,-11.14,-129.55,0.04,0.01,1.10,-2.72,1.56,-0.85,16449789
9222,-0.10,-0.88,-0.17,-55.69,-7.81,-142.15,0.04,0.01,1.10,-2.47,1.71,-1.07,16449823
9234,-0.08,-0.91,-0.17,-32.47,-6.77,-150.54,0.04,0.01,1.10,-2.35,1.62,-0.82,16449705
9246,-0.05,-0.93,-0.15,-16.17,-9.67,-149.75,0.04,0.01,1.10,-2.44,1.77,-0.79,16449587
9257,-0.02,-0.94,-0.12,0.79,-12.02,-150.51,0.04,0.01,1.10,-2.41,1.65,-0.85,16449697
9270,0.02,-0.97,-0.10,15.56,-10.83,-149.99,0.04,0.01,1.10,-2.53,1.46,-0.79,16449669
9282,0.05,-0.98,-0.09,26.86,-5.86,-150.70,0.04,0.01,1.10,-1.98,2.11,-0.76,16449830
9294,0.09,-0.98,-0.09,36.93,0.46,-152.68,0.04,0.01,1.10,-2.59,1.65,-0.92,16449824
9306,0.12,-0.99,-0.10,42.05,7.23,-151.95,0.04,0.01,1.10,-2.08,1.89,-0.85,16449777
9318,0.16,-1.00,-0.11,45.41,14.34,-145.48,0.04,0.01,1.10,-2.11,1.83,-0.95,16449827
9330,0.20,-1.01,-0.11,47.55,20.05,-134.34,0.04,0.01,1.10,-2.23,1.74,-0.79,16449886
9341,0.24,-1.03,-0.09,49.29,25.21,-120.97,0.04,0.01,1.10,-2.11,1.68,-0.92,16449722
9354,0.28,-1.04,-0.06,50.81,29.82,-108.58,0.04,0.01,1.10,-2.50,1.74,-0.85,16449589
9366,0.28,-1.05,-0.05,52.46,31.86,-98.39,0.04,0.01,1.10,-2.29,1.74,-0.58,16449640
9377,0.27,-1.05,-0.05,53.19,31.43,-88.96,0.04,0.01,1.10,-2.32,1.77,-0.85,16449632
9390,0.26,-1.04,-0.05,54.38,29.69,-78.80,0.04,0.01,1.10,-2.29,1.71,-1.04,16449634
9402,0.27,-1.05,-0.06,54.66,27.53,-66.25,0.04,0.01,1.10,-2.26,1.71,-0.58,16449681
9414,0.30,-1.05,-0.06,55.76,25.54,-51.91,0.04,0.01,1.10,-2.29,1.83,-0.67,16449604
9425,0.33,-1.07,-0.06,57.98,26.06,-33.72,0.04,0.01,1.10,-2.20,1.74,-0.67,16449637
9438,0.37,-1.10,-0.05,61.98,28.41,-11.14,0.04,0.01,1.10,-2.32,1.56,-0.98,16449836
9450,0.40,-1.15,-0.05,67.02,32.56,20.32,0.04,0.01,1.10,-2.38,1.59,-0.82,16449848
9461,0.42,-1.19,-0.04,71.14,35.98,53.80,0.04,0.01,1.10,-2.44,1.62,-0.55,16449935
9474,0.40,-1.21,-0.03,74.40,36.74,83.80,0.04,0.01,1.10,-2.29,1.68,-1.01,16449971
9486,0.36,-1.20,-0.01,76.66,35.49,106.48,0.04,0.01,1.10,-2.26,1.89,-0.85,16449862
9497,0.32,-1.19,0.00,78.40,33.69,122.28,0.04,0.01,1.10,-2.26,1.92,-1.19,16449711
9509,0.29,-1.18,0.02,79.74,32.04,135.83,0.04,0.01,1.10,-2.23,1.86,-0.98,16449639
9522,0.27,-1.16,0.03,79.50,30.43,147.89,0.04,0.01,1.10,-2.29,1.74,-0.82,16449770
9534,0.25,-1.14,0.05,78.31,28.53,159.15,0.04,0.01,1.10,-2.11,1.95,-0.92,16449955
9545,0.24,-1.10,0.07,76.11,26.64,167.14,0.04,0.01,1.10,-2.23,1.65,-0.92,16449904
9558,0.21,-1.05,0.09,72.17,23.62,169.46,0.04,0.01,1.10,-2.04,1.80,-0.49,16449751
9570,0.16,-0.99,0.11,66.16,20.11,165.71,0.04,0.01,1.10,-2.35,1.80,-0.92,16449690
9581,0.11,-0.94,0.12,59.51,15.26,157.90,0.04,0.01,1.10,-2.14,1.43,-0.76,16449581
9593,0.05,-0.88,0.13,51.33,10.22,146.79,0.04,0.01,1.10,-2.47,1.40,-0.64,16449540
9606,0.00,-0.84,0.14,40.83,5.49,135.25,0.04,0.01,1.10,-1.92,1.77,-0.79,16449548
9617,-0.04,-0.82,0.16,30.03,0.58,124.57,0.04,0.01,1.10,-2.53,1.43,-1.01,16449434
9629,-0.07,-0.81,0.18,17.76,-3.60,115.36,0.04,0.01,1.10,-2.53,1.62,-0.79,16449318
9641,-0.11,-0.81,0.19,4.33,-8.64,107.76,0.04,0.01,1.10,-2.17,1.86,-0.79,16449416
9653,-0.14,-0.80,0.20,-9.80,-14.22,98.18,0.04,0.01,1.10,-2.32,1.95,-0.70,16449367
9665,-0.18,-0.77,0.20,-25.48,-19.53,83.92,0.04,0.01,1.10,-2.17,1.65,-0.70,16449407
9677,-0.21,-0.73,0.20,-42.30,-25.21,66.68,0.04,0.01,1.10,-2.32,1.65,-1.10,16449210
9690,-0.24,-0.70,0.20,-58.32,-29.91,47.97,0.04,0.01,1.10,-2.26,1.74,-0.82,16449123
9701,-0.26,-0.69,0.20,-72.91,-34.18,27.68,0.04,0.01,1.10,-2.44,1.59,-0.85,16449244
9713,-0.28,-0.69,0.18,-86.00,-37.84,6.47,0.04,0.01,1.10,-2.26,1.59,-1.01,16449242
9725,-0.29,-0.69,0.17,-98.75,-41.90,-16.20,0.04,0.01,1.10,-2.53,1.92,-0.92,16449227
9737,-0.30,-0.69,0.16,-109.80,-45.59,-37.81,0.04,0.01,1.10,-3.02,1.04,-0.95,16449346
9749,-0.29,-0.71,0.15,-118.47,-47.94,-57.46,0.04,0.01,1.10,-0.43,2.50,-0.95,16449538
9761,-0.28,-0.73,0.13,-125.24,-48.46,-75.53,0.04,0.01,1.10,-2.81,1.62,-0.89,16449486
9773,-0.24,-0.75,0.11,-129.18,-47.27,-93.02,0.04,0.01,1.10,-2.14,1.98,-0.46,16449473
9785,-0.20,-0.77,0.08,-130.55,-45.84,-108.89,0.04,0.01,1.10,-1.53,1.98,-1.01,16449593
9797,-0.16,-0.79,0.04,-129.49,-44.77,-121.73,0.04,0.01,1.10,-2.53,1.56,-0.98,16449570
9809,-0.13,-0.83,0.01,-125.18,-43.15,-130.07,0.04,0.01,1.10,-2.01,1.68,-0.85,16449559
9821,-0.08,-0.87,-0.02,-119.20,-40.74,-133.39,0.04,0.01,1.10,-2.20,1.71,-0.95,16449632
9833,-0.03,-0.92,-0.03,-107.24,-34.79,-132.54,0.04,0.01,1.10,-1.98,2.01,-0.82,16449741
9845,0.01,-0.97,-0.05,-99.70,-32.20,-135.35,0.04,0.01,1.10,-2.23,1.74,-1.25,16449821
9857,0.04,-1.01,-0.07,-87.59,-28.08,-138.64,0.04,0.01,1.10,-2.44,1.59,-0.64,16449858
9869,0.07,-1.02,-0.08,-76.26,-23.10,-143.74,0.04,0.01,1.10,-2.53,1.59,-0.98,16449991
9881,0.11,-1.02,-0.08,-64.33,-16.69,-145.36,0.04,0.01,1.10,-2.87,1.40,-0.98,16449976
9892,0.15,-1.04,-0.08,-51.36,-8.18,-141.27,0.04,0.01,1.10,-2.26,1.68,-0.70,16450082
9905,0.21,-1.07,-0.07,-37.48,2.66,-129.30,0.04,0.01,1.10,-2.14,1.65,-0.73,16450049
9917,0.27,-1.11,-0.07,-22.64,14.62,-113.68,0.04,0.01,1.10,-2.08,1.95,-0.55,16449963
9928,0.32,-1.14,-0.08,-6.47,27.80,-102.78,0.04,0.01,1.10,-2.11,1.68,-0.64,16449978
9940,0.34,-1.16,-0.10,9.67,39.12,-93.78,0.04,0.01,1.10,-2.50,1.59,-0.82,16450107
9953,0.35,-1.18,-0.11,25.94,48.92,-83.98,0.04,0.01,1.10,-2.17,1.77,-0.82,16450155
9965,0.36,-1.20,-0.12,42.33,57.95,-71.26,0.04,0.01,1.10,-2.26,1.65,-0.73,16450057
9976,0.37,-1.21,-0.12,58.38,64.88,-57.34,0.04,0.01,1.10,-2.20,1.80,-0.61,16450116
9989,0.38,-1.22,-0.11,72.97,70.28,-41.69,0.04,0.01,1.10,-2.14,1.65,-0.98,16450098
10001,0.38,-1.21,-0.12,86.64,72.57,-26.92,0.04,0.01,1.10,-2.50,1.77,-1.04,16450063
10012,0.38,-1.19,-0.12,98.18,72.69,-12.97,0.04,0.01,1.10,-2.50,1.77,-0.55,16449955
10024,0.39,-1.18,-0.11,108.43,72.20,1.62,0.04,0.01,1.10,-2.14,1.80,-0.82,16449823
10037,0.38,-1.16,-0.11,117.77,70.80,15.93,0.04,0.01,1.10,-2.08,1.71,-0.76,16449894
10048,0.35,-1.14,-0.09,125.40,69.24,27.65,0.04,0.01,1.10,-2.32,1.83,-0.61,16449899
10060,0.32,-1.12,-0.07,131.38,66.28,38.88,0.04,0.01,1.10,-2.20,1.83,-0.79,16449780
10073,0.28,-1.10,-0.04,133.76,61.40,51.27,0.04,0.01,1.10,-2.01,1.77,-0.92,16449809
10084,0.25,-1.06,-0.02,132.05,54.99,64.33,0.04,0.01,1.10,-2.23,1.65,-0.76,16449667
10096,0.22,-1.00,0.01,125.34,46.72,76.11,0.04,0.01,1.10,-2.20,1.59,-0.85,16449498
10108,0.19,-0.94,0.05,114.59,37.38,88.10,0.04,0.01,1.10,-2.23,1.80,-0.76,16449321
10121,0.19,-0.89,0.08,99.88,29.66,101.47,0.04,0.01,1.10,-2.35,1.59,-0.76,16449140
10132,0.19,-0.86,0.10,83.89,23.53,117.40,0.04,0.01,1.10,-2.23,1.77,-0.67,16449147
10144,0.19,-0.83,0.12,67.38,18.68,129.43,0.04,0.01,1.10,-2.11,1.68,-1.10,16449117
10157,0.18,-0.81,0.14,49.53,14.92,132.84,0.04,0.01,1.10,-2.35,1.83,-0.98,16449093
10168,0.15,-0.78,0.16,30.36,12.57,130.55,0.04,0.01,1.10,-2.35,1.80,-0.98,16449211
10180,0.13,-0.75,0.19,11.63,11.14,124.11,0.04,0.01,1.10,-2.11,1.95,-0.67,16449306
10192,0.10,-0.74,0.22,-7.17,8.61,115.91,0.04,0.01,1.10,-2.26,1.62,-0.79,16449355
10204,0.07,-0.73,0.24,-23.86,4.67,106.54,0.04,0.01,1.10,-2.17,1.89,-0.76,16449268
10216,0.04,-0.74,0.25,-38.02,-0.55,97.56,0.04,0.01,1.10,-2.08,1.89,-0.85,16449380
10228,0.02,-0.76,0.26,-48.89,-6.29,89.45,0.04,0.01,1.10,-2.44,1.74,-0.79,16449356
10241,-0.01,-0.78,0.26,-57.89,-11.32,77.55,0.04,0.01,1.10,-2.38,1.80,-0.73,16449393
10252,-0.03,-0.80,0.26,-64.91,-14.65,63.05,0.04,0.01,1.10,-2.41,1.77,-0.64,16449405
10264,-0.06,-0.82,0.25,-69.18,-17.09,48.07,0.04,0.01,1.10,-2.38,1.71,-0.55,16449585
10276,-0.06,-0.86,0.24,-70.77,-17.09,36.44,0.04,0.01,1.10,-2.50,1.83,-1.04,16449545
10288,-0.07,-0.89,0.21,-70.65,-16.78,25.39,0.04,0.01,1.10,-2.32,1.86,-0.67,16449669
10300,-0.08,-0.91,0.19,-68.76,-16.39,15.59,0.04,0.01,1.10,-1.95,1.71,-0.76,16449722
10312,-0.08,-0.92,0.16,-65.46,-15.38,5.00,0.04,0.01,1.10,-2.08,1.86,-0.67,16449802
10323,-0.09,-0.94,0.15,-60.58,-14.47,-5.25,0.04,0.01,1.10,-2.96,1.37,-0.58,16449806
10336,-0.08,-0.96,0.15,-54.41,-13.34,-12.51,0.04,0.01,1.10,-2.04,1.53,-0.64,16449777
10348,-0.08,-0.97,0.15,-46.97,-11.66,-20.72,0.04,0.01,1.10,-2.35,1.74,-0.92,16449736
10359,-0.07,-0.99,0.14,-37.69,-10.01,-30.21,0.04,0.01,1.10,-2.32,1.77,-0.85,16449777
10372,-0.07,-0.99,0.13,-27.83,-8.82,-41.38,0.04,0.01,1.10,-2.35,1.89,-0.95,16449889
10384,-0.07,-1.00,0.12,-17.97,-8.09,-52.22,0.04,0.01,1.10,-2.23,2.14,-0.85,16449936
10396,-0.06,-1.00,0.11,-8.64,-7.05,-59.63,0.04,0.01,1.10,-2.23,1.83,-0.73,16449853
10407,-0.05,-1.02,0.10,0.43,-5.89,-63.08,0.04,0.01,1.10,-2.44,1.65,-0.89,16449931
10420,-0.03,-1.04,0.09,8.79,-5.43,-60.64,0.04,0.01,1.10,-2.17,1.59,-0.76,16449954
10432,-0.02,-1.06,0.09,15.87,-4.94,-56.27,0.04,0.01,1.10,-2.41,1.83,-0.73,16449902
10443,-0.01,-1.06,0.08,22.00,-4.82,-51.27,0.04,0.01,1.10,-2.26,1.71,-0.55,16449744
10456,-0.00,-1.06,0.08,26.12,-4.27,-44.01,0.04,0.01,1.10,-2.08,1.71,-0.82,16449499
10468,0.02,-1.06,0.08,28.72,-3.57,-35.83,0.04,0.01,1.10,-2.20,2.11,-1.04,16449488
10479,0.04,-1.04,0.09,29.66,-3.05,-29.72,0.04,0.01,1.10,-2.47,1.50,-0.73,16449673
10491,0.06,-1.00,0.10,28.44,-2.23,-26.67,0.04,0.01,1.10,-2.20,1.71,-1.01,16449563
10504,0.06,-0.96,0.15,-11.02,3.51,-26.31,0.04,0.01,1.09,-2.66,1.65,-0.82,16449613
10516,0.08,-0.89,0.17,-59.42,-0.46,-20.45,0.04,0.01,1.11,-2.69,1.83,-0.82,16450875
10527,0.07,-0.87,0.09,-58.01,-1.40,-19.01,0.04,0.01,1.10,-2.14,1.71,-0.82,16450102
10540,0.08,-0.88,0.07,-50.75,0.21,-12.02,0.04,0.01,1.10,-2.14,1.80,-0.67,16449338
10552,0.09,-0.91,0.07,-45.14,2.38,-10.59,0.04,0.01,1.10,-2.26,1.46,-0.92,16449448
10563,0.09,-0.94,0.08,-38.06,3.88,-8.42,0.04,0.01,1.10,-2.17,1.98,-0.79,16449390
10575,0.09,-0.97,0.09,-29.42,4.46,-11.20,0.04,0.01,1.10,-2.17,1.74,-0.67,16449179
10588,0.09,-0.98,0.11,-19.23,3.91,-17.09,0.04,0.01,1.10,-1.80,2.11,-0.82,16448987
10599,0.10,-1.03,0.16,-35.80,7.81,-0.61,0.04,0.01,1.10,-2.47,1.95,-1.01,16448059
10611,0.06,-1.04,0.17,-29.42,-2.56,-21.24,0.04,0.01,1.10,-2.44,1.89,-0.67,16444500
10624,0.07,-1.22,0.06,1.83,-3.11,-8.82,0.04,0.01,1.10,-2.50,1.68,-0.98,16433423
10635,0.07,-1.17,0.03,20.60,0.55,-1.59,0.04,0.01,1.10,-2.17,1.77,-0.58,16431056
10647,0.11,-1.19,0.04,7.45,-2.78,14.89,0.04,0.01,1.10,-2.04,1.71,-0.95,16432836
10659,0.06,-0.93,0.09,-9.03,-2.47,-6.62,0.04,0.01,1.10,-2.14,1.68,-0.70,16438100
10672,0.07,-1.05,0.08,7.05,0.24,-1.25,0.04,0.01,1.10,-2.41,1.56,-0.79,16437550
10683,0.07,-1.04,0.07,0.03,0.18,1.10,0.04,0.01,1.10,-2.29,1.89,-0.73,16433538
10695,0.06,-1.00,0.08,-2.62,0.03,1.04,0.04,0.01,1.10,-2.17,1.86,-0.85,16438427
10707,0.08,-1.03,0.06,1.98,1.46,0.58,0.04,0.01,1.10,-2.44,1.62,-0.82,16437143
10719,0.07,-0.97,0.08,-5.19,0.21,-1.77,0.04,0.01,1.10,-2.29,1.74,-1.04,16437092
10731,0.08,-1.01,0.06,1.71,1.10,1.43,0.04,0.01,1.10,-2.17,1.62,-0.82,16437969
10743,0.08,-0.98,0.07,-3.30,0.37,-1.71,0.04,0.01,1.10,-2.20,1.89,-0.82,16436125
10755,0.08,-0.99,0.07,0.15,0.46,0.24,0.04,0.01,1.10,-2.35,1.80,-0.61,16437895
10767,0.08,-0.99,0.06,-1.50,0.67,-0.58,0.04,0.01,1.10,-2.35,1.71,-0.98,16436365
10779,0.08,-0.98,0.07,-1.59,0.49,-0.15,0.04,0.01,1.10,-2.26,1.59,-0.73,16437379
10790,0.08,-1.00,0.06,-0.03,0.98,0.40,0.04,0.01,1.10,-2.23,1.43,-0.67,16436540
10803,0.08,-0.98,0.07,-2.81,0.61,-0.76,0.04,0.01,1.10,-2.50,1.50,-0.64,16436846
10815,0.08,-1.00,0.06,0.34,0.92,0.76,0.04,0.01,1.10,-2.26,1.65,-0.98,16437138
10827,0.08,-0.98,0.07,-2.81,0.79,-0.70,0.04,0.01,1.10,-2.14,1.71,-0.85,16436512
10839,0.08,-0.99,0.07,0.06,1.01,0.64,0.04,0.01,1.10,-2.35,1.92,-0.85,16437396
10851,0.08,-0.99,0.07,-1.92,0.67,-0.43,0.04,0.01,1.10,-2.41,1.65,-0.89,16436838
10863,0.08,-0.99,0.07,-0.73,1.04,0.06,0.04,0.01,1.10,-2.44,1.86,-0.67,16437546
10874,0.08,-0.99,0.07,-1.28,1.04,-0.27,0.04,0.01,1.10,-2.11,1.71,-1.01,16436911
10887,0.08,-0.99,0.07,-1.19,0.98,-0.31,0.04,0.01,1.10,-2.23,1.95,-0.85,16437354
10899,0.08,-0.99,0.06,-0.85,0.79,-0.12,0.04,0.01,1.10,-1.98,1.65,-0.82,16437049
10910,0.08,-0.98,0.07,-1.92,0.67,-0.55,0.04,0.01,1.10,-2.17,1.62,-0.79,16437093
10923,0.08,-0.99,0.06,-0.55,0.70,0.40,0.04,0.01,1.10,-2.29,1.86,-0.92,16437239
10935,0.08,-0.98,0.07,-1.98,0.82,-0.79,0.04,0.01,1.10,-2.14,1.74,-0.89,16437094
10947,0.08,-0.99,0.06,-0.52,0.64,0.24,0.04,0.01,1.10,-2.20,1.56,-0.92,16437210
10958,0.08,-0.99,0.07,-1.46,0.95,-0.64,0.04,0.01,1.10,-2.35,1.74,-1.01,16436878
10971,0.08,-0.99,0.07,-0.98,0.79,-0.09,0.04,0.01,1.10,-2.35,1.77,-1.01,16437497
10983,0.08,-0.99,0.07,-1.40,0.85,-0.37,0.04,0.01,1.10,-2.01,1.77,-0.76,16437306
10994,0.08,-0.99,0.07,-1.16,0.73,0.09,0.04,0.01,1.10,-2.41,1.80,-0.73,16437370
11006,0.08,-0.99,0.07,-1.19,0.95,0.24,0.04,0.01,1.10,-2.26,1.71,-0.82,16437126
11019,0.08,-0.99,0.07,-1.37,0.73,-0.46,0.04,0.01,1.10,-2.41,1.59,-0.98,16437141
11030,0.08,-0.99,0.07,-0.92,1.01,0.12,0.04,0.01,1.10,-2.38,2.08,-0.92,16437001
11042,0.08,-0.99,0.07,-1.65,0.64,-0.34,0.04,0.01,1.10,-2.32,1.77,-0.79,16436961
11055,0.08,-0.99,0.07,-1.13,1.13,0.15,0.04,0.01,1.10,-2.32,1.71,-0.76,16437216
11066,0.08,-0.99,0.07,-1.46,0.55,-0.24,0.04,0.01,1.10,-2.29,1.71,-0.67,16437023
11078,0.08,-0.99,0.06,-0.95,0.79,-0.34,0.04,0.01,1.10,-2.32,1.68,-0.85,16437258
11090,0.08,-0.99,0.06,-1.25,0.58,-0.46,0.04,0.01,1.10,-2.29,1.98,-0.82,16437009
11103,0.08,-0.99,0.07,-1.22,0.73,-0.06,0.04,0.01,1.10,-2.26,1.80,-0.73,16437240
11114,0.08,-0.99,0.07,-1.28,0.76,-0.27,0.04,0.01,1.10,-2.14,1.83,-1.19,16437157
11126,0.08,-0.99,0.07,-1.56,0.82,-0.24,0.04,0.01,1.10,-2.14,1.71,-0.61,16437280
11139,0.09,-0.99,0.07,-1.43,0.55,0.98,0.04,0.01,1.10,-2.26,1.65,-0.95,16436271
11150,0.08,-0.99,0.07,-1.68,0.58,0.18,0.04,0.01,1.10,-2.26,1.71,-0.79,16433265
11162,0.08,-0.99,0.07,-0.92,0.67,-0.24,0.04,0.01,1.10,-2.72,1.68,-0.64,16430723
11174,0.08,-0.99,0.07,-1.77,0.46,-0.89,0.04,0.01,1.10,-2.50,1.59,-0.76,16430186
11186,0.08,-0.99,0.07,-0.98,0.79,-0.31,0.04,0.01,1.10,-2.29,1.92,-1.07,16431695
11198,0.08,-0.99,0.07,-1.31,0.67,-0.55,0.04,0.01,1.10,-2.23,1.83,-0.89,16433648
11210,0.08,-0.99,0.06,-1.04,0.67,-0.24,0.04,0.01,1.10,-2.20,1.86,-0.79,16435614
11223,0.08,-0.99,0.07,-1.19,1.16,-0.34,0.04,0.01,1.10,-2.14,1.59,-1.01,16436314
11234,0.08,-0.99,0.07,-1.31,0.76,0.00,0.04,0.01,1.10,-2.26,1.83,-0.89,16436444
11246,0.08,-0.98,0.07,-1.43,0.61,-0.03,0.04,0.01,1.10,-2.23,1.74,-0.76,16435149
11258,0.08,-0.98,0.07,-1.46,0.76,0.21,0.04,0.01,1.10,-2.47,1.71,-0.92,16432067
11270,0.08,-0.99,0.07,-1.40,0.43,0.92,0.04,0.01,1.10,-2.20,1.98,-0.79,16427759
11282,0.08,-0.99,0.07,-1.46,0.18,1.25,0.04,0.01,1.10,-2.47,1.65,-0.79,16423753
11294,0.08,-0.99,0.07,-0.95,0.61,1.89,0.04,0.01,1.10,-2.26,1.74,-1.04,16420613
11305,0.08,-0.99,0.06,-0.92,0.40,2.29,0.04,0.01,1.10,-2.14,1.71,-0.85,16417708
11318,0.08,-0.99,0.06,-0.98,0.70,3.23,0.04,0.01,1.10,-2.17,1.68,-0.95,16414431
11330,0.09,-0.99,0.06,-0.03,0.12,7.35,0.04,0.01,1.10,-2.01,1.65,-0.85,16409663
11341,0.08,-0.99,0.07,-1.10,0.27,2.90,0.04,0.01,1.10,-2.35,1.68,-0.70,16403007
11354,0.08,-0.99,0.06,-0.95,0.27,3.20,0.04,0.01,1.10,-2.35,1.68,-0.82,16395272
11366,0.08,-0.99,0.07,-0.52,0.31,2.81,0.04,0.01,1.10,-2.32,1.59,-1.16,16387499
11378,0.07,-0.98,0.07,-0.58,0.67,0.31,0.04,0.01,1.10,-2.32,1.62,-0.92,16379407
11389,0.08,-0.98,0.07,-0.18,0.85,0.82,0.04,0.01,1.10,-2.20,1.62,-0.70,16370733
11402,0.08,-0.99,0.06,0.03,1.65,2.66,0.04,0.01,1.10,-2.14,1.71,-1.04,16359275
11414,0.08,-0.97,0.07,-3.88,0.55,3.88,0.04,0.01,1.10,-2.29,1.77,-0.76,16343553
11425,0.07,-0.99,0.06,-1.19,1.43,1.01,0.04,0.01,1.10,-2.20,1.74,-0.82,16319281
11438,0.07,-0.97,0.07,-4.27,1.01,2.20,0.04,0.01,1.10,-2.44,1.50,-0.52,16291495
11450,0.08,-0.98,0.07,-3.75,1.07,2.04,0.04,0.01,1.10,-2.38,1.43,-0.92,16263972
11461,0.08,-1.01,0.06,-0.37,1.77,4.49,0.04,0.01,1.10,-2.38,1.59,-0.76,16227634
11473,0.08,-1.00,0.07,-1.80,0.89,3.57,0.04,0.01,1.10,-2.38,1.50,-0.70,16192442
11486,0.08,-1.00,0.06,-1.34,0.79,2.29,0.04,0.01,1.10,-2.29,1.80,-0.49,16164039
11498,0.08,-1.00,0.06,-0.67,1.46,4.00,0.04,0.00,1.10,-2.20,1.56,-0.85,16141015
11509,0.07,-0.99,0.06,-0.95,1.56,1.13,0.04,0.00,1.10,-2.38,1.53,-0.98,16121516
11522,0.07,-0.99,0.06,-1.04,0.27,-0.52,0.04,-0.00,1.11,-2.04,1.98,-0.70,16100307
11534,0.07,-0.99,0.06,-0.15,1.31,-1.16,0.04,0.00,1.10,-2.20,1.77,-0.85,16092592
11545,0.07,-0.99,0.07,-1.40,0.34,-0.43,0.04,0.01,1.11,-2.32,1.86,-0.73,16090966
11557,0.07,-0.99,0.07,-1.98,0.73,0.12,0.03,0.02,1.10,-2.35,1.98,-0.61,16089616
11570,0.06,-0.99,0.08,-1.25,0.43,0.15,0.03,0.02,1.10,-2.14,1.71,-0.76,16093057
11581,0.06,-0.99,0.07,-1.83,0.52,0.58,0.03,0.02,1.10,-2.29,2.11,-0.67,16104299
11593,0.06,-0.99,0.07,-1.16,0.24,-2.32,0.03,0.01,1.10,-2.23,1.95,-0.73,16125822
11606,0.05,-0.99,0.06,-0.46,0.64,-6.62,0.03,0.01,1.10,-2.26,1.80,-0.76,16155392
11617,0.06,-0.99,0.06,0.00,0.34,-4.88,0.03,0.00,1.10,-2.17,1.83,-1.01,16190497
11629,0.06,-1.00,0.06,1.01,0.67,-5.52,0.03,0.00,1.10,-2.38,1.95,-0.58,16227679
11641,0.07,-1.00,0.06,0.85,0.49,-3.05,0.04,0.00,1.10,-2.29,1.71,-0.89,16260488
11654,0.07,-1.00,0.06,0.40,0.82,-2.29,0.04,0.00,1.10,-2.41,1.74,-1.04,16292283
11665,0.07,-0.99,0.07,-2.14,0.61,-2.90,0.04,0.00,1.10,-1.95,1.98,-1.16,16322091
11677,0.08,-0.98,0.07,-1.62,0.89,-2.41,0.04,0.00,1.10,-2.47,1.74,-0.85,16348272
11689,0.08,-0.98,0.07,-1.89,0.73,-1.65,0.04,0.01,1.10,-2.20,1.77,-0.79,16368434
11701,0.08,-0.98,0.07,-1.16,0.79,-1.13,0.04,0.01,1.10,-2.38,1.83,-0.73,16382460
11713,0.08,-0.99,0.07,-1.13,0.46,-0.43,0.04,0.01,1.10,-2.53,1.68,-0.95,16389836
11725,0.08,-0.99,0.07,-1.13,0.76,-0.15,0.03,0.01,1.10,-2.29,1.83,-0.76,16394459
11737,0.07,-0.99,0.07,-1.19,0.79,-0.55,0.04,0.01,1.10,-2.23,1.74,-0.76,16398821
11749,0.07,-0.99,0.07,-1.43,1.22,-0.73,0.04,0.01,1.10,-2.26,1.68,-0.73,16403627
11761,0.08,-0.99,0.06,-1.16,0.92,-0.24,0.04,0.00,1.10,-2.35,1.59,-0.82,16407447
11772,0.08,-0.98,0.06,-1.25,0.95,0.06,0.04,0.00,1.10,-2.20,1.89,-0.92,16408893
11785,0.08,-0.98,0.06,-1.04,0.49,1.22,0.04,0.00,1.10,-2.11,1.77,-1.07,16407393
11797,0.08,-0.99,0.06,-0.15,0.64,1.95,0.04,0.01,1.10,-2.23,1.89,-0.79,16402612
11809,0.08,-0.99,0.07,-0.46,0.82,1.77,0.04,0.01,1.10,-2.32,1.71,-0.98,16394215
11821,0.08,-0.99,0.07,0.06,0.52,3.54,0.04,0.01,1.10,-2.41,1.59,-0.64,16383875
11833,0.07,-0.97,0.07,-2.59,0.64,2.17,0.04,0.01,1.10,-2.26,1.71,-0.76,16370594
11845,0.08,-0.97,0.07,-3.51,0.92,3.08,0.04,0.01,1.10,-2.26,1.56,-0.82,16352336
11856,0.08,-0.97,0.07,-5.22,0.70,4.88,0.04,0.01,1.10,-2.23,1.68,-0.64,16323607
11869,0.08,-0.98,0.06,-3.45,1.13,5.16,0.04,0.00,1.10,-2.20,1.65,-0.55,16279657
11881,0.07,-1.00,0.06,-1.46,1.40,6.01,0.04,0.00,1.10,-2.20,1.50,-1.13,16220592
11892,0.07,-1.00,0.06,-1.31,0.37,3.85,0.04,0.01,1.10,-2.11,1.62,-0.61,16160999
11905,0.07,-1.00,0.07,-1.53,0.61,3.42,0.04,0.01,1.10,-2.08,1.62,-0.73,16105770
11917,0.07,-0.99,0.06,0.24,1.25,-0.09,0.04,0.01,1.10,-2.26,1.71,-0.98,16066069
11929,0.07,-0.99,0.07,-1.34,0.15,0.76,0.04,0.01,1.10,-2.26,1.80,-0.49,16034747
11940,0.07,-0.99,0.06,-0.49,0.82,0.21,0.04,0.01,1.10,-2.17,1.77,-1.07,16006553
11953,0.07,-0.99,0.07,-0.89,0.98,1.59,0.04,0.01,1.10,-2.23,1.86,-0.76,15981379
11965,0.07,-0.99,0.07,-2.41,0.43,7.17,0.03,0.01,1.10,-2.47,1.77,-0.89,15958312
11976,0.06,-1.00,0.07,-1.25,0.76,1.10,0.03,0.01,1.11,-2.23,1.80,-0.85,15933442
11988,0.06,-0.99,0.07,-1.65,0.79,0.64,0.03,0.01,1.10,-2.29,1.80,-0.70,15919091
12001,0.06,-1.00,0.07,-1.68,0.70,-0.70,0.03,0.01,1.11,-2.44,2.04,-0.76,15925932
12012,0.05,-0.99,0.07,-1.34,0.76,-1.68,0.03,0.01,1.10,-2.08,2.01,-0.73,15948226
12024,0.05,-0.99,0.07,-1.22,0.37,-2.90,0.03,0.01,1.10,-2.32,1.89,-0.55,15981748
12037,0.05,-0.99,0.07,-0.85,0.37,-6.29,0.03,0.01,1.10,-2.32,1.77,-1.01,16022619
12049,0.06,-0.99,0.06,-0.73,0.43,-4.70,0.04,0.01,1.10,-2.04,1.83,-0.92,16071385
12060,0.06,-0.99,0.06,-0.21,0.70,-7.75,0.04,0.00,1.10,-2.32,1.77,-1.01,16124371
12072,0.07,-0.99,0.06,-0.95,0.37,-6.10,0.04,0.00,1.10,-2.04,1.56,-1.01,16168350
12085,0.07,-0.99,0.06,-0.27,0.76,-4.67,0.04,0.01,1.10,-2.23,1.83,-1.01,16206788
12096,0.08,-1.01,0.06,1.04,0.89,-1.71,0.04,0.01,1.10,-2.14,1.77,-0.76,16242006
12108,0.08,-1.00,0.06,0.79,0.70,-1.28,0.04,0.01,1.10,-2.35,1.65,-0.95,16275950
12121,0.08,-1.00,0.06,0.06,0.73,-0.95,0.04,0.00,1.10,-2.11,1.86,-0.92,16308905
12132,0.08,-0.99,0.06,-0.76,0.89,-1.07,0.04,0.00,1.10,-2.14,1.53,-0.98,16337689
12144,0.08,-0.98,0.07,-1.77,0.92,-2.11,0.05,0.01,1.10,-2.44,1.86,-0.85,16360536
12156,0.08,-0.98,0.07,-1.50,1.19,-2.14,0.04,0.01,1.10,-1.95,1.77,-1.13,16377322
12168,0.08,-0.98,0.07,-1.83,0.70,-2.11,0.04,0.01,1.10,-2.17,1.98,-0.70,16389546
12180,0.07,-0.98,0.07,-1.43,1.01,-2.08,0.04,0.01,1.10,-2.23,1.77,-0.85,16398355
12192,0.07,-0.99,0.07,-1.28,0.82,-2.29,0.03,0.01,1.10,-2.20,1.65,-0.85,16403471
12205,0.07,-0.99,0.07,-1.04,0.95,-0.76,0.03,0.01,1.10,-2.17,1.86,-0.92,16407165
12216,0.07,-0.99,0.07,-1.40,0.92,-0.67,0.03,0.01,1.10,-2.08,1.53,-0.95,16410591
12228,0.07,-0.99,0.07,-1.07,0.55,-0.49,0.03,0.01,1.10,-2.20,1.71,-0.85,16413646
12240,0.07,-0.99,0.07,-1.19,0.49,-0.27,0.04,0.01,1.10,-2.41,1.77,-0.76,16416032
12252,0.08,-0.99,0.07,-1.10,0.67,-0.09,0.04,0.01,1.10,-2.29,1.65,-0.64,16417795
12264,0.08,-0.99,0.07,-1.04,0.76,-0.06,0.04,0.01,1.10,-2.23,1.80,-0.73,16418676
12276,0.08,-0.99,0.07,-1.43,0.46,0.12,0.04,0.01,1.10,-2.53,1.74,-0.70,16418086
12288,0.08,-0.99,0.07,-0.64,0.73,0.98,0.04,0.01,1.10,-2.17,1.86,-0.64,16414916
12300,0.08,-0.99,0.06,-0.46,0.55,2.20,0.04,0.01,1.10,-2.32,1.74,-0.70,16409177
12312,0.08,-0.99,0.06,-0.27,0.82,2.32,0.04,0.01,1.10,-2.35,1.62,-0.95,16399816
12324,0.08,-0.98,0.06,-1.83,0.49,4.18,0.04,0.01,1.10,-2.17,1.74,-0.85,16385118
12336,0.08,-0.97,0.07,-4.43,0.46,3.97,0.04,0.01,1.10,-2.41,1.77,-1.01,16362650
12348,0.07,-0.98,0.07,-3.85,0.89,2.50,0.04,0.01,1.10,-2.29,1.62,-0.82,16328746
12360,0.08,-0.98,0.07,-3.81,0.58,5.04,0.03,0.01,1.09,-1.92,1.40,-0.61,16286668
12371,0.07,-1.00,0.06,-0.24,1.40,3.94,0.03,0.01,1.10,-2.23,1.59,-0.79,16233971
12384,0.08,-1.00,0.06,-0.76,1.53,8.18,0.03,0.01,1.10,-2.29,1.80,-0.73,16174445
12396,0.07,-1.00,0.06,-0.89,1.16,4.82,0.04,0.01,1.10,-2.35,1.83,-0.79,16118975
12407,0.07,-1.00,0.06,-1.77,0.58,4.73,0.04,0.00,1.10,-2.20,1.80,-0.98,16067623
12420,0.07,-0.99,0.06,-0.61,1.01,0.67,0.05,0.00,1.10,-2.29,1.86,-0.73,16023722
12432,0.07,-0.99,0.06,-0.27,0.79,-0.55,0.05,0.00,1.11,-2.38,1.74,-0.37,15988784
12443,0.07,-0.99,0.07,-0.76,0.58,-0.89,0.04,0.00,1.10,-2.17,1.83,-0.82,15968645
12455,0.06,-0.99,0.07,-0.31,1.01,0.24,0.04,0.01,1.10,-2.14,1.80,-1.04,15951164
12468,0.07,-1.00,0.07,-1.77,0.76,1.40,0.04,0.01,1.10,-2.41,1.68,-0.73,15931189
12480,0.06,-1.00,0.07,-2.08,0.49,0.64,0.04,0.01,1.10,-2.17,1.89,-0.70,15917632
12491,0.06,-0.99,0.07,-1.31,0.89,-0.79,0.04,0.01,1.10,-2.23,1.89,-1.07,15921553
12504,0.06,-0.99,0.07,-1.34,0.70,-2.59,0.03,0.01,1.10,-2.20,1.92,-0.79,15943659
12516,0.04,-0.99,0.07,-0.37,0.46,-8.85,0.03,0.01,1.10,-2.38,1.86,-0.67,15977589
12527,0.05,-0.99,0.07,-0.49,0.70,-6.38,0.03,0.01,1.10,-2.14,1.98,-0.73,16021189
12539,0.05,-0.99,0.07,-1.43,0.46,-4.64,0.03,0.01,1.10,-2.47,1.71,-0.92,16069759
12552,0.06,-0.99,0.07,-1.13,0.58,-2.87,0.03,0.01,1.10,-2.47,1.62,-0.76,16112068
12563,0.07,-0.99,0.07,-1.56,0.46,-3.97,0.04,0.01,1.10,-2.47,1.77,-0.73,16151175
12575,0.07,-0.99,0.07,-1.43,0.55,-3.51,0.04,0.00,1.10,-2.35,1.95,-0.92,16192033
12588,0.08,-1.02,0.06,2.20,1.04,-2.59,0.04,0.00,1.10,-2.35,1.74,-0.85,16236636
12599,0.09,-1.00,0.06,0.64,0.58,-1.04,0.05,-0.00,1.10,-2.26,1.80,-0.95,16282747
12611,0.08,-1.00,0.06,-0.21,0.49,-2.59,0.05,-0.00,1.10,-2.11,1.95,-0.85,16326931
12623,0.08,-0.97,0.07,-3.60,0.37,-4.21,0.04,0.00,1.10,-2.38,2.08,-0.98,16362887
12636,0.07,-0.98,0.06,-2.50,1.53,-5.49,0.04,0.00,1.10,-2.35,1.53,-0.73,16391554
12647,0.08,-0.98,0.07,-3.14,1.22,-3.02,0.04,0.00,1.10,-2.29,1.62,-0.70,16411061
12659,0.08,-0.99,0.06,0.15,1.10,-0.55,0.04,0.01,1.10,-2.50,1.59,-0.95,16421398
12672,0.07,-0.98,0.07,-2.38,0.92,-1.62,0.04,0.01,1.10,-2.35,2.01,-0.79,16427159
12683,0.08,-0.98,0.07,-1.43,0.73,0.34,0.04,0.02,1.10,-2.23,1.77,-0.82,16433399
12695,0.07,-0.98,0.07,-0.73,0.64,-0.27,0.03,0.02,1.10,-2.53,1.86,-0.67,16436703
12707,0.07,-0.98,0.07,-2.04,0.58,-1.04,0.03,0.02,1.10,-2.47,1.74,-0.70,16438983
12719,0.08,-0.99,0.07,-0.27,1.04,-0.03,0.03,0.01,1.10,-2.35,1.68,-0.82,16439145
12731,0.07,-0.98,0.07,-1.65,0.79,-0.76,0.04,0.01,1.10,-2.17,2.04,-1.04,16438601
12743,0.08,-0.99,0.06,-0.70,1.13,-0.12,0.04,0.00,1.10,-2.08,1.92,-0.76,16438806
12755,0.08,-0.99,0.06,-1.40,0.76,-0.31,0.04,0.00,1.10,-2.23,1.74,-1.01,16438232
12767,0.08,-0.99,0.06,-1.10,0.73,-0.03,0.04,0.00,1.10,-2.23,2.01,-1.04,16438496
12779,0.08,-0.99,0.06,-1.04,0.92,-0.27,0.04,0.00,1.10,-2.32,1.77,-1.07,16438210
12791,0.08,-0.99,0.06,-1.53,0.95,-0.49,0.04,0.00,1.10,-2.14,1.56,-0.73,16438253
12803,0.08,-0.99,0.06,-0.76,0.89,-0.12,0.04,0.01,1.10,-2.17,1.74,-0.92,16438255
12815,0.08,-0.99,0.07,-1.89,0.52,-0.21,0.04,0.01,1.10,-2.29,1.59,-0.92,16438089
12827,0.07,-0.99,0.07,-0.92,1.01,-0.15,0.03,0.01,1.10,-2.08,1.92,-1.04,16438047
12838,0.07,-0.99,0.07,-1.37,1.07,-0.37,0.03,0.01,1.10,-2.17,1.68,-0.67,16437828
12851,0.07,-0.99,0.07,-1.19,0.70,-0.21,0.03,0.01,1.10,-2.44,1.77,-0.76,16438029
12863,0.07,-0.99,0.07,-1.22,0.61,-0.43,0.04,0.01,1.10,-2.32,1.68,-0.92,16437862
12874,0.08,-0.99,0.07,-1.37,0.85,-0.12,0.04,0.01,1.10,-2.26,1.71,-0.92,16437983
12887,0.08,-0.99,0.06,-1.01,1.01,-0.24,0.04,0.01,1.10,-2.14,1.83,-0.64,16437853
12899,0.08,-0.99,0.06,-1.56,1.16,-0.21,0.04,0.00,1.10,-2.23,1.74,-1.07,16437781
12911,0.08,-0.99,0.06,-1.10,0.92,-0.15,0.04,0.00,1.10,-2.35,1.80,-0.85,16437885
12922,0.08,-0.99,0.06,-1.37,0.76,-0.12,0.04,0.01,1.10,-2.56,1.65,-0.98,16437682
12935,0.08,-0.99,0.06,-1.19,1.01,-0.31,0.04,0.01,1.10,-2.01,1.77,-0.73,16437647
12947,0.08,-0.99,0.07,-1.25,0.79,-0.21,0.04,0.01,1.10,-2.29,1.74,-0.85,16437554
12958,0.08,-0.99,0.07,-1.10,0.82,-0.18,0.04,0.01,1.10,-2.32,1.65,-1.01,16437743
12971,0.08,-0.99,0.07,-0.92,0.76,-0.06,0.04,0.01,1.10,-2.08,1.95,-0.89,16437689
12983,0.07,-0.99,0.07,-1.43,0.79,-0.12,0.04,0.01,1.10,-2.32,1.71,-0.70,16437726
12994,0.07,-0.99,0.07,-1.22,0.95,-0.27,0.04,0.01,1.10,-2.26,1.71,-0.76,16437655
13006,0.07,-0.99,0.07,-1.22,0.82,-0.21,0.04,0.01,1.10,-2.32,1.56,-0.89,16437646
13019,0.08,-0.99,0.07,-1.07,1.04,-0.18,0.04,0.01,1.10,-2.56,1.56,-0.89,16437535
13031,0.08,-0.99,0.07,-1.07,0.85,-0.15,0.04,0.01,1.10,-2.41,1.59,-0.92,16437293
13042,0.08,-0.99,0.06,-1.25,0.79,0.03,0.04,0.01,1.10,-2.44,1.98,-0.85,16437423
13054,0.08,-0.99,0.06,-1.28,0.82,-0.06,0.04,0.01,1.10,-2.35,1.65,-0.73,16437366
13067,0.08,-0.99,0.07,-1.59,0.85,-0.31,0.04,0.01,1.10,-2.17,1.46,-0.89,16437416
13078,0.08,-0.99,0.07,-1.07,0.95,-0.12,0.04,0.01,1.10,-2.50,1.68,-0.61,16437489
13090,0.08,-0.99,0.07,-1.22,0.82,-0.34,0.04,0.01,1.10,-2.26,1.92,-0.76,16437512
13103,0.08,-0.99,0.07,-1.10,0.89,-0.12,0.04,0.01,1.10,-2.20,1.46,-0.73,16437396
13114,0.07,-0.99,0.07,-1.28,0.95,-0.34,0.04,0.01,1.10,-2.29,1.77,-0.98,16437347
13126,0.08,-0.99,0.07,-1.13,0.61,-0.18,0.04,0.01,1.10,-2.29,1.65,-0.76,16437466
13138,0.08,-0.99,0.07,-1.34,0.92,-0.27,0.04,0.01,1.10,-2.26,1.80,-0.82,16437398
13150,0.08,-0.99,0.07,-1.07,0.95,0.12,0.04,0.01,1.10,-2.41,1.56,-1.13,16437301
13162,0.08,-0.99,0.07,-0.85,0.89,-0.49,0.04,0.01,1.10,-2.14,1.59,-0.82,16437366
13174,0.08,-0.99,0.07,-1.19,0.43,-0.12,0.04,0.01,1.10,-2.38,1.59,-0.76,16437412
13187,0.08,-0.99,0.07,-1.07,0.92,-0.06,0.04,0.01,1.10,-2.14,1.83,-0.76,16437391
13198,0.08,-0.99,0.07,-1.25,1.10,-0.27,0.04,0.01,1.10,-2.47,1.92,-0.79,16437427
13210,0.08,-0.99,0.06,-1.43,0.82,0.06,0.04,0.01,1.10,-2.08,1.74,-0.95,16437482
13222,0.08,-0.99,0.07,-1.16,0.73,-0.21,0.04,0.01,1.10,-2.26,1.83,-0.70,16437276
13234,0.08,-0.99,0.07,-1.16,0.49,-0.37,0.04,0.01,1.10,-2.23,1.65,-0.85,16437027
13246,0.08,-0.99,0.07,-1.40,0.70,-0.18,0.04,0.01,1.10,-2.38,1.53,-0.79,16437100
13258,0.08,-0.99,0.07,-1.19,0.85,0.00,0.04,0.01,1.10,-2.29,1.83,-0.76,16437108
13270,0.08,-0.99,0.07,-1.31,0.76,0.00,0.04,0.01,1.10,-2.23,1.59,-0.73,16437221
13282,0.08,-0.99,0.07,-1.25,0.70,-0.15,0.04,0.01,1.10,-2.26,1.83,-0.73,16437316
13294,0.08,-0.99,0.07,-1.13,1.07,0.06,0.04,0.01,1.10,-2.32,1.77,-1.01,16437434
13306,0.08,-0.99,0.07,-1.13,0.67,-0.27,0.04,0.01,1.10,-2.35,1.65,-0.92,16437286
13318,0.08,-0.99,0.07,-1.25,0.64,-0.24,0.04,0.01,1.10,-2.26,1.77,-1.01,16437213
13330,0.08,-0.99,0.06,-1.13,0.89,0.00,0.04,0.01,1.10,-2.20,1.65,-0.79,16437299
13342,0.08,-0.99,0.06,-1.28,0.79,-0.09,0.04,0.01,1.10,-2.32,1.74,-0.85,16437277
13353,0.08,-0.99,0.07,-1.37,0.82,-0.15,0.04,0.01,1.10,-2.29,1.71,-1.04,16437325
13366,0.08,-0.99,0.07,-1.31,0.73,-0.06,0.04,0.01,1.10,-2.38,1.74,-0.92,16437329
13378,0.08,-0.99,0.07,-1.13,0.55,-0.37,0.04,0.01,1.10,-2.47,1.59,-0.85,16437251
13389,0.08,-0.99,0.07,-1.40,0.73,-0.34,0.04,0.01,1.10,-2.29,1.68,-0.61,16437125
13402,0.08,-0.99,0.07,-1.34,0.92,-0.15,0.04,0.01,1.10,-2.11,1.59,-0.64,16437095
13414,0.08,-0.99,0.07,-1.10,0.89,-0.18,0.04,0.01,1.10,-2.35,1.74,-0.89,16437160
13426,0.08,-0.99,0.07,-1.16,0.67,-0.24,0.04,0.01,1.10,-2.23,1.80,-0.89,16437321
13437,0.08,-0.99,0.07,-1.37,0.79,-0.24,0.04,0.01,1.10,-2.29,1.77,-0.92,16437086
13450,0.08,-0.99,0.07,-1.19,0.89,-0.15,0.04,0.01,1.10,-2.47,1.65,-0.64,16437177
13462,0.08,-0.99,0.07,-1.28,0.79,0.06,0.04,0.01,1.10,-2.26,1.89,-0.76,16437243
13473,0.08,-0.99,0.07,-1.31,0.43,-0.12,0.04,0.01,1.10,-2.29,1.83,-0.85,16437101
13486,0.08,-0.99,0.07,-1.04,0.61,-0.18,0.04,0.01,1.10,-2.23,1.83,-0.73,16437074
13498,0.08,-0.99,0.07,-1.37,0.61,-0.24,0.04,0.01,1.10,-2.14,1.77,-0.85,16437118
13509,0.08,-0.99,0.07,-1.16,0.79,-0.49,0.04,0.01,1.10,-2.04,1.46,-0.95,16437039
13521,0.08,-0.99,0.07,-1.22,0.61,-0.40,0.04,0.01,1.10,-2.26,1.74,-0.67,16436935
13534,0.08,-0.99,0.07,-1.31,0.55,-0.31,0.04,0.01,1.10,-2.38,1.89,-1.01,16437032
13545,0.08,-0.99,0.07,-1.37,0.89,-0.34,0.04,0.01,1.10,-2.41,1.83,-0.85,16436970
13557,0.08,-0.99,0.07,-1.28,0.61,-0.15,0.04,0.01,1.10,-2.04,1.74,-0.79,16437075
13570,0.08,-0.99,0.07,-1.34,0.58,-0.31,0.04,0.01,1.10,-2.29,1.83,-0.82,16437259
13582,0.08,-0.99,0.07,-1.34,0.70,-0.06,0.04,0.01,1.10,-2.32,1.86,-0.92,16437246
13593,0.08,-0.99,0.07,-1.04,0.70,-0.21,0.04,0.01,1.10,-2.32,1.77,-1.10,16437114
13605,0.08,-0.99,0.07,-1.04,0.89,-0.24,0.04,0.01,1.10,-2.17,1.68,-0.85,16437041
13618,0.08,-0.99,0.07,-1.22,0.79,0.12,0.04,0.01,1.10,-1.95,1.68,-0.98,16437091
13629,0.08,-0.99,0.07,-1.46,0.76,-0.06,0.04,0.01,1.10,-2.32,1.80,-0.89,16437155
13641,0.08,-0.99,0.07,-1.50,0.49,-0.06,0.04,0.01,1.10,-2.26,1.68,-0.82,16437154
13654,0.08,-0.99,0.07,-1.28,0.85,-0.21,0.04,0.01,1.10,-2.32,1.62,-0.73,16437156
13665,0.08,-0.99,0.07,-1.31,0.98,-0.12,0.04,0.01,1.10,-2.38,1.71,-0.76,16437119
13677,0.08,-0.99,0.07,-1.28,0.46,-0.18,0.04,0.01,1.10,-1.98,1.74,-1.13,16437113
13689,0.08,-0.99,0.07,-1.31,0.67,-0.37,0.04,0.01,1.10,-2.20,1.62,-0.92,16437125
13702,0.08,-0.99,0.07,-0.98,0.82,-0.21,0.04,0.01,1.10,-2.20,1.86,-0.85,16437095
13713,0.08,-0.99,0.07,-1.13,0.85,-0.03,0.04,0.01,1.10,-2.17,2.01,-0.79,16437039
13725,0.08,-0.99,0.07,-1.10,0.76,-0.24,0.04,0.01,1.10,-2.11,1.65,-0.52,16436969
13737,0.08,-0.99,0.06,-1.43,0.79,-0.21,0.04,0.01,1.10,-2.44,1.68,-1.16,16436775
13749,0.08,-0.99,0.07,-1.13,0.76,-0.18,0.04,0.01,1.10,-2.41,1.68,-1.01,16436985
13761,0.08,-0.99,0.07,-1.13,0.67,-0.21,0.04,0.01,1.10,-2.35,1.86,-0.61,16437130
13773,0.08,-0.99,0.07,-1.37,0.76,-0.34,0.04,0.01,1.10,-2.26,1.71,-0.89,16437067
13785,0.08,-0.99,0.07,-1.34,0.76,-0.12,0.04,0.01,1.10,-2.35,1.77,-0.95,16437022
13797,0.08,-0.99,0.07,-1.22,0.85,-0.21,0.04,0.01,1.10,-2.17,1.62,-0.76,16436930
13809,0.08,-0.99,0.07,-1.19,0.70,-0.12,0.04,0.01,1.10,-2.32,1.68,-0.58,16436979
13821,0.08,-0.99,0.07,-1.19,0.92,-0.06,0.04,0.01,1.10,-2.17,1.59,-0.58,16436986
13833,0.08,-0.99,0.07,-1.62,0.46,-0.27,0.04,0.01,1.10,-2.29,1.83,-0.79,16436871
13845,0.08,-0.99,0.07,-1.07,0.70,-0.27,0.04,0.01,1.10,-2.23,1.62,-0.82,16436401
13857,0.08,-0.99,0.07,-1.65,0.95,-0.61,0.04,0.01,1.10,-2.23,1.65,-0.79,16435707
13869,0.08,-0.99,0.07,-1.01,0.58,-0.09,0.04,0.01,1.10,-2.20,1.56,-0.55,16435792
13881,0.08,-0.99,0.07,-1.56,0.70,-0.24,0.04,0.01,1.10,-2.11,1.68,-0.73,16435529
13893,0.08,-0.99,0.07,-1.65,0.82,-0.34,0.04,0.01,1.10,-2.20,1.56,-0.64,16435498
13904,0.08,-0.99,0.07,-1.13,0.55,0.12,0.04,0.01,1.10,-2.32,1.80,-0.76,16434856
13917,0.08,-0.99,0.07,-1.46,0.70,0.18,0.04,0.01,1.10,-2.11,1.71,-0.73,16434005
13929,0.08,-0.99,0.07,-1.04,0.70,-0.12,0.04,0.01,1.10,-2.17,2.04,-0.89,16433540
13940,0.08,-0.99,0.07,-1.46,0.85,-0.27,0.04,0.01,1.10,-2.20,1.74,-0.70,16433036
13953,0.08,-0.99,0.07,-1.19,0.64,-0.21,0.04,0.01,1.10,-2.11,1.86,-0.79,16432960
13965,0.08,-0.99,0.06,-1.25,0.92,-0.12,0.04,0.01,1.10,-1.80,1.77,-0.89,16432811
13977,0.08,-0.99,0.07,-1.37,0.89,-0.12,0.04,0.01,1.10,-2.17,1.86,-1.01,16432891
13988,0.08,-0.99,0.07,-0.95,0.79,-0.27,0.04,0.01,1.10,-2.32,1.80,-0.73,16433019
14001,0.08,-0.99,0.07,-1.56,0.70,-0.09,0.04,0.01,1.10,-2.38,1.68,-0.70,16432979
14013,0.08,-0.99,0.07,-1.46,0.61,-0.06,0.04,0.01,1.10,-2.23,1.74,-1.13,16432715
14024,0.08,-0.99,0.07,-1.65,0.89,-0.34,0.04,0.01,1.10,-2.26,1.83,-1.13,16432129
14036,0.08,-0.99,0.07,-2.32,0.55,-0.31,0.04,0.01,1.10,-2.26,2.14,-1.04,16430973
14049,0.08,-0.99,0.07,-1.68,0.55,0.09,0.04,0.01,1.10,-2.17,1.68,-0.34,16428626
