time,faccx,faccy,faccz,fgyrx,fgyry,fgyrz,saccx,saccy,saccz,sgyrx,sgyry,sgyrz,load
1227781,0.05,1.02,0.08,-2.62,2.17,-0.76,0.03,1.01,0.05,1.07,-1.86,0.46,16641388
1227793,0.05,1.02,0.08,-2.72,1.59,-1.46,0.04,1.01,0.05,0.76,-0.76,-0.18,16638249
1227804,0.05,1.02,0.08,-4.97,2.78,-1.56,0.04,1.01,0.04,0.92,-0.58,-0.31,16638036
1227816,0.05,1.02,0.08,-4.58,2.99,-1.34,0.04,1.01,0.04,-0.21,-0.31,-0.64,16641716
1227828,0.04,1.03,0.08,-3.45,4.64,-1.13,0.03,1.01,0.04,-0.12,-0.79,-0.24,16639752
1227840,0.05,1.03,0.08,-2.75,4.79,-1.28,0.03,1.01,0.04,0.31,-2.17,-0.03,16637309
1227851,0.05,1.03,0.09,-2.17,3.72,-1.34,0.03,1.01,0.04,1.04,-2.59,0.03,16636120
1227863,0.06,1.03,0.09,-2.01,2.35,-1.53,0.04,1.01,0.03,-4.33,2.38,-3.85,16638001
1227875,0.06,1.03,0.10,-2.01,2.01,-1.04,0.04,1.00,0.03,5.68,-1.83,0.43,16640836
1227886,0.05,1.02,0.10,-2.81,2.44,-1.37,0.03,1.01,0.04,0.00,-0.55,-2.08,16638752
1227898,0.05,1.02,0.11,-2.62,2.50,-1.25,0.04,1.01,0.04,-0.31,0.46,-1.25,16637526
1227910,0.05,1.02,0.10,-2.35,1.95,-1.07,0.03,1.01,0.04,-1.68,-0.03,-2.04,16639056
1227922,0.05,1.02,0.10,-2.20,1.89,-1.37,0.04,1.01,0.04,-0.98,0.03,-1.98,16638352
1227933,0.05,1.02,0.10,-1.68,2.08,-1.25,0.03,1.01,0.05,-1.25,0.43,-2.62,16637213
1227945,0.05,1.02,0.10,-1.95,2.08,-1.04,0.03,1.01,0.05,-1.13,0.58,-2.20,16639164
1227957,0.06,1.02,0.10,-2.99,1.53,-1.28,0.03,1.01,0.04,-0.37,0.34,-0.85,16638987
1227968,0.06,1.02,0.10,-2.84,1.77,-1.25,0.03,1.01,0.04,-0.12,0.03,0.34,16639539
1227980,0.06,1.02,0.10,-2.50,2.14,-1.50,0.03,1.01,0.04,-0.03,-1.22,1.68,16642192
1227992,0.05,1.02,0.10,-2.14,2.14,-1.43,0.03,1.01,0.04,-0.09,-2.14,1.74,16641871
1228004,0.05,1.02,0.10,-2.08,2.26,-1.59,0.04,1.01,0.04,0.31,-2.44,0.82,16640311
1228015,0.05,1.02,0.10,-2.75,1.95,-1.43,0.05,1.02,0.03,0.52,1.80,-4.06,16641639
1228027,0.05,1.02,0.10,-2.26,2.14,-1.13,0.03,1.01,0.03,2.90,-1.92,-3.57,16641501
1228039,0.04,1.02,0.10,-2.50,2.20,-0.95,0.03,1.02,0.04,2.75,-0.76,-5.10,16639397
1228051,0.04,1.02,0.10,-2.72,2.01,-0.79,0.03,1.02,0.04,0.73,-0.27,-6.07,16639246
1228062,0.05,1.02,0.10,-2.44,2.08,-1.13,0.04,1.02,0.04,-1.16,0.76,-5.19,16640140
1228075,0.05,1.02,0.10,-1.77,1.83,-0.98,0.04,1.01,0.04,-2.26,1.77,-4.09,16637836
1228086,0.05,1.02,0.10,-1.89,1.92,-1.10,0.03,1.01,0.04,-1.83,1.80,-3.75,16639093
1228097,0.05,1.02,0.10,-1.83,2.08,-1.07,0.03,1.01,0.04,-0.82,2.56,-1.53,16638463
1228109,0.06,1.02,0.09,-2.72,1.98,-1.13,0.03,1.01,0.04,-1.07,2.29,0.40,16637934
1228121,0.06,1.02,0.09,-3.17,2.01,-1.07,0.03,1.01,0.04,-1.19,1.83,1.53,16638789
1228133,0.06,1.02,0.09,-2.66,1.56,-1.22,0.03,1.01,0.04,-1.31,0.92,2.01,16638378
1228144,0.06,1.03,0.09,-2.26,1.68,-1.56,0.03,1.01,0.04,-0.73,0.37,1.43,16635416
1228156,0.05,1.03,0.10,-1.92,1.89,-1.34,0.03,1.01,0.04,-0.34,-0.15,-0.06,16635479
1228168,0.05,1.02,0.09,-2.23,2.04,-1.46,0.03,1.01,0.04,-0.73,-0.85,-1.40,16638397
1228180,0.05,1.02,0.09,-2.62,2.08,-1.40,0.03,1.01,0.04,-0.55,-0.40,-2.11,16637945
1228191,0.05,1.02,0.09,-2.56,2.17,-1.13,0.03,1.01,0.04,-0.03,-0.73,-2.20,16636474
1228203,0.05,1.02,0.09,-2.35,2.44,-1.34,0.03,1.01,0.04,-0.37,0.03,-2.17,16636945
1228215,0.05,1.02,0.08,-3.72,2.87,-1.22,0.03,1.01,0.04,-1.13,1.04,-2.14,16634482
1228226,0.05,1.02,0.08,-4.49,3.27,-1.31,0.03,1.01,0.04,-2.23,1.95,-1.95,16635991
1228238,0.05,1.02,0.08,-3.66,3.17,-1.01,0.03,1.01,0.04,-2.38,2.75,-1.50,16636339
1228250,0.05,1.03,0.09,-2.50,3.02,-1.13,0.03,1.01,0.04,-2.41,3.51,-1.25,16634490
1228262,0.05,1.03,0.09,-1.68,3.60,-1.07,0.03,1.01,0.04,-3.17,3.91,-1.50,16631271
1228273,0.04,1.03,0.10,-1.65,4.64,-1.10,0.03,1.01,0.04,-3.23,3.51,-1.95,16628663
1228285,0.04,1.03,0.10,-1.10,5.62,-1.22,0.03,1.01,0.04,-3.17,3.14,-1.86,16627973
1228297,0.04,1.02,0.10,-1.56,6.96,-1.10,0.03,1.01,0.04,-2.56,2.69,-1.95,16632148
1228309,0.04,1.02,0.09,-3.36,7.81,-0.92,0.03,1.01,0.04,-2.41,1.83,-0.92,16630301
1228320,0.04,1.02,0.08,-4.55,8.12,-0.95,0.03,1.01,0.04,-1.89,0.95,-0.89,16629066
1228332,0.05,1.02,0.07,-5.19,8.24,-1.01,0.03,1.01,0.04,-1.22,0.03,-0.31,16627686
1228344,0.05,1.02,0.07,-4.79,7.72,-1.16,0.02,1.01,0.04,-0.58,-1.01,-0.40,16623365
1228355,0.06,1.03,0.10,-1.98,7.45,-1.65,0.02,1.01,0.03,-0.12,-2.35,-0.64,16620787
1228367,0.06,1.04,0.12,0.79,6.68,-1.22,0.02,1.01,0.04,0.67,-1.56,-0.64,16622548
1228379,0.06,1.03,0.11,0.37,5.58,-1.22,0.02,1.01,0.04,0.82,-2.01,-1.56,16622604
1228391,0.06,1.03,0.11,0.92,5.10,-1.77,0.03,1.01,0.04,0.06,-1.43,-1.92,16618892
1228402,0.06,1.03,0.10,0.85,4.52,-0.98,0.03,1.01,0.04,-0.46,-0.34,-1.28,16618810
1228414,0.05,1.04,0.10,1.80,4.55,-0.61,0.03,1.01,0.04,-1.46,0.82,-0.95,16615531
1228426,0.05,1.04,0.11,3.39,4.27,-1.01,0.03,1.01,0.04,-2.11,1.46,-0.31,16613661
1228437,0.05,1.04,0.10,4.27,4.55,-0.55,0.04,1.01,0.04,-1.98,2.11,-0.21,16612076
1228449,0.05,1.04,0.10,4.33,4.82,1.22,0.03,1.01,0.04,-2.38,2.72,-0.52,16609192
1228461,0.05,1.06,0.09,6.04,4.46,3.23,0.03,1.01,0.05,-2.75,3.36,-0.70,16609976
1228473,0.06,1.08,0.10,9.61,3.85,3.94,0.03,1.01,0.05,-2.93,3.36,-0.73,16609753
1228484,0.07,1.12,0.10,13.79,2.66,5.52,0.03,1.01,0.05,-3.20,3.48,-0.21,16608818
1228496,0.07,1.15,0.10,17.61,2.38,7.17,0.03,1.01,0.04,-3.11,3.08,0.21,16607235
1228508,0.05,1.17,0.10,21.91,3.94,8.12,0.03,1.01,0.04,-2.62,2.53,0.37,16609999
1228520,0.04,1.18,0.09,24.90,5.92,8.82,0.03,1.01,0.04,-2.17,2.23,0.24,16609437
1228531,0.03,1.19,0.08,28.02,7.72,8.21,0.03,1.01,0.04,-1.89,1.68,0.37,16609706
1228544,0.02,1.20,0.08,31.13,9.28,5.40,0.03,1.01,0.04,-1.53,0.85,-0.27,16613842
1228555,0.02,1.20,0.07,34.52,10.13,1.95,0.03,1.01,0.04,-0.76,0.76,-0.64,16613469
1228566,0.03,1.20,0.07,37.81,9.98,-1.53,0.03,1.01,0.04,-1.65,-1.10,-1.50,16607661
1228578,0.04,1.20,0.07,40.62,9.43,-3.91,0.03,1.01,0.04,-1.16,-0.03,-0.82,16609051
1228590,0.06,1.18,0.06,41.96,7.51,-3.69,0.03,1.01,0.04,-2.17,-0.15,-1.16,16609910
1228602,0.06,1.17,0.06,43.06,7.39,-2.59,0.03,1.01,0.04,-1.46,0.92,-0.37,16607515
1228613,0.06,1.15,0.05,44.31,7.48,-2.08,0.03,1.01,0.04,-2.20,-0.03,-0.64,16607798
1228625,0.06,1.14,0.05,46.69,8.73,-1.53,0.03,1.01,0.04,-0.95,1.19,-0.61,16607886
1228637,0.05,1.12,0.04,48.40,9.61,-0.37,0.03,1.01,0.04,-0.70,2.41,0.00,16608380
1228649,0.05,1.11,0.03,49.44,10.53,2.44,0.03,1.01,0.04,-1.04,2.08,0.37,16609352
1228660,0.05,1.08,0.01,50.32,10.44,4.52,0.03,1.01,0.04,-1.50,1.50,0.09,16609677
1228672,0.07,1.07,-0.00,51.03,8.27,4.61,0.03,1.01,0.04,-1.40,1.16,-0.34,16610251
1228684,0.10,1.07,-0.01,53.96,4.39,0.21,0.03,1.01,0.04,-1.10,1.19,-0.55,16608885
1228695,0.13,1.07,-0.01,57.56,0.27,-4.79,0.03,1.01,0.04,-0.98,1.16,-1.37,16609676
1228707,0.14,1.06,-0.01,59.66,-1.50,-8.45,0.03,1.01,0.04,-1.34,0.89,-1.77,16608918
1228719,0.11,1.04,-0.02,60.15,-0.49,-8.21,0.03,1.01,0.04,-6.41,4.61,-1.65,16610141
1228731,0.08,1.01,-0.03,58.75,2.62,-4.06,0.03,1.02,0.04,-14.62,8.21,-1.22,16609756
1228742,0.06,0.98,-0.06,55.94,5.13,1.98,0.03,1.01,0.04,-10.38,5.25,-1.22,16607236
1228754,0.05,0.96,-0.08,53.62,5.83,3.57,0.03,1.01,0.05,-5.16,3.66,-0.89,16609142
1228766,0.07,0.97,-0.08,54.26,5.13,2.62,0.03,1.01,0.05,-2.44,1.77,-1.07,16608575
1228778,0.08,0.97,-0.09,54.69,3.36,0.06,0.03,1.01,0.05,-2.01,2.04,-1.16,16608887
1228789,0.09,0.97,-0.11,53.83,2.62,-2.53,0.03,1.01,0.05,-1.43,2.29,-0.92,16607506
1228801,0.09,0.98,-0.12,54.14,2.84,-6.01,0.03,1.01,0.05,-1.92,2.38,-0.70,16608464
1228813,0.09,0.98,-0.13,54.69,2.59,-8.51,0.03,1.01,0.05,-2.01,2.56,-0.70,16611688
1228824,0.09,0.99,-0.14,55.51,1.62,-11.02,0.03,1.01,0.05,-3.39,1.95,-0.79,16608303
1228836,0.10,0.99,-0.15,57.40,0.58,-10.68,0.03,1.01,0.05,-5.00,2.29,-0.21,16607723
1228848,0.10,0.99,-0.16,58.32,-0.46,-8.39,0.03,1.01,0.06,-5.92,2.78,0.27,16610460
1228860,0.09,0.98,-0.17,57.19,0.49,-5.13,0.03,1.01,0.05,-6.41,1.46,-0.15,16611163
1228871,0.07,0.96,-0.19,54.35,1.31,-1.16,0.03,1.01,0.06,-6.32,2.44,0.37,16611608
1228883,0.06,0.95,-0.21,53.04,2.84,-0.92,0.03,1.01,0.06,-6.65,2.38,-0.52,16610595
1228895,0.05,0.96,-0.22,53.96,3.88,-2.50,0.03,1.01,0.06,-6.13,2.62,-0.98,16608776
1228907,0.05,0.97,-0.22,55.48,5.49,-4.82,0.03,1.01,0.06,-5.19,2.20,-1.68,16607644
1228918,0.04,0.97,-0.23,55.97,6.59,-4.97,0.03,1.01,0.06,-4.27,2.47,-1.80,16611422
1228930,0.04,0.95,-0.25,55.88,7.84,-2.59,0.03,1.01,0.06,-3.51,1.71,-2.96,16612598
1228942,0.04,0.94,-0.27,54.26,7.51,0.49,0.03,1.01,0.06,-2.44,1.53,-3.45,16609828
1228953,0.05,0.93,-0.27,54.20,6.41,2.47,0.03,1.01,0.05,-2.41,1.43,-4.00,16608300
1228965,0.06,0.91,-0.28,52.70,4.49,4.61,0.03,1.01,0.06,-2.35,1.83,-5.77,16607889
1228977,0.07,0.87,-0.29,48.77,3.14,4.91,0.02,1.02,0.06,-4.06,2.26,-8.00,16607981
1228989,0.08,0.83,-0.30,42.14,2.23,4.43,0.02,1.02,0.06,-5.00,2.17,-12.30,16610210
1229000,0.07,0.77,-0.33,32.68,1.65,3.05,0.01,1.02,0.06,-5.19,2.01,-16.54,16607673
1229012,0.07,0.73,-0.35,23.56,1.50,-0.03,0.01,1.03,0.06,-14.50,8.03,-21.91,16605620
1229024,0.07,0.70,-0.35,15.01,1.13,-4.24,0.01,1.02,0.06,-2.96,0.37,-24.93,16607387
1229035,0.08,0.69,-0.36,7.23,0.12,-7.42,0.01,1.02,0.06,-2.47,1.13,-25.51,16609764
1229047,0.09,0.69,-0.36,0.70,-1.16,-10.83,0.01,1.01,0.06,-2.93,-0.09,-23.25,16609383
1229059,0.11,0.69,-0.36,-4.21,-3.51,-13.09,0.02,1.01,0.06,-2.08,0.98,-17.03,16608045
1229071,0.11,0.71,-0.35,-7.23,-5.40,-13.46,0.02,1.00,0.06,-0.76,0.58,-11.44,16609949
1229082,0.11,0.72,-0.35,-10.44,-6.50,-11.87,0.02,1.00,0.06,-1.95,0.34,-6.87,16613292
1229094,0.09,0.73,-0.36,-13.09,-5.74,-8.61,0.02,1.00,0.07,-3.08,0.24,-3.91,16612627
1229106,0.07,0.75,-0.36,-14.47,-3.88,-5.71,0.01,1.00,0.06,-2.53,0.67,-2.99,16611181
1229118,0.04,0.77,-0.36,-14.92,-1.46,-2.78,0.01,1.00,0.06,0.61,0.49,-2.59,16606479
1229129,0.02,0.81,-0.36,-13.52,0.55,0.00,0.00,1.00,0.06,1.71,0.03,-2.04,16606202
1229142,0.01,0.84,-0.36,-11.29,2.59,1.83,0.00,1.00,0.07,0.24,0.21,-0.49,16607616
1229153,0.00,0.86,-0.35,-9.03,4.21,2.84,0.00,1.00,0.07,-1.56,0.12,1.10,16607707
1229164,0.01,0.89,-0.35,-7.11,4.64,3.72,-0.00,1.01,0.07,-1.92,-0.40,0.85,16609114
1229176,0.02,0.91,-0.35,-5.00,3.75,3.33,-0.00,1.01,0.07,-1.10,0.27,-0.37,16611322
1229188,0.04,0.92,-0.34,-3.11,2.41,2.11,-0.01,1.01,0.06,0.09,0.55,-2.14,16611630
1229200,0.06,0.93,-0.34,-2.23,0.79,1.04,-0.01,1.01,0.06,0.64,0.21,-2.44,16610288
1229211,0.07,0.94,-0.35,-1.46,-0.21,-0.09,-0.00,1.01,0.06,0.31,-0.09,-0.61,16609199
1229223,0.06,0.93,-0.35,-2.23,0.18,-1.37,-0.00,1.01,0.07,-0.76,-0.40,0.76,16608171
1229235,0.05,0.92,-0.36,-4.18,1.46,-1.98,-0.00,1.01,0.07,-0.70,-0.27,2.20,16610112
1229247,0.04,0.91,-0.37,-6.23,2.41,-2.62,-0.00,1.01,0.06,-0.06,-0.55,2.75,16613421
1229258,0.03,0.90,-0.37,-8.24,3.14,-2.17,-0.00,1.01,0.06,0.73,-0.06,3.45,16610450
1229270,0.03,0.90,-0.37,-10.04,3.23,-0.85,-0.00,1.01,0.06,-0.06,-1.07,2.56,16609635
1229282,0.03,0.89,-0.37,-11.78,2.99,0.52,-0.00,1.01,0.07,0.09,0.40,2.75,16611907
1229293,0.04,0.90,-0.37,-13.03,2.04,-0.31,-0.00,1.01,0.07,0.31,-0.37,2.50,16610960
1229305,0.06,0.91,-0.36,-12.73,1.13,-1.68,-0.00,1.01,0.07,0.43,0.61,1.68,16609256
1229317,0.07,0.92,-0.36,-12.15,-0.03,-3.23,-0.00,1.01,0.07,0.06,0.46,1.77,16609479
1229329,0.08,0.94,-0.35,-11.20,-1.19,-5.25,-0.00,1.01,0.07,-0.03,0.82,1.19,16610745
1229340,0.08,0.95,-0.35,-10.53,-1.68,-6.29,-0.00,1.01,0.06,-0.46,1.25,1.19,16611371
1229352,0.07,0.94,-0.35,-12.21,-1.04,-5.83,-0.00,1.01,0.06,-0.40,0.76,1.50,16610652
1229364,0.05,0.92,-0.36,-14.98,-0.37,-2.29,0.00,1.01,0.06,-0.61,0.67,1.80,16607480
1229376,0.04,0.90,-0.36,-18.65,0.43,1.65,0.00,1.01,0.06,-0.79,0.89,2.20,16607798
1229387,0.03,0.88,-0.36,-22.74,0.89,4.15,0.00,1.01,0.06,-1.28,0.82,2.69,16610064
1229399,0.03,0.88,-0.36,-26.70,0.31,5.65,0.00,1.01,0.07,-0.92,1.04,2.56,16611497
1229411,0.05,0.88,-0.34,-28.14,-0.09,3.30,-0.00,1.01,0.06,-0.89,0.76,2.08,16609505
1229422,0.05,0.89,-0.33,-29.63,-0.55,-0.49,-0.00,1.01,0.06,-0.64,1.04,1.31,16609118
1229434,0.05,0.90,-0.32,-30.36,-0.58,-4.36,-0.00,1.01,0.06,-0.70,0.95,0.40,16608424
1229446,0.05,0.90,-0.32,-30.94,0.67,-7.39,0.00,1.01,0.06,-0.67,0.61,0.18,16608003
1229458,0.04,0.90,-0.31,-31.25,1.95,-8.24,0.00,1.01,0.06,-0.40,0.92,-0.43,16609787
1229469,0.03,0.90,-0.31,-32.10,2.99,-6.87,0.00,1.01,0.06,-0.85,1.04,-0.46,16608710
1229481,0.03,0.89,-0.31,-33.51,3.39,-3.51,0.00,1.01,0.06,-0.37,1.25,-0.92,16610022
1229493,0.04,0.88,-0.31,-36.07,1.83,1.50,0.00,1.01,0.06,-0.34,0.76,-0.18,16609174
1229505,0.05,0.88,-0.31,-37.08,0.31,3.48,0.01,1.01,0.06,-0.49,0.61,-0.12,16607551
1229516,0.06,0.88,-0.30,-37.96,-0.95,3.57,0.01,1.01,0.06,-0.82,0.00,-0.03,16610310
1229528,0.06,0.89,-0.30,-40.41,-1.74,2.17,0.01,1.01,0.06,0.43,0.31,-0.31,16613579
1229540,0.06,0.89,-0.30,-42.08,-2.38,-0.43,0.01,1.01,0.06,0.61,-0.09,0.06,16612639
1229551,0.06,0.89,-0.29,-45.56,-3.48,-1.80,0.01,1.01,0.06,0.03,-0.55,0.55,16607638
1229563,0.05,0.88,-0.29,-49.96,-3.36,-1.56,0.01,1.01,0.06,-0.18,-0.24,0.52,16607215
1229575,0.04,0.87,-0.27,-55.57,-3.11,0.67,0.01,1.01,0.06,-0.34,0.18,0.43,16610232
1229587,0.04,0.87,-0.27,-61.61,-3.51,2.11,0.01,1.01,0.06,-0.46,0.52,-0.24,16611026
1229598,0.06,0.88,-0.25,-65.61,-6.10,-1.04,0.01,1.01,0.06,0.12,0.31,-0.37,16611582
1229611,0.08,0.90,-0.23,-67.47,-9.03,-5.80,0.01,1.01,0.06,0.31,-0.52,-0.43,16610138
1229622,0.10,0.93,-0.21,-68.85,-12.42,-10.47,0.01,1.01,0.06,0.73,-0.73,0.00,16609947
1229634,0.10,0.96,-0.19,-69.49,-13.67,-13.00,0.01,1.01,0.06,0.85,-0.37,0.37,16610057
1229645,0.08,0.97,-0.18,-70.43,-13.73,-11.29,0.01,1.01,0.06,0.58,-0.40,0.89,16610360
1229657,0.04,0.97,-0.16,-72.66,-11.96,-6.59,0.01,1.01,0.06,0.27,-0.12,0.89,16610616
1229669,0.01,0.96,-0.16,-76.08,-9.70,-1.31,0.01,1.01,0.06,-0.06,0.24,0.67,16609666
1229680,0.00,0.97,-0.15,-76.63,-8.36,-0.85,0.01,1.01,0.06,-0.37,0.15,0.12,16607080
1229692,0.01,0.99,-0.13,-75.78,-8.03,-2.72,0.01,1.01,0.06,-0.58,0.12,0.24,16608062
1229704,0.01,1.01,-0.11,-74.49,-8.73,-4.91,0.01,1.01,0.06,-0.64,0.34,0.18,16609526
1229716,0.01,1.03,-0.09,-73.73,-8.48,-4.39,0.01,1.01,0.06,0.09,1.71,0.12,16608665
1229727,-0.00,1.03,-0.08,-74.80,-7.57,-0.06,0.01,1.01,0.06,-0.52,0.92,-0.03,16609316
1229740,-0.01,1.01,-0.06,-77.51,-5.86,5.55,0.01,1.01,0.06,-0.95,0.49,-0.40,16611525
1229751,-0.01,1.00,-0.05,-81.36,-5.92,6.99,0.01,1.01,0.06,-0.67,0.98,-0.52,16611761
1229762,0.02,1.01,-0.03,-82.37,-7.87,2.17,0.01,1.01,0.06,-1.40,0.12,-1.04,16610368
1229774,0.05,1.03,-0.02,-82.06,-11.11,-8.24,0.01,1.01,0.06,-0.67,0.76,-0.95,16608879
1229786,0.06,1.06,0.01,-79.47,-13.24,-20.39,0.01,1.01,0.06,-0.27,0.24,-0.98,16610300
1229798,0.04,1.09,0.03,-77.42,-12.85,-25.67,0.01,1.01,0.06,-0.34,0.40,-1.01,16610131
1229809,-0.00,1.09,0.05,-76.75,-9.92,-21.76,0.01,1.01,0.06,-0.15,0.55,-0.58,16607891
1229821,-0.05,1.08,0.07,-78.61,-6.16,-9.61,0.01,1.01,0.06,-0.58,0.52,-0.82,16608935
1229833,-0.07,1.06,0.08,-81.54,-2.59,1.19,0.01,1.01,0.06,-0.82,0.52,-1.13,16611503
1229845,-0.06,1.04,0.10,-84.23,-1.62,6.59,0.01,1.01,0.06,-1.13,0.55,-1.37,16608423
1229856,-0.02,1.05,0.13,-84.78,-2.90,4.18,0.01,1.01,0.06,-0.95,-0.06,-1.25,16608007
1229869,0.02,1.05,0.15,-84.32,-4.94,-1.92,0.01,1.01,0.06,-0.70,0.34,-0.49,16609233
1229880,0.04,1.06,0.17,-83.98,-6.23,-5.34,0.01,1.01,0.06,-0.76,-0.03,-0.18,16607627
1229891,0.03,1.05,0.17,-84.84,-6.65,-4.88,0.01,1.01,0.06,-0.49,-0.31,-0.24,16609875
1229903,0.02,1.04,0.18,-86.09,-6.53,-2.99,0.01,1.01,0.06,-0.03,-0.61,-0.06,16608955
1229915,0.02,1.03,0.20,-87.31,-6.65,-2.32,0.01,1.01,0.06,-0.12,-1.34,-0.49,16608970
1229927,0.04,1.03,0.22,-88.10,-8.15,-7.69,0.01,1.01,0.05,0.40,-1.07,-0.52,16606658
1229938,0.05,1.04,0.24,-86.30,-8.94,-14.16,0.01,1.01,0.05,0.31,-1.46,-0.52,16605128
1229950,0.05,1.05,0.26,-83.68,-8.64,-17.58,0.01,1.01,0.06,0.40,-0.52,-0.09,16606191
1229962,0.02,1.05,0.28,-82.43,-6.10,-13.09,0.01,1.01,0.06,-0.40,0.49,0.37,16610597
1229974,-0.01,1.04,0.29,-81.91,-3.11,-1.22,0.01,1.01,0.06,-0.64,0.67,0.37,16612059
1229985,-0.02,1.01,0.31,-83.07,-1.16,12.76,0.01,1.01,0.06,-0.89,0.52,0.40,16609575
1229998,-0.00,0.99,0.32,-86.09,-2.50,14.43,0.01,1.01,0.06,-0.89,0.46,-0.09,16610572
1230009,0.06,1.00,0.34,-85.02,-7.02,2.56,0.01,1.01,0.06,-1.13,0.58,-0.27,16609866
1230020,0.11,1.02,0.35,-82.52,-11.14,-14.59,0.01,1.01,0.06,-0.67,0.82,-0.70,16607730
1230032,0.12,1.03,0.37,-79.22,-13.58,-25.30,0.01,1.01,0.06,-1.80,0.73,-1.53,16607621
1230044,0.09,1.03,0.38,-77.03,-11.87,-21.94,0.01,1.01,0.05,-0.85,-0.34,-1.40,16610149
1230056,0.03,1.01,0.39,-75.90,-7.29,-7.29,0.01,1.01,0.05,-1.43,-1.04,-1.65,16610652
1230067,-0.02,0.98,0.41,-77.06,-3.30,7.90,0.01,1.01,0.05,-0.82,-0.34,-1.13,16609106
1230080,-0.02,0.96,0.42,-79.01,-1.22,13.98,0.01,1.01,0.05,-0.40,-0.58,-0.58,16607742
1230091,0.01,0.96,0.44,-77.88,-1.77,8.09,0.01,1.01,0.05,-0.03,-1.37,-0.55,16609370
1230103,0.04,0.95,0.45,-77.24,-3.45,-0.40,0.01,1.01,0.05,0.89,-1.74,-1.31,16607510
1230114,0.05,0.95,0.46,-77.67,-4.46,-8.67,0.01,1.01,0.05,0.89,-2.17,-1.46,16609957
1230126,0.05,0.95,0.47,-76.35,-4.27,-11.51,0.01,1.01,0.05,0.52,-1.31,-1.56,16610009
1230138,0.04,0.93,0.49,-75.99,-2.62,-7.11,0.01,1.01,0.06,0.15,-0.37,-1.80,16610679
1230149,0.01,0.91,0.50,-77.30,-0.70,3.23,0.01,1.01,0.06,-1.40,0.70,-1.22,16611556
1230161,-0.01,0.88,0.52,-79.80,1.04,12.48,0.01,1.01,0.06,-2.32,0.31,-0.43,16607428
1230173,0.00,0.86,0.53,-82.52,0.31,10.71,0.01,1.01,0.06,-1.43,0.06,0.92,16608270
1230185,0.04,0.86,0.55,-83.16,-2.29,-0.95,0.01,1.01,0.05,-0.85,-0.37,0.43,16607854
1230196,0.07,0.88,0.56,-82.03,-4.46,-16.91,0.01,1.01,0.05,0.31,-0.95,-2.11,16609692
1230209,0.07,0.89,0.58,-79.99,-5.07,-25.21,0.01,1.01,0.05,-0.67,-1.04,-1.65,16609310
1230220,0.04,0.90,0.59,-78.34,-3.17,-22.28,0.01,1.01,0.05,-0.34,-0.85,-1.71,16610492
1230231,-0.00,0.91,0.61,-75.47,0.15,-11.11,0.01,1.01,0.06,-0.89,-0.03,-0.52,16608169
1230243,-0.04,0.90,0.64,-73.49,3.20,2.47,0.01,1.01,0.05,-2.11,1.56,1.86,16608670
1230255,-0.04,0.89,0.65,-71.81,5.49,12.94,0.01,1.01,0.06,-0.24,-0.67,-0.55,16609065
1230267,-0.03,0.88,0.67,-70.59,5.52,18.13,0.01,1.01,0.06,-1.37,0.49,0.58,16608542
1230278,-0.01,0.86,0.68,-70.22,3.85,17.73,0.01,1.01,0.06,-2.17,0.79,0.70,16608150
1230290,0.02,0.85,0.68,-70.31,1.16,11.93,0.01,1.01,0.06,-1.50,0.98,-0.43,16609423
1230302,0.05,0.84,0.68,-70.13,-1.50,0.40,0.01,1.01,0.06,-1.13,0.46,-0.58,16609912
1230314,0.06,0.84,0.69,-68.12,-3.48,-9.37,0.01,1.01,0.05,-0.79,0.31,-0.89,16609027
1230325,0.05,0.84,0.69,-66.13,-3.97,-13.89,0.01,1.01,0.05,-0.95,0.43,-0.40,16610347
1230338,0.03,0.84,0.70,-63.87,-3.81,-12.02,0.01,1.01,0.05,-1.56,-0.09,-0.55,16610855
1230349,0.01,0.84,0.72,-61.19,-2.23,-5.25,0.01,1.01,0.05,-0.52,-0.46,-0.92,16610483
1230360,-0.02,0.84,0.74,-58.11,0.27,5.83,0.01,1.01,0.05,0.18,0.95,-0.18,16610228
1230372,-0.03,0.83,0.76,-54.90,2.44,18.13,0.01,1.01,0.05,-0.09,1.01,0.64,16610157
1230384,-0.03,0.81,0.77,-52.49,3.81,26.92,0.01,1.01,0.05,-0.37,0.31,0.15,16609763
1230396,-0.02,0.79,0.77,-52.19,4.18,28.14,0.01,1.01,0.05,2.17,-0.18,-1.04,16609184
1230407,0.01,0.77,0.76,-52.55,2.62,18.59,0.01,1.01,0.06,-0.52,-0.21,-1.16,16611899
1230419,0.04,0.76,0.76,-52.22,0.43,4.39,0.01,1.01,0.06,-0.89,0.40,-0.49,16611382
1230431,0.06,0.76,0.77,-50.05,-0.95,-6.23,0.01,1.01,0.06,-1.07,0.31,-0.70,16610780
1230443,0.05,0.76,0.77,-49.74,-1.25,-11.14,0.01,1.01,0.06,-0.55,1.16,-0.95,16609847
1230454,0.04,0.76,0.78,-47.33,-0.06,-11.14,0.01,1.01,0.05,-0.03,0.73,-0.89,16609792
1230467,0.02,0.77,0.78,-43.98,1.80,-8.42,0.01,1.01,0.05,-0.46,-0.76,-0.95,16612122
1230478,0.01,0.78,0.79,-39.64,3.14,-3.27,0.01,1.01,0.05,-1.31,-0.52,-0.34,16612658
1230489,0.00,0.78,0.80,-34.39,4.39,2.53,0.01,1.01,0.05,-1.10,-0.12,-0.46,16612089
1230501,-0.00,0.79,0.81,-28.90,5.07,5.92,0.01,1.01,0.05,-0.79,0.82,0.21,16612368
1230513,0.00,0.79,0.81,-24.87,5.62,6.04,0.01,1.01,0.05,-1.01,0.46,-0.15,16609330
1230525,0.01,0.79,0.81,-21.27,5.00,3.08,0.01,1.01,0.05,-0.98,0.55,-0.64,16610624
1230536,0.03,0.79,0.82,-17.67,3.75,-0.61,0.01,1.01,0.06,-1.04,0.70,-0.43,16611361
1230548,0.04,0.78,0.83,-14.86,3.08,-6.07,0.01,1.01,0.05,-0.85,0.85,-0.82,16609228
1230560,0.04,0.78,0.84,-11.38,2.04,-8.76,0.01,1.01,0.05,-0.89,0.49,-0.64,16609993
1230572,0.04,0.77,0.85,-7.97,2.20,-7.90,0.01,1.01,0.05,-1.04,0.34,-0.52,16608548
1230583,0.03,0.76,0.86,-4.85,2.53,-3.39,0.01,1.01,0.05,-1.19,0.40,-0.27,16610555
1230596,0.03,0.74,0.86,-3.02,2.56,2.17,0.01,1.01,0.05,-1.34,0.09,-0.67,16612046
1230607,0.04,0.72,0.85,-2.44,1.40,3.17,0.01,1.01,0.05,-0.73,0.58,-0.98,16610042
1230618,0.05,0.72,0.84,-0.24,-0.37,0.64,0.01,1.01,0.05,-0.85,0.76,-1.31,16609591
1230630,0.06,0.71,0.83,2.08,-1.77,-1.53,0.01,1.01,0.05,-0.67,0.43,-1.65,16609373
1230642,0.06,0.70,0.82,3.05,-2.32,-0.70,0.01,1.01,0.05,-0.70,0.27,-1.65,16609600
1230654,0.05,0.70,0.83,4.06,-2.14,0.31,0.01,1.01,0.05,-0.82,0.12,-1.07,16612898
1230665,0.05,0.69,0.83,4.15,-2.14,1.74,0.01,1.01,0.05,-1.59,0.15,0.03,16612483
1230678,0.05,0.67,0.84,3.72,-2.44,2.08,0.01,1.01,0.05,-1.01,0.21,-0.18,16609494
1230689,0.06,0.66,0.83,2.96,-3.54,0.58,0.01,1.01,0.05,-0.85,0.52,-0.18,16607916
1230701,0.06,0.66,0.83,1.80,-4.97,-3.36,0.01,1.01,0.05,-0.89,0.55,-0.58,16607111
1230712,0.05,0.66,0.83,2.53,-4.91,-5.65,0.01,1.01,0.05,-0.43,0.92,-0.92,16608307
1230724,0.04,0.66,0.83,2.62,-3.97,-2.93,0.01,1.01,0.05,-0.61,0.85,-1.01,16610935
1230736,0.02,0.66,0.83,2.08,-2.32,1.13,0.01,1.01,0.06,-0.98,0.46,-1.22,16611015
1230747,0.01,0.66,0.83,1.46,-1.40,4.88,0.01,1.01,0.05,-0.98,0.58,-1.31,16610625
1230759,0.01,0.66,0.83,0.82,-1.19,4.67,0.01,1.01,0.05,-0.18,0.73,-0.61,16610489
1230771,0.02,0.66,0.83,0.03,-2.47,1.68,0.01,1.01,0.05,-0.55,0.49,-0.89,16610706
1230783,0.03,0.67,0.83,0.00,-3.45,-4.15,0.01,1.01,0.05,-0.61,-0.61,-1.43,16610858
1230794,0.04,0.68,0.83,1.62,-4.55,-8.00,0.01,1.01,0.05,-0.85,-0.49,-1.34,16610540
1230807,0.03,0.70,0.84,4.03,-4.94,-9.06,0.01,1.01,0.05,-0.40,0.52,-1.40,16611612
1230818,0.02,0.71,0.84,6.13,-3.72,-6.32,0.01,1.01,0.05,-0.31,0.34,-0.40,16612416
1230830,-0.00,0.72,0.84,8.45,-1.95,-2.17,0.01,1.01,0.05,-0.89,0.55,-0.09,16612125
1230841,-0.01,0.73,0.84,11.44,-0.40,1.13,0.01,1.01,0.05,-1.01,0.37,0.15,16614733
1230853,-0.01,0.74,0.84,13.49,0.24,2.20,0.01,1.01,0.05,-0.67,0.31,0.00,16612108
1230865,-0.00,0.75,0.84,15.50,-0.43,0.82,0.01,1.01,0.05,-0.64,0.58,-0.27,16608917
1230876,0.01,0.76,0.85,18.25,-0.92,-3.51,0.01,1.01,0.05,-1.40,0.55,-0.98,16608647
1230888,0.02,0.77,0.85,21.39,-1.59,-5.83,0.01,1.01,0.05,-1.74,0.46,-1.68,16610966
1230900,0.02,0.78,0.86,25.57,-2.01,-6.35,0.01,1.01,0.05,-1.62,0.67,-2.20,16608353
1230912,0.03,0.79,0.85,29.48,-2.41,-7.60,0.01,1.01,0.05,-1.04,0.92,-2.81,16608188
1230923,0.03,0.81,0.84,34.61,-2.62,-10.93,0.01,1.01,0.05,-1.31,0.31,-2.75,16607966
1230936,0.03,0.82,0.84,41.08,-2.47,-12.70,0.01,1.01,0.05,-1.62,0.89,-1.50,16609165
1230947,0.02,0.82,0.83,46.75,-1.95,-12.91,0.01,1.01,0.05,-2.47,-0.67,-1.19,16609196
1230959,0.02,0.82,0.81,50.14,-2.20,-14.77,0.01,1.01,0.06,-1.25,0.98,-0.09,16606430
1230970,0.03,0.83,0.81,55.39,-2.44,-19.65,0.01,1.01,0.06,-1.28,1.22,-0.12,16609347
1230982,0.04,0.85,0.81,61.86,-3.02,-23.56,0.01,1.01,0.05,-1.53,0.79,-0.15,16611007
1230994,0.04,0.87,0.82,70.83,-2.14,-21.85,0.01,1.01,0.05,-0.98,0.76,-0.31,16608300
1231005,0.01,0.88,0.82,77.55,-0.46,-13.98,0.01,1.01,0.05,-1.07,0.58,-0.52,16609028
1231017,-0.01,0.88,0.79,83.19,1.62,-5.55,0.01,1.01,0.05,-1.34,0.52,-0.67,16609690
1231029,-0.02,0.89,0.77,87.77,3.20,-2.69,0.01,1.01,0.05,-1.34,0.92,-0.79,16608903
1231041,-0.02,0.90,0.75,93.26,3.81,-4.03,0.01,1.01,0.05,-1.77,1.74,-0.64,16609167
1231052,-0.01,0.91,0.75,99.98,4.06,-8.33,0.01,1.01,0.06,-2.29,2.32,-0.55,16610041
1231065,-0.01,0.93,0.76,106.87,4.94,-10.71,0.01,1.01,0.06,-2.47,2.56,-0.18,16609761
1231076,-0.02,0.92,0.76,112.27,6.53,-7.69,0.01,1.01,0.06,-1.50,2.96,-0.24,16610726
1231088,-0.04,0.90,0.74,112.76,8.88,-3.48,0.01,1.01,0.06,-1.86,3.45,-0.43,16611385
1231099,-0.04,0.88,0.71,113.10,11.60,-4.58,0.01,1.01,0.06,-2.56,2.04,-0.82,16611399
1231111,-0.03,0.88,0.69,114.69,12.54,-9.25,0.01,1.01,0.06,-3.63,1.89,-0.82,16609701
1231123,-0.02,0.88,0.69,116.36,13.43,-11.14,0.01,1.01,0.06,-2.78,3.05,-0.09,16612712
1231134,-0.01,0.88,0.67,116.18,14.47,-9.58,0.01,1.01,0.06,-2.50,3.78,0.46,16611563
1231147,-0.01,0.87,0.66,116.70,15.84,-4.03,0.01,1.01,0.06,-3.23,0.85,-0.98,16611202
1231158,-0.01,0.86,0.63,114.93,16.11,0.52,0.01,1.01,0.06,-1.25,2.47,0.15,16611517
1231170,0.01,0.86,0.60,111.69,15.69,-1.68,0.01,1.01,0.06,-0.58,3.11,-0.67,16609874
1231181,0.05,0.88,0.58,110.17,12.79,-11.08,0.01,1.01,0.06,-0.85,2.62,-1.04,16611588
1231194,0.09,0.91,0.56,110.96,9.46,-23.47,0.01,1.01,0.06,-0.52,2.75,-0.55,16611590
1231205,0.10,0.95,0.56,114.38,8.85,-29.33,0.01,1.01,0.06,-1.10,2.44,-0.31,16612011
1231216,0.07,0.96,0.55,115.48,12.18,-20.26,0.01,1.01,0.06,-1.74,2.75,-0.12,16611440
1231228,0.02,0.95,0.50,110.99,16.75,-4.49,0.01,1.01,0.06,-2.84,2.53,-0.37,16609059
1231240,-0.00,0.96,0.45,109.68,18.37,4.43,0.01,1.01,0.06,-3.14,2.84,-0.61,16609818
1231252,0.01,0.99,0.43,113.71,18.19,0.85,0.01,1.01,0.06,-2.17,2.38,-0.27,16609432
1231263,0.04,1.03,0.42,118.16,18.13,-4.12,0.01,1.01,0.06,-2.14,1.92,-0.49,16607473
1231276,0.04,1.05,0.42,122.86,19.01,-2.53,0.01,1.01,0.06,-1.95,1.65,-0.12,16609008
1231287,0.03,1.04,0.39,122.04,20.78,3.69,0.01,1.01,0.06,-2.17,1.43,-0.52,16610368
1231299,0.01,1.03,0.35,119.32,21.03,7.54,0.01,1.01,0.06,-2.87,1.86,-0.49,16610356
1231310,0.02,1.03,0.31,119.75,20.63,4.55,0.01,1.01,0.06,-5.68,2.59,-0.67,16610071
1231323,0.04,1.06,0.28,121.28,18.80,-4.82,0.01,1.01,0.06,-4.30,2.96,-0.21,16608915
1231334,0.05,1.09,0.28,126.59,18.37,-14.13,0.01,1.01,0.07,-7.26,3.91,-0.58,16611401
1231345,0.03,1.09,0.28,130.13,19.81,-15.11,0.02,1.01,0.07,-9.64,3.75,0.95,16607378
1231357,-0.01,1.06,0.26,128.17,24.05,-5.25,0.02,1.01,0.07,-14.53,2.14,2.01,16606842
1231369,-0.06,1.02,0.21,122.74,28.72,9.70,0.02,1.01,0.08,-17.03,3.54,4.24,16609700
1231381,-0.07,0.99,0.18,118.13,31.28,19.65,0.02,1.01,0.07,-16.42,1.37,5.13,16609076
1231392,-0.04,0.98,0.16,115.84,30.55,19.84,0.02,1.01,0.07,-18.95,0.12,5.58,16608664
1231405,0.01,0.99,0.14,116.06,26.76,15.69,0.02,1.01,0.08,-21.00,-0.12,5.19,16611532
1231416,0.05,0.99,0.11,114.90,22.00,12.66,0.02,1.01,0.07,-17.21,0.09,4.33,16612046
1231428,0.07,0.98,0.08,113.43,18.74,11.84,0.01,1.01,0.07,-14.37,-0.46,1.95,16611471
1231439,0.07,0.97,0.03,111.11,17.00,10.56,0.02,1.01,0.07,-6.50,3.51,0.89,16611727
1231452,0.07,0.97,-0.00,111.02,15.72,5.98,0.02,1.01,0.07,-5.04,3.60,-0.67,16611690
1231463,0.07,0.99,-0.02,111.45,14.65,-0.21,0.02,1.01,0.08,-7.11,4.03,-0.76,16612698
1231474,0.06,0.99,-0.03,113.31,15.14,-2.23,0.02,1.01,0.09,-9.80,4.58,0.18,16610849
1231486,0.03,0.98,-0.04,110.78,18.28,4.15,0.02,1.01,0.09,-13.28,4.30,0.61,16608439
1231498,-0.01,0.94,-0.08,105.10,23.10,15.38,0.02,1.01,0.10,-16.33,2.90,1.01,16609414
1231510,-0.03,0.92,-0.12,99.40,26.28,25.79,0.02,1.01,0.10,-16.17,3.05,1.22,16610529
1231521,-0.02,0.91,-0.15,96.07,26.76,26.55,0.02,1.01,0.09,-12.79,2.44,0.31,16611190
1231534,0.01,0.93,-0.18,95.40,24.87,19.78,0.02,1.01,0.09,-10.71,2.81,-1.22,16610927
1231545,0.05,0.95,-0.20,96.10,21.70,11.81,0.02,1.01,0.10,-8.67,2.72,-2.84,16609352
1231557,0.07,0.98,-0.21,101.10,19.59,5.28,0.02,1.01,0.10,-8.67,3.72,-5.04,16607417
1231568,0.08,1.00,-0.23,104.13,17.52,5.58,0.02,1.02,0.11,-11.26,4.09,-7.51,16608349
1231580,0.07,1.00,-0.24,106.32,18.77,7.42,0.01,1.02,0.11,-14.71,4.36,-9.67,16609291
1231592,0.04,0.98,-0.26,106.08,21.27,19.38,0.01,1.02,0.11,-16.60,4.33,-11.05,16608896
1231603,0.02,0.95,-0.28,103.70,23.35,32.04,0.01,1.02,0.12,-15.63,4.67,-11.72,16609471
1231616,0.01,0.90,-0.31,98.60,25.18,42.66,0.01,1.02,0.12,-18.04,3.63,-12.30,16607700
1231627,-0.00,0.84,-0.35,89.02,27.50,50.66,0.01,1.01,0.12,-20.57,3.54,-12.33,16606960
1231639,-0.00,0.80,-0.39,80.17,27.95,49.99,0.01,1.01,0.13,-22.64,3.05,-11.47,16608253
1231650,0.03,0.79,-0.40,76.57,26.98,38.70,0.01,1.01,0.13,-23.25,2.78,-9.31,16608702
1231663,0.07,0.80,-0.41,73.88,24.38,23.56,0.02,1.01,0.13,-21.58,3.39,-7.17,16608749
1231674,0.10,0.80,-0.42,71.53,21.61,12.88,0.02,1.00,0.13,-21.36,3.66,-5.16,16610500
1231686,0.11,0.78,-0.44,66.59,18.65,7.97,0.01,1.00,0.14,-23.56,2.87,-3.08,16610946
1231697,0.12,0.74,-0.46,58.59,15.81,7.20,0.01,1.00,0.14,-24.78,2.59,-0.49,16612306
1231709,0.13,0.69,-0.48,48.10,13.00,7.23,0.01,1.00,0.15,-24.14,3.66,0.98,16610890
1231721,0.13,0.65,-0.50,37.69,9.58,6.38,0.01,1.00,0.14,-17.58,5.68,1.71,16609121
1231732,0.14,0.61,-0.53,25.63,6.38,7.05,0.01,0.99,0.14,-11.72,7.17,2.01,16610170
1231745,0.14,0.59,-0.54,15.05,4.39,3.60,0.02,1.00,0.16,-12.36,13.37,3.51,16609839
1231756,0.14,0.59,-0.55,7.66,3.33,-2.90,0.00,1.00,0.16,-13.58,9.52,0.06,16609520
1231768,0.14,0.61,-0.55,2.08,1.28,-9.34,0.00,1.00,0.15,-4.64,7.60,0.79,16609363
1231779,0.16,0.66,-0.55,0.89,-1.56,-13.21,0.00,1.00,0.15,-2.56,5.68,0.43,16608459
1231792,0.17,0.70,-0.55,-0.15,-4.97,-13.49,0.00,1.00,0.15,-1.40,3.45,0.00,16608385
1231803,0.17,0.73,-0.55,-1.28,-6.96,-11.47,0.00,1.00,0.16,-2.44,2.87,-1.22,16609832
1231814,0.14,0.73,-0.55,-5.16,-6.93,-3.51,0.00,1.00,0.16,-2.81,2.26,-1.80,16607385
1231826,0.11,0.72,-0.57,-11.72,-4.55,4.03,0.00,1.00,0.16,-3.81,0.03,-1.98,16608357
1231838,0.09,0.71,-0.58,-16.85,-2.29,5.55,0.00,1.00,0.17,-3.60,-1.56,-0.67,16610133
1231850,0.09,0.71,-0.58,-21.76,-1.40,1.59,0.01,1.00,0.17,-3.02,-1.34,0.49,16610771
1231861,0.10,0.72,-0.57,-23.99,-1.98,-5.37,0.01,1.00,0.17,-1.46,-0.73,1.53,16611373
1231874,0.12,0.74,-0.56,-25.57,-3.54,-12.18,0.01,1.00,0.17,0.43,-0.21,2.29,16610047
1231885,0.14,0.77,-0.55,-26.61,-5.71,-15.50,0.01,1.00,0.17,0.95,0.18,2.41,16607927
1231897,0.15,0.79,-0.54,-26.64,-8.82,-15.44,0.01,1.00,0.17,0.67,0.40,2.26,16609324
1231908,0.17,0.81,-0.53,-26.64,-11.78,-13.40,0.01,1.00,0.17,0.61,0.82,1.80,16609939
1231921,0.17,0.83,-0.51,-24.69,-13.70,-12.33,0.01,1.00,0.17,1.25,0.55,1.16,16609619
1231932,0.17,0.85,-0.50,-21.85,-13.79,-12.94,0.01,1.00,0.17,2.44,0.55,0.98,16608390
1231943,0.15,0.86,-0.49,-19.99,-12.48,-12.15,0.01,1.00,0.17,2.50,-0.49,-0.09,16609257
1231955,0.12,0.85,-0.49,-19.78,-9.83,-9.31,0.01,1.00,0.17,3.17,-0.76,-0.98,16611123
1231967,0.08,0.82,-0.49,-22.31,-7.05,-3.85,0.01,1.00,0.17,3.57,-2.29,-1.31,16608483
1231979,0.05,0.77,-0.49,-27.47,-4.00,3.23,0.01,1.00,0.16,6.16,-2.81,-1.43,16608932
1231990,0.03,0.73,-0.50,-35.68,-0.46,7.93,0.01,1.00,0.16,6.13,-2.99,-1.31,16608131
1232003,0.03,0.70,-0.50,-41.47,0.89,8.48,0.01,1.00,0.17,4.49,-2.41,0.18,16608646
1232014,0.06,0.72,-0.48,-43.12,-1.01,3.36,0.01,1.00,0.17,2.20,-1.22,0.34,16608212
1232026,0.09,0.74,-0.46,-42.69,-4.30,-5.04,0.01,1.00,0.17,1.19,0.21,0.89,16608061
1232037,0.12,0.76,-0.45,-42.51,-7.26,-12.91,0.01,1.01,0.17,1.01,0.95,0.61,16609107
1232050,0.13,0.75,-0.44,-45.17,-9.03,-16.54,0.01,1.00,0.17,1.04,1.89,0.31,16608377
1232061,0.10,0.71,-0.43,-50.87,-8.18,-14.80,0.01,1.00,0.16,3.94,1.04,1.31,16608957
1232072,0.06,0.66,-0.42,-60.06,-5.31,-8.64,0.01,1.00,0.16,4.27,0.21,-0.82,16607773
1232084,0.01,0.60,-0.42,-72.27,-0.89,-2.62,0.01,1.00,0.16,5.37,-0.61,-1.04,16609991
1232096,-0.00,0.58,-0.42,-81.91,1.68,-1.83,0.01,1.00,0.16,5.34,0.06,-0.98,16612009
1232108,0.02,0.59,-0.38,-84.96,2.11,-5.95,0.01,1.01,0.16,4.36,-1.19,-0.92,16610267
1232119,0.05,0.64,-0.34,-85.51,0.27,-9.19,0.01,1.01,0.16,4.64,-1.77,-1.19,16608633
1232132,0.07,0.68,-0.31,-84.75,-1.16,-11.26,0.01,1.00,0.15,7.87,-1.98,-1.25,16607108
1232143,0.08,0.70,-0.29,-85.39,-1.40,-8.48,0.01,1.00,0.15,9.74,-1.10,-1.71,16608173
1232155,0.05,0.68,-0.27,-91.98,1.13,0.73,0.01,1.01,0.15,8.94,-0.58,-2.23,16608659
1232166,0.01,0.64,-0.27,-103.70,6.38,9.43,0.01,1.01,0.15,8.42,-0.98,-2.04,16608829
1232178,0.02,0.64,-0.27,-113.07,7.66,9.40,0.01,1.01,0.16,5.68,0.46,-1.50,16610027
1232190,0.07,0.70,-0.22,-110.32,4.24,-3.54,0.01,1.01,0.16,2.96,0.12,-1.40,16609719
1232201,0.14,0.78,-0.17,-104.83,-1.50,-18.16,0.01,1.01,0.16,1.68,0.85,-0.58,16609115
1232214,0.17,0.85,-0.15,-101.32,-6.59,-28.35,0.01,1.01,0.15,3.36,1.13,0.46,16609838
1232225,0.16,0.88,-0.13,-100.40,-7.87,-32.68,0.02,1.00,0.15,6.13,1.71,1.65,16611399
1232237,0.12,0.89,-0.13,-104.06,-6.53,-29.48,0.01,1.01,0.14,5.52,0.43,0.85,16611604
1232248,0.08,0.90,-0.12,-104.92,-4.82,-24.23,0.01,1.01,0.14,5.37,-0.73,0.92,16608556
1232261,0.07,0.94,-0.10,-102.33,-4.73,-22.03,0.01,1.01,0.14,6.81,-1.01,-0.82,16609905
1232272,0.08,1.00,-0.08,-97.05,-6.56,-20.20,0.01,1.01,0.14,4.85,-0.31,-0.82,16609492
1232284,0.10,1.07,-0.06,-88.32,-9.19,-24.14,0.01,1.01,0.14,5.55,0.12,-0.70,16610721
1232295,0.11,1.13,-0.03,-78.25,-11.63,-27.98,0.01,1.01,0.14,5.16,-0.46,-0.61,16609198
1232307,0.09,1.18,-0.03,-70.13,-11.41,-26.18,0.01,1.01,0.13,5.62,-0.31,0.21,16608590
1232319,0.05,1.20,-0.02,-63.35,-9.31,-19.78,0.03,1.00,0.13,14.80,4.91,6.41,16611966
1232330,0.01,1.21,-0.02,-56.70,-6.84,-10.19,-0.00,1.02,0.13,-4.70,-12.42,-4.46,16611126
1232343,-0.01,1.23,-0.02,-51.06,-4.12,-5.71,0.01,1.01,0.14,-0.55,-1.98,0.09,16608397
1232354,-0.02,1.23,-0.01,-45.84,-1.19,-2.41,0.01,1.01,0.14,-1.56,-2.59,-0.76,16607775
1232366,-0.04,1.23,-0.01,-42.76,1.80,3.23,0.02,1.01,0.14,-0.40,0.06,0.06,16608791
1232377,-0.05,1.22,-0.01,-40.19,4.61,5.58,0.02,1.01,0.13,0.09,0.73,-0.34,16612810
1232390,-0.05,1.23,-0.01,-36.47,6.47,5.62,0.02,1.01,0.13,0.95,0.79,-0.06,16611194
1232401,-0.03,1.25,-0.00,-30.91,6.99,3.08,0.01,1.01,0.13,-0.89,0.00,-0.03,16607980
1232412,-0.02,1.27,0.00,-25.18,6.59,1.98,0.01,1.01,0.13,-1.71,-0.27,0.43,16609111
1232424,0.01,1.29,0.01,-18.98,5.46,2.35,0.01,1.01,0.13,-1.71,0.24,-0.31,16607698
1232436,0.02,1.29,0.01,-12.88,4.39,3.02,0.01,1.01,0.13,-0.95,0.31,0.09,16607262
1232448,0.03,1.27,0.01,-8.39,4.27,6.04,0.01,1.01,0.13,-0.46,0.70,-0.52,16607512
1232459,0.02,1.24,0.01,-6.41,5.40,10.28,0.01,1.01,0.13,-0.40,1.13,-1.01,16608211
1232472,0.00,1.19,0.01,-7.17,8.24,15.63,0.01,1.01,0.13,-0.85,1.16,-1.04,16607749
1232483,-0.00,1.14,0.00,-9.09,10.16,17.82,0.02,1.01,0.13,-1.10,1.16,-1.04,16607515
1232495,0.01,1.11,0.00,-9.70,9.83,14.53,0.02,1.01,0.13,-1.62,0.73,-0.27,16609507
1232506,0.03,1.09,0.00,-10.22,8.15,8.82,0.02,1.01,0.13,-1.16,0.82,0.24,16609959
1232519,0.06,1.08,0.00,-10.80,5.19,1.31,0.02,1.01,0.13,-0.89,0.18,0.76,16608128
1232530,0.08,1.07,0.01,-11.41,2.90,-4.49,0.02,1.01,0.13,-0.55,0.64,0.92,16608052
1232541,0.08,1.06,0.01,-12.15,1.50,-7.60,0.02,1.01,0.13,-0.37,0.58,0.98,16609190
1232553,0.07,1.05,0.01,-13.37,1.22,-5.58,0.02,1.01,0.13,-0.24,1.40,0.95,16608668
1232565,0.06,1.04,0.02,-13.52,2.04,-2.17,0.02,1.01,0.13,-0.49,-0.43,0.64,16608729
1232577,0.05,1.04,0.02,-13.21,2.72,0.92,0.02,1.01,0.13,-0.67,0.18,0.37,16607813
1232588,0.04,1.03,0.02,-13.03,3.11,2.75,0.02,1.01,0.13,-0.73,0.03,-0.15,16609293
1232601,0.04,1.03,0.02,-13.03,3.69,4.61,0.02,1.01,0.13,-1.10,0.24,-0.52,16609914
1232612,0.04,1.03,0.03,-13.18,3.51,3.88,0.02,1.01,0.13,-0.73,0.46,-0.49,16611213
1232624,0.05,1.03,0.03,-12.66,2.81,1.74,0.02,1.01,0.13,-0.21,0.40,-0.79,16612109
1232635,0.06,1.05,0.04,-11.29,1.71,-1.83,0.02,1.01,0.13,-0.27,0.40,-1.16,16609577
1232647,0.07,1.06,0.04,-9.49,0.64,-6.32,0.02,1.01,0.13,-1.34,-0.06,-1.19,16609129
1232659,0.07,1.07,0.05,-7.48,-0.15,-8.54,0.02,1.01,0.13,-1.01,0.67,-0.70,16608067
1232670,0.06,1.08,0.05,-6.53,0.46,-9.37,0.02,1.01,0.13,-1.04,0.85,-0.46,16609768
1232683,0.04,1.07,0.05,-6.20,1.46,-7.57,0.02,1.01,0.13,-0.52,0.98,-0.24,16610973
1232694,0.03,1.07,0.05,-5.00,2.44,-5.86,0.02,1.01,0.13,-0.95,1.13,-0.21,16610282
1232706,0.05,1.07,0.05,-5.22,1.56,-6.13,0.02,1.01,0.13,-1.13,0.18,-0.18,16608274
1232717,0.04,1.06,0.05,-6.26,2.44,-4.15,0.02,1.01,0.13,-1.43,0.06,-0.18,16607730
1232730,0.04,1.06,0.05,-4.88,1.50,-1.89,0.02,1.01,0.13,-1.16,0.37,-0.58,16606890
1232741,0.05,1.06,0.05,-3.39,0.37,0.76,0.02,1.01,0.13,-0.89,0.64,-0.89,16606216
1232753,0.06,1.07,0.05,-1.59,-1.19,2.47,0.02,1.01,0.13,-1.31,0.21,-1.65,16609188
1232764,0.06,1.06,0.05,-1.46,-1.43,0.40,0.02,1.01,0.13,-1.43,-0.03,-2.01,16611209
1232776,0.04,1.05,0.05,-2.32,-0.31,-1.01,0.02,1.01,0.13,-1.01,-0.06,-1.98,16610375
1232788,0.03,1.04,0.05,-2.47,1.71,-2.04,0.02,1.01,0.13,0.12,-0.09,-1.68,16608542
1232799,0.01,1.03,0.05,-2.96,3.39,-2.81,0.01,1.00,0.13,1.71,-1.74,-0.09,16606982
1232812,0.02,1.03,0.05,-2.62,3.54,-2.66,0.01,1.00,0.13,2.41,-3.05,1.46,16607770
1232823,0.03,1.04,0.05,-2.38,2.59,-1.80,0.02,1.01,0.13,0.73,-0.67,0.21,16607213
1232835,0.05,1.04,0.05,-2.29,1.07,-1.62,0.02,1.01,0.13,0.46,-1.13,0.95,16607130
1232846,0.06,1.04,0.05,-2.01,-0.03,-1.50,0.02,1.01,0.13,-0.61,-0.52,1.16,16606974
1232859,0.06,1.04,0.06,-0.79,-0.58,-2.14,0.02,1.01,0.13,-1.16,0.09,0.95,16607858
1232870,0.05,1.04,0.05,-1.53,-0.55,-2.78,0.02,1.01,0.13,-0.85,0.31,1.04,16608733
1232882,0.04,1.03,0.05,-1.25,-0.34,-2.87,0.02,1.01,0.13,-0.52,0.21,0.43,16607956
1232893,0.05,1.03,0.05,-2.11,-0.89,-3.66,0.02,1.01,0.13,-0.09,0.09,0.31,16607275
1232905,0.05,1.01,0.05,-4.15,-1.01,-3.91,0.02,1.01,0.13,-0.03,0.92,0.52,16609940
1232917,0.06,1.00,0.05,-5.25,-1.89,-3.88,0.02,1.01,0.13,-0.18,0.73,0.58,16609631
1232928,0.06,0.99,0.05,-6.65,-2.50,-4.21,0.02,1.01,0.13,0.31,0.82,1.13,16607801
1232941,0.06,0.99,0.05,-7.63,-2.66,-5.68,0.02,1.01,0.12,1.19,0.52,1.98,16608374
1232952,0.06,1.00,0.06,-7.54,-2.84,-7.48,0.02,1.01,0.12,1.40,0.58,2.29,16610041
1232964,0.05,1.00,0.05,-7.45,-2.90,-7.20,0.02,1.01,0.13,-0.43,-0.03,1.19,16610100
1232975,0.04,1.01,0.05,-7.14,-2.38,-4.82,0.02,1.01,0.13,-0.82,-0.27,0.98,16608034
1232988,0.04,1.03,0.05,-5.04,-2.41,-2.23,0.02,1.01,0.13,-0.43,0.12,0.46,16608311
1232999,0.03,1.04,0.06,-3.17,-1.50,-0.40,0.02,1.01,0.13,-0.27,0.31,-0.24,16610084
1233010,0.02,1.05,0.06,-2.04,-0.85,0.85,0.02,1.01,0.13,-0.31,0.31,-0.79,16609363
1233022,0.01,1.05,0.06,-1.62,0.37,0.73,0.02,1.01,0.13,-1.04,0.09,-1.16,16611266
1233034,-0.00,1.04,0.06,-1.80,1.62,0.40,0.02,1.01,0.13,-1.40,0.03,-0.95,16611689
1233046,-0.01,1.02,0.06,-2.56,2.56,-0.40,0.02,1.01,0.12,-0.98,-0.09,-1.25,16609933
1233057,0.00,1.02,0.06,-2.99,2.44,-1.22,0.02,1.01,0.12,-0.27,0.09,-1.46,16608840
1233070,0.02,1.02,0.06,-2.47,1.25,-3.27,0.02,1.01,0.12,0.09,-0.31,-1.59,16609131
1233081,0.03,1.02,0.07,-2.47,0.40,-5.92,0.02,1.01,0.12,0.89,-0.70,-1.77,16610681
1233093,0.03,1.03,0.07,-2.53,0.92,-6.56,0.02,1.01,0.12,1.53,-0.40,-1.89,16610705
1233104,0.01,1.03,0.06,-1.95,2.41,-5.37,0.02,1.01,0.12,3.36,-0.40,-2.38,16609112
1233117,-0.00,1.04,0.06,-1.46,3.39,-2.44,0.02,1.01,0.12,1.80,-1.53,-2.41,16608011
1233128,-0.00,1.05,0.06,-0.73,3.88,1.16,0.02,1.01,0.12,1.80,-2.44,-2.56,16610237
1233139,0.02,1.05,0.06,0.15,3.05,2.14,0.02,1.01,0.12,1.95,-2.11,-2.17,16609521
1233152,0.03,1.04,0.07,-0.49,1.71,3.63,0.02,1.01,0.12,0.21,-1.50,-1.34,16607483
1233163,0.04,1.01,0.07,-2.41,0.67,2.93,0.02,1.01,0.12,-0.46,-0.55,-0.27,16609452
1233175,0.04,0.99,0.07,-4.39,0.98,1.22,0.02,1.01,0.13,-0.89,0.15,0.06,16610477
1233186,0.04,0.98,0.07,-5.92,0.52,-2.35,0.02,1.01,0.12,-0.55,0.76,0.64,16612902
1233199,0.04,0.97,0.06,-6.99,-0.15,-6.35,0.02,1.01,0.12,-0.12,1.50,0.15,16611251
1233210,0.04,0.98,0.07,-6.77,-0.46,-8.42,0.02,1.01,0.12,0.58,1.59,0.00,16608123
