time,faccx,faccy,faccz,fgyrx,fgyry,fgyrz,saccx,saccy,saccz,sgyrx,sgyry,sgyrz,load
4350,0.03,-1.13,-0.41,18.40,6.04,23.71,0.10,0.93,-0.30,1.28,-0.31,-3.81,16455538
4361,-0.00,-1.19,-0.40,27.74,1.37,35.71,0.10,0.93,-0.30,1.86,1.77,-4.61,16455501
4372,-0.02,-1.21,-0.39,36.56,-2.81,38.18,0.10,0.94,-0.30,1.77,1.43,-5.16,16455340
4384,-0.02,-1.19,-0.38,43.58,-7.90,31.25,0.10,0.95,-0.29,0.21,0.55,-5.10,16455294
4397,-0.02,-1.10,-0.37,45.50,-12.63,18.34,0.11,0.95,-0.29,-0.73,2.50,-4.49,16455315
4408,-0.01,-1.02,-0.34,45.14,-15.20,5.58,0.11,0.96,-0.29,-2.01,3.42,-3.69,16455171
4420,0.03,-0.93,-0.31,37.23,-13.79,2.75,0.11,0.97,-0.29,-4.12,5.86,-3.75,16455088
4432,0.05,-0.88,-0.29,34.39,-13.37,-2.81,0.10,0.99,-0.29,-7.45,3.63,-3.42,16455047
4445,0.09,-0.87,-0.27,29.85,-11.32,-1.31,0.10,1.00,-0.29,-9.77,2.26,-3.97,16455092
4456,0.10,-0.85,-0.26,24.60,-11.44,4.79,0.10,1.01,-0.30,-11.20,2.50,-4.61,16455148
4468,0.10,-0.86,-0.28,21.39,-12.54,4.36,0.10,1.01,-0.30,-12.66,3.08,-5.83,16455120
4481,0.11,-0.86,-0.30,19.35,-13.70,1.62,0.10,1.01,-0.30,-12.94,3.88,-6.99,16455276
4492,0.12,-0.87,-0.33,19.01,-14.65,-3.75,0.09,1.00,-0.30,-12.85,1.43,-7.45,16455389
4504,0.14,-0.89,-0.34,19.78,-13.58,-6.84,0.09,0.98,-0.29,-12.33,0.37,-8.76,16455364
4516,0.16,-0.89,-0.35,20.32,-10.77,-8.79,0.10,0.97,-0.29,-11.75,0.21,-8.85,16455273
4528,0.19,-0.88,-0.33,19.71,-5.25,-9.03,0.09,0.95,-0.28,-11.84,-2.72,-8.67,16455235
4540,0.22,-0.86,-0.32,16.94,0.82,-6.81,0.10,0.95,-0.27,-11.90,-1.43,-9.34,16455156
4552,0.23,-0.82,-0.30,12.30,7.48,-7.60,0.11,0.94,-0.27,-12.79,0.76,-8.12,16455119
4563,0.24,-0.77,-0.27,6.29,13.92,-10.38,0.11,0.94,-0.27,-13.06,1.89,-7.51,16455033
4576,0.23,-0.74,-0.25,0.55,18.62,-14.01,0.10,0.93,-0.27,-13.64,4.06,-6.04,16454895
4588,0.20,-0.71,-0.25,-5.04,21.18,-17.30,0.09,0.93,-0.26,-14.31,5.55,-4.61,16454932
4600,0.17,-0.71,-0.25,-9.83,21.97,-19.17,0.07,0.92,-0.25,-15.32,5.13,-3.20,16454991
4612,0.14,-0.72,-0.25,-13.76,22.55,-16.48,0.06,0.92,-0.25,-16.63,3.30,-1.25,16455067
4624,0.10,-0.73,-0.26,-18.25,21.61,-11.63,0.04,0.93,-0.26,-18.13,0.40,-0.18,16455087
4636,0.08,-0.76,-0.26,-23.32,20.39,-4.79,0.03,0.94,-0.26,-19.47,-0.98,0.15,16455163
4647,0.06,-0.79,-0.28,-26.73,16.94,1.92,0.03,0.96,-0.27,-20.72,-2.59,0.31,16455280
4660,0.03,-0.82,-0.31,-29.97,11.78,8.30,0.03,0.98,-0.27,-21.73,-3.39,0.37,16455395
4672,0.01,-0.85,-0.35,-33.08,5.95,12.66,0.03,1.00,-0.28,-23.62,-6.50,-1.50,16455121
4683,0.00,-0.87,-0.37,-35.10,0.21,15.38,0.05,1.01,-0.28,-24.11,-5.65,-3.45,16455267
4696,-0.00,-0.89,-0.39,-35.98,-5.31,15.17,0.05,1.01,-0.28,-23.56,-5.13,-3.88,16455386
4708,0.01,-0.91,-0.40,-35.89,-9.31,14.10,0.05,1.02,-0.29,-22.80,-5.46,-3.48,16455435
4719,0.03,-0.94,-0.43,-33.84,-10.86,12.45,0.05,1.02,-0.29,-22.19,-9.61,-4.12,16455459
4731,0.06,-0.99,-0.46,-28.69,-12.45,12.57,0.06,1.02,-0.29,-19.96,-9.00,-6.07,16455601
4744,0.09,-1.03,-0.48,-23.32,-12.91,11.60,0.08,1.02,-0.29,-18.43,-6.20,-7.14,16455704
4755,0.12,-1.04,-0.49,-17.67,-11.47,7.66,0.10,1.02,-0.29,-16.27,-0.15,-7.93,16455754
4767,0.15,-1.04,-0.48,-12.79,-8.79,1.71,0.09,1.01,-0.29,-15.05,0.92,-7.42,16455663
4780,0.17,-1.04,-0.47,-7.87,-4.39,-3.17,0.09,1.01,-0.29,-14.28,1.65,-5.80,16455509
4791,0.19,-1.03,-0.45,-3.72,1.01,-6.35,0.08,1.01,-0.29,-15.01,-0.79,-5.19,16455513
4803,0.21,-1.02,-0.42,-1.65,7.60,-5.07,0.07,1.01,-0.29,-16.27,-1.98,-4.09,16455453
4815,0.22,-1.01,-0.39,-0.06,14.07,-0.49,0.07,1.00,-0.29,-17.03,-1.43,-2.29,16455446
4828,0.21,-0.99,-0.37,0.34,19.47,3.17,0.07,1.00,-0.28,-18.34,-1.56,-1.40,16455544
4839,0.20,-0.96,-0.35,0.15,23.22,4.43,0.08,0.99,-0.27,-19.78,0.21,-0.21,16455509
4851,0.17,-0.94,-0.35,0.12,23.99,4.58,0.08,0.99,-0.27,-20.51,0.95,0.24,16455547
4864,0.13,-0.93,-0.35,0.85,22.13,3.08,0.08,0.98,-0.26,-21.21,3.42,-0.27,16455584
4875,0.09,-0.91,-0.36,1.43,18.89,-2.56,0.08,0.98,-0.26,-21.21,7.20,0.06,16455495
4887,0.05,-0.89,-0.37,1.56,15.41,-9.77,0.06,0.97,-0.26,-21.82,7.63,0.89,16455358
4899,0.03,-0.89,-0.38,1.43,11.78,-6.04,0.05,0.97,-0.26,-23.56,5.40,0.40,16455328
4911,0.00,-0.91,-0.39,1.28,7.63,7.42,0.03,0.98,-0.25,-25.45,1.25,0.00,16455300
4923,-0.02,-0.92,-0.40,0.89,2.01,19.38,0.03,0.98,-0.25,-27.07,-1.92,-1.07,16455303
4935,-0.05,-0.92,-0.41,1.65,-4.58,23.77,0.03,0.97,-0.24,-27.50,-2.26,-2.44,16455387
4946,-0.05,-0.91,-0.42,3.85,-10.53,20.75,0.05,0.95,-0.23,-24.99,3.20,-2.99,16455472
4959,-0.05,-0.90,-0.43,5.25,-15.84,19.23,0.06,0.94,-0.22,-23.16,6.26,-3.27,16455389
4971,-0.04,-0.89,-0.43,4.15,-18.62,27.89,0.06,0.95,-0.21,-23.50,7.81,-5.07,16455453
4983,-0.04,-0.88,-0.44,1.40,-21.39,37.72,0.06,0.96,-0.21,-23.68,10.65,-6.44,16455337
4995,-0.03,-0.84,-0.44,-2.50,-23.62,38.12,0.05,0.97,-0.20,-24.51,8.97,-4.06,16455305
5007,-0.02,-0.78,-0.43,-6.84,-24.63,25.27,0.04,0.97,-0.20,-25.12,8.58,-2.32,16455285
5019,-0.00,-0.73,-0.42,-10.22,-23.96,9.49,0.03,0.97,-0.19,-24.78,6.68,0.40,16455284
5030,0.03,-0.72,-0.42,-13.34,-20.63,2.69,0.04,0.97,-0.19,-25.30,5.13,1.98,16455256
5043,0.06,-0.73,-0.41,-14.83,-15.14,2.01,0.05,0.96,-0.18,-24.35,7.42,4.06,16455093
5055,0.10,-0.77,-0.41,-14.22,-7.81,5.16,0.05,0.97,-0.17,-23.25,4.55,7.14,16455194
5066,0.13,-0.80,-0.42,-13.03,0.37,8.36,0.05,0.97,-0.15,-21.55,4.79,7.90,16455058
5079,0.16,-0.83,-0.42,-11.99,8.94,12.21,0.06,0.98,-0.14,-20.17,1.83,9.49,16454995
5091,0.17,-0.85,-0.43,-12.39,16.30,18.98,0.06,0.98,-0.14,-18.65,0.12,10.41,16455025
5102,0.16,-0.85,-0.44,-13.15,21.09,22.16,0.07,0.99,-0.14,-17.15,0.89,10.25,16455043
5114,0.13,-0.83,-0.46,-14.43,21.00,15.41,0.08,1.00,-0.13,-15.08,3.05,10.74,16454929
5127,0.08,-0.80,-0.49,-16.02,17.40,3.91,0.09,1.01,-0.14,-13.70,4.03,11.66,16454766
5139,0.04,-0.80,-0.51,-16.75,13.46,-3.39,0.10,1.01,-0.14,-12.36,5.89,10.86,16454808
5150,0.02,-0.81,-0.52,-17.15,9.40,-5.04,0.10,1.02,-0.14,-11.11,6.26,10.31,16454822
5163,0.01,-0.84,-0.54,-16.75,6.93,-1.34,0.10,1.02,-0.14,-9.95,4.79,9.40,16454874
5175,0.01,-0.87,-0.54,-15.87,5.52,2.90,0.10,1.03,-0.14,-8.33,6.35,7.69,16454769
5186,0.01,-0.88,-0.54,-14.28,4.27,3.23,0.11,1.03,-0.14,-6.71,7.51,7.23,16454789
5198,0.01,-0.88,-0.54,-12.91,2.84,0.79,0.10,1.03,-0.13,-5.22,8.51,6.87,16454727
5211,0.01,-0.89,-0.53,-10.65,1.04,-0.55,0.10,1.02,-0.13,-4.00,8.12,5.43,16454704
5222,0.01,-0.89,-0.52,-8.61,-1.50,-1.53,0.10,1.02,-0.12,-2.90,8.30,4.79,16454702
5234,0.02,-0.89,-0.50,-7.57,-2.69,-1.65,0.10,1.01,-0.11,-1.77,8.48,4.21,16454647
5246,0.02,-0.89,-0.48,-6.99,-3.42,2.14,0.10,1.00,-0.09,-1.28,7.29,4.12,16454680
5258,0.03,-0.89,-0.46,-6.77,-3.78,7.66,0.10,0.99,-0.08,-0.12,7.54,3.45,16454703
5270,0.03,-0.87,-0.45,-6.44,-4.30,9.52,0.11,0.98,-0.06,1.53,7.60,2.72,16454677
5282,0.02,-0.85,-0.44,-6.77,-4.88,7.45,0.12,0.98,-0.05,2.81,8.58,2.50,16454770
5294,0.02,-0.83,-0.43,-8.48,-5.65,4.88,0.12,0.97,-0.04,3.81,9.12,1.80,16454703
5306,0.02,-0.81,-0.41,-10.77,-5.55,5.04,0.12,0.97,-0.03,4.00,9.03,2.17,16454706
5318,0.01,-0.80,-0.40,-12.79,-5.74,5.34,0.12,0.97,-0.03,4.46,9.09,2.32,16454687
5330,0.01,-0.80,-0.39,-14.74,-5.98,4.91,0.13,0.97,-0.03,4.09,9.49,1.86,16454955
5342,0.00,-0.80,-0.38,-16.88,-6.38,7.23,0.12,0.97,-0.03,3.17,8.45,1.40,16455004
5354,0.00,-0.81,-0.37,-17.79,-6.65,7.29,0.12,0.97,-0.04,2.90,10.01,0.15,16454961
5366,0.00,-0.81,-0.36,-18.13,-8.03,3.85,0.12,0.96,-0.04,2.20,9.89,0.46,16454945
5378,0.01,-0.83,-0.35,-17.70,-8.73,1.01,0.12,0.97,-0.05,1.98,10.93,0.55,16454899
5390,0.02,-0.85,-0.35,-15.72,-8.88,-0.76,0.11,0.97,-0.06,1.34,10.04,0.40,16454823
5402,0.04,-0.88,-0.35,-12.85,-7.97,-2.35,0.09,0.98,-0.07,0.95,8.45,-0.31,16454984
5413,0.05,-0.91,-0.36,-8.30,-7.14,-1.86,0.09,0.98,-0.08,0.58,6.84,-0.03,16455149
5426,0.07,-0.94,-0.37,-4.55,-5.37,0.34,0.08,0.99,-0.09,0.46,7.17,0.43,16455155
5438,0.08,-0.97,-0.38,-0.58,-3.85,3.97,0.07,1.00,-0.09,0.18,5.07,-0.09,16455042
5449,0.08,-0.97,-0.39,2.75,-2.96,4.76,0.07,1.01,-0.10,-0.21,4.61,-0.06,16454973
5462,0.08,-0.97,-0.41,5.10,-2.99,4.30,0.07,1.02,-0.11,-0.24,3.51,-0.09,16454933
5474,0.08,-0.95,-0.42,5.89,-2.99,3.08,0.07,1.03,-0.11,-0.46,3.81,-1.40,16454827
5485,0.08,-0.92,-0.42,4.46,-2.20,2.41,0.07,1.03,-0.12,-1.74,4.52,-1.89,16454897
5497,0.08,-0.90,-0.42,1.59,-1.04,7.29,0.07,1.04,-0.12,-2.75,4.39,-1.56,16454854
5510,0.06,-0.88,-0.43,-1.59,-1.53,9.95,0.06,1.05,-0.13,-4.43,2.14,-1.25,16454859
5522,0.04,-0.86,-0.44,-4.09,-2.47,6.87,0.06,1.05,-0.13,-5.68,-0.24,-1.13,16455017
5533,0.04,-0.85,-0.45,-5.16,-3.30,2.56,0.07,1.05,-0.13,-6.04,0.31,-1.46,16455038
5545,0.03,-0.86,-0.45,-6.01,-3.66,1.74,0.08,1.05,-0.14,-6.26,2.04,-1.95,16455088
5558,0.04,-0.87,-0.46,-6.07,-3.08,2.41,0.09,1.05,-0.14,-6.10,2.11,-2.62,16455041
5569,0.04,-0.88,-0.46,-5.19,-2.59,2.47,0.09,1.05,-0.13,-6.44,2.87,-2.90,16454967
5581,0.05,-0.88,-0.45,-4.30,-0.95,0.98,0.09,1.04,-0.13,-6.74,1.95,-2.90,16455053
5594,0.07,-0.89,-0.45,-3.33,1.62,0.09,0.08,1.04,-0.14,-7.45,0.73,-2.69,16455182
5605,0.08,-0.89,-0.45,-1.74,5.00,0.18,0.08,1.03,-0.13,-7.78,-0.67,-1.62,16455140
5617,0.09,-0.90,-0.44,-0.64,7.87,3.48,0.08,1.03,-0.13,-8.18,-1.86,-1.16,16455101
5629,0.08,-0.90,-0.44,-0.64,10.07,8.88,0.08,1.03,-0.13,-9.16,-2.53,-1.71,16455084
5641,0.06,-0.88,-0.44,-1.65,9.80,9.25,0.09,1.02,-0.13,-9.92,-3.75,-2.01,16455120
5653,0.04,-0.86,-0.44,-2.47,8.27,3.85,0.09,1.02,-0.12,-10.22,-2.78,-1.43,16454989
5665,0.02,-0.84,-0.45,-2.75,6.10,-1.13,0.11,1.01,-0.12,-9.95,-0.31,-2.14,16454934
5677,-0.00,-0.85,-0.44,-1.65,4.15,-1.80,0.11,1.00,-0.12,-9.80,0.24,-3.02,16454873
5689,-0.01,-0.86,-0.45,0.18,2.78,-1.22,0.11,0.99,-0.11,-9.74,1.07,-3.57,16455069
5701,-0.02,-0.87,-0.45,2.87,1.04,-1.86,0.11,0.98,-0.11,-9.09,1.22,-3.72,16455264
5713,-0.03,-0.87,-0.45,5.52,-0.64,-2.56,0.11,0.97,-0.11,-8.36,0.98,-3.94,16455295
5725,-0.03,-0.86,-0.45,6.71,-0.76,-2.32,0.10,0.97,-0.10,-8.45,0.37,-3.42,16455121
5737,-0.03,-0.85,-0.44,6.59,-0.49,1.04,0.09,0.97,-0.10,-8.64,-1.50,-2.96,16454973
5749,-0.02,-0.83,-0.44,6.77,0.03,2.69,0.09,0.96,-0.10,-8.30,-2.59,-2.66,16454837
5761,-0.02,-0.81,-0.45,5.74,-0.18,0.98,0.09,0.96,-0.10,-8.06,-3.14,-1.92,16454807
5773,-0.02,-0.79,-0.45,5.34,-0.61,-1.37,0.09,0.96,-0.09,-7.63,-2.66,-1.68,16455030
5785,-0.01,-0.79,-0.45,5.22,-1.01,-3.72,0.09,0.96,-0.09,-6.56,-1.46,-1.31,16455024
5796,-0.01,-0.79,-0.45,5.74,-0.64,-2.35,0.09,0.96,-0.09,-5.71,-1.22,-1.25,16455009
5809,-0.01,-0.80,-0.46,5.62,-0.73,0.67,0.09,0.96,-0.08,-4.49,-1.34,-1.56,16455060
5821,-0.01,-0.79,-0.46,5.62,-1.59,-0.58,0.09,0.96,-0.09,-3.72,-1.10,-1.53,16455049
5832,-0.02,-0.79,-0.47,5.25,-2.72,-2.84,0.10,0.96,-0.09,-2.87,-0.27,-1.22,16454922
5844,-0.02,-0.79,-0.47,4.73,-3.48,-2.01,0.09,0.97,-0.09,-2.59,-0.61,-1.53,16454818
5857,-0.02,-0.80,-0.48,4.39,-4.67,-2.20,0.09,0.97,-0.09,-2.14,-1.59,-1.71,16454857
5868,-0.02,-0.80,-0.48,4.49,-5.46,-4.18,0.10,0.97,-0.09,-1.01,-0.52,-1.13,16454986
5880,-0.01,-0.80,-0.47,3.69,-5.13,-1.86,0.10,0.98,-0.10,-0.73,-0.46,-1.62,16455074
5893,-0.00,-0.81,-0.47,2.11,-3.63,4.15,0.10,0.99,-0.10,-0.70,-0.67,-2.75,16455112
5905,0.00,-0.79,-0.47,-0.64,-3.45,3.75,0.10,0.99,-0.10,-1.01,-1.04,-2.78,16455028
5916,0.00,-0.77,-0.47,-3.11,-3.66,-2.59,0.10,1.00,-0.10,-0.73,-0.34,-2.35,16455011
5928,0.01,-0.77,-0.47,-5.04,-3.75,-6.99,0.10,1.00,-0.10,-0.15,-0.18,-2.35,16454950
5941,0.01,-0.79,-0.47,-5.07,-3.33,-7.08,0.10,1.01,-0.10,0.09,0.58,-2.69,16454992
5952,0.02,-0.82,-0.47,-4.58,-2.01,-6.68,0.10,1.01,-0.10,0.40,0.89,-3.63,16455070
5964,0.03,-0.84,-0.46,-3.85,-1.07,-6.53,0.10,1.01,-0.10,0.40,0.73,-3.91,16455145
5977,0.04,-0.85,-0.45,-2.66,-0.12,-8.24,0.09,1.01,-0.10,0.64,0.73,-3.66,16455192
5988,0.04,-0.87,-0.45,-0.76,0.27,-10.04,0.09,1.01,-0.11,0.67,0.34,-3.42,16455101
6000,0.04,-0.89,-0.45,1.50,0.31,-11.44,0.09,1.02,-0.11,0.58,0.06,-3.48,16455124
6012,0.04,-0.91,-0.44,3.63,0.06,-13.37,0.09,1.02,-0.11,0.52,0.58,-3.63,16455166
6024,0.04,-0.92,-0.44,5.83,-0.34,-11.20,0.09,1.02,-0.11,0.52,2.08,-3.75,16455169
6036,0.03,-0.93,-0.43,7.14,-0.24,-7.90,0.08,1.02,-0.10,0.43,1.86,-4.18,16455083
6048,0.02,-0.93,-0.43,7.81,-1.13,-6.20,0.08,1.02,-0.10,-0.40,1.04,-4.52,16455031
6061,0.01,-0.92,-0.42,8.45,-2.41,-8.15,0.07,1.02,-0.10,-1.04,0.31,-4.00,16455106
6072,0.00,-0.91,-0.41,9.28,-4.24,-11.41,0.07,1.02,-0.10,-2.17,-0.09,-3.51,16455246
6084,0.00,-0.91,-0.41,10.99,-4.97,-15.29,0.07,1.03,-0.10,-2.41,-0.12,-3.02,16455297
6096,0.01,-0.93,-0.40,14.34,-4.64,-19.41,0.07,1.02,-0.10,-2.90,-0.12,-2.17,16455286
6108,0.03,-0.94,-0.39,18.59,-2.96,-24.87,0.07,1.02,-0.10,-2.87,0.21,-1.62,16455320
6120,0.06,-0.96,-0.38,23.77,0.09,-30.55,0.07,1.02,-0.10,-2.50,0.85,-0.58,16455387
6132,0.08,-0.97,-0.36,28.29,4.46,-32.17,0.07,1.01,-0.10,-2.35,1.37,0.12,16455337
6144,0.11,-0.99,-0.35,32.65,8.91,-28.50,0.07,1.01,-0.10,-2.72,-0.15,1.22,16455377
6156,0.13,-1.01,-0.35,35.95,13.46,-21.85,0.07,1.02,-0.10,-4.03,-1.68,1.07,16455421
6168,0.13,-1.02,-0.35,37.87,16.63,-15.90,0.07,1.02,-0.10,-4.46,-1.95,-0.06,16455378
6179,0.12,-1.08,-0.37,44.59,18.37,-0.37,0.07,1.01,-0.10,-3.51,-1.22,-0.46,16455328
6192,0.08,-1.18,-0.38,56.58,16.82,18.07,0.06,1.01,-0.10,-1.92,-3.88,-2.17,16455405
6204,0.03,-1.24,-0.39,69.34,10.89,30.24,0.06,1.00,-0.10,-1.10,-5.80,-4.00,16455600
6215,-0.02,-1.23,-0.41,78.61,1.31,28.35,0.06,1.00,-0.10,0.00,-5.68,-4.64,16455678
6227,-0.07,-1.16,-0.41,82.61,-8.88,13.76,0.07,1.00,-0.11,0.64,-3.36,-5.40,16455615
6240,-0.10,-1.05,-0.40,81.85,-17.70,-4.55,0.08,1.01,-0.11,0.09,0.34,-5.28,16455438
6252,-0.11,-0.95,-0.38,77.64,-23.47,-18.10,0.09,1.02,-0.11,-1.07,4.03,-4.94,16455220
6263,-0.09,-0.88,-0.35,69.76,-24.81,-22.49,0.09,1.03,-0.10,-2.99,5.13,-3.91,16455235
6276,-0.05,-0.84,-0.33,61.71,-22.92,-16.57,0.09,1.04,-0.11,-5.28,5.28,-3.91,16455093
6288,-0.02,-0.84,-0.30,54.66,-19.10,-5.13,0.08,1.05,-0.11,-7.48,3.51,-4.03,16455027
6299,0.01,-0.86,-0.28,50.08,-15.26,6.77,0.07,1.05,-0.10,-8.64,1.34,-3.97,16455167
6311,0.03,-0.89,-0.28,48.83,-13.09,12.12,0.07,1.04,-0.10,-8.36,0.61,-3.72,16455335
6324,0.02,-0.94,-0.27,52.12,-13.40,9.86,0.06,1.03,-0.10,-7.35,0.89,-2.93,16455354
6335,0.01,-0.98,-0.27,58.75,-15.35,2.38,0.06,1.02,-0.09,-5.77,1.34,-2.35,16455373
6347,0.00,-1.06,-0.27,70.47,-17.82,-7.87,0.06,1.00,-0.09,-3.05,2.72,-1.37,16455588
6360,-0.01,-1.17,-0.27,87.95,-19.65,-17.85,0.06,0.98,-0.09,0.03,3.51,0.09,16455662
6371,-0.00,-1.22,-0.26,101.04,-19.38,-20.54,0.06,0.98,-0.10,1.25,5.07,0.58,16455771
6383,0.02,-1.21,-0.25,106.11,-17.24,-16.72,0.07,0.98,-0.10,1.43,6.96,2.04,16455716
6395,0.04,-1.13,-0.22,103.15,-13.73,-12.15,0.06,1.00,-0.10,-0.31,6.68,3.51,16455460
6408,0.06,-1.01,-0.20,94.18,-11.44,-7.81,0.06,1.01,-0.10,-2.04,5.52,3.88,16455200
6419,0.07,-0.95,-0.18,87.28,-10.71,-7.29,0.06,1.02,-0.10,-3.08,2.69,2.56,16454988
6431,0.06,-0.95,-0.17,88.10,-11.05,-7.75,0.06,1.02,-0.10,-2.75,0.95,1.77,16455020
6444,0.06,-0.97,-0.16,87.49,-12.21,-5.89,0.07,1.01,-0.10,-3.08,1.28,1.07,16455093
6455,0.06,-0.96,-0.14,85.17,-12.76,-4.46,0.08,1.01,-0.10,-3.33,2.38,0.46,16454942
6467,0.07,-0.94,-0.13,80.69,-12.85,-4.06,0.09,1.02,-0.10,-3.63,4.43,-0.06,16455041
6479,0.07,-0.94,-0.11,80.14,-13.52,-7.48,0.09,1.01,-0.10,-3.39,5.19,-1.22,16455066
6491,0.07,-0.98,-0.10,84.66,-14.89,-16.02,0.08,1.01,-0.11,-3.14,3.27,-1.25,16455064
6503,0.07,-1.02,-0.08,88.65,-15.23,-22.64,0.08,1.01,-0.11,-2.93,3.57,-1.83,16455112
6515,0.08,-1.01,-0.06,87.62,-13.46,-22.86,0.09,1.01,-0.11,-2.81,5.00,-2.75,16455045
6526,0.11,-0.98,-0.04,82.37,-10.71,-17.33,0.09,1.02,-0.11,-3.51,6.99,-1.07,16454946
6539,0.12,-0.93,-0.01,75.90,-8.45,-14.31,0.08,1.03,-0.11,-3.91,7.17,-1.86,16454668
6551,0.12,-0.95,0.00,77.24,-7.32,-16.05,0.07,1.02,-0.11,-3.75,4.06,-1.86,16454677
6563,0.11,-0.98,0.02,79.56,-6.56,-18.89,0.06,1.01,-0.10,-3.30,2.26,-2.04,16454680
6575,0.11,-1.00,0.04,80.20,-5.43,-17.76,0.06,1.01,-0.10,-3.75,2.66,-0.18,16454753
6587,0.11,-1.00,0.05,78.77,-4.09,-13.40,0.06,1.02,-0.10,-3.88,3.14,0.37,16454543
6599,0.11,-1.00,0.07,78.40,-3.14,-11.32,0.06,1.02,-0.10,-4.03,3.48,0.98,16454448
6610,0.10,-0.97,0.08,74.89,-3.11,-11.41,0.06,1.03,-0.10,-3.88,3.42,1.89,16454535
6623,0.09,-0.95,0.09,71.04,-4.03,-11.99,0.06,1.03,-0.11,-3.78,3.54,1.56,16454281
6635,0.09,-0.94,0.11,68.79,-4.00,-13.46,0.07,1.03,-0.11,-3.94,4.97,1.50,16454031
6646,0.09,-0.97,0.13,68.18,-4.09,-9.00,0.08,1.03,-0.10,-4.46,6.04,0.76,16453923
6659,0.09,-1.05,0.15,74.46,-4.09,-1.16,0.07,1.03,-0.10,-4.97,4.88,1.43,16454014
6671,0.08,-1.10,0.16,79.16,-6.65,1.43,0.06,1.02,-0.10,-5.55,1.92,2.20,16454053
6682,0.06,-1.07,0.17,79.80,-9.92,-2.75,0.06,1.03,-0.10,-6.38,-0.89,0.85,16453682
6694,0.06,-0.97,0.18,71.17,-11.63,-2.62,0.07,1.04,-0.11,-8.30,0.61,0.52,16453292
6707,0.08,-0.83,0.21,54.96,-12.57,5.16,0.08,1.06,-0.12,-9.92,4.06,-0.09,16452965
6718,0.10,-0.80,0.23,45.90,-12.27,11.32,0.08,1.07,-0.13,-11.63,2.41,-1.13,16452732
6730,0.11,-0.89,0.26,49.04,-11.60,8.64,0.07,1.08,-0.13,-12.15,-0.64,-1.53,16452773
6743,0.12,-1.01,0.28,56.98,-11.11,3.75,0.07,1.07,-0.12,-12.51,-1.65,-1.46,16452924
6755,0.13,-1.09,0.29,64.67,-9.37,1.50,0.07,1.06,-0.11,-12.39,-1.16,-0.92,16452850
6766,0.14,-1.08,0.30,65.92,-8.97,3.23,0.08,1.05,-0.10,-11.66,-0.98,-1.50,16452578
6778,0.13,-0.99,0.31,61.95,-10.13,1.46,0.08,1.04,-0.08,-11.57,-1.50,-2.84,16451981
6791,0.11,-0.86,0.31,50.20,-11.32,4.06,0.09,1.03,-0.07,-12.15,-1.53,-3.85,16451437
6802,0.11,-0.73,0.33,36.87,-11.35,13.76,0.08,1.02,-0.06,-14.43,-4.70,-3.17,16451020
6814,0.12,-0.70,0.35,30.55,-9.55,19.47,0.06,1.00,-0.06,-15.81,-8.03,-1.95,16450831
6827,0.13,-0.76,0.38,33.84,-6.99,17.09,0.06,0.97,-0.05,-14.34,-8.91,-0.98,16450942
6838,0.13,-0.81,0.40,37.63,-5.62,14.50,0.06,0.96,-0.05,-13.67,-7.72,-0.43,16450940
6850,0.11,-0.79,0.40,34.58,-6.77,11.66,0.07,0.95,-0.05,-13.82,-7.63,-0.03,16450693
6862,0.10,-0.74,0.40,28.02,-8.00,13.18,0.08,0.95,-0.04,-13.03,-5.28,-0.85,16450530
6874,0.10,-0.70,0.40,22.80,-9.06,12.82,0.09,0.95,-0.04,-10.80,-3.05,-2.50,16450469
6886,0.09,-0.70,0.40,19.71,-10.19,8.88,0.09,0.94,-0.04,-8.79,0.79,-3.51,16450493
6898,0.08,-0.73,0.40,17.91,-11.20,8.79,0.09,0.94,-0.04,-8.30,3.02,-3.27,16450500
6910,0.07,-0.77,0.40,16.82,-12.08,10.65,0.08,0.95,-0.04,-7.60,2.47,-2.93,16450593
6922,0.06,-0.79,0.40,15.29,-12.76,12.18,0.07,0.96,-0.04,-6.84,0.82,-2.87,16450607
6934,0.06,-0.80,0.40,13.37,-12.42,11.84,0.06,0.97,-0.04,-4.52,1.43,-2.08,16450339
6946,0.07,-0.79,0.40,9.55,-11.63,11.38,0.06,0.98,-0.04,-3.14,1.16,-2.17,16450127
6958,0.09,-0.78,0.40,5.65,-10.47,13.43,0.06,0.99,-0.04,-1.19,1.92,-1.95,16450200
6970,0.09,-0.77,0.40,0.67,-9.03,14.62,0.06,0.99,-0.04,-0.09,1.19,-2.20,16450366
6982,0.10,-0.75,0.41,-5.62,-8.09,17.94,0.06,1.00,-0.04,-0.24,-0.37,-1.80,16450304
6993,0.10,-0.75,0.42,-9.64,-6.35,20.90,0.06,1.00,-0.04,0.15,0.34,-0.61,16450276
7006,0.10,-0.81,0.43,-7.81,-5.40,15.59,0.07,1.00,-0.05,1.13,1.95,-0.21,16450480
7018,0.10,-0.85,0.44,-5.89,-4.76,10.59,0.07,1.00,-0.05,1.74,2.35,0.15,16450927
7029,0.10,-0.87,0.44,-5.25,-3.39,9.52,0.07,1.00,-0.05,1.59,1.50,0.00,16451071
7042,0.11,-0.87,0.45,-6.53,-1.98,8.15,0.07,1.01,-0.05,2.38,2.01,-0.21,16451140
7054,0.10,-0.88,0.46,-6.32,-1.34,5.43,0.08,1.01,-0.05,1.89,2.32,-0.34,16450997
7065,0.09,-0.90,0.46,-4.58,-1.53,4.76,0.08,1.01,-0.05,1.95,3.36,-0.58,16451042
7077,0.08,-0.90,0.46,-4.24,-2.20,3.08,0.08,1.01,-0.05,1.62,3.81,0.43,16451045
7090,0.09,-0.86,0.47,-7.90,-1.65,3.48,0.08,1.01,-0.05,1.01,3.30,0.40,16451014
7101,0.10,-0.83,0.47,-10.83,-0.12,2.17,0.08,1.01,-0.06,0.58,2.90,-0.12,16451092
7113,0.12,-0.87,0.48,-8.27,2.56,-0.21,0.07,1.01,-0.06,-0.06,2.17,-0.43,16451223
7126,0.13,-0.91,0.49,-5.77,3.78,-2.56,0.07,1.02,-0.07,-1.46,1.53,0.40,16451458
7138,0.13,-0.95,0.49,-2.62,4.82,-3.02,0.07,1.03,-0.07,-2.11,0.70,0.34,16451574
7149,0.12,-0.98,0.48,-0.49,4.79,-2.75,0.07,1.04,-0.07,-2.29,0.34,-0.37,16451573
7161,0.11,-0.96,0.47,-1.25,3.23,-4.49,0.07,1.04,-0.07,-1.92,0.76,-1.59,16451418
7174,0.10,-0.93,0.46,-2.81,0.76,-3.94,0.07,1.04,-0.06,-2.04,1.34,-3.27,16451225
7185,0.09,-0.93,0.46,-2.90,-0.06,-2.17,0.07,1.03,-0.06,-2.29,0.73,-4.03,16451238
7197,0.08,-0.94,0.46,-1.16,-1.01,-2.35,0.06,1.02,-0.06,-2.01,1.31,-4.27,16451336
7209,0.08,-0.94,0.46,-0.37,-1.34,-2.84,0.06,1.02,-0.07,-2.08,1.83,-3.60,16451457
7221,0.07,-0.93,0.46,-1.13,-1.62,-3.27,0.06,1.03,-0.07,-2.53,2.62,-3.23,16451388
7233,0.07,-0.92,0.46,-2.56,-1.56,-2.04,0.06,1.03,-0.07,-2.66,3.05,-3.17,16451316
7245,0.07,-0.93,0.46,-0.34,-1.89,-1.10,0.06,1.03,-0.07,-2.72,2.81,-2.78,16451475
7257,0.06,-0.95,0.46,0.98,-2.11,-0.67,0.06,1.03,-0.07,-3.27,2.01,-2.26,16451636
7269,0.06,-0.94,0.47,0.43,-1.62,0.21,0.06,1.03,-0.06,-3.42,1.80,-1.68,16451455
7281,0.07,-0.92,0.47,-0.12,-0.15,1.53,0.05,1.02,-0.06,-3.20,1.19,-0.55,16451417
7293,0.07,-0.90,0.47,-0.85,1.16,2.29,0.05,1.02,-0.05,-3.14,0.46,0.12,16451331
7305,0.07,-0.90,0.47,-0.73,1.86,2.53,0.05,1.01,-0.05,-2.78,0.58,0.37,16451240
7317,0.06,-0.89,0.47,-0.98,1.80,2.17,0.06,1.01,-0.05,-2.84,1.28,0.95,16451315
7329,0.06,-0.88,0.46,-1.98,1.62,1.65,0.06,1.00,-0.05,-2.53,2.04,1.10,16451290
7341,0.06,-0.88,0.46,-1.80,1.40,1.31,0.07,1.00,-0.05,-2.17,2.62,1.31,16451428
7353,0.06,-0.88,0.45,-1.80,1.07,1.77,0.07,1.00,-0.05,-1.50,2.84,0.76,16451573
7365,0.06,-0.87,0.45,-3.17,0.67,1.19,0.07,0.99,-0.05,-1.19,3.39,0.46,16451526
7376,0.07,-0.85,0.45,-5.25,1.22,1.62,0.07,0.99,-0.05,-0.61,4.46,0.67,16451538
7389,0.07,-0.84,0.44,-7.29,0.98,2.26,0.07,0.99,-0.05,0.15,3.69,0.37,16451548
7401,0.07,-0.83,0.44,-10.35,0.73,4.30,0.07,0.99,-0.05,-0.12,3.60,-0.34,16451632
7412,0.06,-0.85,0.43,-10.28,0.15,6.04,0.07,0.99,-0.05,-0.03,3.30,-0.21,16451736
7425,0.06,-0.86,0.43,-11.44,-0.24,6.23,0.07,0.99,-0.06,1.04,2.47,-0.61,16451767
7437,0.07,-0.81,0.42,-18.13,0.34,6.81,0.07,1.00,-0.06,2.41,1.80,-1.65,16451669
7449,0.09,-0.70,0.41,-32.87,2.47,12.05,0.06,1.02,-0.07,3.48,-0.46,-2.75,16451672
7460,0.12,-0.48,0.40,-62.96,7.23,27.19,0.06,1.06,-0.07,-0.06,-3.81,-3.97,16451666
7473,0.14,-0.28,0.38,-101.75,11.66,54.23,0.06,1.08,-0.07,-4.61,-6.96,-4.49,16451682
7485,0.12,-0.25,0.35,-124.60,15.08,67.57,0.06,1.08,-0.06,-6.16,-6.50,-3.91,16452114
7496,0.06,-0.40,0.31,-132.75,13.37,69.12,0.06,1.05,-0.06,-5.65,-4.79,-4.06,16452936
7508,-0.01,-0.74,0.27,-109.07,8.85,47.45,0.06,1.00,-0.05,-1.56,-3.48,-3.94,16454044
7521,-0.08,-1.06,0.25,-79.28,3.91,17.46,0.06,0.96,-0.06,2.59,-1.04,-1.95,16454940
7532,-0.05,-1.17,0.26,-64.97,5.62,2.17,0.07,0.96,-0.06,1.86,0.21,1.13,16455140
7544,0.03,-1.22,0.28,-56.09,14.68,19.17,0.07,0.97,-0.06,0.79,-0.31,1.59,16454901
7557,0.07,-1.24,0.27,-50.69,19.56,32.04,0.06,0.98,-0.07,-0.06,-2.29,1.68,16454755
7568,0.03,-1.12,0.25,-53.01,17.73,24.17,0.06,0.99,-0.07,0.00,-4.52,1.31,16454709
7580,0.00,-0.98,0.23,-61.71,14.92,15.78,0.06,1.00,-0.08,0.89,-5.10,0.89,16454587
7592,-0.00,-0.84,0.22,-76.08,14.43,16.36,0.06,1.02,-0.08,-0.37,-3.97,0.06,16454482
7604,0.02,-0.71,0.21,-93.66,17.15,23.13,0.07,1.04,-0.08,-1.56,-2.14,-0.09,16454452
7616,0.06,-0.62,0.19,-111.82,21.82,24.26,0.08,1.05,-0.08,-2.99,-0.73,-0.15,16454360
7628,0.09,-0.62,0.18,-124.15,30.46,27.95,0.08,1.05,-0.08,-5.92,-1.65,-1.83,16454375
7641,0.08,-0.86,0.14,-115.39,34.94,57.65,0.07,1.03,-0.07,-5.00,-3.45,-3.02,16454744
7652,-0.01,-1.08,0.10,-99.00,30.09,60.85,0.06,1.01,-0.07,-3.17,-6.01,-4.85,16455296
7664,-0.13,-1.19,0.06,-79.47,19.10,30.98,0.06,0.99,-0.08,0.55,-4.97,-4.97,16455812
7676,-0.20,-1.21,0.04,-64.27,8.97,-8.42,0.07,0.97,-0.08,2.87,-1.68,-4.06,16455825
7688,-0.19,-1.27,0.05,-48.49,6.32,-17.00,0.08,0.97,-0.08,4.18,3.39,-3.30,16455691
7700,-0.15,-1.34,0.07,-35.25,8.15,-5.04,0.08,0.97,-0.08,5.31,8.45,-1.98,16455668
7712,-0.10,-1.28,0.10,-31.46,10.59,-7.39,0.08,0.99,-0.08,5.37,10.83,-0.76,16455445
7724,-0.07,-1.12,0.11,-36.35,13.28,-20.90,0.08,1.01,-0.08,3.11,10.59,0.67,16455117
7736,-0.02,-0.96,0.13,-47.27,18.40,-26.76,0.08,1.03,-0.08,0.06,9.46,1.10,16454885
7748,0.04,-0.82,0.14,-63.75,25.85,-22.92,0.08,1.05,-0.08,-3.14,8.15,1.40,16454689
7759,0.08,-0.82,0.14,-72.20,35.49,2.29,0.07,1.05,-0.07,-5.62,6.16,-0.15,16454581
7772,0.06,-0.93,0.10,-72.17,37.41,29.63,0.05,1.04,-0.06,-6.38,2.29,-0.85,16454922
7784,-0.03,-1.01,0.06,-66.16,31.31,31.74,0.04,1.03,-0.06,-7.05,-2.26,-3.42,16455217
7796,-0.13,-1.09,-0.00,-56.40,18.86,18.40,0.05,1.01,-0.07,-5.00,-2.93,-4.15,16455400
7808,-0.22,-1.11,-0.03,-48.40,5.89,0.40,0.06,1.01,-0.07,-4.21,0.24,-5.58,16455391
7820,-0.24,-1.10,-0.04,-45.78,-1.62,-4.06,0.07,1.01,-0.07,-3.45,6.53,-6.62,16455150
7832,-0.21,-1.03,-0.04,-52.55,-4.12,1.74,0.08,1.03,-0.08,-5.10,9.06,-5.89,16454807
7843,-0.15,-0.87,-0.03,-67.41,-1.10,-1.28,0.09,1.05,-0.08,-7.60,10.10,-5.40,16454617
7856,-0.07,-0.69,-0.02,-86.67,4.70,-15.32,0.10,1.07,-0.08,-9.80,13.64,-3.54,16454394
7868,-0.00,-0.61,-0.03,-100.74,12.82,-23.50,0.09,1.07,-0.07,-11.51,14.40,-1.83,16454312
7879,0.07,-0.65,-0.06,-107.64,22.77,-22.92,0.08,1.06,-0.07,-11.66,14.22,-0.37,16454417
7891,0.11,-0.73,-0.09,-110.08,32.26,-20.90,0.07,1.04,-0.06,-11.81,13.00,1.46,16454728
7904,0.12,-0.82,-0.13,-108.25,39.46,-20.87,0.05,1.03,-0.06,-11.81,8.39,2.38,16454878
7915,0.12,-0.90,-0.18,-103.91,44.16,-20.66,0.04,1.02,-0.06,-11.08,4.09,2.87,16454926
7927,0.09,-1.02,-0.23,-94.82,45.84,-10.10,0.03,1.00,-0.05,-9.77,-0.79,1.95,16454984
7940,0.04,-1.14,-0.27,-81.79,42.76,-4.30,0.02,0.99,-0.05,-7.08,-2.35,1.13,16455138
7951,-0.03,-1.21,-0.29,-67.81,35.68,-2.87,0.03,0.97,-0.06,-4.55,-1.34,-0.31,16455349
7963,-0.09,-1.21,-0.31,-58.20,27.37,-6.53,0.03,0.96,-0.06,-2.59,-0.70,-0.52,16455409
7975,-0.14,-1.19,-0.33,-51.18,17.64,-8.21,0.04,0.97,-0.06,-1.95,0.58,-0.61,16455040
7988,-0.16,-1.12,-0.33,-49.47,10.04,-11.02,0.05,0.98,-0.06,-1.31,2.47,-1.31,16454881
7999,-0.16,-1.05,-0.34,-50.66,4.03,-10.77,0.06,0.99,-0.06,-1.83,4.03,-1.95,16454752
8011,-0.15,-0.98,-0.34,-54.23,0.61,-11.38,0.06,1.00,-0.07,-2.20,5.52,-3.30,16454399
8024,-0.12,-0.93,-0.33,-58.75,-0.58,-8.30,0.07,1.01,-0.07,-2.29,7.05,-3.63,16454271
8035,-0.09,-0.89,-0.33,-63.17,0.00,-7.17,0.07,1.01,-0.07,-2.69,8.73,-3.91,16454257
8047,-0.05,-0.85,-0.33,-67.50,2.47,-9.58,0.08,1.02,-0.07,-2.62,10.89,-3.72,16454168
8059,-0.01,-0.83,-0.33,-71.66,7.97,-9.43,0.08,1.02,-0.07,-2.96,12.05,-2.96,16454125
8071,0.04,-0.83,-0.33,-75.56,15.11,-4.70,0.07,1.03,-0.06,-3.85,11.20,-2.66,16453976
8083,0.08,-0.84,-0.34,-77.09,22.46,-3.02,0.06,1.04,-0.06,-4.39,10.22,-1.43,16453998
8095,0.09,-0.86,-0.36,-76.08,27.71,-5.43,0.05,1.03,-0.06,-3.91,8.88,-0.06,16453981
8107,0.09,-0.92,-0.38,-71.56,30.09,-1.83,0.04,1.03,-0.06,-3.42,6.53,0.70,16453894
8119,0.07,-0.98,-0.39,-63.90,30.61,0.82,0.04,1.03,-0.06,-2.78,4.12,0.92,16453953
8131,0.04,-1.03,-0.42,-55.24,29.66,-0.70,0.03,1.02,-0.05,-1.10,3.75,1.04,16454001
8142,0.02,-1.07,-0.42,-45.32,27.25,3.94,0.03,1.01,-0.06,0.18,3.91,1.40,16453905
8155,0.00,-1.10,-0.43,-37.57,24.44,9.77,0.03,1.01,-0.05,0.70,3.48,0.67,16453697
8167,-0.01,-1.08,-0.44,-32.41,20.75,8.61,0.03,1.01,-0.05,1.01,3.17,0.12,16453447
8179,-0.02,-1.03,-0.44,-29.54,16.85,5.74,0.04,1.01,-0.06,0.49,2.90,0.06,16453194
8190,-0.03,-0.99,-0.45,-28.17,13.31,2.01,0.04,1.02,-0.06,-0.27,3.75,-0.37,16452937
8203,-0.04,-0.97,-0.45,-26.61,10.31,-2.87,0.05,1.02,-0.06,-0.95,3.36,-0.37,16452929
8215,-0.03,-0.96,-0.46,-23.83,8.64,-5.25,0.05,1.02,-0.07,-1.40,2.14,-0.70,16452924
8226,-0.02,-0.98,-0.46,-17.67,7.81,-5.43,0.05,1.03,-0.07,-0.76,2.81,-1.31,16452780
8239,-0.00,-1.00,-0.46,-11.66,8.51,-5.74,0.06,1.03,-0.07,-0.18,3.54,-2.69,16452796
8251,0.01,-1.02,-0.46,-8.48,8.97,4.39,0.06,1.03,-0.07,-0.49,2.69,-3.97,16452873
8262,-0.00,-1.00,-0.47,-6.71,7.08,8.82,0.06,1.03,-0.07,-1.13,0.58,-5.55,16452621
8274,-0.03,-0.95,-0.47,-6.13,2.56,0.43,0.06,1.03,-0.07,-1.62,0.46,-5.74,16452428
8287,-0.05,-0.92,-0.48,-4.88,-1.77,-6.84,0.06,1.03,-0.07,-1.59,2.01,-5.86,16452478
8299,-0.05,-0.92,-0.48,-2.38,-4.67,-8.39,0.07,1.03,-0.07,-1.89,3.36,-5.58,16452606
8310,-0.05,-0.93,-0.47,1.43,-6.01,-10.68,0.06,1.03,-0.07,-1.71,4.12,-4.79,16452640
8323,-0.04,-0.95,-0.47,6.47,-6.04,-12.05,0.06,1.02,-0.07,-1.86,4.46,-3.85,16452861
8335,-0.03,-0.97,-0.46,10.53,-5.40,-5.16,0.06,1.02,-0.06,-1.95,3.78,-3.81,16452909
8346,-0.03,-0.99,-0.46,14.04,-6.16,0.61,0.05,1.02,-0.06,-2.44,1.01,-3.23,16452831
8358,-0.05,-0.97,-0.46,15.87,-8.82,0.79,0.04,1.02,-0.06,-2.90,-0.40,-2.75,16452877
8371,-0.06,-0.93,-0.45,15.05,-11.02,1.74,0.04,1.02,-0.05,-3.91,-2.29,-2.26,16452892
8382,-0.06,-0.89,-0.45,13.00,-12.39,0.46,0.04,1.03,-0.05,-4.18,-1.80,-1.40,16452908
8394,-0.05,-0.86,-0.44,11.57,-12.54,-2.14,0.05,1.02,-0.05,-4.73,-0.31,-0.58,16452883
8407,-0.04,-0.85,-0.44,10.65,-11.93,-2.50,0.05,1.02,-0.05,-4.94,0.46,-0.03,16452985
8418,-0.02,-0.85,-0.43,11.17,-10.50,-3.36,0.05,1.02,-0.05,-5.52,0.67,0.55,16453049
8430,-0.01,-0.86,-0.42,12.91,-8.58,-4.85,0.05,1.02,-0.05,-5.52,1.01,1.10,16453074
8442,0.01,-0.88,-0.42,14.95,-7.11,-5.10,0.05,1.01,-0.05,-4.82,1.46,2.11,16453090
8454,0.01,-0.91,-0.43,17.91,-6.32,1.13,0.05,1.02,-0.05,-5.13,0.15,1.16,16453193
8466,0.01,-0.92,-0.43,19.90,-6.62,3.88,0.05,1.02,-0.05,-4.85,-0.92,0.70,16453371
8478,0.01,-0.91,-0.44,20.36,-7.63,3.81,0.05,1.01,-0.05,-4.76,-1.28,0.52,16453358
8491,0.01,-0.89,-0.44,19.62,-9.16,5.13,0.05,1.01,-0.05,-4.73,-1.01,-0.95,16453411
8502,0.00,-0.87,-0.44,18.62,-11.11,3.54,0.05,1.00,-0.05,-3.72,2.29,-2.01,16453354
8514,0.00,-0.84,-0.43,16.54,-12.54,2.35,0.06,1.00,-0.05,-3.91,2.56,-1.40,16453315
8526,0.01,-0.82,-0.43,13.76,-12.73,0.24,0.06,1.01,-0.06,-4.76,3.05,-1.59,16453301
8538,0.02,-0.82,-0.43,12.27,-11.81,-2.26,0.05,1.02,-0.06,-4.91,3.05,-1.71,16453318
8550,0.03,-0.83,-0.44,12.48,-10.62,-4.24,0.05,1.03,-0.06,-5.00,1.37,-1.86,16453559
8562,0.04,-0.88,-0.45,16.88,-8.70,-3.08,0.04,1.02,-0.06,-4.46,-1.37,-1.89,16453683
8573,0.05,-0.99,-0.46,28.56,-7.87,4.73,0.04,1.02,-0.07,-2.44,-2.90,-3.17,16453902
8586,0.03,-1.09,-0.46,43.24,-8.42,6.77,0.04,1.02,-0.07,-0.18,-3.63,-4.46,16454243
8598,0.00,-1.13,-0.46,56.06,-11.08,2.23,0.04,1.01,-0.07,2.29,-3.51,-3.97,16454477
8609,-0.03,-1.12,-0.46,64.33,-14.80,-6.13,0.04,1.01,-0.07,3.42,-3.02,-3.66,16454481
8622,-0.04,-1.09,-0.44,67.81,-17.94,-6.71,0.04,1.01,-0.07,3.33,-2.78,-3.27,16454423
8634,-0.06,-1.08,-0.43,70.62,-20.78,0.52,0.04,1.01,-0.07,2.93,-2.29,-3.02,16454315
8646,-0.07,-1.07,-0.41,73.09,-24.11,4.73,0.04,1.02,-0.07,2.81,-2.84,-2.90,16454416
8657,-0.09,-1.10,-0.40,83.77,-27.80,-4.73,0.04,1.01,-0.07,2.99,-3.60,-3.33,16454495
8670,-0.10,-1.17,-0.39,99.64,-31.22,-15.90,0.05,1.00,-0.07,4.58,-2.01,-2.41,16454690
8682,-0.08,-1.23,-0.36,112.24,-31.07,-12.88,0.05,1.00,-0.07,6.35,1.43,-1.40,16454845
8693,-0.04,-1.25,-0.33,120.67,-27.44,-8.03,0.06,1.00,-0.07,5.43,2.87,-0.21,16454783
8706,0.00,-1.19,-0.30,121.64,-22.25,-4.49,0.06,1.01,-0.06,3.75,3.57,0.73,16454643
8718,0.03,-1.11,-0.27,117.77,-17.61,-2.99,0.06,1.02,-0.06,1.59,2.44,1.71,16454508
8729,0.04,-1.04,-0.24,113.53,-14.80,-2.96,0.06,1.03,-0.06,-1.34,0.46,0.98,16454497
8741,0.03,-1.01,-0.22,111.97,-14.13,-5.25,0.06,1.03,-0.06,-1.62,0.79,0.37,16454496
8754,0.01,-1.05,-0.20,118.56,-15.69,-10.35,0.06,1.02,-0.06,-1.68,1.43,0.98,16454783
8765,-0.03,-1.15,-0.19,131.77,-19.32,-18.01,0.05,1.01,-0.06,-0.95,2.50,0.61,16455258
8777,-0.07,-1.22,-0.19,143.98,-23.10,-22.37,0.05,1.00,-0.06,-0.09,3.75,-0.21,16455406
8790,-0.08,-1.28,-0.18,156.37,-25.97,-24.57,0.05,1.00,-0.06,-0.12,4.58,0.09,16455487
8802,-0.08,-1.28,-0.17,162.02,-28.05,-21.70,0.05,1.01,-0.06,-1.19,4.91,0.15,16455445
8813,-0.07,-1.22,-0.15,162.96,-28.78,-19.41,0.05,1.03,-0.06,-2.44,5.13,-0.34,16455223
8825,-0.07,-1.14,-0.13,160.40,-30.70,-23.80,0.06,1.03,-0.06,-3.45,6.26,-1.65,16454976
8838,-0.07,-1.04,-0.11,154.54,-33.23,-31.80,0.06,1.05,-0.06,-5.07,7.39,-0.82,16454837
8849,-0.06,-0.94,-0.09,144.53,-34.06,-34.21,0.06,1.06,-0.07,-7.60,6.65,-0.89,16454647
8861,-0.03,-0.82,-0.05,127.35,-32.81,-26.52,0.06,1.08,-0.07,-10.19,7.66,-1.28,16454366
8873,0.00,-0.74,-0.01,110.41,-30.40,-13.92,0.05,1.09,-0.07,-12.18,8.97,-1.28,16454267
8885,0.02,-0.73,0.02,100.98,-29.79,-8.39,0.05,1.09,-0.06,-17.15,5.34,-1.19,16454244
8897,0.01,-0.78,0.05,98.24,-30.21,-11.38,0.05,1.07,-0.06,-10.44,10.28,0.24,16454371
8909,0.01,-0.90,0.06,104.28,-29.88,-14.56,0.04,1.05,-0.06,-12.48,4.94,-1.98,16454625
8921,0.02,-1.01,0.08,112.06,-28.44,-13.43,0.03,1.04,-0.06,-11.72,2.23,-1.01,16454671
8933,0.05,-1.01,0.10,109.07,-25.33,-7.60,0.03,1.04,-0.07,-11.84,4.76,1.31,16454518
8945,0.07,-0.94,0.12,101.38,-22.22,-7.45,0.04,1.05,-0.07,-13.12,6.32,3.33,16454212
8957,0.10,-0.89,0.14,94.51,-18.77,-9.37,0.04,1.06,-0.07,-13.85,6.87,4.00,16453914
8969,0.11,-0.86,0.17,88.07,-15.81,-7.66,0.04,1.06,-0.08,-14.77,6.81,4.27,16453647
8981,0.11,-0.89,0.19,85.14,-14.22,-3.69,0.04,1.07,-0.08,-14.68,6.65,4.09,16453466
8993,0.10,-0.97,0.21,88.26,-14.01,-4.06,0.04,1.07,-0.08,-13.73,5.25,3.72,16453419
9005,0.09,-0.99,0.22,88.26,-13.55,-4.61,0.03,1.07,-0.08,-14.92,3.66,3.75,16453303
9017,0.09,-0.94,0.25,80.96,-12.76,0.73,0.03,1.09,-0.08,-17.21,-1.22,2.84,16452994
9029,0.11,-0.86,0.27,70.25,-11.23,7.23,0.03,1.10,-0.07,-18.98,-4.24,2.32,16452529
9040,0.13,-0.79,0.30,58.53,-9.12,12.82,0.03,1.09,-0.06,-20.75,-8.79,1.71,16452102
9053,0.16,-0.75,0.34,50.78,-5.58,14.68,0.04,1.08,-0.05,-20.39,-10.01,0.64,16451856
9065,0.18,-0.78,0.37,52.70,-2.75,9.49,0.05,1.03,-0.04,-18.59,-7.42,0.27,16451784
9076,0.16,-0.83,0.39,57.13,-2.20,3.39,0.06,0.99,-0.02,-17.55,-5.86,0.27,16451695
9089,0.13,-0.81,0.40,54.05,-4.24,5.74,0.06,0.97,-0.02,-18.34,-6.84,-0.58,16451502
9101,0.10,-0.72,0.41,44.22,-8.24,10.41,0.06,0.97,-0.01,-18.52,-6.87,-2.66,16451269
9112,0.05,-0.67,0.42,36.83,-13.03,15.29,0.07,0.97,-0.01,-18.98,-5.40,-3.85,16450939
9124,0.02,-0.68,0.43,35.00,-17.94,16.85,0.07,0.95,-0.00,-16.60,-1.74,-5.49,16450713
9137,-0.02,-0.72,0.45,35.22,-22.71,16.11,0.07,0.95,0.00,-16.20,0.31,-5.71,16450805
9149,-0.03,-0.73,0.46,32.59,-26.34,21.12,0.06,0.96,0.01,-17.00,0.18,-5.25,16450908
9160,-0.02,-0.72,0.48,29.79,-27.62,23.28,0.07,0.96,0.02,-17.64,1.28,-5.37,16450771
9172,0.00,-0.70,0.50,26.61,-26.55,22.25,0.06,0.96,0.03,-17.30,2.23,-4.43,16450774
9185,0.05,-0.69,0.53,23.19,-22.00,19.56,0.07,0.96,0.03,-15.93,3.78,-3.39,16450744
9196,0.09,-0.69,0.54,21.73,-16.57,14.22,0.07,0.96,0.03,-15.69,4.94,-1.98,16450742
9208,0.11,-0.72,0.54,21.09,-11.75,10.93,0.06,0.97,0.03,-15.69,5.13,-0.06,16450631
9221,0.12,-0.73,0.54,19.04,-7.72,8.24,0.05,0.99,0.03,-14.95,3.08,2.08,16450574
9232,0.12,-0.75,0.53,17.24,-3.94,8.12,0.04,0.99,0.03,-12.66,2.87,3.39,16450642
9244,0.11,-0.76,0.52,14.22,-1.83,4.18,0.04,1.01,0.03,-10.77,2.32,4.00,16450755
9256,0.10,-0.76,0.51,9.74,-0.43,2.14,0.04,1.01,0.03,-8.21,2.84,3.94,16450846
9268,0.10,-0.74,0.49,3.94,1.74,0.82,0.04,1.02,0.03,-6.56,3.08,4.06,16450824
9280,0.12,-0.73,0.48,-2.17,4.33,2.29,0.04,1.03,0.03,-4.82,2.04,3.66,16450654
9292,0.13,-0.75,0.47,-5.04,5.83,2.38,0.04,1.02,0.03,-4.12,1.65,2.87,16450850
9304,0.12,-0.80,0.47,-3.27,6.23,-3.27,0.04,1.01,0.03,-2.66,0.64,1.98,16451007
9316,0.13,-0.85,0.47,-1.71,7.29,-5.10,0.04,1.00,0.02,-2.29,0.43,1.31,16451149
9328,0.13,-0.87,0.48,-1.28,7.51,-3.97,0.04,1.01,0.02,-1.92,-0.95,0.12,16451162
9340,0.12,-0.86,0.48,-2.93,6.35,-5.65,0.05,1.01,0.03,-2.20,-2.20,-1.04,16451201
9352,0.11,-0.85,0.49,-3.94,5.40,-5.49,0.05,1.01,0.03,-1.65,-1.95,-2.35,16451198
9364,0.11,-0.85,0.49,-4.12,4.85,-6.32,0.05,1.00,0.03,-0.15,-2.11,-3.75,16451027
9376,0.10,-0.83,0.50,-5.95,4.00,-7.97,0.05,1.00,0.03,0.24,-1.92,-5.22,16451014
9388,0.10,-0.81,0.51,-8.00,3.11,-8.51,0.06,0.99,0.03,0.09,0.61,-6.62,16451093
9400,0.09,-0.81,0.52,-7.75,2.90,-9.16,0.06,0.99,0.02,-0.52,1.53,-6.68,16451102
9412,0.08,-0.84,0.53,-5.31,1.83,-9.12,0.06,1.00,0.02,-0.21,1.80,-6.62,16451201
9423,0.05,-0.86,0.54,-4.70,0.24,-9.34,0.05,1.00,0.02,-0.89,2.08,-6.16,16451286
9436,0.04,-0.86,0.55,-5.16,-1.10,-6.38,0.05,1.01,0.03,-1.22,2.11,-5.58,16451328
9448,0.03,-0.88,0.56,-2.41,-1.80,-5.16,0.04,1.01,0.03,-1.16,1.74,-6.07,16451414
9459,0.02,-0.87,0.56,-2.44,-2.78,-3.54,0.04,1.01,0.03,-1.74,1.53,-4.58,16451367
9472,0.03,-0.85,0.57,-4.06,-1.01,0.40,0.04,1.01,0.04,-1.98,0.73,-2.59,16451418
9484,0.05,-0.83,0.58,-5.62,1.83,1.68,0.03,1.02,0.04,-2.29,-0.06,-1.04,16451420
9496,0.05,-0.85,0.59,-2.93,4.12,-1.10,0.03,1.02,0.04,-2.01,-0.37,0.06,16451385
9507,0.06,-0.86,0.59,-1.13,5.22,-1.56,0.04,1.02,0.03,-2.23,-0.58,0.89,16451417
9520,0.06,-0.85,0.59,-1.62,5.62,-1.07,0.04,1.02,0.03,-3.69,-0.37,1.62,16451313
9532,0.06,-0.86,0.58,-1.07,5.58,1.22,0.04,1.02,0.03,-3.85,-1.07,2.44,16451291
9543,0.05,-0.88,0.58,1.16,5.00,0.67,0.04,1.02,0.03,-2.62,-0.64,2.01,16451437
9555,0.04,-0.88,0.57,1.92,2.75,-0.21,0.05,1.02,0.03,-2.01,0.61,1.43,16451565
9568,0.03,-0.85,0.57,-1.71,0.73,1.74,0.06,1.03,0.03,-2.32,2.44,0.43,16451543
9579,0.03,-0.82,0.56,-5.10,-1.25,3.23,0.07,1.03,0.03,-2.29,3.85,-0.70,16451400
9591,0.03,-0.83,0.55,-5.04,-2.29,3.02,0.07,1.03,0.03,-2.84,3.97,-1.19,16451516
9604,0.04,-0.85,0.55,-3.72,-2.38,3.17,0.06,1.02,0.03,-2.23,3.23,-1.50,16451600
9615,0.06,-0.87,0.55,-2.81,-1.25,1.65,0.06,1.02,0.02,-2.23,2.99,-1.77,16451556
9627,0.07,-0.86,0.55,-4.21,-0.27,1.74,0.06,1.03,0.02,-2.23,2.41,-1.59,16451584
9639,0.09,-0.83,0.55,-7.39,1.65,2.81,0.05,1.03,0.02,-2.69,0.85,-1.37,16451715
9652,0.10,-0.81,0.56,-9.89,3.08,2.50,0.05,1.04,0.02,-2.38,0.37,-0.95,16451743
9663,0.10,-0.81,0.56,-11.54,4.79,0.55,0.05,1.04,0.02,-1.95,-0.49,-1.40,16451881
9675,0.09,-0.81,0.56,-13.21,5.37,0.00,0.05,1.04,0.02,-2.01,-0.12,-2.23,16451923
9688,0.09,-0.76,0.55,-20.11,6.50,3.39,0.05,1.04,0.02,-2.59,0.98,-1.62,16451924
9699,0.09,-0.71,0.55,-29.14,8.03,8.97,0.04,1.04,0.03,-3.17,-0.27,-1.46,16451979
9711,0.08,-0.70,0.55,-34.61,8.42,14.34,0.04,1.05,0.03,-4.30,-2.81,-1.50,16452119
9723,0.06,-0.73,0.55,-36.87,7.02,19.62,0.03,1.04,0.03,-4.91,-3.97,-1.50,16452257
9735,0.03,-0.80,0.54,-33.84,4.70,16.97,0.04,1.03,0.03,-4.24,-2.26,-1.10,16452483
9747,0.00,-0.87,0.54,-28.41,1.77,14.83,0.04,1.02,0.03,-4.24,-0.82,-0.98,16452906
9759,-0.01,-0.88,0.53,-28.72,1.01,14.80,0.03,1.02,0.03,-5.19,-0.79,0.03,16452957
9771,0.01,-0.73,0.52,-45.93,3.81,27.65,0.03,1.04,0.03,-7.93,-3.17,0.09,16452843
9783,0.06,-0.50,0.51,-77.03,9.52,50.69,0.03,1.08,0.03,-11.23,-6.01,-0.31,16452515
9795,0.10,-0.28,0.50,-114.29,16.08,70.74,0.04,1.10,0.04,-14.16,-6.68,2.20,16452589
9807,0.09,-0.37,0.46,-119.69,17.88,63.90,0.04,1.06,0.05,-11.69,-7.20,0.40,16453150
9819,-0.00,-0.83,0.41,-81.36,13.46,28.08,0.05,1.00,0.05,-6.87,-3.91,0.15,16454332
9831,-0.09,-1.28,0.39,-37.29,5.95,15.44,0.05,0.94,0.05,-2.26,0.18,1.34,16455345
9843,-0.10,-1.44,0.39,-12.24,5.13,5.62,0.05,0.92,0.04,-1.19,3.27,2.96,16455586
9854,-0.04,-1.26,0.41,-15.29,8.48,-1.98,0.06,0.96,0.03,-3.33,3.85,4.46,16455030
9867,0.04,-0.95,0.43,-35.89,15.66,2.23,0.07,1.01,0.03,-7.11,3.02,3.85,16454167
9879,0.12,-0.67,0.43,-62.47,24.60,11.60,0.07,1.04,0.03,-10.22,-0.24,3.42,16453589
9890,0.16,-0.55,0.42,-83.62,32.44,26.40,0.06,1.06,0.04,-12.33,-4.21,2.29,16453577
9903,0.15,-0.54,0.38,-97.53,36.19,35.86,0.06,1.05,0.04,-12.21,-5.40,2.41,16454006
9915,0.11,-0.55,0.35,-107.94,37.84,31.92,0.07,1.04,0.04,-12.57,-3.72,2.44,16454379
9926,0.05,-0.69,0.32,-106.23,36.56,36.01,0.07,1.03,0.04,-12.88,-2.41,0.18,16454736
9938,-0.03,-0.89,0.27,-94.73,31.43,36.10,0.06,1.01,0.05,-12.15,-1.28,-0.70,16455220
9951,-0.12,-1.10,0.23,-73.58,22.61,28.59,0.05,0.99,0.05,-10.01,-2.62,-1.22,16455759
9962,-0.20,-1.27,0.20,-50.45,11.96,9.31,0.05,0.97,0.05,-6.10,-1.86,-1.07,16456025
9974,-0.23,-1.31,0.19,-34.15,5.95,-11.26,0.06,0.96,0.04,-3.05,3.81,-2.20,16456005
9987,-0.18,-1.19,0.20,-36.71,7.78,-17.03,0.07,0.99,0.03,-4.39,6.77,-1.89,16455597
9999,-0.06,-0.93,0.24,-59.42,16.91,-9.28,0.08,1.04,0.03,-8.39,8.42,-1.92,16454907
10010,0.05,-0.67,0.26,-87.22,27.92,0.27,0.08,1.08,0.04,-10.83,10.77,-1.37,16454544
10022,0.11,-0.51,0.25,-112.98,38.42,2.84,0.07,1.09,0.05,-12.21,10.31,0.03,16454342
10035,0.11,-0.56,0.22,-119.84,44.31,7.87,0.06,1.08,0.06,-13.00,6.44,0.82,16454559
10046,0.06,-0.73,0.16,-115.23,45.47,2.90,0.04,1.06,0.06,-12.24,1.95,1.37,16455130
10058,0.01,-0.92,0.11,-102.78,45.10,-4.79,0.04,1.03,0.06,-10.74,1.01,0.43,16455575
10071,-0.04,-1.12,0.08,-85.24,42.36,-0.31,0.03,1.00,0.06,-8.76,1.83,0.27,16455842
10082,-0.09,-1.22,0.05,-73.06,37.54,0.40,0.03,1.00,0.07,-7.84,1.16,0.03,16455827
10094,-0.13,-1.22,0.04,-64.73,31.13,-4.88,0.03,1.00,0.07,-7.17,-0.21,-0.03,16455830
10106,-0.16,-1.17,0.03,-62.44,24.93,-11.66,0.04,1.01,0.07,-7.26,1.53,-0.06,16455727
10118,-0.16,-1.09,0.03,-65.03,20.75,-14.86,0.04,1.02,0.07,-8.39,4.00,0.52,16455504
10130,-0.14,-1.00,0.03,-71.93,19.74,-15.66,0.04,1.03,0.07,-9.16,5.07,1.65,16455269
10142,-0.12,-0.92,0.03,-80.51,20.11,-14.80,0.04,1.04,0.08,-11.41,3.45,2.90,16455228
10155,-0.08,-0.85,0.02,-89.66,22.37,-17.27,0.05,1.04,0.08,-13.43,1.77,3.30,16455214
10166,-0.05,-0.81,0.01,-97.44,25.27,-21.48,0.05,1.04,0.08,-14.86,0.95,3.27,16455204
10178,-0.01,-0.79,-0.01,-105.77,29.66,-24.93,0.06,1.05,0.08,-16.91,-0.31,2.69,16455159
10190,0.02,-0.78,-0.03,-113.13,34.06,-24.84,0.07,1.05,0.08,-18.10,0.27,2.59,16455208
10202,0.04,-0.80,-0.05,-117.89,39.09,-25.76,0.08,1.04,0.08,-17.97,3.94,2.50,16455288
10214,0.06,-0.85,-0.08,-120.51,44.37,-20.87,0.08,1.04,0.08,-18.71,5.37,3.30,16455362
10226,0.07,-0.93,-0.13,-118.59,48.37,-12.51,0.07,1.03,0.09,-18.22,4.85,3.20,16455448
10237,0.05,-1.00,-0.17,-113.25,49.99,-10.62,0.08,1.03,0.09,-15.84,7.63,1.50,16455494
10250,0.03,-1.07,-0.20,-105.01,49.90,-5.55,0.08,1.02,0.09,-13.76,10.28,0.55,16455588
10262,-0.00,-1.15,-0.23,-93.84,47.39,1.56,0.06,1.01,0.09,-11.87,10.19,0.43,16455594
10273,-0.04,-1.21,-0.26,-80.14,43.30,4.15,0.05,1.00,0.10,-8.79,9.09,1.07,16455702
10286,-0.07,-1.26,-0.27,-66.93,39.09,8.94,0.04,0.99,0.10,-7.42,7.48,1.37,16455837
10298,-0.10,-1.29,-0.29,-53.07,34.45,11.20,0.04,1.00,0.10,-5.89,6.99,0.46,16455999
10310,-0.12,-1.29,-0.30,-40.34,28.05,7.57,0.04,1.00,0.10,-4.27,8.73,-0.03,16455837
10321,-0.14,-1.26,-0.30,-30.58,21.15,4.61,0.05,1.00,0.10,-3.27,11.63,-0.18,16455701
10334,-0.13,-1.20,-0.29,-28.84,18.68,5.52,0.05,1.01,0.10,-4.24,13.55,0.49,16455666
10346,-0.09,-1.11,-0.28,-30.76,19.59,10.04,0.04,1.03,0.10,-6.10,12.08,1.59,16455400
10357,-0.06,-1.00,-0.27,-35.58,21.73,1.53,0.03,1.04,0.11,-8.15,9.31,2.78,16455217
10370,-0.03,-0.92,-0.26,-42.11,23.44,-5.68,0.03,1.04,0.11,-9.52,8.18,2.72,16455245
10382,-0.02,-0.90,-0.27,-45.56,24.48,-3.88,0.03,1.04,0.12,-10.80,6.13,2.78,16455117
10393,-0.03,-0.92,-0.28,-44.16,22.95,-4.97,0.03,1.04,0.12,-10.47,4.88,3.97,16455046
10405,-0.05,-0.98,-0.31,-37.81,19.71,-6.07,0.03,1.04,0.11,-9.70,3.48,4.82,16455247
10418,-0.08,-1.06,-0.33,-27.77,15.53,-0.55,0.04,1.04,0.11,-8.33,1.71,3.88,16455274
10429,-0.08,-1.12,-0.34,-18.49,13.24,5.71,0.04,1.03,0.11,-7.35,1.16,2.26,16455292
10441,-0.07,-1.13,-0.35,-11.26,12.02,6.71,0.06,1.03,0.11,-6.13,1.50,1.74,16455255
10454,-0.06,-1.09,-0.36,-7.66,10.22,1.98,0.07,1.03,0.11,-5.65,2.59,0.67,16455129
10465,-0.05,-1.03,-0.37,-8.09,8.00,-1.19,0.08,1.04,0.11,-5.10,4.73,-0.70,16454926
10477,-0.05,-0.97,-0.37,-10.53,5.34,-3.97,0.09,1.04,0.11,-5.49,6.20,-1.01,16454750
10489,-0.04,-0.94,-0.37,-12.45,3.94,-3.20,0.09,1.04,0.12,-5.55,5.71,-1.74,16454679
10502,-0.03,-0.92,-0.37,-12.82,3.33,-6.38,0.08,1.03,0.12,-5.71,4.24,-1.80,16454757
10513,-0.02,-0.92,-0.36,-10.56,2.99,-9.49,0.08,1.03,0.12,-5.55,2.75,-2.04,16454770
10525,-0.01,-0.95,-0.36,-6.90,3.75,-8.97,0.08,1.02,0.11,-5.10,2.78,-2.11,16454837
10537,0.00,-0.98,-0.36,-2.59,4.49,-4.76,0.07,1.01,0.11,-4.61,1.98,-2.23,16454899
10549,-0.01,-1.00,-0.35,2.04,3.69,-2.35,0.06,1.01,0.11,-4.33,0.27,-1.89,16454978
10561,-0.02,-1.01,-0.36,5.58,1.07,0.12,0.05,1.02,0.11,-4.12,-1.40,-1.77,16454928
10573,-0.03,-0.99,-0.36,5.83,-0.82,0.31,0.05,1.02,0.11,-4.70,-1.31,-1.77,16454789
10585,-0.03,-0.95,-0.36,4.21,-1.10,-3.23,0.06,1.03,0.12,-5.10,-0.73,-1.40,16454596
10597,-0.02,-0.91,-0.35,1.92,-0.21,-4.09,0.06,1.03,0.12,-5.28,0.46,-0.12,16454566
10609,-0.01,-0.89,-0.34,-0.92,1.10,-1.10,0.06,1.03,0.13,-5.22,0.92,0.46,16454632
10620,-0.01,-0.88,-0.34,-2.14,0.85,-2.11,0.05,1.03,0.13,-5.10,0.49,0.52,16454610
10633,-0.02,-0.88,-0.34,-1.68,0.03,-3.42,0.05,1.02,0.13,-4.70,-0.03,0.98,16454547
10645,-0.03,-0.91,-0.34,0.64,-1.89,0.27,0.05,1.02,0.13,-3.72,0.00,1.16,16454467
10657,-0.05,-0.93,-0.35,2.99,-4.61,3.39,0.05,1.01,0.13,-3.57,-0.95,0.58,16454563
10669,-0.07,-0.94,-0.36,5.13,-7.90,5.31,0.04,1.01,0.13,-3.23,-2.01,-0.06,16454437
10681,-0.09,-0.95,-0.37,7.26,-13.00,7.39,0.05,1.02,0.13,-2.62,-1.89,-0.89,16454465
10693,-0.12,-0.97,-0.37,10.28,-20.23,12.18,0.05,1.02,0.13,-1.89,-2.17,-2.23,16454617
10704,-0.17,-1.00,-0.39,14.07,-30.18,15.69,0.05,1.02,0.13,-1.16,-1.56,-3.39,16454647
10717,-0.20,-0.99,-0.39,15.99,-38.79,11.02,0.06,1.02,0.13,-0.85,-0.73,-2.84,16454660
10729,-0.18,-0.96,-0.37,16.51,-42.36,7.87,0.06,1.02,0.13,-1.43,-1.16,-2.72,16454604
10740,-0.13,-0.95,-0.35,16.05,-39.95,7.75,0.07,1.02,0.13,-1.86,0.58,-2.78,16454623
10753,-0.06,-0.94,-0.32,15.75,-34.55,7.57,0.08,1.03,0.13,-2.04,2.99,-1.98,16454551
10765,-0.00,-0.94,-0.30,16.02,-28.02,6.87,0.08,1.03,0.13,-2.56,2.41,-0.61,16454638
10776,0.04,-0.96,-0.29,18.07,-22.16,10.59,0.08,1.03,0.13,-2.90,0.92,-0.49,16454752
10788,0.05,-0.99,-0.29,21.24,-18.07,13.31,0.08,1.04,0.13,-2.90,-0.21,-0.73,16454834
10801,0.03,-1.01,-0.29,24.90,-17.12,14.89,0.07,1.04,0.13,-3.20,-2.90,-0.67,16454792
10812,-0.00,-1.04,-0.29,29.75,-18.98,13.52,0.06,1.04,0.13,-3.30,-4.43,-0.55,16454880
10824,-0.04,-1.05,-0.30,34.55,-23.99,9.95,0.06,1.04,0.13,-2.90,-4.33,-1.16,16455181
10836,-0.09,-1.13,-0.31,48.92,-30.21,5.74,0.06,1.03,0.12,-2.35,-6.50,-2.84,16455184
10849,-0.14,-1.28,-0.32,73.82,-37.41,3.08,0.07,1.01,0.11,0.15,-5.92,-5.10,16455405
10860,-0.17,-1.42,-0.32,97.87,-43.61,10.04,0.07,1.00,0.11,2.78,-3.78,-5.71,16455542
10872,-0.19,-1.46,-0.31,115.26,-49.65,12.66,0.06,0.99,0.11,3.02,-3.54,-5.16,16455579
10885,-0.20,-1.38,-0.30,122.04,-54.84,1.71,0.06,1.01,0.12,1.50,-4.76,-4.06,16455651
10896,-0.18,-1.24,-0.28,121.37,-57.59,-13.82,0.07,1.02,0.12,-1.25,-2.99,-3.60,16455468
10908,-0.14,-1.11,-0.24,117.28,-55.60,-25.02,0.08,1.03,0.12,-2.47,0.70,-2.53,16455151
10920,-0.08,-1.06,-0.20,114.75,-49.29,-24.08,0.09,1.04,0.13,-3.78,3.11,-1.07,16454986
10932,-0.03,-1.07,-0.16,117.07,-40.62,-14.47,0.08,1.04,0.13,-4.15,2.66,0.09,16455139
10944,0.01,-1.10,-0.13,120.30,-33.14,-6.62,0.07,1.03,0.13,-4.39,0.82,1.43,16455404
10956,0.02,-1.13,-0.10,125.85,-27.65,-3.97,0.06,1.03,0.13,-4.88,-2.87,1.25,16455312
10968,0.01,-1.18,-0.10,135.50,-25.76,-6.65,0.06,1.03,0.13,-3.75,-3.91,1.71,16455348
10980,-0.02,-1.22,-0.09,146.24,-26.58,-13.95,0.07,1.02,0.13,-2.99,-2.99,1.16,16455497
10992,-0.05,-1.25,-0.10,155.49,-27.98,-21.79,0.07,1.02,0.13,-1.65,-0.61,1.77,16455568
11004,-0.07,-1.24,-0.09,161.29,-28.50,-26.46,0.07,1.03,0.13,-2.11,0.46,1.53,16455660
11016,-0.07,-1.18,-0.07,160.43,-28.99,-27.31,0.08,1.04,0.13,-2.93,2.32,2.72,16455539
11028,-0.07,-1.10,-0.04,157.35,-29.39,-30.46,0.08,1.05,0.13,-4.15,3.78,2.20,16455226
11040,-0.07,-1.06,-0.02,156.43,-30.76,-34.91,0.08,1.06,0.13,-5.19,4.97,2.08,16455188
11052,-0.07,-1.02,0.00,152.92,-31.77,-38.48,0.08,1.07,0.13,-9.89,5.28,0.40,16455162
11064,-0.06,-1.00,0.02,151.15,-30.88,-36.90,0.08,1.05,0.13,-3.42,10.25,0.67,16455148
11076,-0.04,-1.02,0.04,150.88,-30.55,-35.49,0.07,1.05,0.13,-4.76,6.62,-1.13,16455124
11087,-0.04,-1.02,0.06,150.97,-31.07,-35.95,0.06,1.06,0.13,-7.35,1.25,-1.37,16455057
11100,-0.04,-0.98,0.08,146.36,-32.68,-34.85,0.06,1.06,0.13,-4.09,5.34,0.03,16454881
11112,-0.03,-0.92,0.11,138.24,-33.11,-31.49,0.06,1.08,0.13,-8.06,4.85,-1.34,16454809
11123,-0.01,-0.86,0.14,128.33,-33.05,-26.46,0.06,1.08,0.13,-6.93,6.10,-0.43,16454593
11136,0.01,-0.84,0.18,122.77,-32.23,-25.02,0.06,1.08,0.13,-7.93,8.09,-1.01,16454503
11148,0.03,-0.88,0.21,122.99,-29.51,-22.00,0.06,1.07,0.13,-8.61,7.66,-1.83,16454460
11160,0.06,-0.87,0.24,118.93,-25.54,-18.46,0.05,1.06,0.13,-8.82,7.17,-0.89,16454256
11171,0.08,-0.84,0.27,112.61,-21.09,-14.86,0.05,1.05,0.13,-7.32,8.33,0.34,16454103
11184,0.09,-0.78,0.31,105.10,-17.67,-14.07,0.05,1.04,0.14,-7.23,5.22,1.13,16453931
11196,0.10,-0.73,0.33,96.07,-15.32,-11.11,0.04,1.05,0.14,-9.46,0.18,0.43,16453584
11207,0.10,-0.74,0.36,91.83,-13.15,-5.98,0.04,1.04,0.14,-11.02,0.21,1.16,16453337
11219,0.09,-0.77,0.38,89.63,-12.12,-0.92,0.05,1.03,0.14,-12.36,0.49,1.25,16453356
11232,0.07,-0.81,0.40,92.74,-12.51,-4.97,0.05,1.01,0.14,-8.97,1.74,0.52,16453032
11243,0.06,-0.76,0.42,86.15,-12.91,-5.28,0.05,1.00,0.14,-10.56,1.31,1.28,16452734
11255,0.07,-0.63,0.45,69.61,-12.15,7.42,0.05,1.01,0.14,-12.18,-2.50,1.80,16452176
11268,0.08,-0.55,0.47,56.03,-11.08,15.14,0.06,1.02,0.15,-12.76,-4.52,1.80,16451792
11279,0.07,-0.51,0.49,46.39,-11.02,15.35,0.05,1.01,0.15,-11.81,-5.65,1.40,16451513
11291,0.08,-0.53,0.51,41.08,-10.77,13.89,0.07,1.00,0.15,-9.25,-1.86,1.77,16451497
11303,0.07,-0.58,0.53,39.83,-10.80,10.83,0.08,0.99,0.15,-8.12,2.35,1.04,16451472
11315,0.05,-0.60,0.54,35.31,-12.97,9.43,0.09,0.99,0.15,-7.17,5.49,0.46,16451502
11327,0.04,-0.58,0.54,26.12,-14.80,12.21,0.09,1.00,0.15,-6.74,6.26,0.49,16451118
11339,0.05,-0.56,0.54,17.73,-16.17,15.29,0.09,1.00,0.15,-6.01,5.98,-0.73,16450743
11352,0.06,-0.59,0.56,14.07,-17.03,13.89,0.09,1.01,0.15,-5.37,6.13,-2.35,16450885
11363,0.08,-0.67,0.57,16.45,-16.14,9.92,0.08,1.01,0.15,-5.04,6.38,-3.72,16451091
11375,0.11,-0.73,0.59,18.16,-14.19,7.60,0.07,1.00,0.16,-4.09,4.21,-3.27,16451163
11387,0.15,-0.73,0.60,15.72,-9.61,6.20,0.06,1.00,0.16,-2.99,-0.37,-2.35,16451079
11399,0.20,-0.67,0.62,9.16,-4.18,1.77,0.06,1.01,0.16,-3.39,-3.94,-3.23,16450916
11411,0.24,-0.63,0.64,5.07,2.99,-3.88,0.06,1.01,0.17,-3.36,-5.83,-3.11,16450666
11423,0.28,-0.63,0.66,3.05,12.05,-9.89,0.06,1.00,0.17,-3.51,-8.61,-1.16,16450739
11435,0.30,-0.63,0.68,0.70,20.84,-11.84,0.05,0.99,0.17,-3.78,-11.72,1.07,16450895
11447,0.30,-0.63,0.69,-1.46,26.46,-14.37,0.05,0.99,0.17,-4.09,-13.40,2.17,16450922
11459,0.25,-0.66,0.69,0.79,28.02,-19.35,0.06,0.98,0.17,-3.14,-13.09,1.83,16450868
11470,0.18,-0.69,0.68,2.32,25.70,-21.94,0.07,0.97,0.17,-2.41,-8.48,0.92,16450926
11483,0.10,-0.69,0.67,0.18,19.84,-19.68,0.08,0.97,0.17,-1.80,-3.48,0.03,16450915
11495,0.02,-0.68,0.65,-3.27,11.81,-13.09,0.08,0.98,0.17,-1.25,0.73,-1.28,16450846
11506,-0.06,-0.70,0.63,-5.49,2.47,-4.52,0.08,0.98,0.17,-1.28,4.46,-3.33,16450886
11518,-0.11,-0.73,0.62,-5.80,-6.74,2.90,0.07,0.99,0.17,-0.52,7.29,-4.58,16451014
11531,-0.13,-0.77,0.62,-5.58,-14.10,7.35,0.07,1.00,0.16,0.46,10.96,-5.65,16451169
11543,-0.12,-0.79,0.63,-4.79,-18.98,7.60,0.08,1.02,0.16,0.92,14.01,-6.62,16451384
11554,-0.08,-0.82,0.63,-3.72,-20.54,9.86,0.07,1.03,0.17,0.95,13.98,-6.10,16451410
11567,-0.02,-0.81,0.65,-5.43,-18.28,11.93,0.06,1.04,0.17,2.17,10.77,-5.37,16451270
11579,0.05,-0.79,0.66,-6.71,-13.79,9.37,0.06,1.04,0.17,2.81,7.57,-4.03,16451205
11590,0.11,-0.77,0.67,-9.34,-7.72,8.03,0.06,1.04,0.17,3.11,4.79,-3.42,16451141
11602,0.16,-0.75,0.68,-11.63,-0.79,6.07,0.05,1.05,0.16,2.44,2.01,-1.53,16451195
11615,0.19,-0.79,0.69,-8.42,5.16,2.11,0.05,1.04,0.16,2.69,-0.92,-0.49,16451264
11626,0.19,-0.84,0.70,-2.50,8.97,-4.09,0.05,1.03,0.16,3.05,-2.50,0.64,16451568
11638,0.17,-0.82,0.70,-3.11,10.41,-5.25,0.05,1.03,0.16,3.14,-3.60,1.34,16451626
11651,0.14,-0.76,0.70,-8.27,10.04,-2.56,0.07,1.04,0.16,2.93,-3.17,0.40,16451428
11662,0.10,-0.74,0.69,-10.19,7.81,-3.42,0.08,1.03,0.16,2.44,-0.49,-0.70,16451232
11674,0.07,-0.76,0.69,-8.64,4.82,-2.87,0.08,1.02,0.16,2.29,2.08,-1.34,16451342
11686,0.04,-0.77,0.69,-7.54,1.62,-1.37,0.08,1.01,0.16,1.83,3.85,-2.47,16451411
11698,0.02,-0.76,0.69,-7.93,-1.40,0.31,0.08,1.01,0.15,1.50,4.79,-2.72,16451527
11710,0.02,-0.74,0.69,-9.80,-2.84,3.17,0.08,1.01,0.15,0.73,5.52,-2.59,16451536
11722,0.03,-0.74,0.69,-9.67,-3.97,4.24,0.08,1.01,0.15,0.49,5.77,-2.99,16451368
11735,0.03,-0.77,0.69,-7.90,-5.10,4.06,0.07,1.01,0.15,-0.09,6.07,-2.72,16451388
11746,0.05,-0.75,0.69,-10.04,-4.55,5.04,0.07,1.02,0.15,-0.79,5.55,-1.83,16451625
11758,0.07,-0.74,0.69,-12.18,-2.41,7.32,0.06,1.02,0.15,-1.04,3.78,-1.28,16451679
11770,0.09,-0.71,0.69,-15.35,0.73,8.48,0.05,1.03,0.15,-0.85,0.03,-0.12,16451682
11782,0.11,-0.65,0.68,-24.78,5.58,12.15,0.04,1.03,0.15,-0.70,-3.78,1.34,16451597
11794,0.14,-0.48,0.66,-46.57,12.05,22.61,0.04,1.05,0.15,-3.36,-7.23,1.71,16451490
11806,0.17,-0.32,0.65,-76.54,16.42,41.69,0.05,1.07,0.15,-4.79,-6.65,3.60,16451475
11817,0.13,-0.48,0.62,-71.38,15.84,34.73,0.05,1.06,0.15,-4.21,-5.68,2.23,16451977
11830,0.03,-0.87,0.60,-40.89,10.38,12.94,0.06,1.00,0.15,-0.18,-1.01,2.41,16453395
11842,-0.03,-1.20,0.59,-5.58,4.67,-2.17,0.06,0.96,0.15,3.14,1.43,1.89,16454285
11853,-0.03,-1.24,0.58,7.29,2.75,-8.15,0.07,0.95,0.14,4.06,4.18,2.11,16454234
11866,0.01,-1.00,0.58,-7.54,3.91,-6.13,0.07,1.00,0.14,2.47,4.36,1.89,16453577
11878,0.08,-0.68,0.57,-35.49,8.39,1.28,0.08,1.05,0.13,-0.49,1.07,0.98,16452843
11890,0.14,-0.40,0.56,-67.78,15.47,10.71,0.07,1.08,0.14,-3.85,-3.39,-0.85,16452450
11901,0.21,-0.17,0.54,-106.69,25.51,34.21,0.07,1.09,0.14,-5.62,-7.45,-1.50,16452421
11914,0.26,-0.04,0.52,-144.78,35.61,57.89,0.07,1.10,0.15,-8.94,-9.77,-1.56,16452744
11926,0.25,-0.05,0.48,-168.64,42.51,63.66,0.08,1.09,0.15,-10.31,-9.74,-2.56,16453226
11937,0.20,-0.20,0.43,-175.84,46.08,45.78,0.09,1.07,0.15,-9.28,-6.04,-1.37,16453981
11950,0.15,-0.52,0.39,-160.64,47.67,28.05,0.09,1.02,0.15,-7.05,-5.10,-2.32,16454745
11962,0.06,-1.08,0.34,-114.26,43.64,19.26,0.08,0.97,0.15,-2.32,-4.21,-3.75,16455627
11973,-0.05,-1.51,0.31,-65.03,35.58,1.25,0.07,0.91,0.14,2.75,-1.40,-4.39,16456317
11985,-0.11,-1.66,0.31,-30.98,28.75,-10.22,0.07,0.90,0.14,7.57,1.74,-2.99,16456230
11998,-0.10,-1.55,0.34,-21.73,26.40,-15.17,0.07,0.92,0.13,8.09,4.06,-2.23,16455507
12009,-0.04,-1.25,0.37,-35.03,30.46,-10.07,0.07,0.97,0.13,5.25,5.77,-1.01,16454457
12021,0.06,-0.88,0.40,-63.11,40.89,1.22,0.08,1.01,0.14,1.28,5.49,0.12,16453537
12034,0.14,-0.58,0.41,-96.13,52.70,17.21,0.07,1.05,0.15,-3.85,1.22,-0.18,16452751
12046,0.17,-0.36,0.39,-128.91,60.79,21.27,0.07,1.07,0.15,-6.99,-0.09,-0.06,16452536
12057,0.15,-0.23,0.34,-158.26,66.10,17.03,0.07,1.08,0.16,-9.55,-0.43,1.31,16452557
12069,0.12,-0.29,0.27,-172.30,69.85,19.38,0.06,1.08,0.16,-11.99,-4.67,0.18,16452857
12082,0.04,-0.56,0.19,-166.05,67.81,30.21,0.04,1.05,0.16,-12.05,-9.16,-1.50,16453426
12093,-0.08,-0.89,0.11,-144.47,59.33,29.69,0.04,1.02,0.15,-10.35,-10.25,-2.90,16454317
12105,-0.22,-1.20,0.04,-115.54,44.80,15.20,0.04,0.98,0.15,-4.18,-7.17,-3.88,16454856
12118,-0.30,-1.33,0.00,-92.16,30.88,-6.35,0.05,0.95,0.14,1.98,1.22,-4.58,16454870
12129,-0.28,-1.29,0.01,-86.06,25.97,-16.57,0.06,0.96,0.14,4.09,5.46,-3.69,16454519
12141,-0.21,-1.15,0.03,-93.08,28.93,-14.34,0.06,1.01,0.15,1.37,6.93,-3.02,16453814
12153,-0.13,-0.96,0.05,-109.86,34.94,-6.81,0.06,1.05,0.15,-1.40,6.29,-2.56,16453152
12165,-0.07,-0.77,0.05,-130.10,39.86,-6.41,0.06,1.06,0.16,-3.30,5.65,-1.22,16452814
12177,-0.04,-0.62,0.02,-150.97,43.79,-19.35,0.07,1.07,0.16,-4.46,5.49,0.58,16452746
12189,-0.01,-0.56,-0.03,-166.29,47.12,-33.63,0.07,1.07,0.16,-5.55,7.75,2.26,16452961
12200,0.02,-0.58,-0.09,-177.64,50.11,-39.00,0.07,1.06,0.17,-7.72,6.74,3.42,16453240
12213,0.03,-0.68,-0.16,-181.09,53.53,-41.60,0.07,1.05,0.17,-7.75,3.94,4.00,16453393
12225,0.05,-0.83,-0.22,-175.96,57.10,-38.88,0.06,1.04,0.16,-6.44,1.95,3.36,16453775
12237,0.06,-1.00,-0.27,-162.96,60.03,-35.89,0.05,1.02,0.16,-3.30,0.06,1.95,16453976
12249,0.07,-1.17,-0.30,-143.43,62.29,-33.26,0.05,0.99,0.15,0.67,-0.98,1.77,16454136
12261,0.07,-1.33,-0.32,-120.12,64.70,-25.39,0.04,0.97,0.15,4.61,-1.80,1.04,16454360
12273,0.04,-1.47,-0.33,-94.18,62.99,-11.87,0.04,0.96,0.14,8.12,-3.23,0.24,16454572
12284,-0.01,-1.56,-0.32,-67.87,56.55,-0.70,0.03,0.95,0.13,11.35,-4.94,-0.37,16454606
12297,-0.08,-1.59,-0.32,-45.17,46.88,5.95,0.04,0.95,0.13,14.01,-4.21,-1.59,16454480
12309,-0.14,-1.56,-0.31,-28.87,34.09,9.19,0.04,0.95,0.13,15.41,-1.89,-3.81,16454358
12320,-0.20,-1.47,-0.30,-19.56,20.72,9.28,0.06,0.97,0.12,15.53,2.90,-5.43,16453976
12333,-0.24,-1.33,-0.28,-19.44,7.90,9.74,0.07,0.98,0.12,13.82,6.56,-6.77,16453567
12345,-0.25,-1.17,-0.27,-25.21,-2.14,3.81,0.07,1.01,0.12,10.53,7.81,-7.87,16453062
12356,-0.24,-1.02,-0.26,-32.87,-9.06,-8.85,0.08,1.02,0.12,7.63,10.89,-8.39,16452663
12368,-0.21,-0.93,-0.25,-38.91,-13.85,-21.36,0.09,1.04,0.12,5.43,15.29,-9.19,16452483
12381,-0.16,-0.90,-0.25,-42.42,-14.68,-24.38,0.09,1.04,0.11,3.94,16.08,-9.95,16452473
12393,-0.11,-0.94,-0.25,-41.17,-12.15,-20.32,0.09,1.04,0.11,3.27,15.56,-9.55,16452594
12404,-0.05,-0.99,-0.24,-37.90,-5.92,-9.92,0.08,1.04,0.11,3.54,14.74,-9.34,16452562
12417,-0.01,-1.05,-0.23,-33.14,0.12,0.18,0.06,1.05,0.11,3.11,11.81,-9.00,16452421
12429,0.02,-1.07,-0.24,-27.59,4.36,-0.49,0.05,1.06,0.11,2.41,6.65,-7.72,16452399
12440,0.03,-1.09,-0.26,-21.88,7.93,-3.11,0.04,1.06,0.11,2.23,3.54,-5.80,16452439
12452,0.03,-1.11,-0.27,-16.30,9.92,0.64,0.03,1.06,0.11,1.86,1.68,-4.58,16452341
12465,0.02,-1.13,-0.28,-11.11,11.17,4.76,0.03,1.07,0.11,1.86,1.07,-3.11,16452331
12476,0.01,-1.12,-0.29,-6.56,10.41,1.53,0.04,1.07,0.11,1.10,1.28,-1.40,16452299
12488,-0.02,-1.11,-0.30,-1.68,7.57,-6.10,0.03,1.07,0.12,0.92,-0.03,1.01,16452342
12500,-0.04,-1.10,-0.31,2.78,4.73,-8.21,0.03,1.07,0.12,1.31,-1.13,2.08,16452466
12512,-0.05,-1.11,-0.31,6.32,2.69,-4.06,0.03,1.07,0.12,1.19,-2.44,2.20,16452466
12524,-0.06,-1.10,-0.31,8.39,0.61,3.11,0.04,1.07,0.13,-0.37,-3.97,1.19,16452475
12536,-0.07,-1.07,-0.31,9.16,-2.75,1.71,0.05,1.07,0.13,-0.98,-3.69,0.76,16452538
12548,-0.08,-1.03,-0.31,8.15,-6.01,-3.05,0.05,1.07,0.13,-1.46,-3.48,1.13,16452429
12560,-0.07,-1.00,-0.31,7.17,-7.60,-4.12,0.06,1.07,0.13,-1.98,-2.66,0.92,16452327
12572,-0.07,-1.00,-0.31,8.88,-8.48,-3.97,0.06,1.07,0.13,-2.11,-1.46,1.25,16452479
12584,-0.06,-1.02,-0.30,12.15,-9.19,-2.44,0.06,1.06,0.13,-1.68,-0.73,1.01,16452781
12596,-0.06,-1.05,-0.30,16.75,-10.31,1.80,0.06,1.06,0.13,-1.46,-0.40,0.34,16453044
12608,-0.06,-1.06,-0.30,21.00,-12.39,3.39,0.05,1.05,0.13,-1.59,-2.20,-0.98,16452981
12620,-0.06,-1.05,-0.29,23.71,-15.05,2.44,0.05,1.04,0.13,-1.65,-2.29,-1.71,16453073
12632,-0.05,-1.01,-0.28,24.38,-16.39,-0.12,0.05,1.03,0.13,-1.83,-1.46,-2.17,16453108
12644,-0.03,-0.98,-0.27,22.98,-15.96,0.06,0.05,1.02,0.13,-2.41,-0.85,-1.89,16453044
12656,-0.00,-0.95,-0.26,21.55,-15.20,-0.89,0.05,1.02,0.13,-2.78,0.73,-1.65,16453014
12667,0.02,-0.93,-0.25,19.81,-13.61,-2.47,0.05,1.01,0.13,-3.69,0.98,-1.59,16453163
12680,0.03,-0.92,-0.25,19.99,-12.91,-3.30,0.06,1.01,0.13,-3.30,1.59,-1.50,16453330
12692,0.04,-0.94,-0.25,22.13,-12.21,-3.97,0.05,1.01,0.13,-2.47,1.31,-0.98,16453561
12703,0.05,-0.96,-0.25,25.24,-11.11,-3.72,0.05,1.01,0.13,-1.31,0.79,-1.07,16453617
12716,0.06,-0.99,-0.25,29.79,-9.92,-1.40,0.04,1.01,0.13,-0.15,-0.40,-1.40,16453627
12728,0.05,-1.07,-0.25,40.01,-8.91,1.46,0.03,1.01,0.13,1.10,-2.38,-1.37,16453868
12740,0.04,-1.14,-0.25,50.57,-8.85,5.10,0.03,1.01,0.13,3.30,-2.56,-1.86,16454120
12751,0.02,-1.19,-0.26,60.12,-10.62,11.32,0.03,1.01,0.13,4.94,-1.37,-2.14,16454339
12764,-0.02,-1.20,-0.26,66.28,-14.40,14.10,0.02,1.02,0.12,6.10,-1.65,-0.46,16454396
12776,-0.05,-1.20,-0.26,73.43,-19.81,13.49,0.02,1.03,0.12,6.23,-3.45,-0.95,16454528
12787,-0.09,-1.27,-0.26,90.45,-27.25,5.95,0.02,1.03,0.11,8.24,-4.18,-1.01,16454695
12800,-0.12,-1.36,-0.26,109.95,-33.91,1.13,0.02,1.02,0.10,10.01,-2.62,-2.01,16454895
12812,-0.12,-1.43,-0.26,126.98,-38.06,-0.03,0.03,1.03,0.10,12.63,0.52,-1.13,16455122
12823,-0.10,-1.42,-0.24,137.57,-39.49,-1.56,0.04,1.04,0.09,13.21,3.85,-0.37,16455310
12835,-0.07,-1.42,-0.23,149.78,-37.84,-8.24,0.04,1.05,0.08,13.06,5.71,0.24,16455396
12848,-0.04,-1.41,-0.21,159.12,-33.87,-13.18,0.04,1.06,0.08,11.38,5.55,0.89,16455372
12859,0.00,-1.33,-0.18,158.45,-27.56,-11.17,0.03,1.08,0.08,9.06,3.88,2.93,16455130
12871,0.04,-1.18,-0.14,148.32,-21.33,-6.96,0.02,1.10,0.08,5.40,1.98,4.79,16454867
12883,0.06,-1.04,-0.09,135.22,-16.91,-1.43,0.02,1.12,0.07,1.83,-1.04,6.20,16454585
12895,0.06,-0.99,-0.05,129.49,-15.99,-1.07,0.03,1.12,0.06,0.15,-1.07,4.79,16454428
12907,0.02,-1.08,-0.03,138.76,-17.61,-11.17,0.03,1.10,0.05,0.00,-0.52,3.94,16454850
12919,-0.02,-1.26,-0.02,161.10,-20.26,-19.29,0.02,1.07,0.06,1.16,-2.23,3.57,16455421
12932,-0.06,-1.43,-0.02,183.23,-24.44,-16.82,0.02,1.04,0.06,-0.70,-5.74,5.16,16455801
12943,-0.08,-1.40,-0.02,187.38,-28.90,-11.93,0.03,1.06,0.06,-1.31,-4.33,5.71,16455645
12955,-0.08,-1.20,-0.01,176.51,-33.42,-13.31,0.05,1.07,0.06,-3.97,-1.68,4.27,16455130
12967,-0.07,-0.95,0.02,157.53,-36.93,-20.26,0.06,1.10,0.06,-5.89,0.89,4.46,16454528
12979,-0.06,-0.74,0.06,134.31,-38.97,-22.58,0.06,1.11,0.07,-9.37,-0.37,5.83,16454187
12991,-0.02,-0.68,0.11,122.01,-37.02,-19.41,0.06,1.11,0.07,-12.05,-2.69,4.94,16454200
13003,0.02,-0.74,0.16,116.12,-32.29,-5.52,0.07,1.09,0.07,-12.42,-2.72,4.33,16454282
13015,0.06,-0.84,0.19,115.91,-28.59,5.16,0.08,1.08,0.07,-12.51,-0.98,2.99,16454441
13027,0.07,-0.88,0.21,116.52,-27.71,-2.14,0.09,1.07,0.06,-10.65,4.61,1.80,16454462
13039,0.07,-0.84,0.23,109.34,-25.12,-13.76,0.09,1.09,0.06,-11.72,7.78,3.42,16454183
13050,0.10,-0.79,0.26,99.85,-21.03,-16.72,0.09,1.11,0.06,-11.60,8.48,4.21,16454084
13063,0.13,-0.80,0.29,92.93,-14.86,-13.98,0.08,1.12,0.06,-11.44,6.59,3.97,16453902
13075,0.15,-0.80,0.32,84.29,-9.22,-7.23,0.07,1.13,0.05,-11.69,4.61,5.43,16453693
13087,0.16,-0.82,0.34,78.34,-5.34,-7.45,0.06,1.15,0.06,-11.60,-0.37,5.68,16453627
13099,0.16,-0.86,0.36,76.32,-2.41,-13.61,0.05,1.15,0.06,-11.11,-4.15,6.41,16453488
13111,0.16,-0.89,0.37,74.86,0.61,-17.49,0.05,1.15,0.08,-10.28,-5.52,5.89,16453327
13123,0.17,-0.90,0.39,72.02,4.85,-9.31,0.06,1.12,0.09,-10.04,-9.22,4.52,16452929
13134,0.17,-0.78,0.40,58.32,5.49,-3.69,0.07,1.10,0.09,-10.86,-9.34,2.32,16452537
13147,0.16,-0.68,0.42,47.88,4.33,-10.86,0.08,1.07,0.10,-11.29,-9.70,-0.73,16452157
13159,0.15,-0.69,0.45,47.61,5.07,-15.17,0.07,1.03,0.10,-13.06,-9.46,-1.16,16451898
13170,0.18,-0.72,0.49,45.07,9.40,-7.23,0.06,1.02,0.10,-15.05,-11.81,0.00,16451777
13182,0.20,-0.71,0.53,41.84,13.76,-7.78,0.04,1.02,0.10,-15.01,-16.33,2.17,16451552
13195,0.21,-0.69,0.57,39.22,18.07,-13.73,0.04,1.01,0.11,-17.00,-20.08,2.75,16451435
13206,0.21,-0.66,0.60,34.88,21.45,-11.32,0.04,1.01,0.12,-18.22,-22.64,4.15,16451111
13218,0.21,-0.65,0.62,32.56,24.57,-11.47,0.04,0.99,0.13,-19.32,-25.05,5.28,16450892
13231,0.19,-0.66,0.62,33.84,26.12,-13.76,0.04,0.96,0.15,-19.23,-25.94,5.07,16450985
13243,0.17,-0.66,0.62,34.42,26.25,-14.13,0.05,0.93,0.16,-19.84,-26.73,4.03,16450873
13254,0.14,-0.62,0.62,31.56,25.57,-13.09,0.05,0.90,0.16,-20.87,-26.25,3.78,16450752
13266,0.13,-0.59,0.63,28.17,25.48,-11.20,0.05,0.90,0.15,-22.98,-27.68,3.39,16450600
13279,0.12,-0.61,0.64,27.62,26.28,-7.84,0.05,0.91,0.14,-23.77,-29.21,4.24,16450464
13290,0.11,-0.66,0.65,29.17,26.82,-9.55,0.05,0.93,0.14,-23.86,-29.24,5.19,16450431
13302,0.09,-0.70,0.65,29.48,25.76,-10.22,0.06,0.96,0.14,-22.86,-28.02,5.74,16450454
13315,0.07,-0.71,0.65,27.10,23.99,-10.41,0.07,0.99,0.14,-22.86,-24.84,4.94,16450472
13326,0.04,-0.71,0.64,23.90,20.90,-8.94,0.09,1.01,0.15,-23.28,-22.16,4.64,16450485
13338,0.03,-0.72,0.62,21.18,17.76,-5.68,0.09,1.01,0.16,-21.27,-21.09,4.39,16450543
13350,0.03,-0.72,0.61,18.28,15.63,-7.66,0.10,1.01,0.17,-18.95,-18.80,1.89,16450496
13362,0.03,-0.71,0.60,14.59,14.01,-7.39,0.10,1.01,0.17,-16.88,-18.13,-0.82,16450541
13374,0.04,-0.71,0.59,12.63,12.60,-6.96,0.11,1.00,0.17,-14.47,-16.82,-3.60,16450499
13386,0.04,-0.68,0.59,8.88,9.49,-13.28,0.13,0.99,0.17,-14.07,-13.55,-5.55,16450540
13398,0.05,-0.67,0.59,4.91,10.04,-13.89,0.13,0.98,0.17,-12.66,-11.38,-5.77,16450501
13410,0.07,-0.66,0.60,0.95,11.93,-17.33,0.12,0.99,0.17,-10.77,-10.50,-5.00,16450607
13422,0.09,-0.65,0.61,-1.19,15.23,-24.02,0.12,0.99,0.18,-10.13,-11.17,-4.30,16450632
13434,0.12,-0.71,0.63,0.73,20.08,-20.23,0.10,1.00,0.19,-9.74,-14.71,-3.05,16450588
13446,0.12,-0.77,0.64,4.30,22.40,-21.12,0.09,0.99,0.19,-8.58,-18.68,-2.35,16450775
13458,0.10,-0.75,0.64,1.46,22.77,-22.55,0.08,0.99,0.20,-9.46,-21.00,-1.71,16450754
13470,0.11,-0.71,0.65,-2.96,23.62,-18.86,0.08,0.99,0.20,-9.19,-20.72,-1.83,16450597
13481,0.11,-0.72,0.65,-0.76,24.78,-20.57,0.08,0.99,0.19,-10.71,-20.11,-1.50,16450589
13494,0.10,-0.76,0.66,2.69,25.27,-22.52,0.07,0.97,0.18,-10.38,-19.20,0.24,16450712
13506,0.10,-0.77,0.67,2.38,27.19,-22.31,0.07,0.98,0.18,-10.65,-19.32,1.59,16450825
13517,0.10,-0.76,0.67,0.46,27.68,-20.66,0.07,1.00,0.17,-11.17,-17.52,2.14,16450645
13530,0.09,-0.76,0.66,-0.15,27.34,-19.62,0.07,1.01,0.17,-10.59,-18.74,1.37,16450568
13542,0.08,-0.77,0.65,-0.82,25.73,-20.87,0.08,1.01,0.16,-8.79,-18.28,-0.82,16450640
13553,0.08,-0.76,0.64,-1.43,23.59,-23.90,0.10,1.01,0.16,-8.09,-17.46,-4.24,16450900
13565,0.07,-0.76,0.63,-2.78,21.15,-24.20,0.12,1.00,0.16,-7.26,-16.11,-6.87,16450841
13578,0.06,-0.76,0.62,-2.96,18.13,-24.41,0.13,0.99,0.16,-6.47,-13.82,-9.12,16450816
13589,0.04,-0.74,0.62,-5.07,15.23,-26.70,0.13,0.98,0.16,-7.63,-13.67,-8.91,16450766
13601,0.04,-0.76,0.62,-4.27,14.86,-21.51,0.14,0.98,0.15,-7.23,-13.61,-9.67,16450584
13614,0.03,-0.78,0.62,-3.30,14.04,-27.50,0.15,0.98,0.15,-5.25,-10.74,-11.75,16450696
13626,0.01,-0.78,0.61,-3.91,11.87,-30.24,0.17,0.98,0.14,-5.04,-6.53,-13.03,16450755
13637,-0.01,-0.78,0.60,-5.43,9.06,-25.12,0.18,0.98,0.15,-3.27,-3.94,-14.07,16450609
13649,-0.04,-0.75,0.58,-9.00,4.09,-26.43,0.19,0.97,0.16,-0.43,-0.70,-16.60,16450775
13662,-0.08,-0.71,0.57,-13.79,-1.86,-23.93,0.19,0.97,0.16,0.58,3.75,-18.46,16450624
13673,-0.10,-0.72,0.57,-14.86,-5.62,-18.52,0.18,0.96,0.17,2.20,6.62,-18.19,16450591
13685,-0.12,-0.74,0.57,-14.47,-10.65,-18.01,0.19,0.95,0.18,4.03,12.70,-19.26,16450662
13698,-0.12,-0.73,0.58,-16.91,-14.74,-15.84,0.17,0.96,0.18,5.68,13.89,-20.11,16450612
13709,-0.11,-0.75,0.59,-17.24,-17.46,-8.21,0.16,0.98,0.18,6.59,14.50,-19.93,16450676
13721,-0.10,-0.76,0.61,-16.72,-19.56,-9.77,0.15,0.98,0.18,7.35,15.93,-18.83,16450904
13733,-0.08,-0.74,0.62,-17.76,-19.68,-6.62,0.14,0.96,0.20,9.19,19.10,-17.30,16450914
13745,-0.08,-0.69,0.63,-20.29,-18.89,-6.84,0.13,0.95,0.21,11.14,19.56,-16.60,16450619
13757,-0.06,-0.67,0.66,-19.81,-15.96,-4.49,0.12,0.93,0.23,11.75,18.37,-14.65,16450693
13769,-0.06,-0.68,0.69,-16.17,-14.04,-4.61,0.10,0.92,0.24,9.92,15.35,-11.44,16450800
13782,-0.06,-0.70,0.73,-12.33,-11.99,-0.43,0.08,0.91,0.23,6.77,13.09,-5.77,16450886
13793,-0.03,-0.72,0.76,-8.15,-9.31,-0.21,0.07,0.93,0.23,4.76,14.50,-2.62,16451103
13805,0.02,-0.71,0.79,-7.17,-5.55,-2.23,0.06,0.96,0.22,2.93,16.69,-0.12,16451332
13817,0.08,-0.71,0.81,-8.15,-0.85,5.37,0.03,1.00,0.22,-0.21,11.90,2.90,16451424
13829,0.14,-0.74,0.81,-6.74,3.69,8.54,-0.00,1.02,0.21,-0.37,9.92,5.68,16451698
13841,0.16,-0.78,0.79,-4.79,6.20,4.00,-0.02,1.04,0.21,-0.09,8.30,6.65,16451830
13853,0.17,-0.81,0.76,-3.17,5.62,2.11,-0.02,1.06,0.21,1.19,7.51,5.86,16451876
13864,0.16,-0.84,0.71,-1.16,1.83,-1.10,-0.01,1.05,0.21,2.84,7.35,3.39,16451805
13877,0.15,-0.82,0.67,-3.20,-1.59,-3.17,0.01,1.04,0.21,5.19,6.77,-0.18,16451924
13889,0.17,-0.78,0.66,-6.23,-3.36,-3.88,0.01,1.04,0.20,4.49,7.84,-2.41,16451947
13900,0.19,-0.79,0.66,-6.38,-3.20,2.20,0.01,1.04,0.18,2.59,6.20,-2.69,16451994
13913,0.19,-0.81,0.67,-5.13,-3.88,1.19,0.00,1.04,0.17,1.50,1.95,-2.81,16452278
13925,0.21,-0.83,0.66,-3.05,-2.75,-1.62,0.01,1.04,0.16,0.85,1.46,-3.63,16452526
13936,0.22,-0.83,0.66,-2.23,-0.52,-4.46,0.02,1.04,0.16,0.61,-0.49,-4.03,16452644
13948,0.22,-0.82,0.66,-3.14,0.67,-6.59,0.04,1.04,0.16,0.76,-0.40,-5.46,16452786
13961,0.21,-0.79,0.66,-5.13,0.76,-10.44,0.05,1.04,0.16,-0.15,0.79,-5.83,16452704
13973,0.19,-0.81,0.67,-3.78,1.34,-6.41,0.05,1.04,0.15,-1.77,0.58,-5.92,16452524
13984,0.17,-0.83,0.69,-2.75,0.70,-4.06,0.04,1.06,0.15,-3.23,-1.71,-5.77,16452634
13997,0.15,-0.85,0.70,-2.20,0.55,-4.00,0.03,1.07,0.14,-4.00,-2.17,-4.79,16452712
14009,0.17,-0.86,0.72,-1.50,2.50,-4.06,0.04,1.09,0.14,-4.97,-1.62,-4.49,16452666
14020,0.19,-0.84,0.72,-2.93,3.97,-10.68,0.05,1.10,0.15,-5.22,-0.49,-4.61,16452681
14032,0.18,-0.83,0.71,-2.50,3.30,-13.67,0.05,1.09,0.15,-4.70,1.34,-5.58,16452475
