time,faccx,faccy,faccz,fgyrx,fgyry,fgyrz,saccx,saccy,saccz,sgyrx,sgyry,sgyrz,load
409299,0.41,0.96,0.11,-4.18,-0.43,-5.71,0.07,0.60,0.87,-1.16,-3.14,-0.61,16608171
409310,0.41,0.97,0.11,-2.01,-0.85,-5.98,0.07,0.60,0.87,-1.50,-3.36,-0.43,16610698
409320,0.40,0.98,0.11,-3.39,-0.12,-6.87,0.07,0.60,0.87,-1.56,-3.48,-0.37,16611353
409330,0.39,0.98,0.11,-0.27,-0.03,-5.95,0.07,0.60,0.87,-1.59,-3.23,-0.31,16612114
409340,0.38,0.98,0.11,-3.02,0.76,-6.59,0.07,0.61,0.87,-1.40,-2.66,-0.12,16611550
409351,0.38,0.97,0.11,-2.53,0.89,-7.48,0.08,0.60,0.87,-0.85,-1.98,0.21,16611287
409363,0.38,0.96,0.11,-3.72,0.79,-7.26,0.08,0.60,0.87,-0.98,-1.83,0.40,16610252
409374,0.37,0.97,0.11,-2.96,0.58,-5.71,0.08,0.60,0.87,-0.89,-1.34,0.21,16610194
409385,0.37,0.98,0.11,-2.04,1.71,-6.32,0.08,0.60,0.87,-1.04,-1.01,-0.12,16609225
409398,0.36,0.97,0.10,-2.87,2.38,-6.53,0.09,0.60,0.88,-1.34,-1.37,-0.34,16610351
409409,0.37,0.97,0.10,-4.21,1.65,-4.70,0.09,0.60,0.88,-1.46,-1.56,-0.52,16611593
409421,0.38,0.97,0.11,-4.00,0.37,-2.93,0.10,0.60,0.88,-1.65,-1.19,-0.09,16609329
409433,0.38,0.99,0.11,-2.78,0.40,-4.67,0.09,0.61,0.88,-1.65,-1.22,-0.24,16608575
409445,0.37,1.00,0.11,-2.69,1.46,-3.57,0.10,0.61,0.88,-2.14,-1.19,-0.34,16608493
409456,0.35,1.01,0.11,-1.46,3.11,-1.86,0.10,0.61,0.88,-2.04,-0.76,-0.09,16610068
409468,0.35,1.01,0.11,-0.98,3.05,0.18,0.10,0.61,0.88,-2.26,0.49,0.12,16608698
409480,0.36,1.02,0.11,-0.79,3.97,3.36,0.11,0.61,0.88,-2.53,2.59,-0.09,16608267
409491,0.37,1.02,0.11,1.16,1.92,4.33,0.10,0.61,0.88,-3.23,2.78,0.43,16611251
409503,0.39,1.01,0.11,0.21,0.58,-0.82,0.10,0.61,0.88,-3.17,2.50,-0.18,16611333
409515,0.38,0.99,0.11,-1.62,1.37,1.07,0.10,0.61,0.88,-3.08,1.46,0.34,16610076
409527,0.37,0.99,0.11,-1.50,2.17,2.66,0.09,0.61,0.88,-2.69,2.99,0.06,16609489
409538,0.38,1.00,0.11,0.46,1.80,0.34,0.09,0.61,0.88,-3.57,2.17,-0.15,16610461
409550,0.38,1.00,0.11,2.59,1.65,-0.55,0.08,0.61,0.88,-3.63,0.46,-0.12,16607821
409562,0.39,0.99,0.10,-0.98,1.04,-3.11,0.08,0.61,0.89,-4.49,0.06,0.15,16608418
409574,0.39,0.99,0.10,-0.61,1.13,-5.77,0.09,0.61,0.90,-4.88,-1.40,0.43,16608443
409585,0.38,0.99,0.10,0.00,1.16,-4.91,0.09,0.61,0.90,-5.46,-0.82,0.43,16606605
409597,0.38,1.01,0.09,0.76,1.89,-5.07,0.09,0.61,0.89,-5.74,-0.55,0.98,16604147
409609,0.37,1.03,0.10,3.85,2.26,-3.27,0.09,0.61,0.89,-5.62,-0.27,1.07,16607577
409620,0.36,1.03,0.10,5.19,4.27,-4.61,0.09,0.61,0.89,-6.29,0.40,1.31,16609585
409632,0.35,1.02,0.10,6.56,5.31,1.86,0.10,0.61,0.88,-5.58,4.09,1.07,16611069
409644,0.36,1.01,0.11,7.26,4.64,-3.36,0.09,0.61,0.88,-5.62,3.48,1.04,16610543
409656,0.38,0.97,0.11,2.53,3.23,-6.23,0.09,0.61,0.88,-5.34,1.22,1.22,16607511
409667,0.39,0.94,0.12,0.34,1.68,-3.88,0.09,0.60,0.87,-4.06,0.00,1.98,16611184
409679,0.40,0.94,0.13,1.46,0.61,-5.80,0.09,0.60,0.86,-3.45,0.55,1.74,16611396
409691,0.39,0.95,0.12,1.80,0.52,-6.90,0.08,0.60,0.86,-2.69,-1.28,1.16,16609070
409703,0.39,0.94,0.12,0.52,0.24,-5.95,0.08,0.59,0.87,-2.47,-3.33,1.62,16611102
409714,0.39,0.93,0.11,0.18,0.09,-7.17,0.08,0.59,0.87,-2.44,-3.57,1.50,16607572
409725,0.39,0.94,0.11,0.15,-0.61,-6.84,0.08,0.58,0.86,-2.84,-4.09,1.86,16605178
409738,0.39,0.94,0.10,0.24,-0.61,-6.93,0.08,0.58,0.86,-2.59,-2.99,1.83,16608040
409749,0.37,0.95,0.10,0.09,-0.27,-5.80,0.07,0.58,0.86,-2.56,-2.29,1.31,16606713
409761,0.36,0.94,0.09,-2.44,2.44,-4.76,0.08,0.57,0.86,-2.17,0.12,0.61,16608224
409773,0.35,0.96,0.10,2.96,2.20,-4.46,0.07,0.57,0.85,-2.17,0.21,0.79,16613088
409785,0.36,0.95,0.09,2.41,2.69,-11.78,0.08,0.58,0.86,-2.47,0.40,0.61,16613139
409796,0.35,0.94,0.09,2.23,3.39,-8.36,0.08,0.57,0.86,-1.68,0.34,1.16,16609758
409808,0.33,0.93,0.09,-0.06,5.22,-8.36,0.08,0.57,0.86,-2.08,0.24,1.46,16610964
409820,0.31,0.93,0.09,0.18,8.39,-8.94,0.08,0.57,0.86,-0.64,0.73,0.85,16607379
409832,0.30,0.94,0.09,0.67,11.23,-7.39,0.07,0.57,0.86,-0.73,1.07,0.67,16608037
409843,0.30,0.96,0.09,2.32,13.61,-9.03,0.07,0.57,0.87,-0.18,0.70,-0.31,16607359
409854,0.32,0.97,0.09,4.12,13.67,-8.27,0.07,0.57,0.87,-0.15,-0.37,-0.12,16609161
409867,0.36,0.98,0.08,5.16,10.59,-5.86,0.08,0.57,0.87,-0.31,0.46,-0.43,16610000
409878,0.41,0.97,0.08,4.61,6.01,-4.79,0.09,0.57,0.87,0.18,1.22,-0.43,16607587
409890,0.45,0.97,0.08,4.91,0.55,-4.21,0.09,0.57,0.87,0.24,1.19,-0.21,16609261
409902,0.49,0.98,0.08,6.50,-5.58,-2.11,0.09,0.57,0.87,-0.06,0.85,0.00,16612028
409914,0.50,0.97,0.07,5.13,-9.12,-6.10,0.08,0.57,0.88,-0.40,-1.56,-1.01,16610987
409925,0.45,0.92,0.06,0.49,-6.74,-11.47,0.07,0.57,0.90,-1.74,-5.52,-2.29,16610664
409937,0.39,0.89,0.05,-5.62,-3.30,-11.11,0.07,0.57,0.91,-2.20,-7.90,-1.59,16610492
409949,0.35,0.90,0.05,-7.42,-1.53,-8.03,0.09,0.57,0.90,-1.98,-6.71,-0.92,16609849
409960,0.33,0.94,0.06,-5.19,-0.79,-6.77,0.10,0.58,0.89,-1.71,-3.75,-0.52,16609006
409972,0.32,0.99,0.07,-1.80,0.85,-7.05,0.11,0.58,0.88,-1.43,-1.62,-0.58,16608580
409984,0.30,1.02,0.07,1.28,2.23,-5.98,0.11,0.58,0.87,-1.71,-0.61,0.21,16609147
409996,0.31,1.03,0.07,1.77,2.23,-0.79,0.12,0.58,0.87,-1.04,2.78,0.31,16609450
410007,0.33,1.00,0.08,3.57,0.76,-0.34,0.12,0.59,0.89,-2.78,1.95,1.19,16609651
410019,0.36,0.96,0.07,-2.72,-2.08,1.56,0.12,0.59,0.89,-2.90,1.77,1.16,16611399
410031,0.38,0.97,0.07,-5.49,-5.16,1.25,0.11,0.59,0.88,-2.47,-0.40,1.59,16612128
410043,0.39,1.00,0.07,-0.18,-0.52,-3.63,0.10,0.58,0.86,-0.12,2.41,0.12,16609972
410054,0.32,1.04,0.12,20.23,0.98,8.03,0.09,0.59,0.86,-2.62,2.69,0.43,16608337
410066,0.29,0.96,0.07,6.29,3.66,5.71,0.09,0.58,0.89,-3.17,1.43,-1.56,16609283
410078,0.32,0.88,0.06,-17.94,2.53,-7.51,0.11,0.59,0.91,-4.39,-1.71,0.27,16608015
410089,0.35,0.90,0.07,-9.31,-1.68,-5.04,0.12,0.58,0.89,-2.41,-0.89,0.67,16606877
410101,0.36,1.01,0.08,-0.46,-3.33,-5.55,0.11,0.58,0.87,-2.41,-2.96,2.14,16607740
410113,0.34,1.05,0.08,5.16,-2.35,-10.65,0.11,0.58,0.88,-3.60,-3.45,0.92,16609504
410125,0.31,1.03,0.07,2.84,0.15,-8.61,0.11,0.58,0.89,-2.72,-5.37,3.23,16611920
410136,0.27,1.04,0.06,2.99,3.88,-1.62,0.12,0.58,0.87,-3.02,-0.98,3.33,16612016
410148,0.26,1.01,0.06,0.82,8.15,-3.45,0.13,0.58,0.90,-4.91,2.87,2.66,16610247
410160,0.27,1.03,0.06,11.51,7.23,2.93,0.12,0.57,0.88,-4.64,4.49,1.86,16607732
410172,0.33,0.99,0.01,-11.84,7.05,-5.43,0.12,0.59,0.90,-4.70,2.29,2.38,16608034
410183,0.34,1.05,0.11,28.05,4.24,-2.29,0.11,0.58,0.88,-5.43,-0.89,5.04,16610138
410195,0.34,1.03,0.05,13.73,4.09,3.51,0.11,0.57,0.88,-5.46,3.94,2.32,16609817
410207,0.33,1.00,0.05,1.10,4.85,11.72,0.11,0.56,0.87,-4.55,7.57,2.38,16612427
410218,0.34,0.91,0.06,0.06,5.43,2.66,0.11,0.57,0.90,-5.74,6.23,1.92,16613321
410230,0.35,0.88,0.06,-3.39,2.35,3.23,0.11,0.57,0.91,-5.74,2.32,1.40,16611083
410242,0.39,0.91,0.06,-9.16,-0.37,-4.61,0.10,0.58,0.90,-5.58,-2.08,2.29,16609430
410254,0.41,0.99,0.08,2.47,-3.42,-2.47,0.09,0.58,0.87,-3.97,-3.20,1.71,16611280
410265,0.40,1.04,0.08,9.37,-2.93,-2.96,0.08,0.58,0.86,-3.78,-4.79,1.28,16611133
410277,0.33,1.08,0.05,8.58,4.33,12.24,0.07,0.57,0.84,-0.67,3.97,-1.83,16613967
410289,0.29,1.05,0.10,17.94,10.41,10.50,0.06,0.57,0.84,-2.62,-0.79,1.04,16615387
410301,0.30,0.93,0.06,10.22,10.50,12.60,0.11,0.58,0.89,-4.97,6.38,-1.28,16618922
410312,0.34,0.89,0.05,-2.81,7.51,18.95,0.12,0.56,0.89,-3.27,9.77,-0.27,16622845
410323,0.42,0.94,0.06,-0.89,0.61,13.18,0.12,0.58,0.89,-4.27,11.99,-0.82,16623263
410336,0.45,0.99,0.07,10.80,-2.32,3.60,0.10,0.58,0.89,-4.15,6.20,-1.83,16626376
410347,0.43,1.00,0.06,7.66,-3.02,1.25,0.08,0.59,0.89,-3.60,1.31,-1.37,16629600
410359,0.40,0.97,0.06,4.30,-1.07,-5.07,0.08,0.59,0.90,-3.72,-0.21,-2.17,16629494
410371,0.36,0.98,0.06,6.35,-0.70,1.19,0.09,0.59,0.89,-1.86,1.01,-1.56,16633717
410383,0.34,0.97,0.05,0.98,6.44,-2.62,0.08,0.59,0.89,-2.08,0.98,-2.14,16634952
410394,0.33,0.98,0.07,11.32,5.16,-1.62,0.08,0.59,0.90,-2.90,-2.62,-1.25,16635262
410406,0.33,0.96,0.05,5.04,5.95,-4.43,0.10,0.59,0.92,-3.94,-1.40,-0.61,16636965
410418,0.33,0.98,0.05,1.65,6.84,-3.42,0.11,0.59,0.91,-3.02,2.44,-0.79,16642618
410430,0.33,1.01,0.06,6.41,8.00,-4.49,0.10,0.59,0.89,-1.43,3.94,-0.76,16646519
410441,0.34,1.03,0.07,11.57,8.09,-5.77,0.09,0.59,0.87,-0.58,3.30,-0.40,16648180
410452,0.34,1.02,0.08,13.12,8.64,-4.00,0.09,0.59,0.87,0.40,4.67,-0.98,16645485
410465,0.34,1.01,0.07,12.82,8.97,-5.34,0.10,0.59,0.87,0.52,6.23,-1.46,16649102
410476,0.36,0.99,0.06,11.60,9.09,-2.93,0.10,0.59,0.88,0.43,7.93,-1.43,16657462
410488,0.36,0.98,0.05,10.47,7.97,-0.85,0.10,0.58,0.89,-0.67,6.07,-1.50,16661731
410500,0.39,0.94,0.03,5.19,6.68,-6.84,0.09,0.58,0.91,-1.71,3.94,-1.34,16661303
410512,0.39,0.93,0.03,5.16,4.94,-6.01,0.09,0.57,0.91,-1.50,1.68,-1.37,16663284
410523,0.40,0.94,0.02,3.05,2.72,-7.60,0.09,0.57,0.91,-2.23,-2.20,-0.43,16667152
410535,0.40,0.95,0.03,3.54,1.40,-8.82,0.10,0.57,0.90,-1.59,-1.74,-0.49,16669934
410547,0.38,0.96,0.03,3.63,1.56,-8.03,0.10,0.57,0.89,-1.53,0.15,-0.34,16670720
410558,0.36,0.98,0.03,5.62,2.72,-9.19,0.10,0.58,0.89,-1.46,1.62,-0.43,16672158
410570,0.33,1.00,0.02,7.45,4.85,-9.22,0.10,0.57,0.88,-0.98,3.51,-0.85,16673110
410582,0.32,1.01,0.02,9.64,5.89,-7.75,0.10,0.57,0.89,-1.34,3.81,-0.76,16674719
410594,0.33,1.01,0.02,9.86,6.50,-8.18,0.10,0.57,0.89,-1.83,3.14,-0.43,16679231
410605,0.32,1.01,0.02,10.50,7.26,-5.71,0.11,0.58,0.89,-1.34,4.24,-0.18,16681148
410617,0.31,1.01,0.02,11.32,8.45,-3.60,0.11,0.58,0.88,-0.73,6.23,0.15,16684957
410629,0.30,1.02,0.03,14.13,9.52,-1.86,0.11,0.57,0.88,-0.40,8.09,-0.31,16690240
410641,0.31,1.01,0.02,14.77,9.34,-1.89,0.10,0.57,0.88,0.27,6.99,-0.18,16693321
410652,0.34,1.01,0.02,16.45,8.06,-4.49,0.09,0.57,0.88,-0.37,6.10,-0.64,16695693
410664,0.36,1.01,0.01,16.02,6.81,-6.41,0.09,0.57,0.88,0.09,5.10,-1.68,16698875
410676,0.37,1.03,0.00,20.23,6.13,-10.68,0.08,0.57,0.88,-0.70,2.29,-1.25,16704482
410687,0.36,1.02,-0.01,15.20,6.26,-7.23,0.09,0.57,0.90,-1.43,4.12,-1.31,16709096
410699,0.34,1.02,-0.01,22.06,6.13,-6.13,0.11,0.57,0.90,-1.16,5.71,-0.64,16723514
410711,0.34,1.04,-0.02,23.77,5.77,-7.35,0.10,0.57,0.89,-1.56,7.60,-0.21,16726606
410723,0.35,1.05,-0.02,25.18,5.28,-11.75,0.09,0.57,0.89,-1.19,7.20,-0.82,16720326
410734,0.36,1.07,-0.01,31.19,5.22,-16.60,0.07,0.57,0.88,-0.73,3.88,-1.53,16724390
410746,0.35,1.11,0.00,38.94,5.68,-16.24,0.05,0.58,0.87,0.09,0.27,-1.98,16730122
410758,0.32,1.15,0.02,48.58,7.78,-16.05,0.06,0.58,0.84,1.68,2.50,-2.23,16735691
410770,0.30,1.18,0.03,58.01,10.10,-16.82,0.07,0.59,0.82,4.82,5.43,-2.41,16737918
410781,0.30,1.17,0.03,64.00,11.26,-17.61,0.07,0.59,0.82,7.26,7.32,-3.69,16744243
410793,0.33,1.15,0.03,68.73,9.92,-16.78,0.07,0.59,0.83,8.54,6.71,-3.91,16752683
410805,0.39,1.12,-0.01,70.59,3.72,-18.80,0.07,0.58,0.85,8.12,4.76,-4.97,16766701
410816,0.44,1.08,-0.01,73.67,-1.16,-20.84,0.07,0.58,0.89,6.90,2.87,-4.91,1378
410828,0.46,1.01,-0.04,64.97,-5.62,-20.63,0.08,0.59,0.92,3.94,1.65,-5.07,9334
410840,0.47,0.97,-0.08,57.13,-8.12,-24.41,0.09,0.61,0.94,2.26,4.21,-4.70,18384
410852,0.45,0.95,-0.09,55.51,-9.22,-20.94,0.08,0.62,0.93,2.35,2.53,-4.55,23479
410863,0.39,0.95,-0.11,53.80,-7.35,-15.99,0.07,0.62,0.92,2.20,2.11,-5.62,25045
410875,0.32,0.96,-0.13,53.86,-2.78,-15.81,0.06,0.61,0.90,3.05,4.55,-6.68,26164
410887,0.27,1.01,-0.12,60.91,0.34,-11.41,0.06,0.60,0.87,2.90,6.35,-6.68,25502
410899,0.25,1.06,-0.11,67.50,3.14,-11.26,0.06,0.58,0.85,6.77,7.54,-7.90,29044
410910,0.25,1.11,-0.10,78.86,7.35,-20.97,0.04,0.59,0.84,6.26,7.42,-9.74,36673
410921,0.25,1.14,-0.11,87.83,10.59,-32.10,0.02,0.59,0.84,7.75,3.57,-10.47,50439
410934,0.25,1.14,-0.11,95.70,12.15,-40.99,0.00,0.59,0.84,9.19,-1.89,-11.08,56884
410945,0.26,1.11,-0.12,96.95,11.72,-40.56,0.01,0.59,0.84,8.76,-10.56,-8.12,63643
410957,0.28,1.07,-0.14,96.68,7.93,-35.46,0.05,0.59,0.84,11.90,-10.25,-3.20,73057
410969,0.31,1.04,-0.15,98.45,3.63,-32.75,0.08,0.59,0.84,11.26,-0.73,-2.81,82352
410981,0.33,1.02,-0.17,101.59,1.34,-35.03,0.08,0.59,0.84,10.96,1.13,-1.74,88727
410992,0.35,1.00,-0.19,103.24,-2.44,-34.55,0.06,0.59,0.84,9.98,1.04,-1.56,96617
411004,0.35,0.98,-0.20,104.31,-2.78,-41.81,0.05,0.58,0.84,10.89,-1.37,-2.59,104792
411016,0.34,0.98,-0.20,111.54,-2.81,-42.54,0.03,0.57,0.82,11.14,-2.29,-3.57,102142
411027,0.36,0.97,-0.21,115.72,-5.71,-52.19,0.01,0.56,0.81,12.18,-5.43,-5.25,102316
411039,0.38,0.89,-0.22,117.16,-8.30,-51.36,0.01,0.56,0.82,10.74,-9.22,-7.66,108568
411051,0.30,0.81,-0.29,101.35,-6.10,-40.07,0.04,0.56,0.85,12.45,-3.51,-8.06,120289
411063,0.24,0.76,-0.35,93.44,-2.93,-32.68,0.08,0.58,0.87,11.02,5.04,-6.71,136480
411074,0.20,0.73,-0.40,91.37,0.31,-29.51,0.11,0.59,0.90,8.00,12.08,-4.46,153775
411086,0.19,0.70,-0.46,84.35,0.92,-19.50,0.12,0.59,0.93,5.62,13.55,-2.11,167780
411098,0.21,0.67,-0.51,77.91,0.40,-15.84,0.09,0.59,0.96,0.92,7.81,-1.68,183847
411110,0.23,0.62,-0.56,65.77,-0.31,-17.76,0.06,0.60,0.99,-4.06,0.43,-2.53,197706
411121,0.25,0.60,-0.61,58.26,-1.83,-23.01,0.04,0.61,1.02,-8.64,-7.66,-3.20,213245
411133,0.24,0.63,-0.63,52.19,-3.57,-18.71,0.05,0.63,1.00,-10.50,-7.90,-2.26,233287
411145,0.22,0.70,-0.63,56.00,-5.19,-14.95,0.07,0.63,0.97,-10.19,-3.30,0.85,245827
411156,0.21,0.77,-0.62,60.33,-5.80,-11.90,0.08,0.63,0.94,-8.15,2.23,0.76,249921
411168,0.22,0.85,-0.60,68.15,-7.32,-14.25,0.07,0.62,0.92,-7.02,3.30,-0.09,253360
411180,0.24,0.90,-0.60,77.88,-13.18,-19.47,0.05,0.60,0.91,-8.15,2.38,-1.10,255493
411192,0.18,0.90,-0.57,78.74,-2.23,-24.29,0.02,0.58,0.89,-7.60,3.45,-1.77,260854
411203,0.13,0.91,-0.53,83.37,4.39,-17.91,0.01,0.58,0.86,-5.28,3.45,-2.72,274239
411215,0.11,0.89,-0.52,86.27,9.03,-17.46,0.01,0.59,0.84,-2.14,5.10,-2.78,292184
411227,0.13,0.86,-0.50,89.17,10.31,-17.73,0.01,0.60,0.84,0.40,6.01,-3.11,307693
411239,0.15,0.80,-0.50,87.25,11.20,-17.85,0.01,0.61,0.85,1.16,4.46,-2.78,324798
411250,0.16,0.71,-0.54,80.66,10.19,-17.58,0.01,0.62,0.87,0.15,-0.37,-3.42,342359
411261,0.16,0.63,-0.57,76.05,9.89,-15.11,0.03,0.63,0.89,0.03,-5.07,-3.91,361983
411274,0.15,0.57,-0.58,68.21,9.40,-6.62,0.06,0.63,0.88,1.50,-3.75,-2.20,374491
411285,0.19,0.54,-0.59,61.95,5.49,-7.11,0.08,0.62,0.86,1.98,-2.50,-1.19,383607
411297,0.23,0.55,-0.61,53.74,0.21,-12.36,0.09,0.61,0.86,2.41,-2.08,-0.31,392715
411309,0.27,0.59,-0.62,52.34,-6.10,-9.37,0.07,0.62,0.86,2.59,-5.25,-0.98,404942
411321,0.30,0.66,-0.64,59.66,-11.99,-15.17,0.05,0.62,0.87,0.98,-8.97,-1.77,412977
411332,0.29,0.71,-0.67,64.09,-15.66,-14.74,0.05,0.63,0.87,1.10,-12.30,-1.59,421685
411344,0.27,0.76,-0.69,70.16,-21.67,-16.17,0.05,0.63,0.88,0.79,-14.50,-0.98,436005
411356,0.18,0.76,-0.68,74.92,-12.21,-16.72,0.06,0.63,0.88,-0.12,-12.02,-0.21,450441
411368,0.07,0.72,-0.68,79.83,-2.78,-14.68,0.05,0.63,0.86,1.95,-10.31,-0.82,471037
411379,-0.05,0.60,-0.70,69.67,13.03,-7.69,0.06,0.64,0.87,1.53,-4.94,-1.98,489683
411390,-0.11,0.40,-0.74,50.57,22.67,0.37,0.09,0.65,0.90,-0.82,2.11,-1.98,509287
411403,-0.07,0.14,-0.80,19.41,24.05,0.37,0.13,0.67,0.93,-4.24,8.97,-0.43,524414
411414,0.04,-0.05,-0.83,-12.27,18.80,-4.85,0.15,0.67,0.97,-8.15,11.78,-0.03,520675
411426,0.18,-0.11,-0.83,-35.34,4.12,8.24,0.15,0.64,0.96,-10.22,9.70,0.79,507321
411438,0.35,-0.05,-0.80,-40.68,-11.81,1.37,0.13,0.61,0.94,-10.25,4.21,0.82,483725
411450,0.42,0.10,-0.75,-42.14,-25.67,9.43,0.11,0.56,0.89,-9.67,-3.88,0.37,449448
411461,0.40,0.26,-0.70,-30.24,-32.71,9.55,0.09,0.50,0.84,-8.03,-11.41,0.43,416719
411473,0.32,0.42,-0.66,-20.11,-35.13,8.15,0.07,0.46,0.80,-7.48,-16.66,0.49,395664
411485,0.23,0.51,-0.64,-13.55,-33.81,3.88,0.06,0.44,0.77,-7.54,-19.84,1.19,382161
411496,0.14,0.54,-0.64,-10.31,-28.17,-1.98,0.06,0.46,0.77,-7.17,-20.48,1.34,371400
411508,0.03,0.54,-0.66,-6.93,-17.61,-7.48,0.06,0.49,0.78,-7.23,-18.31,2.32,365351
411520,-0.05,0.55,-0.70,-13.82,-8.09,-2.90,0.07,0.52,0.80,-11.17,-9.80,3.45,364577
411532,-0.07,0.57,-0.72,-6.47,-1.31,-6.35,0.08,0.55,0.83,-18.89,-3.11,3.88,357020
411543,-0.07,0.63,-0.72,-2.72,2.62,-3.42,0.09,0.54,0.84,-23.35,3.08,5.25,343339
411555,-0.05,0.72,-0.71,10.93,7.17,-14.16,0.09,0.52,0.83,-14.19,5.25,5.55,326090
411567,-0.03,0.80,-0.70,21.24,9.03,-9.98,0.08,0.52,0.83,-8.73,5.68,4.97,308524
411579,-0.01,0.82,-0.70,27.83,12.88,-16.36,0.08,0.54,0.83,-6.50,5.28,4.24,298549
411590,-0.01,0.84,-0.70,34.85,15.01,-7.72,0.08,0.55,0.84,-4.58,5.04,2.84,293753
411602,0.03,0.81,-0.70,40.22,14.10,-6.26,0.09,0.56,0.84,-0.98,5.80,1.62,288377
411614,0.09,0.74,-0.70,38.73,11.47,-7.14,0.10,0.58,0.84,1.74,8.30,0.67,284338
411625,0.14,0.66,-0.70,34.58,5.92,-6.77,0.10,0.60,0.85,4.49,7.17,-0.52,283523
411637,0.20,0.60,-0.71,31.89,-0.76,-8.09,0.10,0.63,0.87,2.78,3.88,-0.27,281960
411649,0.20,0.59,-0.72,29.94,-6.20,-3.75,0.12,0.63,0.88,4.97,1.46,0.61,274420
411661,0.19,0.59,-0.73,30.00,-9.80,-5.49,0.12,0.62,0.88,7.48,-1.98,2.90,260011
411672,0.16,0.59,-0.74,32.78,-10.16,-4.58,0.12,0.61,0.89,9.16,-6.10,3.36,246265
411684,0.14,0.60,-0.78,29.91,-12.18,-2.87,0.11,0.61,0.90,9.12,-9.46,3.17,240188
411696,0.14,0.59,-0.80,32.96,-13.24,-5.83,0.10,0.61,0.90,7.84,-9.83,2.50,239807
411708,0.12,0.57,-0.81,33.81,-12.82,-4.88,0.10,0.62,0.91,7.20,-11.32,1.83,245910
411719,0.12,0.51,-0.83,30.58,-11.54,-9.16,0.11,0.63,0.92,5.31,-10.53,1.68,252522
411731,0.05,0.44,-0.85,26.76,-6.04,-4.94,0.11,0.63,0.92,4.46,-9.12,0.89,251970
411743,0.02,0.39,-0.85,12.33,-0.49,-3.14,0.12,0.63,0.92,3.23,-4.46,0.52,248811
411754,0.01,0.36,-0.85,9.16,1.77,-0.06,0.13,0.62,0.92,1.46,2.38,-0.09,243752
411766,0.02,0.35,-0.86,5.13,2.90,1.19,0.13,0.61,0.92,-0.06,4.03,-1.34,233764
411778,0.04,0.39,-0.86,5.22,4.21,3.39,0.11,0.60,0.92,-1.31,2.69,-2.01,218952
411790,0.04,0.43,-0.86,5.37,6.59,4.27,0.09,0.60,0.91,-2.14,1.74,-2.29,205847
411801,0.04,0.50,-0.84,14.10,9.16,-0.40,0.08,0.59,0.88,-1.62,2.29,-2.62,196025
411813,0.05,0.53,-0.80,19.47,10.62,-4.24,0.08,0.59,0.86,-1.04,2.78,-1.77,188473
411825,0.08,0.54,-0.80,14.43,7.39,-0.61,0.09,0.60,0.85,-0.76,2.84,-1.01,183453
411837,0.12,0.49,-0.80,15.93,4.52,-1.34,0.08,0.61,0.86,-1.07,1.65,-0.73,178236
411848,0.14,0.44,-0.80,12.08,3.72,1.43,0.08,0.62,0.86,-0.85,0.37,-0.55,174006
411859,0.14,0.43,-0.80,3.05,1.62,6.62,0.08,0.62,0.86,-0.52,1.16,-0.49,167942
411872,0.12,0.41,-0.78,3.05,0.24,8.82,0.09,0.61,0.85,1.25,1.40,0.37,158250
411883,0.14,0.44,-0.75,9.28,-1.31,2.26,0.09,0.60,0.83,2.99,2.14,1.19,145390
411895,0.15,0.45,-0.74,5.13,-3.27,-1.46,0.10,0.60,0.82,4.27,1.19,1.77,135967
411907,0.13,0.44,-0.76,1.37,-4.61,-1.22,0.10,0.60,0.83,4.88,1.37,2.17,132875
411919,0.10,0.42,-0.79,-2.84,-4.61,0.03,0.11,0.60,0.85,4.52,0.55,2.69,128624
411930,0.07,0.40,-0.80,-4.06,-3.20,2.29,0.11,0.61,0.86,4.33,-1.22,3.66,126389
411942,0.05,0.41,-0.81,-3.66,0.00,-1.59,0.12,0.61,0.87,4.18,-1.37,4.33,120803
411954,0.03,0.41,-0.81,-6.07,0.85,2.26,0.11,0.61,0.87,4.43,-2.78,4.43,112770
411966,0.04,0.42,-0.82,-7.84,2.90,-1.16,0.10,0.61,0.86,4.61,-2.62,3.33,102563
411977,0.07,0.41,-0.82,-8.36,3.78,-7.17,0.09,0.61,0.87,3.94,0.43,2.14,91912
411988,0.07,0.41,-0.83,-9.09,5.25,-8.09,0.10,0.61,0.88,3.23,2.50,2.26,87317
412001,0.04,0.42,-0.83,-11.17,7.11,1.68,0.11,0.61,0.88,2.81,5.43,2.56,85457
412012,0.05,0.42,-0.83,-12.57,8.18,-5.55,0.11,0.61,0.88,3.33,7.11,2.38,80954
412024,0.08,0.46,-0.83,-11.93,4.70,5.28,0.11,0.61,0.87,2.78,4.88,2.56,73223
412036,0.13,0.49,-0.81,-7.81,-0.73,3.78,0.10,0.60,0.87,3.88,0.52,2.23,64261
412048,0.16,0.54,-0.80,1.89,-0.79,-5.49,0.09,0.59,0.86,4.15,-1.77,1.92,57609
412059,0.14,0.56,-0.82,0.31,-1.53,-1.86,0.09,0.59,0.87,3.14,-5.40,0.95,51232
412071,0.13,0.55,-0.84,5.31,-1.80,-4.49,0.10,0.59,0.88,1.59,-4.61,0.79,45680
412083,0.10,0.54,-0.86,3.69,0.06,-2.32,0.11,0.60,0.89,-0.03,-2.56,0.95,50319
412094,0.10,0.52,-0.87,8.09,-0.95,-1.43,0.12,0.60,0.89,-1.01,-0.21,1.50,47079
412106,0.10,0.50,-0.87,5.43,-2.44,2.69,0.12,0.60,0.90,-1.68,0.00,1.74,42948
412118,0.10,0.51,-0.88,9.98,-1.22,0.18,0.11,0.61,0.91,-2.47,1.53,1.19,41765
412130,0.09,0.48,-0.90,8.12,1.37,-2.38,0.10,0.61,0.92,-4.55,0.82,0.43,37819
412141,0.06,0.46,-0.92,3.05,5.25,-2.04,0.10,0.62,0.93,-6.07,0.64,-0.09,30633
412153,0.05,0.43,-0.91,5.22,6.13,-0.64,0.10,0.62,0.92,-7.51,3.08,0.79,28723
412165,0.05,0.44,-0.90,3.30,7.54,1.62,0.11,0.62,0.91,-8.39,4.39,0.92,25059
412177,0.04,0.46,-0.88,4.61,9.77,-3.39,0.10,0.62,0.90,-7.90,5.86,0.95,20048
412188,0.06,0.43,-0.86,-3.05,9.37,-2.29,0.11,0.63,0.88,-6.23,9.12,1.37,15025
412199,0.07,0.42,-0.84,-1.19,9.86,-1.98,0.11,0.63,0.88,-5.49,8.45,0.85,10054
412212,0.07,0.40,-0.83,-3.45,9.80,-1.07,0.11,0.63,0.88,-5.55,8.85,0.95,7782
412223,0.10,0.38,-0.83,-9.52,6.59,0.58,0.11,0.62,0.87,-5.00,7.02,1.28,3815
412235,0.13,0.40,-0.81,-8.48,4.58,1.16,0.10,0.62,0.86,-4.36,4.24,1.22,16776153
412247,0.13,0.43,-0.81,-9.52,2.47,3.88,0.10,0.62,0.86,-3.78,0.58,1.10,16769859
412259,0.13,0.43,-0.80,-10.86,2.11,-0.73,0.09,0.61,0.86,-2.84,-2.01,0.64,16759801
412270,0.14,0.47,-0.80,-7.35,0.61,2.69,0.09,0.61,0.85,-2.11,-0.61,0.49,16749259
412282,0.15,0.49,-0.79,-5.40,0.31,-1.83,0.08,0.61,0.85,-1.86,-1.62,0.03,16738684
412294,0.14,0.48,-0.79,-6.23,0.37,-0.15,0.08,0.60,0.85,-2.01,-1.43,-0.34,16733327
412306,0.13,0.48,-0.79,-6.38,-0.12,0.15,0.08,0.60,0.85,-1.89,1.07,-0.09,16733259
412317,0.12,0.49,-0.79,-4.30,0.89,0.92,0.09,0.59,0.84,-1.77,2.23,-0.09,16730545
412329,0.11,0.49,-0.79,-3.69,1.98,0.15,0.08,0.59,0.85,-1.25,2.81,-0.49,16726761
412341,0.10,0.49,-0.79,-2.41,3.48,0.00,0.08,0.58,0.85,-1.77,1.74,-1.53,16724054
412352,0.10,0.50,-0.81,0.12,4.21,1.40,0.08,0.58,0.86,-2.81,2.50,-2.04,16722482
412364,0.10,0.49,-0.82,0.98,5.52,-1.74,0.08,0.58,0.87,-4.18,1.83,-2.38,16718034
412376,0.08,0.47,-0.84,-1.28,6.71,-0.46,0.08,0.59,0.88,-4.43,1.37,-1.62,16717673
412388,0.09,0.48,-0.84,-0.09,6.13,-0.79,0.09,0.60,0.88,-4.88,3.23,-0.43,16724330
412399,0.10,0.50,-0.84,1.53,4.33,-1.43,0.10,0.60,0.88,-5.16,3.45,0.70,16727949
412411,0.12,0.49,-0.84,1.68,3.17,-1.46,0.09,0.60,0.89,-4.94,1.80,1.13,16720050
412423,0.12,0.47,-0.84,0.46,2.56,-2.50,0.09,0.60,0.89,-4.55,1.07,1.25,16715230
412435,0.12,0.46,-0.83,-1.40,2.41,-1.28,0.09,0.60,0.88,-4.30,0.55,0.89,16716397
412446,0.11,0.44,-0.82,-3.30,3.91,-5.89,0.09,0.60,0.87,-3.02,0.37,0.55,16713749
412457,0.10,0.42,-0.80,-6.84,0.73,7.26,0.09,0.60,0.86,-2.08,-0.12,0.89,16714543
412470,0.15,0.43,-0.78,-4.15,-0.40,-4.61,0.09,0.59,0.85,-0.49,0.00,0.64,16708911
412481,0.17,0.48,-0.78,-4.00,-3.02,-2.59,0.08,0.59,0.84,-0.15,-3.02,-0.31,16702090
412493,0.15,0.47,-0.79,-5.34,-2.99,-3.11,0.08,0.60,0.85,0.12,-3.63,-0.12,16700742
412505,0.12,0.46,-0.80,-6.20,-2.84,-0.67,0.10,0.60,0.86,-0.37,-1.43,0.49,16701122
412517,0.10,0.47,-0.81,-4.18,-1.80,2.17,0.11,0.60,0.87,-0.76,-1.01,1.25,16702529
412528,0.09,0.51,-0.82,0.70,-1.25,-1.53,0.11,0.60,0.87,-1.37,-0.31,1.01,16698713
412540,0.09,0.50,-0.83,-0.95,-1.01,-0.09,0.11,0.59,0.88,-1.95,-0.46,0.79,16698547
412552,0.09,0.48,-0.83,-2.17,0.21,-1.74,0.10,0.59,0.88,-2.53,0.00,-0.31,16695598
412564,0.07,0.45,-0.83,-3.88,2.93,-0.89,0.10,0.59,0.89,-2.62,0.24,-0.76,16691916
412575,0.06,0.42,-0.83,-6.13,4.12,1.65,0.10,0.59,0.88,-2.72,1.56,-1.16,16685328
412587,0.08,0.44,-0.83,-4.85,3.63,0.43,0.10,0.59,0.88,-2.38,1.89,-0.79,16685541
412599,0.10,0.45,-0.82,-1.95,3.08,-2.59,0.10,0.59,0.88,-2.35,1.31,-0.52,16685295
412610,0.10,0.44,-0.84,-6.32,2.62,-0.43,0.10,0.59,0.89,-3.14,0.27,-0.06,16676418
412622,0.10,0.43,-0.84,-7.81,1.92,-0.67,0.11,0.59,0.89,-3.97,0.92,0.43,16669738
412634,0.10,0.44,-0.85,-5.71,0.61,1.50,0.11,0.59,0.90,-4.30,0.67,0.89,16668740
412646,0.11,0.46,-0.85,-5.13,0.37,1.46,0.11,0.59,0.90,-4.82,-0.52,1.01,16662715
412657,0.11,0.48,-0.84,-3.63,0.85,0.21,0.10,0.59,0.90,-4.88,-2.38,0.67,16657647
412669,0.12,0.48,-0.84,-4.85,-0.46,2.23,0.09,0.59,0.89,-5.16,-2.59,0.46,16652756
412681,0.13,0.48,-0.83,-5.31,-0.82,1.59,0.09,0.59,0.89,-4.67,-1.77,0.37,16646491
412692,0.12,0.48,-0.82,-4.06,-0.58,1.34,0.09,0.59,0.88,-4.67,-0.92,0.12,16640810
412704,0.12,0.49,-0.82,-4.73,-1.01,4.21,0.09,0.59,0.88,-4.12,0.15,0.21,16639042
412716,0.13,0.50,-0.81,-4.43,-1.01,0.27,0.09,0.59,0.87,-3.60,-0.18,-0.15,16636337
412728,0.13,0.50,-0.80,-3.17,-1.50,0.61,0.09,0.59,0.87,-2.75,-1.74,-0.37,16629820
412739,0.12,0.49,-0.80,-3.02,-0.85,0.09,0.09,0.59,0.86,-1.77,-1.77,-0.06,16626551
412751,0.10,0.50,-0.79,-2.72,0.67,0.46,0.09,0.59,0.86,-1.31,-1.28,-0.43,16626744
412763,0.08,0.49,-0.79,-2.44,2.93,0.52,0.09,0.58,0.86,-1.19,-0.70,-0.92,16624888
412775,0.07,0.47,-0.79,-3.05,4.46,2.11,0.10,0.58,0.86,-1.01,1.04,-0.79,16620963
412786,0.07,0.46,-0.79,-4.06,5.37,1.95,0.10,0.58,0.86,-0.46,2.41,-1.22,16617021
412798,0.08,0.46,-0.79,-3.69,5.07,0.46,0.10,0.58,0.86,-0.52,3.30,-1.16,16617946
412810,0.11,0.47,-0.80,-4.03,2.78,0.64,0.10,0.58,0.87,-1.28,2.38,-0.85,16616989
412821,0.13,0.47,-0.82,-5.25,0.89,-1.46,0.10,0.58,0.88,-2.29,0.82,-0.85,16615272
412833,0.12,0.48,-0.83,-3.14,0.85,-0.06,0.10,0.59,0.89,-2.99,-1.07,-0.58,16615724
412845,0.11,0.50,-0.84,1.16,1.68,-1.16,0.11,0.58,0.90,-3.81,-0.95,-0.76,16617123
412857,0.09,0.52,-0.84,5.07,2.01,2.14,0.11,0.58,0.89,-4.18,-0.37,-0.15,16615734
412868,0.10,0.52,-0.84,3.11,1.25,1.40,0.11,0.58,0.89,-3.94,0.79,-0.18,16615352
412880,0.12,0.49,-0.83,2.14,0.06,0.06,0.11,0.58,0.88,-3.57,0.49,-0.18,16616911
412892,0.12,0.48,-0.82,1.43,-0.09,-1.25,0.10,0.59,0.88,-3.11,-0.70,-0.89,16613938
412904,0.12,0.47,-0.82,1.10,0.49,-1.89,0.09,0.59,0.88,-3.39,-2.20,-1.10,16612992
412915,0.10,0.47,-0.82,0.73,1.83,-0.34,0.10,0.59,0.89,-3.27,-1.40,-0.73,16615027
412926,0.09,0.47,-0.83,-0.15,3.23,-0.70,0.11,0.59,0.89,-3.23,0.70,-0.18,16616974
412939,0.08,0.47,-0.83,0.31,3.85,-1.16,0.11,0.59,0.89,-3.27,1.46,-0.43,16615519
412950,0.08,0.47,-0.83,-0.37,4.12,-1.19,0.11,0.59,0.88,-3.20,2.44,-0.21,16617454
412962,0.09,0.47,-0.82,-0.49,3.39,-1.31,0.11,0.59,0.88,-2.90,3.20,-0.03,16618098
412974,0.10,0.47,-0.82,-1.34,2.84,0.43,0.11,0.59,0.88,-2.75,2.72,-0.09,16616810
412986,0.10,0.47,-0.81,-1.53,2.87,0.89,0.11,0.59,0.88,-2.11,1.80,-0.79,16618069
412997,0.10,0.48,-0.81,-0.70,2.44,1.89,0.11,0.59,0.87,-1.86,0.92,-0.95,16618699
413009,0.11,0.47,-0.81,-2.17,1.92,2.56,0.11,0.59,0.88,-1.89,0.46,-1.34,16618560
413021,0.12,0.46,-0.81,-2.66,1.16,1.19,0.10,0.59,0.88,-1.56,-0.12,-1.50,16618308
413033,0.12,0.46,-0.81,-2.56,0.31,-0.43,0.10,0.59,0.87,-1.53,-0.70,-1.65,16617030
413044,0.12,0.47,-0.81,-1.83,-0.67,-1.22,0.11,0.59,0.87,-0.89,-1.07,-0.82,16618620
413056,0.12,0.46,-0.80,-2.47,-1.13,-2.08,0.11,0.58,0.87,-0.89,-0.70,-0.76,16617061
413068,0.10,0.46,-0.80,-3.42,-0.27,-1.04,0.10,0.59,0.86,-0.21,-1.37,-0.70,16618245
413079,0.09,0.47,-0.79,-3.60,0.55,-0.55,0.10,0.59,0.86,0.82,-0.89,-0.34,16616910
413091,0.08,0.46,-0.79,-5.31,1.22,0.18,0.11,0.59,0.86,1.46,-0.31,-0.85,16615459
413103,0.09,0.46,-0.79,-6.07,0.43,-0.31,0.11,0.59,0.86,1.13,0.06,-0.85,16617045
413115,0.11,0.46,-0.80,-4.79,-0.06,0.76,0.11,0.58,0.87,1.22,0.46,-0.89,16615655
413126,0.12,0.47,-0.80,-3.33,-0.79,0.67,0.11,0.58,0.87,0.85,0.18,-1.07,16612225
413138,0.12,0.49,-0.81,-0.89,-1.16,0.58,0.10,0.58,0.87,0.58,-0.15,-1.16,16612631
413150,0.11,0.49,-0.82,-0.31,-1.13,0.15,0.10,0.58,0.88,0.37,-0.52,-1.22,16613507
413161,0.11,0.48,-0.82,-0.85,-0.82,0.64,0.10,0.58,0.88,-0.24,-0.49,-1.40,16615658
413173,0.10,0.47,-0.83,-2.04,0.21,0.18,0.10,0.58,0.89,-0.24,-0.31,-1.65,16616268
413185,0.09,0.48,-0.84,-0.85,1.43,-0.34,0.10,0.58,0.90,-0.89,0.21,-2.20,16613600
413197,0.09,0.48,-0.85,-1.43,2.32,-0.12,0.10,0.59,0.90,-1.92,0.55,-1.95,16613142
413208,0.09,0.48,-0.85,-1.83,3.11,-0.12,0.10,0.59,0.90,-2.11,1.59,-2.01,16615292
413220,0.09,0.48,-0.86,-1.83,3.48,-0.06,0.10,0.59,0.90,-2.44,1.92,-1.74,16615709
413232,0.10,0.47,-0.85,-2.20,3.14,-0.92,0.10,0.59,0.90,-2.90,1.04,-1.53,16612526
413244,0.10,0.47,-0.85,-2.20,2.84,-0.70,0.11,0.58,0.90,-2.56,1.04,-0.92,16612203
413255,0.09,0.47,-0.84,-2.38,2.56,-0.31,0.11,0.58,0.90,-2.69,0.85,-0.40,16613493
413267,0.09,0.47,-0.84,-2.11,2.81,0.27,0.11,0.58,0.90,-2.87,0.15,-0.09,16616278
413279,0.09,0.46,-0.84,-2.11,3.08,-0.06,0.11,0.58,0.90,-2.84,-0.61,0.09,16612939
413290,0.09,0.45,-0.84,-2.78,2.59,-0.92,0.11,0.58,0.89,-3.27,-0.76,-0.24,16613799
413302,0.10,0.45,-0.83,-4.55,2.04,-0.43,0.11,0.58,0.89,-3.39,-0.58,0.09,16613443
413314,0.10,0.46,-0.83,-3.48,1.77,-0.43,0.11,0.58,0.88,-3.30,0.06,0.21,16612000
413326,0.10,0.47,-0.82,-2.47,1.50,0.24,0.11,0.58,0.88,-3.17,0.03,0.31,16614881
413337,0.10,0.48,-0.82,-2.23,1.34,0.12,0.11,0.58,0.88,-2.81,-0.43,0.12,16614306
413349,0.11,0.48,-0.81,-1.77,1.34,-0.67,0.11,0.58,0.88,-2.59,-0.73,-0.12,16610461
413361,0.09,0.47,-0.81,-2.62,2.26,-0.18,0.11,0.58,0.87,-2.38,-0.37,-0.15,16611639
413373,0.09,0.48,-0.81,-1.43,1.89,2.17,0.11,0.58,0.87,-2.23,0.67,-0.21,16611816
413384,0.10,0.48,-0.81,-0.89,2.01,0.73,0.11,0.58,0.87,-2.23,1.19,-0.31,16610537
413395,0.10,0.47,-0.81,-1.37,1.59,-0.09,0.11,0.58,0.87,-1.74,0.76,-0.34,16610038
413408,0.10,0.46,-0.80,-1.07,1.01,0.31,0.11,0.58,0.87,-1.53,0.58,-0.49,16607146
413419,0.11,0.45,-0.81,-1.50,0.43,-0.34,0.11,0.58,0.87,-1.43,0.21,-0.49,16606986
413431,0.12,0.44,-0.81,-3.69,0.03,-0.09,0.11,0.58,0.88,-1.37,0.00,-1.50,16611957
413443,0.11,0.43,-0.81,-4.79,0.18,0.40,0.11,0.58,0.88,-1.37,0.18,-1.46,16611697
413455,0.10,0.44,-0.81,-4.36,0.76,1.04,0.11,0.58,0.87,-0.67,0.43,-1.25,16610411
