time,faccx,faccy,faccz,fgyrx,fgyry,fgyrz,saccx,saccy,saccz,sgyrx,sgyry,sgyrz,load
196990,0.06,1.01,0.09,-3.20,1.89,-2.01,0.04,0.95,-0.28,8.61,-1.04,-2.75,16639181
197002,0.06,1.04,0.12,4.18,0.52,-0.21,0.03,0.94,-0.28,5.52,0.40,2.96,16637945
197013,0.05,1.06,0.15,10.22,2.81,-2.35,0.01,0.92,-0.29,-0.98,5.10,11.17,16636776
197025,0.04,1.09,0.17,21.58,3.85,1.28,0.01,0.93,-0.30,-10.93,8.58,12.88,16637014
197037,0.04,1.09,0.15,26.58,7.45,-2.41,0.03,0.96,-0.29,-15.08,10.65,10.83,16637533
197049,0.03,1.02,0.09,7.72,7.57,0.64,0.05,0.97,-0.29,-2.47,5.13,-2.17,16639358
197060,0.03,0.90,0.04,-16.57,9.00,-0.89,0.05,0.95,-0.28,7.26,-2.29,-11.69,16639030
197072,0.05,0.92,0.03,-20.87,7.84,-1.68,0.05,0.97,-0.27,12.48,-4.09,-9.83,16638323
197084,0.07,1.02,0.08,-5.25,4.55,-1.86,0.05,0.96,-0.26,15.53,3.14,-3.54,16637135
197096,0.06,1.04,0.11,2.62,5.19,-0.73,0.04,0.95,-0.28,5.52,4.21,1.71,16634178
197107,0.05,1.06,0.13,7.23,6.32,-0.92,0.03,0.94,-0.30,-11.08,7.69,4.73,16637997
197120,0.05,1.07,0.13,10.99,6.93,-1.86,0.04,0.96,-0.30,-15.41,7.05,3.39,16639500
197131,0.05,1.01,0.09,-3.33,4.97,-0.09,0.04,0.95,-0.30,-5.65,2.41,-4.03,16637576
197142,0.06,0.96,0.06,-15.35,4.18,-0.27,0.04,0.95,-0.28,7.48,-0.40,-8.30,16637518
197154,0.07,1.00,0.07,-9.92,2.72,-1.16,0.04,0.95,-0.28,11.17,-0.43,-3.75,16637309
197166,0.06,1.04,0.11,-1.22,2.90,-1.83,0.03,0.95,-0.29,-0.15,1.13,1.50,16636995
197178,0.06,1.05,0.13,5.71,3.08,-2.01,0.03,0.95,-0.30,-7.93,3.23,4.24,16637822
197189,0.05,1.05,0.12,6.07,2.66,-1.43,0.04,0.95,-0.29,-6.90,1.98,1.13,16636996
197201,0.05,1.00,0.08,-5.46,1.89,-0.27,0.05,0.95,-0.28,-2.23,-0.55,-4.06,16634867
197213,0.05,0.99,0.07,-10.53,2.14,-0.85,0.04,0.95,-0.27,6.74,-0.85,-4.03,16635523
197225,0.05,1.02,0.09,-3.63,2.44,-1.19,0.04,0.95,-0.28,5.46,1.22,-0.82,16638783
197236,0.05,1.04,0.11,1.74,2.99,-1.56,0.03,0.95,-0.29,-6.26,2.96,2.32,16638201
197248,0.05,1.05,0.12,3.81,2.56,-1.28,0.03,0.95,-0.29,-6.26,2.11,1.13,16637003
197260,0.06,1.02,0.10,-2.69,2.08,-1.04,0.04,0.95,-0.29,-3.39,-0.03,-2.26,16636466
197271,0.05,1.00,0.08,-7.57,2.04,-0.55,0.04,0.95,-0.28,2.59,-0.46,-3.51,16637604
197283,0.05,1.02,0.09,-4.09,2.20,-0.89,0.04,0.95,-0.28,5.07,0.55,-1.10,16638540
197295,0.05,1.04,0.11,0.76,2.44,-1.22,0.04,0.95,-0.29,-3.17,1.68,1.01,16637137
197307,0.05,1.04,0.11,1.43,2.32,-1.74,0.04,0.95,-0.29,-4.61,1.13,0.67,16636744
197318,0.05,1.02,0.09,-3.39,2.20,-1.19,0.04,0.95,-0.28,-1.07,0.09,-2.44,16639847
197330,0.05,1.01,0.08,-6.23,1.86,-1.28,0.04,0.95,-0.28,2.04,-0.09,-3.02,16640358
197342,0.05,1.02,0.10,-3.02,2.26,-1.40,0.04,0.95,-0.28,0.73,0.55,-0.34,16638551
197354,0.05,1.04,0.11,0.67,2.56,-1.31,0.03,0.95,-0.29,-3.23,1.71,0.67,16637606
197365,0.05,1.03,0.11,-0.06,2.26,-1.65,0.04,0.95,-0.29,-1.68,0.12,-0.06,16638498
197377,0.05,1.02,0.09,-3.81,1.80,-1.13,0.04,0.95,-0.28,0.21,0.98,-2.90,16637422
197389,0.05,1.01,0.09,-5.25,1.83,-0.73,0.04,0.95,-0.28,1.13,0.40,-2.14,16634766
197400,0.05,1.02,0.10,-2.72,2.17,-1.04,0.04,0.95,-0.29,-1.10,0.89,-0.64,16636714
197412,0.05,1.03,0.10,-0.46,2.44,-1.80,0.04,0.94,-0.29,1.37,-10.19,4.00,16637539
197424,0.05,1.03,0.10,-1.71,2.23,-1.31,0.03,0.85,-0.39,105.22,4.36,2.96,16639456
197436,0.05,1.01,0.09,-4.00,2.11,-1.31,0.08,0.98,-0.26,1.16,-11.99,0.67,16641054
197447,0.05,1.02,0.09,-3.66,2.04,-1.13,0.13,0.95,-0.26,60.36,-18.83,10.16,16639127
197459,0.05,1.03,0.10,-1.46,2.20,-1.01,0.07,0.97,-0.22,32.38,-7.48,3.97,16638681
197471,0.05,1.03,0.10,-1.56,2.11,-1.31,0.04,0.83,-0.50,93.90,-35.61,3.81,16640305
197483,0.05,1.02,0.10,-2.01,2.11,-1.01,0.07,0.83,-0.53,71.17,-35.98,13.58,16641321
197494,0.05,1.02,0.09,-3.48,2.14,-0.76,0.08,0.92,-0.42,22.09,-28.93,19.53,16638931
197506,0.05,1.02,0.10,-3.23,1.68,-1.01,0.08,0.91,-0.39,25.94,-23.62,20.11,16638827
197518,0.05,1.03,0.10,-0.61,1.98,-1.10,0.02,1.01,-0.30,-37.60,15.50,18.37,16638292
197529,0.05,1.03,0.10,-0.82,1.71,-1.07,0.04,0.93,-0.34,18.04,8.79,13.70,16639976
197541,0.05,1.02,0.10,-2.38,2.11,-1.40,-0.04,0.94,-0.34,1.10,39.89,-8.58,16641818
197553,0.05,1.02,0.10,-2.99,2.17,-1.34,-0.03,0.91,-0.40,5.68,50.84,2.38,16639755
197565,0.05,1.02,0.10,-2.59,2.20,-1.28,-0.02,0.91,-0.39,0.64,51.24,-13.03,16641853
197576,0.05,1.02,0.10,-1.13,2.23,-1.68,0.04,0.93,-0.34,-24.32,48.00,-45.81,16640752
197588,0.05,1.02,0.10,-1.74,1.92,-1.31,0.11,0.95,-0.28,-41.29,37.96,-68.12,16641101
197600,0.05,1.02,0.09,-2.78,1.89,-1.25,0.21,0.97,-0.28,-44.37,105.22,-17.61,16640223
197611,0.05,1.02,0.09,-3.20,2.08,-0.92,0.21,0.97,-0.27,-26.15,85.02,-45.87,16638102
197623,0.05,1.02,0.10,-2.23,1.80,-1.62,0.17,0.94,-0.26,29.33,92.10,-39.76,16636237
197635,0.05,1.03,0.10,-1.59,2.32,-1.68,0.08,0.96,-0.30,-17.27,20.05,-16.63,16635307
197647,0.05,1.02,0.10,-2.14,2.20,-1.68,-0.05,0.92,-0.39,-26.98,-12.02,-1.65,16637469
197658,0.05,1.02,0.10,-2.50,2.26,-1.01,-0.06,0.91,-0.42,-13.18,60.67,1.34,16638208
197670,0.05,1.02,0.10,-2.08,2.23,-1.43,0.03,0.93,-0.38,11.47,169.31,-23.28,16637172
197682,0.05,1.02,0.10,-1.92,2.04,-1.16,0.05,1.19,0.23,12.85,217.86,-33.14,16638030
197694,0.05,1.02,0.10,-2.17,2.50,-1.46,-0.07,1.24,-0.07,-514.04,-147.89,-102.45,16637829
197705,0.05,1.02,0.10,-3.45,2.04,-0.64,0.01,1.10,-0.38,-390.75,231.81,5.16,16639361
197718,0.05,1.02,0.09,-2.29,1.37,-1.16,0.19,0.93,-0.41,-210.45,384.61,-24.87,16641122
197729,0.05,1.02,0.10,-2.35,2.78,-1.40,0.16,0.87,-0.33,-114.26,365.57,-61.77,16639557
197740,0.05,1.02,0.10,-2.26,2.99,-1.59,0.08,0.87,-0.23,-97.32,274.17,-99.43,16638991
197752,0.05,1.02,0.10,-1.13,2.11,-0.98,0.05,0.99,-0.21,-208.59,261.57,-14.31,16636733
197764,0.05,1.02,0.10,-2.47,2.32,-0.31,-0.08,1.06,-0.15,-360.11,283.17,-67.60,16638807
197776,0.05,1.02,0.10,-1.07,2.08,-0.85,-0.02,1.18,-0.11,-423.28,320.59,-7.87,16638566
197787,0.05,1.03,0.10,-2.14,2.17,-0.67,-0.01,1.17,-0.07,-346.50,364.20,-55.97,16637444
197799,0.05,1.03,0.10,0.55,3.42,1.16,-0.08,1.20,0.04,-302.28,261.87,-141.24,16636849
197811,0.04,1.02,0.09,-0.43,4.70,0.61,-0.08,1.26,0.14,-230.04,146.97,-129.61,16638043
197823,0.04,1.02,0.09,-2.47,6.32,-0.92,-0.01,1.31,0.25,-207.00,121.00,-48.00,16637540
197834,0.04,1.02,0.09,-2.17,6.81,-1.89,0.04,1.28,0.34,-169.56,53.07,27.53,16634807
197846,0.05,1.03,0.10,-1.37,6.71,-1.10,0.04,1.28,0.42,-173.19,23.10,92.13,16634759
197858,0.05,1.03,0.10,-2.29,5.98,-1.22,-0.00,1.27,0.46,-193.94,-7.75,119.66,16633665
197869,0.06,1.02,0.10,-3.78,4.94,-0.98,-0.06,1.21,0.46,-185.73,-27.28,103.03,16633638
197881,0.06,1.02,0.10,-3.63,3.88,-1.25,-0.12,1.16,0.43,-183.29,-17.67,65.22,16634965
197893,0.06,1.02,0.10,-1.80,2.87,-1.28,-0.19,1.09,0.43,-232.06,19.20,-3.91,16635797
197905,0.06,1.03,0.11,-0.61,2.29,-1.34,-0.19,1.00,0.38,-257.23,75.35,-23.04,16635199
197916,0.06,1.02,0.10,-1.80,2.23,-1.65,-0.10,0.93,0.36,-256.56,95.46,24.90,16634609
197928,0.06,1.02,0.09,-3.02,2.32,-0.98,-0.02,0.86,0.38,-230.44,77.85,63.39,16634059
197940,0.06,1.02,0.09,-3.30,2.04,-1.28,-0.00,0.79,0.44,-169.83,52.73,56.21,16635912
197952,0.06,1.03,0.10,-2.23,1.92,-0.95,-0.03,0.74,0.54,-148.53,12.63,29.24,16634778
197963,0.05,1.03,0.10,-2.44,1.89,-0.85,-0.07,0.72,0.61,-132.90,-19.62,-13.98,16632584
197975,0.05,1.02,0.10,-3.39,1.98,-1.01,-0.08,0.69,0.61,-104.49,-23.71,-61.80,16633510
197987,0.06,1.02,0.10,-2.78,1.95,-1.01,-0.11,0.62,0.55,-20.81,-29.75,-113.01,16633259
197998,0.05,1.03,0.10,-1.34,2.87,-0.92,-0.08,0.62,0.53,-1.13,-26.58,-121.70,16633411
198010,0.05,1.03,0.10,-1.04,1.28,-0.76,-0.06,0.67,0.60,-56.30,-35.19,-98.02,16633884
198022,0.05,1.02,0.10,-1.16,1.98,-1.28,0.02,0.72,0.67,-126.04,-6.38,-21.58,16636788
198034,0.05,1.02,0.10,-2.04,1.80,-1.07,0.09,0.67,0.68,-87.01,0.03,30.40,16636066
198045,0.05,1.02,0.09,-2.62,2.11,-1.01,0.10,0.60,0.67,-10.07,-6.07,47.33,16636141
198057,0.05,1.02,0.10,-2.69,2.14,-1.46,0.11,0.57,0.69,64.70,-21.39,74.83,16635188
198069,0.05,1.02,0.10,-3.14,2.20,-1.40,0.10,0.57,0.67,133.18,-36.22,91.77,16633834
198080,0.05,1.02,0.09,-3.33,2.01,-1.25,0.07,0.59,0.57,209.01,-9.25,98.82,16633248
198092,0.05,1.02,0.10,-2.35,1.95,-0.85,0.04,0.60,0.49,287.81,14.95,93.57,16632936
198104,0.05,1.02,0.10,-1.43,1.86,-1.22,0.05,0.60,0.45,386.90,27.71,94.33,16635989
198116,0.05,1.02,0.10,-0.73,1.59,-1.07,0.06,0.61,0.46,483.34,14.04,96.77,16636092
198127,0.05,1.02,0.09,-2.14,1.89,-0.58,0.03,0.73,0.48,539.55,-16.60,95.43,16636443
198139,0.05,1.02,0.09,-3.02,2.11,-1.01,-0.01,0.86,0.51,590.39,-40.41,70.56,16635627
198151,0.05,1.02,0.10,-2.59,2.04,-1.43,-0.04,0.95,0.52,645.20,-35.95,19.53,16635427
198163,0.05,1.02,0.10,-2.47,1.98,-1.22,-0.08,0.99,0.43,707.15,-41.63,-35.52,16635277
198174,0.05,1.02,0.10,-2.66,1.95,-1.22,-0.09,0.93,0.25,772.52,-26.09,-76.90,16637398
198187,0.05,1.02,0.10,-2.66,2.20,-1.31,-0.07,0.89,0.08,813.93,-36.50,-103.61,16637260
198198,0.05,1.02,0.10,-2.01,1.95,-1.43,-0.10,0.97,0.11,699.89,-30.61,-164.12,16633397
198209,0.05,1.02,0.10,-1.62,2.26,-1.68,-0.08,1.15,0.15,575.81,-1.62,-170.20,16633965
198221,0.06,1.02,0.10,-2.01,2.32,-2.26,0.06,1.21,0.20,460.51,-63.26,-73.46,16635733
198233,0.05,1.02,0.09,-2.99,1.98,-1.43,0.23,1.17,0.15,340.09,-66.16,65.40,16638261
198245,0.05,1.02,0.10,0.73,1.65,-1.56,0.17,0.97,-0.05,264.43,-61.04,52.76,16636657
198256,0.05,1.03,0.10,0.67,2.08,-0.98,0.01,0.78,-0.24,163.60,-76.90,-0.21,16634170
198268,0.05,1.02,0.09,-3.17,1.34,-0.95,-0.02,0.74,-0.38,55.18,-2.14,-18.52,16635010
198280,0.05,1.02,0.09,-5.71,1.83,-1.04,-0.05,0.73,-0.61,90.64,-38.48,-9.06,16635857
198292,0.05,1.03,0.09,-4.06,2.44,-1.43,-0.05,0.72,-0.70,66.50,-32.75,19.04,16636747
198303,0.05,1.03,0.10,-2.75,2.08,-1.40,-0.10,0.65,-0.75,27.89,-3.05,-6.87,16637066
198315,0.05,1.02,0.10,-2.35,2.08,-1.16,-0.10,0.62,-0.73,-33.42,13.61,-8.58,16635300
198327,0.05,1.02,0.10,-2.41,2.20,-0.95,-0.08,0.68,-0.67,-158.75,29.36,8.18,16634615
198338,0.05,1.02,0.10,-1.83,1.77,-1.28,-0.06,0.78,-0.60,-286.65,26.98,22.89,16637099
198350,0.05,1.03,0.10,-1.04,2.08,-1.31,-0.08,0.83,-0.58,-406.92,43.76,12.42,16635639
198362,0.05,1.03,0.10,-1.53,2.04,-1.25,-0.08,0.87,-0.61,-507.51,75.65,0.06,16634035
198374,0.05,1.03,0.09,-3.88,2.01,-1.07,-0.10,0.94,-0.63,-606.81,111.60,-21.91,16634342
198385,0.05,1.02,0.09,-5.04,1.77,-0.82,-0.12,0.90,-0.69,-564.61,99.49,-35.31,16633450
198397,0.05,1.02,0.10,-3.81,2.23,-1.68,-0.06,0.82,-0.71,-530.52,109.04,2.11,16632452
198409,0.05,1.03,0.10,-2.17,2.50,-1.71,0.04,0.86,-0.45,-515.05,61.07,40.86,16633763
198421,0.05,1.02,0.10,-0.98,1.98,-1.10,0.03,0.92,-0.32,-487.79,25.48,47.00,16635523
198432,0.05,1.02,0.10,-1.28,1.77,-1.31,0.03,1.01,-0.19,-483.15,14.86,58.20,16633269
198444,0.05,1.02,0.09,-2.01,1.98,-1.13,-0.00,1.07,-0.07,-481.29,0.61,38.42,16633438
198456,0.05,1.02,0.10,-1.95,1.89,-1.31,-0.03,1.13,0.01,-460.78,-11.14,31.01,16634543
198467,0.05,1.03,0.10,-1.83,2.84,-0.82,-0.00,1.21,0.05,-450.07,0.40,66.22,16636235
198479,0.05,1.02,0.10,-1.95,1.46,-1.04,0.02,1.19,0.08,-404.42,-26.06,94.15,16637261
198491,0.05,1.02,0.09,-2.84,2.47,-1.07,0.03,1.09,0.11,-333.16,-26.73,93.90,16637379
198503,0.05,1.02,0.10,-3.63,1.86,-0.52,0.06,0.91,0.22,-287.08,-43.18,83.19,16634100
198514,0.05,1.02,0.10,-2.23,2.01,-1.53,0.06,0.81,0.34,-228.85,-37.05,40.92,16634087
198526,0.05,1.03,0.10,-1.10,2.20,-1.28,0.10,0.75,0.45,-193.24,-14.31,35.74,16632002
198538,0.05,1.02,0.10,-1.71,2.14,-1.22,0.11,0.77,0.59,-193.12,-56.70,31.71,16633274
198549,0.05,1.02,0.09,-2.90,2.08,-1.43,0.11,0.77,0.67,-200.84,-60.18,16.20,16634483
198561,0.05,1.02,0.09,-2.75,1.95,-1.16,0.13,0.78,0.68,-202.00,-42.60,22.34,16635831
198573,0.05,1.02,0.10,-1.37,2.04,-1.22,0.13,0.77,0.68,-202.73,-14.16,27.86,16635876
198585,0.05,1.03,0.10,1.62,1.86,-1.53,0.13,0.77,0.66,-191.53,-0.37,36.83,16636779
198596,0.05,1.02,0.10,1.28,2.20,-1.68,0.15,0.74,0.69,-157.44,10.80,40.65,16637639
198608,0.05,1.02,0.09,-1.56,2.20,-1.25,0.16,0.71,0.76,-147.64,-4.12,39.61,16637902
198620,0.05,1.02,0.09,-2.99,1.95,-1.37,0.16,0.64,0.82,-142.06,-32.23,29.39,16636624
198632,0.05,1.03,0.09,-2.53,2.20,-1.43,0.16,0.58,0.89,-132.97,-40.37,8.45,16635269
198643,0.05,1.02,0.09,-3.33,2.47,-1.31,0.18,0.53,0.95,-97.32,-45.93,-6.93,16635348
198656,0.05,1.02,0.10,-3.85,1.92,-1.37,0.18,0.48,0.97,-89.63,-38.15,-32.07,16634489
198667,0.05,1.02,0.10,-2.56,1.89,-1.25,0.16,0.43,0.94,-93.44,-58.56,-57.43,16633130
198678,0.05,1.02,0.10,-1.43,1.95,-1.34,0.13,0.42,0.83,-82.67,-10.74,-64.12,16633257
198690,0.05,1.02,0.10,-1.74,2.38,-1.65,0.15,0.43,0.74,-35.46,9.92,-57.28,16634657
198702,0.05,1.02,0.10,-2.17,1.83,-1.37,0.18,0.43,0.68,36.29,70.01,-36.41,16635598
198714,0.05,1.02,0.10,-2.11,1.68,-1.19,0.20,0.50,0.74,55.24,69.92,-22.95,16635312
198725,0.05,1.02,0.10,-2.75,1.74,-0.79,0.19,0.54,0.76,74.92,86.36,-5.34,16635269
198737,0.05,1.02,0.10,-2.38,1.98,-1.19,0.13,0.57,0.83,74.92,55.69,-36.38,16632694
198749,0.05,1.03,0.10,-1.89,2.26,-1.34,0.09,0.55,0.85,129.43,-1.34,-40.59,16632942
198761,0.05,1.02,0.10,-2.23,1.89,-1.31,0.11,0.52,0.75,260.99,4.15,-28.47,16635015
198772,0.05,1.02,0.09,-2.53,2.14,-1.37,0.12,0.51,0.67,392.94,5.89,-29.24,16635541
198785,0.05,1.02,0.09,-2.90,2.08,-0.92,0.11,0.48,0.57,531.04,40.25,-46.45,16631967
198796,0.05,1.02,0.10,-2.41,2.04,-1.22,0.08,0.50,0.49,657.17,36.90,-82.43,16631941
198807,0.05,1.02,0.10,-2.11,1.92,-1.16,0.04,0.59,0.41,753.69,9.31,-99.91,16634478
198819,0.05,1.02,0.10,-2.29,2.23,-0.85,-0.00,0.67,0.31,810.58,8.88,-143.95,16636031
198831,0.05,1.02,0.10,-2.66,1.98,-1.01,-0.04,0.77,0.21,755.55,43.67,-161.68,16636968
198843,0.05,1.02,0.10,-2.62,1.92,-1.07,-0.02,0.82,0.19,644.93,138.28,-165.25,16635530
198854,0.05,1.02,0.10,-2.66,2.17,-1.31,-0.06,0.95,0.19,564.85,134.03,-197.81,16638078
198866,0.05,1.02,0.10,-2.78,1.89,-1.28,-0.06,1.12,0.27,418.49,47.94,-134.12,16638894
198878,0.05,1.02,0.10,-2.87,2.17,-1.04,-0.05,1.16,0.32,297.21,-4.49,-104.25,16635848
198890,0.05,1.02,0.10,-2.11,2.01,-0.92,0.00,1.13,0.24,234.16,-27.95,-62.65,16635480
198901,0.05,1.02,0.10,-1.65,1.86,0.31,0.04,1.04,0.10,176.88,-58.78,-26.55,16634862
198913,0.05,1.02,0.10,-1.22,1.40,0.12,0.03,0.97,-0.02,105.04,-96.92,6.68,16634029
198925,0.05,1.02,0.10,0.09,1.98,-1.40,0.02,0.80,-0.20,65.52,-43.21,-0.70,16634572
198936,0.05,1.03,0.10,0.03,2.41,-2.01,-0.10,0.74,-0.33,-60.30,-27.40,-46.69,16636208
198948,0.05,1.02,0.09,-2.35,2.20,-1.34,-0.18,0.77,-0.37,-119.60,-49.19,-81.51,16635381
198960,0.05,1.02,0.09,-3.14,2.35,-1.77,-0.16,0.81,-0.37,-164.00,-53.13,-33.05,16634844
198972,0.05,1.02,0.10,-2.75,2.11,-1.37,-0.16,0.84,-0.42,-217.74,2.84,-27.47,16636330
198983,0.05,1.03,0.10,-1.50,2.20,-1.31,-0.18,0.91,-0.37,-234.47,14.68,-23.71,16635418
198995,0.05,1.02,0.10,-2.14,2.01,-1.16,-0.18,0.99,-0.20,-287.32,44.28,-2.87,16637068
199007,0.05,1.02,0.10,-2.38,1.95,-1.31,-0.22,1.08,0.01,-357.82,39.12,-33.97,16636254
199019,0.05,1.02,0.10,-2.41,1.68,-1.22,-0.22,1.09,0.05,-321.99,36.47,-41.75,16635313
199030,0.05,1.02,0.10,-2.08,2.50,-1.22,-0.22,1.11,0.01,-223.33,22.98,-33.94,16638775
199042,0.05,1.02,0.10,-2.47,2.23,-1.56,-0.16,1.04,-0.17,-95.31,40.19,38.33,16638519
199054,0.06,1.00,0.09,-6.04,1.68,-0.67,-0.21,1.04,-0.13,-35.80,-1.83,20.60,16643600
199065,0.15,0.99,0.08,-11.99,5.74,-4.94,-0.38,1.41,-0.03,-66.62,93.75,-157.87,16666647
199077,0.15,1.05,0.12,0.85,4.06,1.86,-0.37,1.42,-0.02,-97.32,25.24,-66.89,16696242
199089,0.07,1.05,0.12,3.42,8.91,-1.92,-0.45,1.32,0.11,-97.50,-62.96,-31.04,16703632
199101,-0.03,1.00,0.08,-7.84,6.99,0.37,-0.44,1.33,0.09,-70.68,-95.95,63.90,16705523
199112,0.02,0.99,0.07,-10.10,1.37,-2.23,-0.34,1.31,-0.10,-1.74,24.32,97.11,16712924
199124,0.02,1.03,0.10,-1.92,2.01,-2.14,-0.44,1.34,-0.13,2.84,104.10,18.22,16730122
199136,0.03,1.05,0.11,1.92,2.17,-1.43,-0.43,1.37,0.01,-48.31,83.83,19.17,16745106
199147,0.04,1.02,0.09,-4.52,1.89,-1.25,-0.41,1.38,0.19,-90.52,9.67,31.86,16761001
199159,0.04,1.00,0.09,-7.14,2.17,-1.19,-0.35,1.29,0.29,-79.74,-48.61,48.80,774
199171,0.05,1.03,0.11,-0.89,2.20,-1.53,-0.27,1.18,0.26,-55.45,-71.38,72.17,23714
199183,0.05,1.03,0.11,-0.70,1.89,-1.01,-0.20,1.12,0.24,-57.46,-65.52,99.70,46387
199194,0.05,1.01,0.09,-5.89,2.23,-1.04,-0.17,1.03,0.23,-79.22,-37.99,97.20,68431
199206,0.05,1.02,0.10,-3.36,2.26,-1.46,-0.18,0.95,0.26,-98.14,-42.97,54.08,86605
199218,0.05,1.03,0.10,-0.89,1.68,-0.67,-0.16,0.91,0.30,-145.60,-44.13,41.47,96313
199230,0.05,1.02,0.09,-4.39,1.92,-1.31,-0.13,0.93,0.32,-144.07,-30.94,62.77,108407
199241,0.05,1.01,0.09,-6.47,1.65,-1.16,-0.10,1.01,0.32,-121.40,-27.07,91.95,122935
199252,0.05,1.03,0.11,-1.62,2.01,-1.50,-0.02,1.00,0.38,-42.54,-74.40,135.53,145757
199265,0.06,1.03,0.11,-1.43,1.98,-1.59,-0.01,0.90,0.40,13.67,-58.50,120.27,171275
199276,0.06,1.02,0.09,-5.46,2.08,-1.53,-0.05,0.87,0.40,51.18,-118.84,93.41,193137
199288,0.05,1.02,0.10,-4.24,1.95,-1.56,-0.08,0.89,0.38,100.01,-143.89,63.35,212398
199300,0.05,1.03,0.10,-1.86,2.01,-1.13,-0.07,0.81,0.29,215.15,-121.06,8.00,237376
199312,0.05,1.03,0.10,-2.96,2.11,-1.13,-0.03,0.75,0.21,391.48,-53.31,-64.33,263536
199323,0.05,1.02,0.10,-2.90,1.86,-1.04,0.04,0.78,0.18,499.85,8.54,-76.26,286441
199335,0.05,1.03,0.10,-1.68,2.32,-0.98,0.06,0.89,0.20,528.90,4.52,-82.70,298357
199347,0.05,1.03,0.11,-1.68,2.08,-1.40,0.03,0.97,0.20,520.94,-37.11,-84.44,309367
199359,0.05,1.02,0.11,-3.48,1.95,-1.04,-0.02,0.95,0.13,540.74,-43.33,-141.85,318472
199370,0.06,1.03,0.12,-1.22,1.92,-1.77,-0.05,0.93,0.03,528.11,-19.20,-166.11,328938
199382,0.06,1.03,0.12,-0.58,1.83,-1.40,-0.09,0.96,-0.06,527.77,-14.01,-192.66,336915
199394,0.06,1.03,0.11,-2.20,1.71,-1.22,-0.09,0.96,-0.15,508.54,13.64,-192.14,347946
199405,0.05,1.03,0.10,-2.08,2.11,-0.73,-0.08,1.00,-0.20,405.58,45.87,-153.84,351851
199417,0.05,1.03,0.10,0.49,2.50,-1.34,-0.00,0.96,-0.21,283.33,57.04,-80.44,347565
199429,0.05,1.02,0.09,-1.40,2.53,-1.04,-0.01,0.84,-0.23,148.93,2.29,-41.35,342595
199441,0.04,1.01,0.08,-4.33,1.83,-1.19,-0.03,0.68,-0.29,-10.50,19.20,-27.86,343890
199452,0.05,1.02,0.09,-1.95,2.01,-0.89,-0.08,0.48,-0.43,-111.57,19.90,-30.55,350552
199464,0.05,1.02,0.10,-2.01,1.65,-1.10,-0.07,0.34,-0.52,-185.24,0.55,-2.35,356682
199476,0.05,1.02,0.10,-3.85,1.50,-1.16,-0.06,0.32,-0.56,-277.28,15.44,18.65,365575
199487,0.06,1.02,0.10,-4.24,1.59,-1.07,-0.07,0.45,-0.44,-451.26,15.01,39.15,371321
199499,0.06,1.02,0.11,-3.08,1.95,-1.50,-0.10,0.65,-0.33,-668.70,21.48,70.43,380022
199511,0.06,1.02,0.10,-4.09,2.08,-1.13,-0.17,0.88,-0.34,-754.64,-0.09,75.32,388047
199523,0.05,1.02,0.10,-4.09,2.35,-1.37,-0.20,1.06,-0.44,-733.18,4.30,93.54,397776
199534,0.05,1.03,0.10,-1.71,2.14,-0.92,-0.19,1.17,-0.48,-683.17,-6.10,162.20,405491
199546,0.04,1.03,0.11,-1.28,2.84,-0.24,-0.17,1.18,-0.46,-655.58,18.95,193.91,407947
199558,0.04,1.02,0.10,-5.43,1.46,-0.52,-0.14,1.12,-0.37,-620.06,36.16,198.30,408121
199570,0.05,1.02,0.11,-4.15,1.71,-0.64,-0.12,1.01,-0.21,-543.98,27.31,171.75,416153
199581,0.05,1.03,0.12,-0.24,2.08,-1.65,-0.11,0.97,-0.02,-496.77,8.00,139.04,426039
199593,0.06,1.03,0.11,-0.82,1.77,-1.13,-0.09,0.87,0.22,-463.35,-29.24,101.65,433272
199605,0.06,1.02,0.10,-1.71,2.29,-2.14,-0.08,0.81,0.45,-473.24,-90.94,69.70,432584
199616,0.06,1.03,0.09,-0.92,2.04,-1.50,-0.04,0.77,0.55,-452.67,-88.10,55.69,424446
199628,0.05,1.03,0.08,-2.38,2.17,-1.56,0.02,0.78,0.62,-397.98,-44.62,79.74,414901
199640,0.05,1.02,0.08,-3.42,2.26,-1.43,0.07,0.79,0.70,-315.89,-32.44,62.62,406227
199652,0.05,1.03,0.09,-2.35,2.23,-1.31,0.05,0.77,0.74,-255.34,-45.65,42.02,398345
199663,0.05,1.02,0.10,-2.93,2.23,-1.25,0.04,0.76,0.74,-174.47,-31.62,39.31,382485
199675,0.05,1.02,0.11,-1.71,2.29,-1.46,0.10,0.72,0.80,-86.18,-25.33,34.70,364547
199687,0.05,1.03,0.12,-0.18,2.08,-1.25,0.13,0.67,0.87,-65.89,-13.21,32.84,334749
199699,0.05,1.02,0.11,-1.62,1.80,-1.16,0.17,0.60,0.95,-51.61,-8.30,23.10,307444
199710,0.05,1.01,0.10,-4.94,1.80,-1.10,0.18,0.54,0.98,-42.54,-18.62,12.45,292313
199723,0.06,1.02,0.10,-3.51,1.86,-1.19,0.18,0.51,0.95,-32.26,-21.70,12.39,296773
199734,0.06,1.02,0.10,-1.74,1.95,-1.13,0.19,0.51,0.93,-23.41,-22.61,23.83,310336
199745,0.06,1.02,0.09,-3.97,2.23,-0.98,0.19,0.53,0.94,-6.77,-37.90,27.10,327614
199757,0.06,1.02,0.10,-2.62,2.23,-1.22,0.18,0.56,0.93,41.63,-49.41,22.40,334014
199769,0.05,1.03,0.11,-1.92,2.29,-1.10,0.19,0.57,0.91,130.80,-66.04,7.23,332655
199781,0.05,1.02,0.11,-2.38,2.04,-1.22,0.18,0.56,0.85,242.65,-82.12,-18.55,331270
199792,0.04,1.02,0.11,-3.17,1.65,-1.10,0.20,0.57,0.76,388.67,-76.26,-38.27,326929
199804,0.04,1.02,0.11,-2.72,1.80,-0.89,0.19,0.59,0.70,516.54,-99.06,-82.64,334837
199816,0.05,1.02,0.10,-3.48,1.77,-1.22,0.14,0.61,0.60,627.47,-99.12,-144.96,355231
199828,0.05,1.02,0.09,-4.64,2.14,-1.19,0.09,0.58,0.48,701.63,-72.24,-224.95,377608
199839,0.06,1.02,0.10,-2.96,2.32,-1.65,0.11,0.68,0.39,741.09,-32.29,-251.40,402485
199851,0.06,1.02,0.10,-3.51,1.95,-0.98,0.12,0.85,0.38,691.96,-6.68,-235.35,427343
199863,0.06,1.01,0.10,-6.47,1.86,-0.98,0.12,0.96,0.38,625.31,-20.69,-203.03,456718
199874,0.06,1.02,0.11,-4.52,1.80,-1.16,0.15,1.00,0.37,545.23,-23.77,-148.65,496433
199886,0.05,1.04,0.12,0.43,2.04,-1.28,0.19,0.98,0.32,511.90,-36.83,-117.00,530380
199898,0.04,1.04,0.12,-0.18,2.96,-1.53,0.14,0.96,0.27,462.28,-66.65,-125.03,549680
199910,0.04,1.02,0.12,-1.59,3.05,-1.07,0.09,0.94,0.19,404.02,-94.73,-133.54,553886
199921,0.04,1.03,0.13,2.62,2.84,-0.82,0.03,0.97,0.14,257.84,-62.13,-144.53,551493
199933,0.04,1.03,0.14,1.68,2.81,-1.53,-0.01,0.99,0.05,136.75,-47.15,-132.69,540217
199945,0.04,1.06,0.14,9.25,2.53,2.23,-0.03,0.97,-0.08,60.70,-51.85,-80.29,518434
199957,0.05,1.02,0.10,-10.35,5.28,-5.74,-0.06,0.95,-0.20,-17.67,-11.35,-69.06,496388
199968,0.06,0.97,0.03,-27.04,0.21,2.93,-0.08,0.92,-0.32,-56.92,9.00,-22.89,471191
199980,0.06,1.04,0.08,-4.18,3.05,-2.04,-0.13,0.93,-0.38,-93.66,-12.08,2.17,456558
199992,0.06,1.07,0.10,4.88,2.38,-1.10,-0.14,0.93,-0.42,-117.49,-9.64,26.89,451455
200003,0.06,1.00,0.05,-8.03,2.23,-1.01,-0.10,0.92,-0.42,-147.95,18.80,55.08,447777
200015,0.06,1.02,0.08,0.00,2.62,-2.26,-0.06,0.94,-0.28,-298.46,77.06,69.00,439627
200027,0.05,1.06,0.12,9.83,1.92,-1.25,-0.02,0.96,-0.15,-437.04,79.56,80.99,426890
200039,0.04,1.01,0.10,-3.05,1.80,-1.89,-0.05,0.95,-0.12,-561.61,74.95,79.68,410370
200050,0.04,1.00,0.10,-5.62,1.28,-1.71,-0.12,0.94,-0.10,-624.27,51.45,23.53,393167
200062,0.04,1.05,0.13,4.09,1.89,-1.95,-0.17,0.96,-0.05,-647.03,18.62,3.08,380590
200074,0.05,1.03,0.10,-2.50,2.14,-1.25,-0.06,1.12,0.11,-688.78,29.42,51.57,373616
200086,0.05,1.00,0.07,-9.03,2.01,-0.76,-0.08,1.17,0.13,-607.54,-36.25,60.94,369011
200097,0.06,1.02,0.09,-1.28,2.44,-0.98,-0.10,1.25,0.19,-532.26,-35.22,72.39,362015
200109,0.07,1.02,0.10,-2.56,2.41,-0.70,-0.08,1.28,0.31,-488.65,-31.10,88.01,365732
200121,0.07,1.00,0.09,-7.32,1.07,-0.31,-0.04,1.23,0.43,-481.87,-30.55,105.80,378411
200132,0.06,0.99,0.10,-10.65,1.37,-1.53,-0.01,1.14,0.51,-481.35,-29.60,112.43,388935
200144,0.05,1.02,0.12,-6.65,1.56,-1.31,0.00,0.99,0.57,-446.59,-31.13,84.29,396956
200156,0.04,1.04,0.14,1.98,1.04,-0.85,0.13,0.67,0.65,-314.97,-21.06,73.03,407911
200168,0.04,1.00,0.09,-11.84,1.07,-1.04,0.13,0.53,0.78,-310.76,-10.59,12.85,430954
200179,0.04,1.01,0.08,-7.78,1.46,-0.85,0.11,0.53,0.86,-234.59,-16.78,11.14,477561
200192,0.05,1.04,0.09,-2.87,1.16,-0.76,0.12,0.55,0.82,-100.22,-22.52,44.37,529582
200203,0.05,1.02,0.08,-7.78,1.25,-0.46,0.11,0.53,0.79,-0.27,23.59,37.60,566085
200214,0.06,1.02,0.09,-7.69,1.83,-1.16,0.11,0.53,0.81,72.17,55.76,37.90,587138
200226,0.07,1.03,0.11,-4.64,0.49,-0.31,0.08,0.55,0.85,137.54,42.24,27.62,613644
200238,0.16,1.03,0.15,-3.14,-9.43,-1.40,0.04,0.54,0.87,223.36,-0.46,6.29,638796
200250,0.19,1.06,0.18,8.00,-15.41,-2.01,0.02,0.53,0.85,314.21,-38.48,-9.80,657109
200261,0.08,1.04,0.14,0.58,-7.63,-2.84,0.04,0.54,0.81,427.25,-51.54,-32.01,662491
200273,-0.03,1.02,0.11,-1.56,1.50,-0.67,0.06,0.56,0.79,503.75,-65.37,-50.26,653715
200285,-0.02,1.03,0.10,1.50,2.14,-1.34,0.07,0.60,0.70,573.49,-64.45,-58.56,634033
200297,-0.01,1.04,0.10,2.41,1.65,-1.10,0.05,0.68,0.56,710.63,-42.36,-108.09,611055
200308,0.01,1.03,0.10,1.56,1.37,-1.07,0.01,0.79,0.42,802.55,-14.95,-156.49,579760
200321,0.04,1.03,0.10,0.85,-0.12,-1.10,-0.01,0.89,0.40,758.76,25.63,-184.78,548280
200332,0.07,1.02,0.10,0.58,-4.15,-1.56,-0.01,0.93,0.41,672.73,58.84,-207.67,513521
200343,0.09,1.01,0.10,-2.23,-7.90,-1.89,0.01,0.94,0.40,574.74,86.61,-197.72,477493
200355,0.09,1.01,0.09,-3.20,-8.61,-2.29,0.02,0.95,0.39,506.32,56.27,-171.20,448397
200367,0.06,1.02,0.08,-3.05,-4.64,-1.74,0.03,0.94,0.31,456.91,21.15,-135.74,412426
200379,0.02,1.02,0.07,-3.69,1.53,-1.16,-0.01,0.97,0.24,342.62,8.30,-127.20,364557
200390,0.01,1.01,0.07,-6.77,2.35,-1.07,-0.10,0.99,0.11,269.17,-9.46,-134.31,308755
200402,0.02,1.00,0.07,-9.83,2.56,-1.25,-0.18,1.03,-0.02,171.02,-4.85,-121.25,249399
200414,0.02,1.02,0.09,-7.05,2.41,-1.34,-0.19,1.07,-0.15,98.24,13.79,-90.18,189718
200426,0.04,1.03,0.11,-3.33,1.34,-1.68,-0.16,1.03,-0.30,53.74,22.40,-29.69,128279
200437,0.05,1.03,0.11,-3.42,1.28,-1.71,-0.12,0.99,-0.34,-37.14,23.19,25.30,78035
200449,0.06,1.02,0.10,-6.13,1.74,-1.25,-0.10,0.93,-0.33,-139.19,11.96,57.13,48414
200461,0.06,1.00,0.07,-15.17,1.89,-1.25,-0.09,0.90,-0.27,-292.60,11.81,84.59,26602
200472,0.06,0.99,0.05,-20.97,4.18,-2.23,-0.09,0.89,-0.16,-464.94,2.38,88.04,11169
200484,0.05,1.00,0.07,-21.91,8.58,-0.24,-0.08,0.89,-0.09,-608.55,27.34,99.64,16772467
200496,0.07,1.00,0.08,-25.76,11.05,0.09,-0.07,0.98,-0.08,-636.54,1.25,97.56,16749510
200508,0.09,1.00,0.11,-27.92,11.63,0.46,-0.11,1.06,-0.11,-654.11,42.79,93.08,16725054
200519,0.12,0.99,0.12,-34.67,5.00,-1.01,-0.15,1.16,-0.15,-582.00,75.41,73.55,16699125
200531,0.11,0.97,0.12,-42.82,-3.72,1.34,-0.18,1.24,-0.07,-549.77,60.88,75.04,16676365
200543,0.09,0.95,0.12,-52.40,-10.56,0.89,-0.18,1.28,0.08,-531.77,2.69,78.89,16660302
200555,0.01,0.96,0.10,-57.65,-10.41,2.38,-0.15,1.20,0.18,-509.98,-21.24,83.56,16646552
200566,-0.03,0.98,0.10,-58.96,-10.25,3.81,-0.08,1.06,0.31,-436.86,-57.68,87.22,16642077
200579,-0.01,0.98,0.17,-54.32,-7.14,-21.33,-0.05,0.94,0.44,-381.26,-110.02,89.26,16637820
200590,-0.03,1.00,0.20,-53.01,-1.50,-39.28,-0.03,0.84,0.60,-378.02,-133.79,82.92,16630405
200601,-0.06,1.05,0.24,-46.97,6.29,-40.37,-0.02,0.74,0.62,-400.12,-129.06,88.78,16621776
200613,-0.09,1.10,0.25,-40.41,6.93,-18.62,-0.08,0.59,0.55,-409.06,-53.01,14.22,16617092
200625,-0.08,1.18,0.25,-31.34,8.94,9.70,-0.00,0.50,0.54,-310.03,71.29,-28.44,16609101
200637,-0.06,1.26,0.25,-26.64,9.03,37.14,0.04,0.50,0.64,-232.12,95.98,-28.96,16607878
200648,0.00,1.27,0.24,-26.43,9.12,41.11,0.03,0.52,0.80,-183.84,76.60,-28.23,16607587
200660,0.09,1.21,0.24,-34.73,8.21,19.13,0.01,0.55,0.97,-184.81,23.47,-18.25,16607355
200672,0.19,1.09,0.22,-44.59,8.03,-33.11,0.00,0.57,1.08,-183.87,20.60,-11.02,16606503
200684,0.25,0.97,0.21,-57.04,7.87,-83.13,-0.00,0.56,1.05,-86.94,31.04,-4.33,16608368
200695,0.22,0.92,0.22,-62.65,9.49,-107.54,-0.00,0.53,0.99,35.28,5.37,17.94,16609550
200707,0.12,0.92,0.25,-64.85,8.64,-89.14,-0.04,0.47,0.98,98.42,-9.64,-6.04,16605594
200719,-0.01,0.97,0.30,-58.26,8.94,-49.41,-0.01,0.43,0.98,162.48,11.87,-9.46,16608881
200730,-0.12,1.04,0.31,-54.05,7.05,-3.51,0.04,0.44,1.04,202.24,68.08,-1.83,16607203
200742,-0.15,1.08,0.32,-48.00,3.30,21.97,0.04,0.40,1.09,308.29,89.11,-5.65,16608163
200754,-0.13,1.07,0.34,-48.49,2.69,22.46,-0.02,0.38,1.11,408.54,35.80,-0.55,16610244
200766,-0.07,1.01,0.34,-52.40,7.45,4.67,-0.09,0.39,1.04,471.65,-8.12,-13.31,16607743
200777,-0.03,0.95,0.35,-59.23,14.10,-14.80,-0.12,0.39,0.86,555.88,-34.52,-5.58,16606152
200790,-0.00,0.94,0.36,-58.17,23.65,-31.04,-0.12,0.42,0.70,598.79,-21.45,-19.78,16607404
200801,-0.00,0.94,0.35,-58.26,27.65,-21.51,-0.10,0.50,0.58,630.22,5.71,-38.15,16606636
200813,-0.01,0.97,0.37,-49.80,25.39,4.64,-0.06,0.65,0.60,607.82,9.74,-38.12,16607611
200824,-0.02,1.02,0.39,-37.02,18.46,38.85,-0.03,0.81,0.65,549.62,13.70,-24.41,16608641
200836,-0.03,1.08,0.40,-21.00,11.78,64.94,-0.03,0.95,0.62,469.97,21.42,7.78,16608175
200848,-0.04,1.11,0.40,-7.97,7.23,78.16,-0.06,1.05,0.50,464.57,5.28,26.49,16607001
200859,-0.06,1.12,0.39,7.84,7.29,78.03,-0.08,1.09,0.40,429.99,49.80,6.74,16607877
200871,-0.06,1.12,0.39,22.67,5.28,63.63,-0.15,1.15,0.43,388.49,-60.94,-9.58,16610109
200883,-0.06,1.12,0.38,35.19,9.67,39.49,-0.16,1.15,0.31,282.20,33.42,-47.61,16612322
200895,-0.07,1.13,0.37,49.65,20.02,11.23,-0.12,1.20,0.31,109.47,50.29,-0.40,16610910
200906,-0.08,1.14,0.38,64.15,30.73,3.20,-0.03,1.22,0.14,76.93,42.85,101.75,16608347
200919,-0.09,1.16,0.40,81.60,35.31,19.87,-0.15,1.17,-0.04,95.49,32.32,45.81,16608989
200930,-0.08,1.16,0.42,99.95,33.26,48.58,-0.28,1.14,-0.15,87.34,53.47,-48.65,16611920
200941,-0.05,1.14,0.42,114.96,24.72,73.91,-0.26,1.14,-0.19,31.49,66.77,-63.39,16610919
200953,0.01,1.09,0.40,127.38,13.43,70.95,-0.14,1.08,-0.26,25.79,61.83,6.20,16608733
200965,0.07,1.03,0.37,125.73,7.87,44.65,0.01,0.89,-0.41,192.20,84.11,41.14,16610731
200977,0.15,0.97,0.34,124.27,6.26,-6.87,0.05,0.75,-0.45,253.11,81.45,19.41,16610831
200988,0.23,0.92,0.30,120.21,3.54,-53.50,0.08,0.79,-0.30,185.85,70.77,-3.57,16611065
201000,0.28,0.90,0.27,116.82,-2.81,-77.76,0.05,0.81,-0.26,109.47,30.91,-27.74,16610160
201012,0.33,0.91,0.26,117.58,-12.94,-80.75,0.04,0.78,-0.31,41.53,30.40,-72.69,16609887
201024,0.33,0.93,0.22,113.22,-25.45,-63.96,0.06,0.75,-0.43,46.78,54.41,-85.11,16607330
201035,0.30,0.95,0.22,111.51,-36.16,-41.60,0.12,0.76,-0.47,-1.89,39.73,-21.70,16608729
201048,0.26,0.96,0.20,106.11,-48.07,-25.09,0.15,0.79,-0.41,-94.42,-14.31,-3.72,16609497
201059,0.20,0.94,0.15,95.79,-49.01,-26.61,0.12,0.79,-0.39,-216.49,-21.00,-27.40,16608895
201070,0.12,0.90,0.11,82.24,-41.69,-34.36,0.10,0.81,-0.39,-365.97,-24.41,-44.13,16609377
201082,0.04,0.88,0.07,71.87,-29.69,-41.78,0.07,0.78,-0.44,-415.34,-81.02,-63.02,16609517
201094,-0.01,0.88,0.04,62.74,-19.53,-42.42,0.05,0.69,-0.45,-514.62,-102.84,-61.46,16608255
201106,-0.05,0.86,0.01,50.63,-12.66,-30.43,0.15,0.65,-0.19,-716.98,-51.06,-84.32,16610100
201117,-0.08,0.86,-0.00,39.34,-9.49,-8.27,0.17,0.50,-0.21,-643.07,-58.81,-74.40,16608221
201129,-0.10,0.86,-0.02,28.23,-7.32,12.33,0.12,0.46,-0.16,-508.58,4.18,-57.16,16608687
201141,-0.11,0.86,-0.03,18.62,-5.10,23.44,0.07,0.63,0.15,-457.98,17.82,-8.51,16608327
201153,-0.10,0.84,-0.05,7.72,-1.62,20.32,-0.08,0.81,0.57,-524.66,-64.39,-37.75,16607236
201164,-0.07,0.80,-0.06,-7.02,0.12,10.22,-0.25,1.15,0.77,-586.06,-101.65,-38.06,16608760
201176,-0.05,0.75,-0.07,-32.07,-0.18,5.65,-0.28,1.23,0.70,-495.27,-107.60,-41.11,16612562
201188,-0.03,0.68,-0.06,-61.80,0.09,1.53,-0.24,1.19,0.56,-324.34,-81.30,16.30,16609258
201199,-0.02,0.66,-0.05,-85.51,3.11,-0.82,-0.12,1.05,0.51,-201.05,-11.26,45.20,16606521
201211,-0.02,0.68,-0.02,-104.95,7.14,-1.86,-0.11,0.87,0.58,-130.43,-27.68,36.35,16606522
201223,-0.01,0.71,0.01,-120.79,9.89,-1.95,-0.11,0.78,0.70,-127.84,-59.23,20.48,16607343
201235,0.01,0.75,0.03,-127.78,9.12,-7.17,-0.13,0.68,0.73,-90.79,-118.80,5.86,16606839
201246,0.04,0.80,0.04,-130.43,5.95,-14.37,-0.12,0.63,0.69,-0.95,-139.68,3.57,16607480
201259,0.04,0.83,0.06,-133.94,2.41,-16.51,-0.09,0.66,0.66,48.25,-94.73,21.91,16608130
201270,0.04,0.84,0.11,-136.11,1.34,-15.32,-0.07,0.76,0.70,83.16,-55.21,45.99,16608644
201282,0.01,0.83,0.15,-147.09,0.46,-2.23,-0.08,0.84,0.74,139.16,-69.67,57.71,16608306
201293,-0.02,0.83,0.20,-152.34,7.23,-2.47,-0.06,0.86,0.75,237.61,-72.72,77.76,16606538
201305,-0.03,0.86,0.26,-148.59,15.05,-10.28,-0.02,0.79,0.73,373.35,-12.73,27.47,16607056
201317,-0.07,0.90,0.29,-146.88,21.12,-9.34,0.01,0.72,0.73,519.41,60.15,-32.23,16610407
201328,-0.12,0.97,0.32,-132.63,29.63,-2.53,0.04,0.72,0.74,648.10,100.43,-45.04,16609075
201340,-0.16,1.06,0.36,-113.22,35.92,17.73,0.08,0.77,0.68,766.72,75.62,-14.34,16607061
201352,-0.19,1.14,0.38,-93.32,40.56,43.88,0.09,0.88,0.63,825.10,34.36,5.00,16610713
201364,-0.21,1.20,0.41,-72.11,45.87,68.51,0.06,0.98,0.58,750.24,46.84,12.97,16606381
201375,-0.21,1.25,0.44,-49.41,53.41,84.75,-0.03,1.00,0.52,634.28,45.35,-6.29,16603001
201388,-0.18,1.29,0.44,-23.96,57.95,88.90,-0.05,1.01,0.44,556.73,27.83,5.74,16610361
201399,-0.12,1.31,0.41,2.78,57.13,78.31,-0.06,1.05,0.37,487.70,0.55,-3.75,16611713
201411,-0.05,1.30,0.40,25.24,51.85,55.60,-0.04,1.06,0.28,417.79,-65.16,32.71,16607245
201422,0.04,1.26,0.41,44.53,46.84,25.63,-0.04,1.00,0.05,334.66,-31.28,4.67,16606736
201434,0.09,1.22,0.41,55.02,37.26,14.19,-0.08,0.99,-0.08,233.89,-39.43,-25.97,16608488
201446,0.14,1.17,0.41,66.10,33.29,-6.01,-0.09,0.97,-0.21,113.56,-18.22,-47.42,16609918
201457,0.19,1.16,0.42,75.35,23.96,-12.60,-0.02,0.94,-0.30,-51.03,40.62,-1.43,16609991
201469,0.24,1.15,0.39,86.43,10.44,-15.84,-0.02,0.86,-0.33,-161.50,79.62,-48.25,16609013
201481,0.28,1.12,0.35,89.72,-3.48,-11.99,-0.11,0.78,-0.46,-138.03,56.92,-109.10,16607528
201493,0.31,1.08,0.33,90.15,-13.61,-6.59,-0.04,0.74,-0.54,-129.85,21.94,-62.87,16609976
201504,0.32,1.03,0.30,85.97,-24.35,2.17,0.02,0.72,-0.49,-171.75,3.23,-36.68,16609374
201517,0.32,0.98,0.29,78.89,-34.12,8.42,0.07,0.76,-0.33,-316.28,-42.76,36.87,16608255
201528,0.32,0.93,0.26,69.00,-40.13,5.62,0.11,0.80,-0.22,-479.58,-43.24,92.41,16608655
201539,0.31,0.89,0.24,61.83,-44.80,-1.13,0.08,0.77,-0.03,-667.39,7.45,29.45,16609516
201551,0.30,0.86,0.21,54.50,-48.19,-12.30,0.04,0.69,0.02,-738.56,28.69,-34.12,16609757
201563,0.28,0.84,0.19,46.26,-51.76,-21.82,0.02,0.68,0.04,-740.30,37.45,-78.70,16608625
201575,0.25,0.84,0.17,38.30,-55.15,-27.13,0.05,0.73,0.08,-660.00,26.25,-65.06,16608585
201586,0.21,0.84,0.16,29.85,-57.43,-33.26,0.09,0.82,0.25,-577.70,37.02,-56.79,16609284
201598,0.16,0.85,0.17,23.07,-56.76,-40.13,-0.02,1.05,0.42,-587.07,22.22,-57.59,16607224
201610,0.12,0.85,0.17,16.27,-54.69,-46.39,-0.12,1.31,0.49,-548.49,-16.11,-35.06,16609670
201622,0.08,0.85,0.18,6.99,-51.67,-54.72,-0.13,1.25,0.46,-401.98,-62.47,-36.16,16609987
201633,-0.16,1.32,0.15,-74.77,-62.04,143.25,-0.13,1.11,0.45,-250.24,-90.64,-19.56,16610958
201646,-0.20,1.50,0.15,-64.70,-23.74,32.93,-0.07,0.90,0.39,-124.79,-17.55,-11.63,16631211
201657,-0.13,1.18,0.22,-35.86,-28.78,5.49,-0.07,0.79,0.48,-45.23,-77.97,-15.26,16623598
201668,-0.07,1.00,0.19,-27.16,-19.59,-41.32,-0.06,0.69,0.49,57.53,-50.90,-34.55,16610702
201680,-0.16,1.16,0.23,7.17,-5.95,-24.17,-0.05,0.65,0.48,158.05,-23.01,-42.88,16616062
201692,-0.13,1.04,0.18,3.30,-5.80,-30.55,-0.04,0.64,0.46,225.52,3.17,-52.03,16617371
201704,-0.14,1.05,0.15,10.62,-0.06,-23.56,-0.02,0.67,0.47,268.83,23.53,-43.95,16609165
201715,-0.14,1.04,0.12,4.82,0.34,-12.88,0.01,0.69,0.49,272.37,49.62,-37.17,16612410
201728,-0.13,1.01,0.10,-2.11,2.66,-3.97,0.02,0.67,0.50,244.93,75.71,-24.54,16613122
201739,-0.13,1.00,0.10,-2.44,5.10,9.00,0.04,0.66,0.51,258.15,82.49,-26.64,16614392
201751,-0.13,0.98,0.10,-1.89,6.16,25.27,0.01,0.65,0.50,264.10,88.68,-46.17,16614790
201762,-0.12,0.96,0.10,-2.90,5.95,45.07,-0.01,0.67,0.54,275.09,83.31,-56.76,16615466
201774,-0.12,0.93,0.11,-5.31,5.10,65.49,-0.05,0.74,0.56,269.29,56.21,-56.79,16619127
201786,-0.08,1.11,0.12,-23.96,15.99,1.77,-0.12,0.84,0.59,250.09,24.35,-88.75,16622018
201797,0.06,1.13,0.08,-55.82,7.05,-16.57,-0.14,0.93,0.61,190.40,24.29,-78.37,16633553
201809,-0.00,0.96,0.08,-61.86,-2.47,48.77,-0.09,0.98,0.64,189.64,-83.34,-15.59,16620034
201821,0.12,1.12,0.19,29.54,5.52,-26.40,-0.08,0.97,0.64,136.32,-95.18,-5.83,16622461
201833,0.05,0.94,0.14,-16.36,-6.53,30.43,-0.05,1.01,0.62,67.66,-72.81,19.78,16627778
201844,0.13,1.04,0.16,-0.31,-3.14,-8.54,-0.05,1.02,0.63,-14.22,-14.13,43.46,16622694
201857,0.13,1.06,0.15,14.92,-7.97,-4.15,-0.08,1.03,0.57,-29.51,-54.20,79.50,16626740
201868,0.13,1.01,0.12,-6.87,-8.64,0.46,-0.10,1.03,0.43,20.54,-141.97,155.55,16629092
201880,0.12,1.04,0.14,6.56,-12.08,-1.71,-0.14,1.02,0.27,89.51,-205.32,206.73,16628017
201891,0.10,1.03,0.12,5.92,-12.08,-1.77,-0.19,1.03,0.21,110.84,-245.00,200.20,16630423
201903,0.09,1.02,0.10,-0.12,-10.44,-1.95,-0.19,0.90,0.21,75.56,-313.84,255.43,16630629
201915,0.07,1.03,0.11,2.75,-7.08,-2.32,-0.17,0.73,0.18,-47.27,-359.19,310.03,16629873
201926,0.05,1.01,0.12,0.46,-7.48,-1.77,-0.13,0.68,0.16,-261.63,-329.35,354.64,16630444
201938,0.05,1.05,0.15,16.20,-7.90,-1.86,-0.07,0.60,0.16,114.78,-135.07,-1000.00,16633660
201950,0.03,1.09,0.17,55.69,-8.58,-10.04,-0.04,1.05,-0.02,226.50,-240.88,-260.41,16637315
201962,0.04,1.03,0.11,23.35,-9.55,-2.99,0.19,0.81,-0.07,259.25,-114.20,415.71,16635606
201973,0.04,1.04,0.08,-3.30,-1.98,7.14,0.17,1.19,-0.02,273.35,20.84,126.28,16631967
201986,0.05,1.01,0.08,-3.42,-5.31,1.89,0.14,1.00,0.02,74.49,-16.91,175.29,16632080
201997,0.06,1.01,0.08,0.73,-8.76,-1.07,0.03,1.15,0.07,-174.16,-102.72,71.44,16634429
202009,0.06,1.02,0.08,2.29,-9.09,-0.55,-0.03,1.14,0.05,-190.92,-137.70,-96.31,16634597
202020,0.05,1.03,0.10,3.20,-1.71,-2.84,0.03,1.08,0.02,-95.98,-71.38,-17.36,16632014
202032,0.04,1.03,0.11,4.58,2.38,-2.50,0.09,1.05,0.02,18.22,16.78,74.89,16634853
202044,0.04,1.01,0.10,0.89,2.72,-1.68,0.12,1.03,0.05,25.36,62.38,92.56,16637392
202055,0.03,1.00,0.09,-0.58,4.76,-1.28,0.09,1.04,0.07,-26.25,27.25,32.01,16637419
202067,0.02,1.01,0.09,-2.93,5.92,0.06,0.19,1.20,0.13,-56.37,-39.67,-62.59,16636732
202079,0.04,1.01,0.09,-1.68,5.55,-2.11,0.14,0.88,0.09,-92.80,-38.30,93.23,16641154
202091,0.05,1.02,0.09,0.70,3.30,-1.07,0.09,0.92,0.09,8.67,-35.98,-36.22,16640869
202102,0.06,1.02,0.09,-1.98,3.23,0.06,0.09,0.91,0.03,124.85,-46.97,-42.39,16638731
202115,0.06,1.02,0.09,-1.43,3.05,-0.79,0.17,0.99,0.02,188.39,-29.85,-46.66,16641719
202126,0.07,1.02,0.09,0.79,1.56,-5.22,0.33,1.10,0.12,100.65,6.13,-0.06,16644330
202137,0.07,1.02,0.08,-1.10,-0.64,-2.44,0.23,0.98,0.17,48.28,-13.37,-22.13,16641886
202149,0.06,1.03,0.09,-1.37,-2.20,1.25,0.43,1.01,0.26,64.61,-16.66,58.69,16642701
202161,0.05,1.03,0.08,0.46,0.46,-2.32,0.43,1.01,0.30,3.23,-24.84,14.01,16640560
202173,0.04,1.02,0.09,-1.50,2.11,-1.37,0.35,0.97,0.26,-10.47,-77.48,-20.94,16640423
202184,0.03,1.03,0.11,1.68,4.91,-1.31,0.31,0.96,0.22,-0.52,-92.83,-35.74,16644890
202196,0.03,1.04,0.11,2.99,6.13,-1.37,0.28,0.96,0.16,25.57,-71.62,-30.30,16646593
202208,0.03,1.03,0.10,1.80,6.41,-1.25,0.26,0.97,0.11,46.42,-41.69,-12.82,16646550
202220,0.05,1.01,0.09,-1.40,5.00,-1.22,0.23,1.00,0.06,47.73,-20.36,2.69,16645158
202231,0.07,1.00,0.09,-4.36,2.11,-1.31,0.21,1.02,0.01,32.84,-11.23,9.89,16646597
202243,0.08,1.00,0.08,-4.88,-0.06,-1.04,0.21,1.03,-0.02,13.34,-5.68,13.28,16646008
202255,0.08,1.02,0.08,-2.99,-2.11,-1.16,0.21,1.02,-0.03,1.68,-4.00,11.44,16646683
202266,0.08,1.03,0.09,-1.10,-3.94,-1.43,0.22,1.01,-0.03,-2.69,-3.02,5.13,16648317
202278,0.08,1.04,0.10,1.68,-5.43,-1.65,0.22,1.00,-0.03,-7.48,-7.39,-3.14,16646081
202290,0.07,1.04,0.10,2.53,-6.32,-1.77,0.22,0.99,-0.02,-6.26,-5.95,-9.22,16649601
202302,0.06,1.03,0.09,0.34,-5.58,-2.17,0.22,0.98,-0.02,-8.67,-3.78,-12.66,16648999
202313,0.05,1.01,0.09,-1.89,-3.33,-1.74,0.22,0.99,-0.01,-6.29,2.69,-12.79,16647508
202326,0.04,1.01,0.08,-3.42,-0.82,-0.95,0.21,0.99,-0.01,-2.32,7.29,-7.29,16646326
202337,0.04,1.00,0.08,-4.79,-0.34,-0.52,0.20,1.00,0.00,-2.11,5.16,-1.59,16647304
202349,0.04,1.00,0.08,-6.07,0.12,-0.67,0.19,1.00,0.01,-0.89,-0.89,1.50,16650811
202360,0.04,1.02,0.09,-3.72,0.79,-0.85,0.19,1.00,0.02,5.49,-5.55,1.65,16653710
202372,0.04,1.04,0.10,0.06,2.23,-1.19,0.19,1.00,0.02,2.93,-16.66,2.81,16654230
202384,0.03,1.04,0.10,1.16,4.15,-1.25,0.19,0.99,0.00,9.03,-17.18,5.10,16652306
202395,0.02,1.03,0.10,0.70,6.16,-1.19,0.20,0.99,-0.00,18.13,-10.93,6.96,16650268
202407,0.02,1.02,0.09,-0.73,7.60,-1.16,0.21,0.98,-0.01,19.20,-8.91,3.42,16649346
202419,0.02,1.02,0.09,-0.92,9.16,-1.34,0.21,0.97,-0.02,30.94,-8.18,-4.21,16647429
202431,0.02,1.02,0.08,-1.43,9.83,-1.10,0.22,0.97,-0.01,26.67,-1.98,-11.38,16646817
202442,0.05,1.02,0.09,0.79,7.81,-2.56,0.22,0.99,-0.01,7.84,-3.72,-13.85,16648120
202455,0.06,1.04,0.09,2.53,6.26,-1.98,0.21,1.00,-0.02,5.16,-2.69,-10.38,16647706
202466,0.07,1.03,0.09,1.98,4.03,-1.50,0.21,1.01,-0.03,2.44,2.41,-1.56,16642957
202477,0.07,1.03,0.08,1.53,1.46,-1.40,0.20,1.01,-0.03,-1.68,2.47,6.01,16642474
202489,0.07,1.03,0.08,-0.55,-0.12,-1.10,0.20,1.01,-0.03,-2.72,0.85,6.65,16640515
202501,0.06,1.00,0.08,-3.14,0.67,-1.31,0.20,0.99,-0.03,0.82,-0.18,3.36,16639265
202513,0.06,1.00,0.08,-2.87,1.13,-1.40,0.20,0.99,-0.03,-0.24,-5.86,-1.01,16642742
202524,0.05,1.02,0.09,-1.68,2.17,-1.50,0.20,0.99,-0.03,-0.95,-7.78,-1.74,16642752
202536,0.04,1.02,0.10,-0.31,4.00,-1.62,0.20,0.99,-0.03,-1.62,-4.76,-1.68,16641487
202548,0.04,1.03,0.09,0.24,5.28,-1.16,0.20,0.99,-0.04,-1.40,-0.15,0.40,16641485
202560,0.04,1.02,0.09,-0.18,5.16,-1.37,0.20,0.99,-0.04,2.56,1.16,0.82,16641970
202571,0.05,1.02,0.09,0.00,4.18,-1.37,0.19,0.98,-0.04,19.32,-1.59,-2.69,16639424
202584,0.07,1.03,0.09,0.76,2.66,-1.71,0.18,0.97,-0.05,32.65,-5.65,-8.91,16639697
202595,0.08,1.03,0.09,0.37,1.95,-1.71,0.18,0.96,-0.05,37.48,-4.97,-13.15,16641048
202606,0.07,1.02,0.08,-1.31,1.37,-1.25,0.19,0.98,-0.04,28.50,-4.49,-10.59,16640688
202618,0.06,1.01,0.08,-2.96,0.98,-1.13,0.19,1.00,-0.04,7.66,-6.23,-6.26,16638989
202630,0.05,1.01,0.08,-3.45,1.71,-1.28,0.19,1.01,-0.04,0.70,-6.96,-0.79,16638608
202642,0.05,1.02,0.08,-1.92,1.16,-1.25,0.19,1.01,-0.05,-1.22,-7.87,2.56,16638382
202653,0.05,1.02,0.08,-1.77,2.08,-0.98,0.19,1.01,-0.05,-1.07,-6.38,4.12,16638848
202665,0.05,1.02,0.08,-3.30,2.04,-1.37,0.19,1.00,-0.06,-0.98,-3.45,3.60,16637570
202677,0.05,1.02,0.07,-2.72,1.50,-1.37,0.20,1.00,-0.06,-1.01,-2.50,0.52,16641471
202689,0.06,1.02,0.08,-2.04,0.89,-1.28,0.19,0.99,-0.06,-1.40,-2.56,-1.50,16639997
202700,0.06,1.02,0.08,-3.11,0.61,-1.34,0.19,0.99,-0.06,0.31,0.15,-0.98,16637340
202712,0.06,1.01,0.08,-4.61,0.79,-1.43,0.19,0.99,-0.06,1.04,0.64,-0.89,16639237
202724,0.06,1.01,0.08,-5.62,0.49,-1.40,0.19,0.99,-0.06,0.92,-1.83,-1.86,16639266
202735,0.05,1.01,0.08,-5.77,1.16,-1.19,0.19,0.99,-0.06,1.46,-3.72,-1.16,16640019
202747,0.04,1.02,0.09,-4.76,2.56,-0.85,0.19,0.99,-0.06,1.53,-4.64,-0.58,16641703
202759,0.04,1.03,0.09,-3.05,2.14,-1.22,0.19,0.99,-0.07,0.89,-6.10,0.21,16643612
202771,0.04,1.03,0.09,-1.80,2.11,-1.25,0.19,0.99,-0.07,0.58,-5.92,-0.21,16643208
202782,0.05,1.04,0.09,0.21,2.14,-1.31,0.19,0.99,-0.07,4.36,-4.43,-2.11,16643230
202795,0.05,1.04,0.09,1.62,2.44,-1.43,0.19,0.99,-0.07,4.24,-1.56,-2.50,16645476
202806,0.05,1.03,0.08,0.12,1.95,-1.25,0.19,0.99,-0.07,-1.86,1.83,-1.68,16643752
202818,0.06,1.01,0.07,-2.99,1.59,-1.07,0.19,1.00,-0.06,-1.89,1.86,0.40,16643690
202829,0.06,1.01,0.07,-4.55,2.23,-0.98,0.19,0.99,-0.06,0.67,-0.55,0.18,16642188
202841,0.06,1.01,0.07,-4.88,2.17,-1.56,0.19,0.99,-0.06,1.68,-4.39,-0.85,16640264
202853,0.05,1.01,0.08,-4.88,1.80,-1.19,0.19,0.99,-0.06,2.41,-5.77,-0.46,16643012
202864,0.05,1.02,0.08,-3.91,1.83,-1.16,0.19,0.99,-0.07,2.81,-5.19,0.27,16646054
202876,0.05,1.02,0.08,-4.85,1.53,-0.95,0.19,0.99,-0.07,2.29,-4.30,0.15,16648310
202888,0.05,1.02,0.08,-4.55,1.56,-1.28,0.20,0.99,-0.08,0.70,-2.72,-1.56,16649701
202900,0.05,1.02,0.09,-3.51,2.53,-0.98,0.20,0.99,-0.08,0.98,0.43,-2.41,16648195
202911,0.05,1.03,0.09,-1.95,2.29,-1.04,0.19,0.99,-0.08,2.50,1.62,-2.17,16646233
202924,0.05,1.03,0.09,-1.43,2.50,-1.16,0.19,0.99,-0.07,-0.76,-0.85,-0.52,16646065
202935,0.05,1.03,0.08,-2.14,3.36,-1.34,0.19,0.99,-0.07,-1.59,-1.46,1.59,16647540
202947,0.05,1.02,0.08,-2.78,3.45,-1.68,0.19,0.99,-0.07,-1.07,-2.75,1.46,16648238
202958,0.06,1.02,0.08,-2.41,2.41,-1.43,0.19,0.99,-0.07,1.56,-3.51,-0.52,16647517
202970,0.06,1.03,0.08,-1.56,1.95,-1.40,0.19,0.99,-0.07,1.10,-3.17,0.09,16645898
202982,0.05,1.02,0.08,-2.11,1.28,-1.25,0.19,0.99,-0.07,1.37,-2.23,0.95,16642654
202993,0.05,1.02,0.08,-2.81,0.67,-1.28,0.20,0.99,-0.08,0.67,-2.44,-0.18,16643660
203005,0.05,1.02,0.08,-2.72,0.40,-1.28,0.20,0.98,-0.08,1.10,-2.78,-1.74,16641504
203017,0.05,1.03,0.09,-2.35,0.61,-1.22,0.19,0.98,-0.08,1.92,-2.53,-2.29,16643773
203029,0.05,1.02,0.09,-1.59,1.86,-0.92,0.19,0.99,-0.08,2.78,-1.40,-1.65,16643608
203040,0.05,1.02,0.09,-2.50,2.08,-1.34,0.18,0.99,-0.08,0.61,-0.82,-0.06,16643387
203053,0.05,1.02,0.08,-3.20,2.17,-1.07,0.18,0.99,-0.08,-1.43,-0.49,0.52,16641576
203064,0.06,1.02,0.08,-2.87,2.14,-1.34,0.18,0.99,-0.08,-0.76,0.52,0.43,16642605
203075,0.05,1.02,0.08,-2.62,2.69,-1.10,0.19,0.99,-0.07,-1.28,-0.46,0.06,16645314
203087,0.05,1.03,0.09,-1.13,2.62,-1.31,0.19,0.99,-0.07,-1.40,-2.20,-0.58,16646963
203099,0.05,1.03,0.09,-0.40,2.35,-1.59,0.19,0.99,-0.08,0.40,-2.08,-0.21,16647063
203111,0.05,1.03,0.09,-0.58,2.23,-1.43,0.19,0.99,-0.08,0.95,-1.77,-0.03,16646340
203122,0.05,1.03,0.09,-0.92,2.47,-1.25,0.19,0.99,-0.08,0.15,-1.50,0.03,16642773
203134,0.05,1.03,0.09,-0.61,2.23,-1.53,0.19,0.99,-0.08,-0.64,-1.31,0.00,16642086
203146,0.05,1.03,0.08,-0.79,2.56,-1.53,0.19,0.99,-0.08,-1.22,-0.31,-0.03,16642729
203158,0.05,1.02,0.08,-2.11,2.56,-1.19,0.19,0.99,-0.08,-1.28,-0.03,0.31,16641502
203169,0.04,1.01,0.08,-3.02,3.54,-1.10,0.19,0.99,-0.08,0.06,-0.40,0.49,16642361
203182,0.04,1.01,0.08,-3.69,4.30,-1.34,0.20,0.98,-0.08,1.13,-2.59,-1.28,16646307
203193,0.04,1.02,0.08,-3.05,4.43,-1.34,0.20,0.98,-0.08,0.43,-2.84,-2.69,16647027
203204,0.05,1.03,0.09,-1.13,3.66,-1.89,0.19,0.98,-0.08,0.82,1.07,-2.99,16644814
203216,0.06,1.03,0.09,-0.64,2.41,-1.65,0.19,0.99,-0.08,3.54,3.97,-0.27,16646055
203228,0.06,1.03,0.09,-0.95,2.14,-1.77,0.18,0.99,-0.08,1.40,1.31,2.38,16648984
203240,0.06,1.02,0.08,-2.01,1.46,-1.46,0.18,0.99,-0.08,-1.50,-2.47,2.44,16647505
