time,faccx,faccy,faccz,fgyrx,fgyry,fgyrz,saccx,saccy,saccz,sgyrx,sgyry,sgyrz,load
373175,0.02,1.03,0.05,0.46,6.77,-1.89,0.03,0.94,-0.30,4.33,1.62,-1.31,16641995
373184,0.02,1.03,0.07,3.85,7.57,-1.07,0.04,0.95,-0.30,0.37,7.39,-4.21,16641200
373194,0.03,1.04,0.09,7.60,8.85,-1.40,0.04,0.95,-0.30,-2.99,11.32,-6.10,16636585
373204,0.03,1.06,0.10,11.87,8.94,-2.04,0.04,0.95,-0.30,-5.55,20.39,-8.45,16637863
373215,0.04,1.06,0.11,13.58,7.20,-0.64,0.04,0.95,-0.29,-4.58,23.68,-9.74,16638122
373225,0.05,1.02,0.09,1.16,5.04,-1.68,0.03,0.94,-0.30,-2.53,10.86,-4.33,16635164
373236,0.07,0.96,0.06,-9.83,1.68,-2.23,0.03,0.94,-0.31,-0.82,3.78,-2.62,16633042
373248,0.06,0.96,0.06,-12.36,2.41,0.37,0.03,0.94,-0.30,1.77,0.52,-0.95,16635712
373260,0.06,1.02,0.09,-3.48,1.77,-0.67,0.03,0.94,-0.30,1.25,0.55,-0.92,16639382
373271,0.06,1.05,0.12,3.08,2.14,-1.53,0.03,0.94,-0.30,-0.40,0.67,-0.73,16636346
373283,0.06,1.06,0.12,6.41,2.35,-1.59,0.03,0.94,-0.30,-0.15,0.49,-0.73,16634027
373295,0.05,1.02,0.09,-1.77,1.86,-1.13,0.03,0.94,-0.30,0.85,0.55,-0.67,16634827
373307,0.05,0.98,0.07,-9.86,1.62,-0.09,0.03,0.94,-0.30,1.46,0.64,-0.67,16633415
373318,0.05,1.00,0.08,-6.47,2.20,-1.89,0.03,0.94,-0.30,-0.12,0.67,-0.98,16635656
373329,0.05,1.04,0.11,0.52,2.23,-1.59,0.03,0.94,-0.30,-1.53,0.76,-1.04,16632855
373342,0.05,1.05,0.12,4.09,2.29,-2.14,0.03,0.94,-0.30,-2.20,0.58,-1.04,16631609
373353,0.05,1.02,0.10,-0.89,2.04,-1.22,0.03,0.94,-0.30,-0.52,0.64,-0.98,16635018
373365,0.05,1.00,0.08,-7.11,1.89,-0.61,0.03,0.94,-0.30,1.04,0.73,-0.92,16636474
373377,0.05,1.01,0.08,-6.38,1.92,-0.73,0.03,0.94,-0.30,0.58,0.52,-0.52,16636827
373389,0.05,1.03,0.10,-0.92,2.20,-1.40,0.03,0.94,-0.30,-0.37,0.31,-0.98,16636308
373400,0.05,1.04,0.11,1.95,2.11,-1.62,0.03,0.94,-0.30,-1.59,0.92,-0.79,16635687
373412,0.05,1.03,0.10,-1.25,1.92,-1.25,0.03,0.94,-0.30,-0.95,0.67,-0.98,16636891
373424,0.05,1.01,0.09,-5.49,1.68,-0.89,0.03,0.94,-0.30,0.18,0.46,-1.01,16636883
373435,0.05,1.01,0.09,-4.70,1.89,-1.16,0.03,0.94,-0.30,0.43,0.43,-0.76,16637121
373447,0.05,1.03,0.10,-0.82,2.08,-1.74,0.03,0.94,-0.31,-0.95,0.46,-0.89,16635326
373458,0.05,1.04,0.11,1.01,1.98,-1.46,0.03,0.94,-0.31,-2.17,0.58,-0.82,16636364
373471,0.05,1.02,0.10,-1.77,1.95,-1.19,0.03,0.94,-0.31,-1.80,0.64,-0.85,16636744
373482,0.05,1.01,0.09,-4.55,2.14,-1.01,0.03,0.94,-0.30,-0.15,0.46,-0.98,16635478
373494,0.05,1.02,0.09,-3.85,2.20,-1.13,0.03,0.94,-0.30,0.67,0.55,-0.76,16636278
373506,0.05,1.03,0.10,-1.16,2.04,-1.53,0.03,0.94,-0.30,-0.37,0.70,-0.79,16638777
373518,0.05,1.03,0.10,-0.06,2.29,-1.83,0.03,0.94,-0.30,-1.68,0.64,-0.92,16638447
373529,0.05,1.02,0.09,-2.62,2.04,-1.25,0.03,0.94,-0.30,-2.23,0.73,-0.82,16639543
373541,0.05,1.01,0.09,-3.78,1.83,-1.16,0.03,0.94,-0.30,-0.64,0.61,-0.76,16636917
373553,0.05,1.02,0.09,-3.08,1.95,-1.37,0.03,0.94,-0.30,0.89,0.52,-0.64,16635816
373564,0.05,1.03,0.10,-1.34,2.14,-1.77,0.03,0.94,-0.30,0.46,0.76,-0.95,16635962
373576,0.05,1.03,0.10,-0.79,2.14,-1.62,0.03,0.94,-0.30,-1.01,0.70,-0.73,16637975
373587,0.05,1.02,0.10,-2.35,2.11,-1.53,0.03,0.94,-0.31,-1.83,0.49,-0.98,16637227
373600,0.05,1.02,0.09,-3.48,1.92,-1.31,0.03,0.94,-0.31,-1.01,0.49,-0.58,16633645
373611,0.05,1.02,0.10,-2.50,2.11,-1.25,0.03,0.94,-0.31,0.00,0.43,-0.95,16634136
373623,0.05,1.03,0.10,-1.13,2.14,-1.34,0.03,0.94,-0.30,-0.61,0.46,-0.85,16635797
373635,0.05,1.03,0.10,-1.25,2.08,-1.43,0.03,0.94,-0.31,-2.20,0.55,-0.92,16636874
373647,0.05,1.02,0.09,-2.75,1.89,-1.40,0.03,0.94,-0.30,-2.56,0.40,-0.58,16637345
373658,0.05,1.02,0.09,-3.27,2.11,-1.04,0.03,0.94,-0.30,-0.95,0.37,-0.73,16637298
373669,0.05,1.02,0.09,-2.53,1.89,-1.43,0.03,0.94,-0.30,0.85,0.64,-0.89,16632758
373682,0.05,1.03,0.10,-1.95,2.08,-1.31,0.03,0.94,-0.30,1.01,0.61,-1.10,16634229
373693,0.05,1.03,0.10,-1.83,1.77,-1.22,0.03,0.94,-0.30,-0.61,0.43,-0.92,16635295
373705,0.05,1.02,0.09,-2.44,1.89,-1.31,0.04,0.95,-0.30,8.54,-7.05,-16.69,16634810
373716,0.05,1.02,0.09,-2.84,1.89,-1.31,0.14,1.02,-0.32,16.91,-43.91,-149.57,16635150
373729,0.05,1.02,0.10,-2.11,2.35,-1.50,0.19,1.01,-0.17,18.74,191.04,-173.71,16637104
373740,0.05,1.03,0.10,-1.43,1.86,-1.46,0.00,1.11,-0.10,-140.96,166.69,-148.01,16635404
373752,0.05,1.02,0.10,-1.74,2.14,-1.13,-0.05,0.91,-0.67,-226.65,-136.81,19.20,16633941
373764,0.05,1.02,0.09,-2.69,2.01,-1.22,-0.17,0.94,-0.50,-369.35,-151.76,72.11,16636348
373776,0.05,1.02,0.10,-2.69,1.89,-1.37,0.01,1.01,-0.17,-173.71,14.43,-126.68,16633742
373787,0.05,1.02,0.10,-2.62,1.92,-1.10,0.22,1.20,-0.03,-236.69,21.18,-172.09,16633951
373798,0.05,1.02,0.10,-1.92,1.89,-1.43,0.09,1.34,0.02,-289.67,-13.70,-46.78,16634996
373811,0.05,1.03,0.10,-1.31,2.20,-1.28,-0.01,1.31,-0.03,-309.72,27.83,27.10,16634183
373822,0.05,1.02,0.09,-1.89,2.20,-1.62,-0.06,1.26,-0.05,-323.09,41.72,72.02,16634907
373834,0.05,1.02,0.09,-3.05,2.04,-1.13,-0.13,1.19,-0.00,-341.49,-0.27,53.34,16636370
373846,0.05,1.02,0.08,-3.45,2.32,-1.25,-0.14,1.17,0.02,-388.31,5.04,85.94,16634364
373858,0.05,1.02,0.09,-2.84,2.11,-0.98,-0.13,1.20,0.07,-459.41,11.08,80.32,16632511
373869,0.05,1.03,0.09,-2.32,2.01,-1.59,-0.15,1.20,0.13,-524.11,-22.22,62.65,16634301
373881,0.05,1.02,0.09,-2.93,2.32,-1.25,-0.18,1.12,0.19,-577.94,-66.35,19.68,16634332
373893,0.05,1.02,0.10,-2.96,1.98,-1.43,-0.17,1.08,0.27,-647.52,-78.58,0.89,16633918
373905,0.05,1.02,0.09,-2.66,1.86,-0.64,-0.14,1.07,0.35,-709.99,-88.47,-0.70,16632786
373916,0.06,1.03,0.09,-1.80,0.21,-2.01,-0.08,1.04,0.43,-716.71,-108.73,34.55,16634670
373927,0.05,1.03,0.07,-2.81,0.70,-1.43,-0.04,0.92,0.46,-678.38,-77.18,24.29,16634997
373940,0.05,1.02,0.05,-4.79,0.70,-1.07,-0.01,0.77,0.59,-618.10,-106.32,27.65,16634851
373951,0.04,1.02,0.04,-6.44,1.37,-1.07,0.01,0.60,0.67,-539.89,-104.31,27.10,16633776
373963,0.05,1.02,0.05,-6.62,2.01,-0.98,0.02,0.46,0.63,-454.50,-71.47,38.57,16635588
373975,0.06,1.02,0.08,-5.13,1.50,-1.40,0.05,0.34,0.57,-369.38,-20.17,28.29,16635450
373987,0.06,1.03,0.11,-3.36,1.25,-1.77,0.06,0.18,0.52,-245.79,4.49,30.64,16635373
373998,0.06,1.03,0.13,-2.50,1.04,-1.68,0.09,0.05,0.51,-127.20,35.28,3.57,16634162
374010,0.05,1.02,0.14,-2.50,1.10,-1.53,0.11,-0.02,0.60,-31.52,36.19,16.60,16635299
374022,0.05,1.02,0.14,-2.38,1.65,-1.37,0.14,-0.03,0.77,48.86,23.68,10.01,16634748
374033,0.05,1.02,0.14,-2.14,1.62,-1.22,0.14,-0.01,0.87,119.87,3.08,21.67,16634362
374045,0.05,1.02,0.14,-1.92,2.17,-1.50,0.13,-0.00,0.95,200.93,-30.61,0.24,16634382
374056,0.05,1.02,0.13,-1.43,2.66,-0.73,0.14,0.01,0.99,299.07,-28.81,-3.33,16634355
374069,0.06,1.02,0.13,-2.08,2.23,-1.46,0.16,0.06,1.03,403.93,-56.49,19.81,16633855
374080,0.05,1.02,0.13,-1.34,2.50,-1.25,0.17,0.08,1.07,497.71,-73.46,-21.94,16634320
374092,0.05,1.02,0.12,-0.21,1.83,-1.28,0.17,0.06,1.05,601.10,-87.62,-50.87,16634799
374104,0.05,1.02,0.11,-0.82,1.40,-0.37,0.14,0.08,0.92,720.31,-89.78,-66.41,16635055
374116,0.05,1.02,0.09,-1.13,2.14,-1.98,0.13,0.16,0.84,800.11,-94.12,-115.88,16635202
374127,0.05,1.02,0.08,-2.44,2.87,-0.55,0.11,0.31,0.69,811.61,-67.75,-151.67,16636171
374139,0.06,1.02,0.07,-3.48,1.92,-1.77,0.11,0.45,0.59,828.89,-45.26,-191.16,16636792
374151,0.05,1.02,0.07,-3.51,2.14,-0.95,0.10,0.60,0.49,873.69,-44.59,-186.80,16637679
374162,0.05,1.02,0.07,-3.30,2.17,-0.85,0.08,0.78,0.42,852.72,-78.74,-138.12,16638386
374174,0.05,1.02,0.08,-2.75,1.56,-1.68,0.11,0.97,0.38,710.85,-58.26,-118.80,16637778
374185,0.04,1.02,0.10,-2.50,2.53,-0.21,0.15,1.09,0.32,545.29,-11.84,-73.52,16636005
374198,0.05,1.03,0.12,0.31,1.46,-1.86,0.09,1.12,0.24,357.54,-21.82,-29.24,16636997
374209,0.05,1.02,0.12,0.03,2.56,-1.25,0.05,1.11,0.15,178.53,-39.55,-12.42,16636208
374221,0.06,1.02,0.13,-2.17,1.98,-0.92,0.05,1.12,0.05,15.23,0.43,1.95,16634442
374233,0.06,1.02,0.13,-2.69,2.47,-0.95,0.07,1.15,-0.06,-97.78,58.11,35.22,16637594
374245,0.05,1.03,0.13,-0.06,2.14,-1.07,0.07,1.21,-0.15,-198.76,82.61,78.43,16635317
374256,0.05,1.03,0.12,0.89,1.83,-1.13,0.05,1.23,-0.15,-316.99,90.42,61.28,16633462
374267,0.04,1.02,0.10,-0.73,1.80,-1.68,0.08,1.20,-0.11,-405.40,78.58,71.01,16635076
374280,0.04,1.02,0.08,-2.93,2.14,-0.79,0.08,1.18,-0.09,-486.54,68.02,82.67,16635935
374291,0.05,1.02,0.07,-3.72,2.44,-1.43,0.08,1.11,-0.08,-569.00,62.84,79.77,16635480
374303,0.06,1.02,0.07,-2.99,2.47,-1.22,0.08,1.05,-0.03,-625.09,51.06,59.69,16635678
374315,0.06,1.03,0.08,-2.04,2.32,-1.43,0.07,1.01,0.04,-692.69,52.83,20.23,16635492
374327,0.06,1.02,0.08,-3.14,2.08,-1.31,0.07,1.00,0.12,-748.23,39.09,1.13,16635958
374338,0.05,1.02,0.08,-3.75,1.56,-1.04,0.06,0.96,0.21,-768.59,20.69,11.57,16634837
374350,0.05,1.02,0.09,-3.54,1.71,-0.98,0.06,0.90,0.31,-770.32,4.91,12.63,16635431
374362,0.05,1.03,0.10,-2.26,1.98,-1.28,0.05,0.83,0.42,-745.30,-24.99,15.38,16637128
374374,0.05,1.02,0.11,-1.92,2.35,-1.19,0.06,0.69,0.48,-694.03,-28.05,2.47,16637998
374385,0.05,1.02,0.11,-2.01,2.62,-0.89,0.07,0.53,0.54,-595.37,-24.44,-9.95,16636476
374396,0.05,1.02,0.12,-2.53,1.89,-0.31,0.09,0.38,0.63,-478.73,-21.48,-4.12,16635603
374409,0.05,1.02,0.12,-0.55,1.80,-1.83,0.11,0.23,0.74,-372.56,-30.94,3.57,16635842
374420,0.05,1.03,0.12,0.76,1.46,-0.58,0.13,0.12,0.81,-277.28,-14.10,-3.39,16636530
374432,0.06,1.03,0.11,-0.03,1.07,-1.83,0.14,0.02,0.88,-182.43,-2.69,-18.22,16636584
374444,0.05,1.02,0.09,-1.43,1.92,-0.79,0.16,-0.01,0.94,-110.29,-1.89,-16.51,16635589
374456,0.06,1.02,0.08,-2.69,2.47,-1.62,0.17,-0.00,0.99,-58.44,0.52,-6.68,16635255
374467,0.06,1.02,0.07,-3.27,2.90,-0.95,0.17,0.01,1.00,-16.36,13.61,4.03,16635871
374479,0.06,1.02,0.08,-2.93,2.56,-2.11,0.18,0.02,1.02,49.74,20.63,17.67,16636906
374491,0.05,1.02,0.08,-3.20,2.53,-1.16,0.19,0.04,1.05,140.20,25.57,15.90,16637075
374503,0.05,1.02,0.10,-3.27,1.89,-1.83,0.19,0.05,1.08,258.12,16.02,17.06,16636423
374514,0.05,1.02,0.10,-2.72,1.68,-1.56,0.19,0.04,1.07,396.45,16.36,13.61,16637640
374525,0.05,1.03,0.10,-2.01,1.80,-1.34,0.19,-0.00,1.06,521.24,-2.26,25.70,16636842
374538,0.05,1.02,0.10,-2.14,2.14,-0.95,0.19,-0.07,1.03,658.57,-3.81,13.46,16636313
374549,0.06,1.02,0.09,-2.75,1.95,-1.65,0.18,-0.02,0.98,730.04,-40.41,0.34,16637719
374561,0.06,1.02,0.09,-3.02,2.59,-1.31,0.15,0.15,0.85,721.68,-25.94,-37.54,16637377
374573,0.06,1.02,0.10,-2.04,2.44,-2.14,0.12,0.29,0.73,707.34,-5.25,-64.67,16634525
374585,0.05,1.02,0.10,-1.34,2.75,-1.40,0.09,0.40,0.63,687.53,2.62,-88.29,16633473
374596,0.06,1.03,0.12,-0.73,1.46,-2.20,0.09,0.51,0.60,649.75,0.61,-95.25,16633989
374608,0.05,1.02,0.11,-1.59,2.08,-1.13,0.11,0.65,0.63,578.03,-9.06,-109.16,16636163
374620,0.05,1.03,0.11,-2.20,2.35,-1.95,0.13,0.80,0.64,459.11,-2.62,-85.05,16636087
374631,0.05,1.02,0.10,0.00,1.98,-0.61,0.12,0.94,0.64,366.88,-28.05,-63.02,16636708
374643,0.05,1.03,0.09,1.34,2.20,-2.04,0.11,0.97,0.57,298.34,-33.75,-42.66,16636740
374654,0.05,1.02,0.08,-1.62,2.14,-0.95,0.12,1.04,0.45,176.42,18.68,-47.15,16635881
374667,0.06,1.02,0.07,-3.60,1.92,-1.92,0.09,1.05,0.31,102.39,50.42,-48.92,16635563
374678,0.05,1.02,0.08,-4.36,2.08,-0.82,0.07,1.07,0.23,36.44,66.47,-48.77,16636864
374690,0.06,1.03,0.09,-3.23,1.80,-1.56,0.05,1.08,0.17,-5.40,60.94,-39.95,16636351
374702,0.05,1.03,0.09,-2.44,2.14,-1.07,0.03,1.05,0.13,-26.06,47.76,-31.56,16636561
374714,0.06,1.03,0.10,-2.78,2.35,-1.77,-0.00,1.00,0.12,-31.25,27.68,-33.11,16635958
374725,0.05,1.02,0.10,-2.93,1.92,-1.01,-0.02,0.94,0.11,-32.78,14.74,-40.19,16635609
374737,0.05,1.02,0.11,-2.53,1.98,-1.43,-0.03,0.89,0.10,-18.40,13.55,-50.57,16636744
374749,0.05,1.02,0.11,-1.43,1.86,-1.46,-0.04,0.86,0.10,-28.38,21.27,-64.00,16636146
374760,0.05,1.03,0.11,-1.19,1.89,-1.34,-0.04,0.87,0.12,-26.40,23.01,-56.24,16638552
374772,0.05,1.02,0.10,-2.20,1.89,-0.89,-0.02,0.90,0.16,-8.12,24.08,-46.33,16638211
374784,0.05,1.02,0.10,-2.32,2.08,-1.22,-0.02,0.95,0.19,0.46,17.61,-31.07,16636425
374796,0.06,1.02,0.09,-2.32,2.35,-1.37,0.01,0.99,0.20,37.38,24.96,-20.72,16633885
374807,0.06,1.03,0.09,-1.68,2.14,-1.77,0.01,1.22,0.26,-1.37,-37.66,86.88,16634603
374819,0.06,1.02,0.09,-2.47,2.14,-1.04,-0.04,1.23,0.24,-13.61,-0.58,89.23,16638971
374831,0.05,1.02,0.09,-2.84,1.92,-1.40,-0.07,1.23,0.18,-12.63,10.89,69.18,16636351
374843,0.05,1.02,0.09,-3.05,1.95,-1.25,-0.07,1.23,0.17,-35.52,6.71,27.31,16633672
374854,0.05,1.02,0.09,-2.87,1.74,-1.40,-0.08,1.16,0.16,12.60,28.20,-0.52,16632328
374865,0.05,1.02,0.09,-2.44,2.14,-1.50,-0.03,1.10,0.17,25.33,24.32,13.76,16633189
374878,0.05,1.02,0.09,-2.78,2.04,-1.25,0.01,1.04,0.19,53.53,25.51,16.97,16634484
374889,0.05,1.02,0.09,-2.96,2.08,-1.40,0.03,1.03,0.20,27.74,-15.47,14.89,16635553
374901,0.06,1.02,0.10,-2.35,2.14,-1.43,0.03,1.04,0.18,60.88,-28.99,-21.70,16637768
374913,0.06,1.02,0.11,-1.62,2.20,-1.65,0.05,1.01,0.17,81.54,-33.08,7.63,16635153
374925,0.06,1.02,0.11,-1.31,1.77,-1.53,0.03,0.99,0.15,108.09,-29.14,-0.34,16634094
374936,0.05,1.02,0.11,-1.65,1.92,-1.22,0.02,1.04,0.15,68.60,-39.28,3.97,16637634
374948,0.05,1.02,0.10,-2.08,1.95,-1.25,0.05,1.04,0.10,46.69,-19.90,2.44,16636240
374960,0.05,1.02,0.10,-2.20,2.04,-1.37,0.06,1.04,0.07,24.29,0.55,-1.40,16634728
374971,0.05,1.02,0.09,-2.38,2.04,-1.10,0.05,1.04,0.04,0.12,0.18,-0.37,16636654
374983,0.05,1.02,0.09,-2.35,2.41,-1.34,0.05,1.04,0.03,-20.45,1.10,-0.92,16633982
374994,0.05,1.02,0.09,-2.90,1.98,-1.10,0.05,1.03,0.02,-32.41,3.23,-1.65,16634535
375007,0.05,1.02,0.09,-3.17,2.14,-1.16,0.05,1.03,0.03,-32.71,14.28,-0.24,16636190
375018,0.05,1.02,0.09,-2.87,2.01,-1.19,0.04,1.02,0.04,-30.76,17.06,-0.06,16636514
375030,0.06,1.02,0.09,-2.38,1.95,-1.25,0.03,1.02,0.06,-24.02,6.29,-0.98,16636951
375042,0.06,1.02,0.09,-2.32,2.17,-1.43,0.03,1.01,0.08,-3.78,2.17,-1.28,16638611
375054,0.06,1.02,0.10,-2.69,2.08,-1.01,0.03,1.00,0.09,13.55,0.70,2.56,16637762
375065,0.05,1.02,0.10,-2.66,2.26,-1.34,0.04,1.00,0.09,18.16,0.92,0.40,16635941
375077,0.05,1.02,0.10,-2.04,2.11,-1.28,0.04,1.00,0.08,13.76,-0.12,-0.98,16636057
375089,0.05,1.02,0.10,-2.20,2.11,-1.19,0.05,1.01,0.07,8.33,0.31,-0.82,16635696
375100,0.05,1.02,0.10,-2.17,2.14,-1.28,0.05,1.01,0.06,3.48,0.27,-0.95,16636122
375112,0.05,1.02,0.11,-2.17,1.98,-1.40,0.04,1.01,0.05,-2.17,0.12,-0.98,16635602
375123,0.05,1.02,0.11,-1.53,2.08,-1.07,0.04,1.01,0.05,-5.98,0.82,-1.22,16635173
375136,0.06,1.02,0.10,-1.50,2.20,-1.34,0.04,1.01,0.05,-8.88,0.79,-0.82,16635862
375147,0.06,1.02,0.10,-1.89,2.17,-1.28,0.03,1.01,0.06,-9.03,0.70,-0.67,16636391
375159,0.06,1.02,0.09,-2.04,2.08,-1.28,0.03,1.01,0.06,-7.42,0.58,-0.73,16634029
375171,0.05,1.02,0.09,-2.50,1.83,-1.43,0.04,1.01,0.07,-4.06,0.89,-0.79,16633152
375183,0.05,1.02,0.09,-2.53,2.17,-1.28,0.04,1.01,0.08,1.01,0.55,-0.92,16634888
375194,0.05,1.02,0.09,-2.56,1.92,-1.25,0.04,1.01,0.08,4.94,0.55,-0.73,16635764
375205,0.05,1.02,0.09,-2.75,2.17,-1.31,0.04,1.01,0.08,7.26,0.52,-0.89,16634786
375218,0.05,1.02,0.10,-2.66,2.20,-1.10,0.04,1.01,0.07,7.93,0.70,-0.82,16632862
375229,0.05,1.02,0.10,-2.56,1.86,-1.37,0.04,1.01,0.06,6.56,0.52,-0.76,16630873
375241,0.05,1.02,0.11,-1.80,1.98,-1.53,0.04,1.01,0.05,2.87,0.49,-1.04,16635443
375252,0.06,1.02,0.11,-1.83,2.01,-1.34,0.04,1.01,0.05,-1.80,0.98,-1.07,16638534
375265,0.06,1.02,0.11,-1.89,1.65,-1.22,0.04,1.01,0.05,-5.80,0.61,-0.82,16635927
375276,0.05,1.02,0.10,-2.08,1.98,-1.34,0.04,1.01,0.05,-8.18,0.85,-0.98,16636020
375288,0.05,1.02,0.10,-2.08,2.23,-1.34,0.04,1.01,0.06,-7.78,0.61,-0.95,16636777
375300,0.05,1.02,0.09,-2.26,2.04,-1.37,0.04,1.01,0.07,-4.03,0.76,-0.98,16632269
375312,0.05,1.02,0.09,-2.41,2.14,-1.40,0.04,1.01,0.07,1.04,0.55,-0.73,16632070
375323,0.05,1.02,0.09,-2.38,2.14,-1.34,0.04,1.01,0.07,5.52,0.73,-0.76,16634500
375334,0.05,1.02,0.10,-2.29,1.86,-1.37,0.04,1.01,0.07,6.65,0.46,-0.95,16635014
375347,0.05,1.02,0.10,-2.20,1.71,-1.16,0.04,1.01,0.06,4.67,0.40,-0.82,16635306
375358,0.05,1.02,0.10,-2.08,1.83,-1.37,0.04,1.01,0.06,0.37,0.67,-0.79,16635355
375370,0.05,1.02,0.10,-2.41,2.11,-1.65,0.04,1.01,0.06,-4.12,0.58,-0.92,16637718
375382,0.05,1.02,0.09,-2.62,1.74,-1.68,0.03,1.01,0.06,-6.38,0.49,-0.89,16637583
375394,0.05,1.02,0.09,-2.75,2.20,-1.19,0.03,1.01,0.06,-4.55,0.64,-0.52,16637746
375405,0.05,1.02,0.10,-2.56,2.20,-1.34,0.04,1.01,0.06,-0.27,0.67,-0.70,16635569
375417,0.05,1.02,0.10,-3.23,2.29,-0.52,0.04,1.01,0.07,4.09,0.61,-0.55,16636323
375429,0.05,1.03,0.10,-2.66,2.50,-1.53,0.04,1.01,0.06,6.81,0.40,-0.89,16637806
375440,0.05,1.02,0.11,-2.56,1.98,-1.68,0.04,1.01,0.06,5.83,0.34,-0.98,16639128
375452,0.05,1.02,0.11,-2.23,1.77,-1.77,0.04,1.01,0.05,1.83,0.43,-0.98,16639389
375463,0.05,1.02,0.10,-1.89,2.01,-1.31,0.04,1.01,0.05,-3.36,0.40,-0.61,16640883
375476,0.05,1.02,0.10,-1.46,1.98,-1.01,0.04,1.01,0.05,-7.05,0.70,-0.92,16641964
375487,0.05,1.02,0.09,-1.95,2.11,-1.04,0.04,1.01,0.06,-8.09,0.64,-0.92,16642017
375499,0.05,1.02,0.09,-2.35,2.04,-1.31,0.04,1.01,0.07,-5.95,0.49,-0.67,16638782
375511,0.05,1.02,0.09,-2.53,2.14,-1.16,0.04,1.01,0.07,-1.65,0.70,-0.95,16637500
375523,0.05,1.02,0.09,-2.75,2.20,-1.04,0.04,1.01,0.07,3.60,0.70,-1.07,16639363
375534,0.05,1.02,0.09,-2.78,2.08,-1.25,0.04,1.01,0.07,6.71,0.61,-0.85,16637261
375546,0.05,1.02,0.10,-2.35,2.14,-1.74,0.04,1.01,0.07,7.63,0.40,-0.76,16636848
375558,0.05,1.02,0.10,-2.04,1.92,-1.71,0.04,1.01,0.06,5.31,0.58,-1.01,16640003
375569,0.05,1.02,0.10,-1.89,2.08,-1.43,0.04,1.01,0.05,2.93,0.58,-0.79,16645053
375581,0.05,1.02,0.10,-2.14,1.92,-1.10,0.04,1.01,0.05,-1.28,0.43,-1.16,16649316
375592,0.05,1.02,0.10,-2.29,2.14,-1.04,0.04,1.01,0.05,-6.10,0.31,-1.19,16649346
375605,0.05,1.02,0.10,-2.32,2.11,-1.10,0.04,1.01,0.05,-6.65,0.37,-0.95,16646878
375616,0.05,1.02,0.10,-2.26,2.11,-1.22,0.04,1.01,0.06,4.00,0.03,-0.82,16643433
375628,0.05,1.02,0.10,-2.41,2.01,-1.37,0.04,1.01,0.07,9.92,0.82,-0.85,16643275
375640,0.05,1.02,0.10,-2.23,2.08,-1.28,0.04,1.01,0.06,7.75,0.79,-0.92,16642450
375652,0.05,1.02,0.10,-2.14,2.26,-1.22,0.04,1.01,0.05,3.36,0.55,-0.82,16640735
375663,0.05,1.02,0.10,-2.26,2.01,-1.16,0.04,1.01,0.05,2.84,0.76,-0.92,16639219
375674,0.05,1.02,0.10,-2.01,2.04,-1.34,0.04,1.01,0.05,3.39,0.27,-0.73,16640223
375687,0.05,1.02,0.09,-1.86,1.98,-1.89,0.04,1.01,0.05,0.52,0.49,-0.40,16643387
375698,0.05,1.02,0.09,-2.11,1.92,-1.50,0.04,1.01,0.05,-3.60,-0.37,0.18,16643930
375710,0.05,1.02,0.09,-2.53,2.01,-1.13,0.04,1.01,0.05,-9.22,0.82,-0.55,16644315
375721,0.05,1.02,0.09,-2.47,2.14,-0.95,0.04,1.01,0.05,-10.19,1.10,-0.98,16647530
375734,0.05,1.02,0.10,-2.32,2.08,-1.40,0.04,1.01,0.05,-6.04,0.64,-0.67,16646261
375745,0.05,1.02,0.10,-2.08,2.11,-1.43,0.04,1.01,0.06,1.95,4.06,-0.06,16647145
375757,0.06,1.02,0.10,-2.17,2.04,-1.65,0.04,1.00,0.06,10.10,3.36,-0.64,16646641
375769,0.05,1.02,0.10,-2.47,1.98,-1.34,0.04,1.00,0.06,12.27,-0.21,-0.92,16646089
375781,0.05,1.02,0.10,-1.98,1.89,-1.16,0.04,1.01,0.05,8.24,0.34,-1.16,16645008
375792,0.05,1.02,0.10,-1.31,1.95,-1.25,0.04,1.01,0.05,5.43,0.82,-0.64,16647199
375803,0.05,1.02,0.10,-1.62,2.01,-1.10,0.04,1.01,0.04,0.55,0.27,-0.79,16650513
375816,0.05,1.02,0.09,-2.11,2.04,-1.13,0.04,1.01,0.05,2.01,-1.80,-1.04,16650376
375827,0.05,1.02,0.09,-2.69,2.11,-1.28,0.04,1.01,0.05,4.67,-2.35,-0.31,16656368
375839,0.05,1.02,0.09,-2.35,2.11,-1.46,0.04,1.01,0.05,5.13,0.70,-0.58,16658796
375851,0.05,1.02,0.09,-2.14,1.89,-1.43,0.04,1.01,0.05,2.93,0.70,-0.24,16655386
375863,0.05,1.02,0.09,-1.95,1.92,-1.22,0.04,1.01,0.04,1.10,0.61,-0.55,16660027
375874,0.06,1.02,0.09,-2.23,2.23,-1.28,0.03,1.01,0.04,-2.53,1.43,-1.56,16663061
375886,0.05,1.02,0.10,-1.80,2.29,-1.50,0.04,1.01,0.04,-1.50,0.64,-1.25,16664767
375898,0.05,1.02,0.10,-1.86,1.95,-1.25,0.04,1.01,0.04,-0.70,0.37,-1.40,16669624
375909,0.05,1.02,0.10,-2.26,2.08,-0.98,0.04,1.01,0.04,0.52,0.49,-0.95,16678239
375921,0.05,1.02,0.10,-2.23,1.95,-1.40,0.04,1.01,0.04,0.46,0.73,-0.92,16684801
375932,0.05,1.02,0.10,-1.77,2.17,-1.25,0.04,1.01,0.04,-0.89,0.64,-1.25,16689517
375945,0.05,1.02,0.10,-1.65,1.86,-1.19,0.04,1.01,0.04,-3.05,0.31,-2.44,16695781
375956,0.05,1.02,0.10,-1.80,2.17,-1.25,0.04,1.01,0.04,-1.62,0.15,-1.71,16704395
375968,0.05,1.02,0.10,-1.43,1.92,-1.34,0.04,1.01,0.04,1.07,0.52,-1.53,16716525
375980,0.05,1.02,0.10,-0.89,1.89,-1.43,0.04,1.01,0.04,1.53,0.52,-0.89,16724786
375992,0.05,1.02,0.10,-1.59,1.89,-1.40,0.04,1.01,0.04,-0.31,0.43,-0.95,16732254
376003,0.05,1.02,0.09,-2.29,2.11,-1.25,0.04,1.01,0.04,-4.82,0.73,-0.37,16742813
376015,0.05,1.02,0.09,-1.86,1.98,-1.34,0.04,1.01,0.04,-7.54,0.92,-1.80,16754042
376027,0.05,1.03,0.09,-1.07,1.86,-1.43,0.04,1.01,0.05,-4.12,0.89,-0.79,16768385
376038,0.05,1.02,0.09,-1.74,2.08,-1.16,0.04,1.01,0.05,0.89,0.40,-1.07,10308
376050,0.05,1.02,0.09,-2.53,2.11,-1.53,0.04,1.01,0.05,6.74,0.64,-1.31,27139
376061,0.05,1.02,0.10,-2.04,2.14,-1.50,0.04,1.00,0.05,10.80,0.15,-0.98,42565
376074,0.05,1.03,0.10,-0.95,1.86,-1.56,0.04,1.01,0.05,9.64,0.24,-0.98,60239
376085,0.05,1.02,0.10,-1.89,2.04,-1.34,0.04,1.01,0.04,8.64,0.58,-1.19,78849
376097,0.05,1.02,0.10,-2.04,1.95,-1.43,0.04,1.01,0.04,7.39,0.34,-1.01,99984
376109,0.05,1.02,0.10,-1.28,1.98,-1.53,0.04,1.01,0.03,1.37,1.28,-0.46,121701
376121,0.05,1.02,0.10,-1.40,2.04,-1.28,0.04,1.01,0.03,-3.60,0.64,-1.59,143960
376132,0.05,1.02,0.09,-2.44,2.41,-1.77,0.04,1.01,0.03,-7.20,1.16,-0.85,171647
376143,0.05,1.02,0.10,-1.53,2.81,-1.34,0.04,1.01,0.03,-3.42,1.50,-1.22,189898
376156,0.05,1.02,0.11,-0.92,2.72,-1.40,0.04,1.00,0.03,3.72,1.34,-1.22,206039
376167,0.05,1.02,0.12,-1.62,2.35,-1.46,0.04,1.00,0.02,9.22,0.73,-1.10,233090
376179,0.06,1.02,0.12,-0.79,2.26,-1.71,0.04,1.00,0.01,7.87,0.43,-1.34,266261
376190,0.05,1.03,0.12,0.15,1.95,-1.25,0.05,1.01,0.01,0.64,0.46,-1.13,287170
376203,0.05,1.02,0.11,-0.95,2.11,-1.13,0.04,1.01,0.02,-8.79,0.76,-1.46,305675
376214,0.05,1.02,0.09,-2.01,2.56,-1.01,0.04,1.02,0.03,-16.75,1.25,-1.77,325072
376226,0.05,1.02,0.08,-1.71,2.75,-1.22,0.03,1.02,0.04,-16.17,1.56,-1.22,343669
376238,0.06,1.02,0.07,-2.08,2.69,-1.10,0.03,1.01,0.05,-9.92,1.50,-1.04,363514
376250,0.06,1.02,0.07,-2.32,2.50,-1.50,0.03,1.01,0.06,0.06,2.78,-0.89,378891
376261,0.06,1.02,0.07,-1.80,1.95,-1.13,0.03,1.01,0.06,7.42,1.34,-0.89,391385
376272,0.05,1.03,0.08,-0.85,1.68,-1.31,0.04,1.01,0.06,10.83,0.00,-0.82,406857
376285,0.05,1.02,0.08,-2.08,1.50,-0.95,0.04,1.01,0.05,7.81,0.00,-0.55,421800
376296,0.05,1.02,0.08,-2.11,1.68,-1.22,0.04,1.01,0.05,1.77,-0.24,0.37,431678
376308,0.05,1.02,0.08,-2.32,1.92,-1.16,0.04,1.01,0.04,-3.33,0.58,-0.24,438444
376320,0.05,1.02,0.08,-2.90,2.04,-1.22,0.03,1.01,0.04,-1.46,-0.21,-0.21,449386
376332,0.05,1.02,0.08,-3.14,2.53,-1.16,0.03,1.00,0.05,21.18,-23.93,-0.43,466045
376343,0.05,1.02,0.10,-2.59,2.35,-1.13,0.02,0.99,0.05,49.77,-39.98,5.16,478266
376355,0.06,1.02,0.11,-2.41,1.98,-1.13,0.03,0.99,0.05,62.41,-18.28,-1.25,493170
376367,0.06,1.02,0.11,-2.23,1.83,-1.37,0.04,0.99,0.04,67.96,-7.72,0.27,505266
376378,0.06,1.02,0.11,-1.80,1.80,-1.34,0.04,0.99,0.03,77.94,2.20,-0.09,514878
376390,0.05,1.02,0.11,-1.56,2.11,-1.53,0.04,0.99,0.03,88.01,6.81,-1.37,520236
376401,0.05,1.02,0.10,-2.23,2.32,-1.07,0.05,0.99,0.01,96.07,25.33,-3.30,528508
376414,0.05,1.02,0.09,-1.98,2.32,-1.53,0.05,1.01,-0.02,78.37,13.58,-6.35,538291
376425,0.05,1.02,0.08,-2.41,1.95,-1.19,0.03,1.01,-0.04,63.48,0.52,-0.61,549267
376437,0.05,1.02,0.07,-2.90,1.95,-1.10,0.03,1.01,-0.06,54.96,4.88,-1.25,559328
376449,0.05,1.02,0.08,-2.78,1.74,-1.19,0.03,1.01,-0.08,53.22,12.33,-2.50,573065
376461,0.05,1.02,0.08,-2.84,1.62,-0.98,0.03,1.01,-0.09,42.48,5.55,-1.43,591679
376472,0.06,1.02,0.09,-2.99,2.08,-1.10,0.03,1.00,-0.11,30.76,2.20,-1.22,610019
376484,0.06,1.02,0.09,-2.90,1.95,-1.13,0.03,1.00,-0.13,24.51,1.92,-0.95,624125
376496,0.06,1.02,0.10,-2.29,2.14,-1.46,0.03,1.00,-0.13,29.21,0.15,-0.85,629691
376507,0.05,1.02,0.10,-2.26,2.23,-1.22,0.03,0.99,-0.13,42.82,-3.57,0.15,636238
376519,0.05,1.02,0.10,-2.26,2.26,-1.28,0.04,0.98,-0.13,50.05,-0.89,-0.03,649688
376530,0.05,1.02,0.11,-2.01,1.86,-1.43,0.04,0.98,-0.15,43.37,0.34,-1.10,656364
376543,0.05,1.03,0.10,-1.46,2.08,-0.85,0.04,0.99,-0.16,35.74,-0.95,-0.67,658946
376554,0.05,1.03,0.10,-1.04,2.01,-1.31,0.04,0.99,-0.17,25.21,0.21,-0.98,658895
376566,0.05,1.02,0.09,-1.74,2.11,-1.04,0.03,0.99,-0.18,14.74,0.18,-0.82,659095
376578,0.06,1.02,0.09,-2.56,2.14,-0.98,0.03,0.99,-0.19,9.00,0.55,-1.13,655700
376590,0.06,1.03,0.09,-1.56,1.95,-1.13,0.03,0.99,-0.19,-0.06,0.58,-0.15,650700
376601,0.05,1.02,0.08,-1.83,1.89,-1.16,0.03,0.99,-0.20,-9.19,0.70,-0.76,642187
376612,0.05,1.02,0.08,-2.50,1.98,-1.37,0.03,0.99,-0.19,-11.78,0.76,0.06,628304
376625,0.05,1.03,0.08,-1.80,2.14,-1.53,0.03,0.99,-0.19,-15.69,0.89,-0.82,611687
376636,0.05,1.02,0.08,-2.96,2.04,-1.89,0.04,0.99,-0.19,-23.10,7.26,-2.01,589559
376648,0.05,1.02,0.08,-3.57,2.26,-1.59,0.04,0.99,-0.19,-25.97,10.07,-2.99,567821
376659,0.05,1.02,0.09,-2.50,2.20,-1.43,0.03,0.98,-0.18,-14.04,0.89,-0.82,547536
376672,0.05,1.02,0.10,-2.56,2.01,-1.16,0.04,0.98,-0.18,-3.57,0.73,-0.95,530384
376683,0.05,1.02,0.11,-2.17,1.95,-1.43,0.04,0.97,-0.17,2.87,0.64,-0.89,510243
376695,0.05,1.03,0.11,-1.13,2.04,-1.53,0.04,0.97,-0.18,3.51,0.46,-0.95,483420
376707,0.05,1.02,0.11,-1.25,1.98,-1.34,0.04,0.98,-0.18,-0.85,0.43,-0.89,459086
376719,0.05,1.02,0.10,-1.68,2.08,-1.46,0.03,0.98,-0.18,-4.70,0.82,-1.07,435584
376730,0.05,1.02,0.09,-2.32,2.26,-1.34,0.03,0.99,-0.17,-9.34,1.43,-1.62,412618
376741,0.05,1.02,0.08,-3.08,2.20,-1.10,0.03,0.99,-0.17,-13.21,2.66,-2.23,384634
376754,0.05,1.02,0.08,-2.93,2.35,-1.43,0.03,0.99,-0.16,-9.95,0.95,-0.79,359803
376765,0.05,1.03,0.08,-2.14,2.11,-1.07,0.03,0.99,-0.15,-4.15,0.55,-0.82,337635
376777,0.05,1.02,0.08,-2.72,2.11,-1.04,0.03,0.98,-0.15,1.56,0.79,-1.56,322355
376788,0.05,1.02,0.09,-2.69,1.89,-1.13,0.03,0.98,-0.15,7.08,0.34,-0.12,312206
376801,0.05,1.02,0.09,-3.33,1.86,-1.10,0.03,0.98,-0.16,7.42,0.31,-0.85,299713
376812,0.05,1.02,0.09,-3.78,2.01,-0.67,0.03,0.98,-0.16,4.67,0.34,-0.52,273151
376824,0.05,1.02,0.09,-3.94,2.20,-0.85,0.03,0.98,-0.17,1.10,0.73,-0.92,234253
376836,0.05,1.02,0.09,-3.63,1.95,-0.82,0.03,0.99,-0.17,-3.81,0.95,-0.64,192176
376847,0.05,1.02,0.09,-3.42,1.95,-0.95,0.04,0.98,-0.17,-5.22,0.73,-0.89,151558
376859,0.05,1.02,0.10,-2.93,1.98,-1.07,0.04,0.98,-0.17,-4.03,0.46,-0.82,119169
376870,0.05,1.02,0.10,-3.05,2.11,-0.85,0.04,0.98,-0.17,-0.95,0.61,-0.82,97849
376883,0.05,1.02,0.10,-2.75,2.04,-1.56,0.04,0.98,-0.17,1.16,0.37,-0.82,79902
376894,0.06,1.02,0.10,-2.17,1.89,-1.22,0.03,0.98,-0.17,0.31,0.58,-0.79,59567
376906,0.06,1.02,0.10,-1.98,2.08,-1.34,0.03,0.98,-0.17,-2.26,0.43,-0.92,46160
376918,0.05,1.02,0.09,-2.93,2.04,-1.19,0.03,0.99,-0.17,-4.82,0.49,-0.76,34077
376930,0.05,1.02,0.09,-2.93,2.11,-1.59,0.03,0.99,-0.16,-6.47,0.70,-0.85,22720
376941,0.05,1.03,0.09,-2.11,1.95,-1.34,0.03,0.99,-0.16,-4.94,0.70,-0.89,14862
376953,0.05,1.02,0.08,-2.93,2.32,-1.31,0.03,0.99,-0.15,-0.52,0.70,-0.82,11046
376965,0.05,1.02,0.09,-3.36,2.01,-1.28,0.03,0.98,-0.15,4.52,0.73,-0.95,13515
376976,0.05,1.02,0.09,-2.41,1.74,-1.01,0.03,0.98,-0.16,7.97,0.64,-0.64,12449
376988,0.06,1.02,0.10,-2.29,2.35,-1.46,0.03,0.98,-0.17,9.16,0.61,-1.04,11326
376999,0.06,1.02,0.10,-2.14,1.65,-1.46,0.04,0.98,-0.18,6.20,0.58,-1.28,10697
377012,0.05,1.02,0.11,-2.01,2.14,-1.89,0.04,0.98,-0.18,0.31,0.40,-0.89,7437
377023,0.05,1.02,0.10,-1.56,2.17,-1.71,0.04,0.98,-0.19,-6.93,0.61,-1.19,5543
377035,0.05,1.02,0.10,-1.74,1.98,-1.53,0.04,0.99,-0.18,-11.72,0.64,-0.82,5349
377047,0.05,1.02,0.09,-2.08,1.53,-1.13,0.03,0.99,-0.17,-12.60,1.07,-0.55,4770
377059,0.05,1.02,0.09,-2.47,2.29,-1.46,0.03,0.99,-0.16,-9.77,0.67,-1.10,2861
377070,0.05,1.02,0.09,-2.56,1.89,-1.40,0.03,0.99,-0.16,-3.23,0.73,-0.95,3319
377081,0.06,1.02,0.09,-2.69,2.14,-1.46,0.03,0.98,-0.15,4.52,0.70,-0.79,2908
377094,0.06,1.02,0.09,-2.81,2.14,-1.34,0.03,0.98,-0.15,9.12,0.40,-0.70,1479
377105,0.06,1.02,0.09,-2.53,1.89,-1.50,0.03,0.98,-0.16,9.92,0.49,-0.85,16776056
377117,0.05,1.02,0.09,-2.78,2.08,-1.56,0.04,0.98,-0.16,6.38,0.40,-0.58,16771092
377128,0.05,1.02,0.09,-2.69,1.86,-1.92,0.04,0.98,-0.17,0.55,0.55,-0.73,16764591
377141,0.05,1.03,0.10,-1.62,2.01,-1.80,0.04,0.99,-0.18,-4.88,0.46,-0.82,16756647
377152,0.05,1.02,0.10,-1.04,1.62,-0.79,0.04,0.98,-0.18,-7.14,0.52,-1.01,16752058
377164,0.05,1.02,0.10,-2.20,2.38,-1.37,0.04,0.98,-0.17,-6.68,0.67,-0.89,16747364
377176,0.05,1.02,0.10,-1.92,2.08,-1.25,0.03,0.98,-0.17,-4.49,0.58,-0.85,16743844
377188,0.05,1.02,0.10,-1.98,1.95,-1.22,0.03,0.98,-0.17,-1.01,0.58,-0.82,16742866
377199,0.06,1.02,0.09,-4.49,1.13,-1.07,0.03,0.98,-0.16,1.31,0.43,-0.89,16742617
377210,0.06,1.02,0.08,-3.66,0.58,-1.83,0.03,0.98,-0.16,1.28,0.40,-0.76,16742778
377223,0.06,1.03,0.08,-0.49,0.15,-2.35,0.03,0.98,-0.16,2.17,0.64,-0.76,16736611
377234,0.05,1.03,0.08,-0.43,0.09,-1.62,0.03,0.98,-0.16,3.45,0.34,-0.61,16731463
377246,0.05,1.02,0.06,-1.83,-0.12,-1.59,0.04,0.98,-0.16,2.35,0.67,-0.89,16725495
377257,0.05,1.02,0.08,-3.20,2.44,-1.77,0.04,0.98,-0.16,4.43,0.70,-0.49,16718651
377270,0.05,1.02,0.10,-5.46,3.45,-2.56,0.04,0.98,-0.16,5.10,0.76,-0.92,16714443
377281,0.05,1.02,0.11,-4.79,1.62,-0.92,0.04,0.98,-0.17,5.68,0.46,-0.67,16707537
377293,0.05,1.03,0.12,-1.92,1.95,-1.46,0.03,0.98,-0.17,4.73,0.34,-0.73,16703508
377305,0.05,1.02,0.11,-2.01,1.59,-0.92,0.03,0.98,-0.18,3.02,0.67,-1.16,16702043
377317,0.06,1.02,0.11,-2.50,2.17,-1.28,0.03,0.98,-0.19,-0.58,0.61,-0.64,16701716
377328,0.06,1.02,0.11,-0.98,2.01,-1.40,0.03,0.98,-0.19,-3.72,0.64,-0.85,16695869
377339,0.08,1.03,0.10,-0.46,2.17,-1.95,0.03,0.98,-0.19,-5.80,0.52,-1.13,16687043
377352,0.08,1.02,0.10,-0.76,1.80,-1.16,0.04,0.98,-0.18,-6.20,0.70,-1.16,16684533
377363,0.09,1.02,0.09,-2.41,0.24,-0.82,0.04,0.98,-0.18,-4.27,0.43,-1.04,16682497
377375,0.09,1.02,0.09,-1.62,-0.82,-0.79,0.04,0.98,-0.17,0.61,0.34,-0.70,16680004
377387,0.08,1.02,0.09,-2.01,-0.85,-1.46,0.04,0.98,-0.16,5.25,0.55,-0.58,16678272
377399,0.08,1.01,0.07,-4.70,1.46,-1.22,0.03,0.98,-0.16,8.15,0.52,-0.64,16670727
377410,0.05,1.02,0.08,-4.49,3.36,-0.43,0.03,0.98,-0.16,10.38,0.43,-0.89,16666213
377422,0.02,1.03,0.09,-1.43,4.88,-1.68,0.03,0.98,-0.17,11.11,0.52,-0.85,16668425
377434,0.01,1.03,0.10,-1.13,3.97,-1.31,0.03,0.98,-0.18,7.81,0.49,-0.67,16664258
377446,0.02,1.02,0.10,-3.20,2.41,-1.07,0.03,0.98,-0.19,2.23,0.55,-0.67,16660144
377457,0.03,1.01,0.10,-4.06,2.04,-1.37,0.03,0.98,-0.19,-2.53,0.46,-0.95,16661488
377468,0.03,1.02,0.11,-3.45,5.43,-2.01,0.04,0.98,-0.20,-4.67,0.67,-0.95,16658842
377481,0.03,1.02,0.12,-2.26,8.00,-0.92,0.04,0.98,-0.19,-5.25,0.85,-0.95,16654297
377492,0.07,1.02,0.12,-2.53,8.82,-1.59,0.04,0.98,-0.19,-5.55,0.40,-0.92,16647980
377504,0.11,1.00,0.09,-5.04,8.00,-3.36,0.04,0.98,-0.18,-3.23,0.73,-0.73,16644407
377516,0.07,1.03,0.09,-4.88,5.04,4.03,0.04,0.98,-0.18,1.65,0.52,-0.61,16649661
377528,0.01,1.05,0.11,4.24,7.05,2.14,0.03,0.98,-0.18,2.90,0.58,-0.79,16648984
377539,0.03,1.04,0.10,1.62,6.87,-1.56,0.03,0.98,-0.18,1.34,0.37,-0.82,16643257
377551,0.05,1.01,0.08,-4.70,5.77,-1.13,0.03,0.98,-0.18,-2.38,0.40,-1.01,16643831
377563,0.06,1.01,0.08,-6.32,5.65,-1.46,0.03,0.98,-0.18,-3.39,0.31,-0.58,16643059
377574,0.05,1.03,0.10,-1.34,7.23,-1.89,0.03,0.98,-0.17,-1.86,0.49,-0.79,16642329
377586,0.03,1.04,0.09,1.62,6.16,-1.07,0.03,0.98,-0.17,-0.58,0.73,-0.79,16639958
377597,0.04,1.02,0.08,-1.71,3.36,-0.31,0.04,0.98,-0.17,2.01,0.43,-0.79,16636808
377610,0.05,1.00,0.07,-6.96,2.17,-0.82,0.04,0.98,-0.18,2.81,0.37,-1.07,16637322
377621,0.05,1.02,0.09,-3.69,1.86,-1.22,0.04,0.98,-0.19,1.34,0.46,-0.79,16638666
377633,0.05,1.04,0.11,1.46,2.32,-1.80,0.04,0.98,-0.19,0.40,0.55,-1.13,16634936
377645,0.06,1.04,0.11,1.10,1.95,-1.62,0.03,0.98,-0.19,-1.59,0.37,-0.95,16639998
377657,0.05,1.02,0.10,-3.14,1.92,-0.64,0.03,0.98,-0.19,-3.27,0.55,-0.92,16639632
377668,0.06,1.01,0.09,-5.10,1.95,-1.19,0.03,0.98,-0.19,-5.40,0.67,-0.98,16638255
377680,0.05,1.02,0.09,-2.17,1.92,-0.61,0.03,0.98,-0.18,-5.55,0.61,-0.67,16642064
377692,0.05,1.04,0.10,0.98,1.95,-0.82,0.03,0.98,-0.18,-3.05,0.67,-1.01,16646384
377703,0.05,1.03,0.09,-0.12,1.98,-1.37,0.04,0.98,-0.17,0.09,0.55,-0.82,16647280
377715,0.05,1.01,0.08,-4.06,1.68,-1.04,0.04,0.98,-0.17,2.38,0.37,-1.01,16642882
377726,0.05,1.01,0.08,-5.65,1.92,-0.98,0.03,0.98,-0.17,1.31,0.52,-0.76,16637541
377739,0.05,1.03,0.09,-2.50,2.29,-1.28,0.03,0.98,-0.18,-0.46,0.58,-1.04,16634893
377750,0.05,1.04,0.10,-0.09,2.23,-1.59,0.03,0.98,-0.18,-1.37,0.40,-0.73,16637931
377762,0.05,1.02,0.09,-1.77,2.01,-1.59,0.03,0.98,-0.18,-0.34,0.64,-0.67,16636498
377774,0.05,1.01,0.09,-4.27,1.95,-1.10,0.03,0.98,-0.18,0.34,0.52,-0.79,16636419
377786,0.05,1.02,0.09,-3.97,2.01,-1.28,0.03,0.98,-0.18,-0.27,0.34,-0.58,16637204
377797,0.05,1.03,0.10,-0.46,1.98,-0.09,0.04,0.98,-0.18,-1.25,0.67,-0.79,16634563
377809,0.05,1.03,0.10,-0.67,2.23,-0.70,0.04,0.98,-0.19,-1.53,0.79,-1.10,16634080
377821,0.04,1.02,0.10,-2.17,2.35,-1.65,0.04,0.98,-0.19,-0.58,0.73,-0.92,16631945
377832,-0.01,1.02,0.09,-3.63,1.86,-0.37,0.04,0.98,-0.19,-0.21,0.67,-0.82,16633163
377844,-0.07,1.02,0.09,-2.62,2.20,-2.11,0.04,0.98,-0.19,-2.41,0.73,-0.73,16635533
377856,-0.12,1.03,0.08,-1.68,1.34,-0.64,0.04,0.98,-0.19,-8.24,0.58,-0.98,16636528
377868,-0.10,1.03,0.08,-0.67,1.77,-1.28,0.04,0.98,-0.19,-13.46,0.98,-0.98,16637029
377879,-0.01,1.02,0.08,-1.80,2.11,-1.13,0.04,0.99,-0.18,-17.21,18.31,-5.65,16638891
377891,0.07,1.02,0.08,-1.98,2.38,-0.40,0.05,0.99,-0.16,-23.10,52.64,-9.34,16637876
377903,0.13,1.02,0.09,-2.23,2.75,-1.28,0.04,0.99,-0.16,-10.77,32.29,-6.32,16636245
377915,0.16,1.03,0.09,-1.83,3.05,-1.46,0.03,0.98,-0.16,4.85,11.26,-2.93,16635550
377926,0.17,1.02,0.11,-1.31,2.84,-2.78,0.02,0.98,-0.15,18.62,0.98,-0.79,16636615
377938,0.13,1.02,0.11,-2.01,2.53,-1.56,0.03,0.97,-0.16,23.96,0.34,-0.67,16634421
377950,0.11,1.02,0.11,-3.14,1.98,-1.62,0.03,0.97,-0.17,23.77,0.37,-0.76,16636173
377961,0.09,1.02,0.11,-3.48,2.32,-1.25,0.04,0.98,-0.18,19.29,0.27,-0.76,16636735
377973,0.08,1.02,0.11,-2.84,2.14,-1.16,0.04,0.98,-0.19,10.19,0.70,-1.07,16636160
377985,0.07,1.02,0.11,-2.11,2.11,-1.59,0.03,0.98,-0.20,1.74,0.46,-0.95,16636188
377997,0.06,1.02,0.10,-2.41,2.11,-1.28,0.03,0.98,-0.20,-6.07,0.64,-1.10,16636499
378008,0.06,1.02,0.10,-2.47,2.23,-1.13,0.03,0.98,-0.20,-9.00,0.89,-0.98,16635953
378020,0.06,1.02,0.09,-2.75,2.17,-1.19,0.03,0.98,-0.19,-8.42,1.25,-1.04,16635170
378032,0.06,1.02,0.09,-2.72,2.14,-1.04,0.03,0.98,-0.19,-5.37,1.62,-1.28,16634465
378044,0.06,1.02,0.09,-2.38,1.92,-1.19,0.03,0.98,-0.18,-2.41,3.94,-1.34,16636077
378055,0.05,1.02,0.09,-2.23,1.89,-1.43,0.04,0.98,-0.18,-0.21,7.60,-1.95,16634873
378067,0.05,1.02,0.09,-2.50,1.98,-1.37,0.03,0.98,-0.18,-0.43,5.80,-1.62,16635812
378079,0.05,1.02,0.09,-3.02,1.86,-1.43,0.03,0.98,-0.18,-0.89,0.58,-0.73,16635503
378090,0.05,1.02,0.09,-3.23,2.08,-0.76,0.03,0.98,-0.18,-0.92,0.00,-0.31,16634272
378102,0.06,1.03,0.08,-3.11,0.82,-1.77,0.03,0.98,-0.18,-3.14,-0.34,-0.37,16636442
378114,0.05,1.03,0.07,-3.11,0.67,-1.10,0.03,0.99,-0.17,-6.96,-0.12,-0.27,16637211
378126,0.05,1.02,0.06,-4.06,1.53,-0.73,0.03,0.99,-0.16,-8.73,-0.12,0.00,16635527
378137,0.05,1.02,0.06,-4.88,1.31,-1.25,0.03,0.99,-0.15,-4.70,0.46,-0.24,16634966
378149,0.05,1.02,0.07,-4.88,2.01,-0.98,0.03,0.99,-0.15,6.65,0.73,-0.31,16635435
378161,0.06,1.02,0.08,-4.67,1.86,-1.31,0.03,0.98,-0.16,17.73,0.31,0.03,16637220
378173,0.06,1.03,0.10,-3.23,1.40,-1.46,0.03,0.97,-0.18,25.36,-0.09,-0.18,16638396
378184,0.06,1.03,0.12,-2.47,1.07,-1.37,0.04,0.96,-0.20,26.15,-0.15,-0.21,16636385
378196,0.05,1.02,0.13,-2.35,1.40,-1.74,0.05,0.96,-0.21,21.58,-0.03,-0.46,16636892
378208,0.05,1.02,0.13,-2.69,1.77,-1.59,0.05,0.97,-0.22,12.18,-0.09,-0.85,16638579
378219,0.05,1.02,0.13,-2.29,1.74,-1.59,0.05,0.97,-0.23,-0.61,0.49,-0.89,16636407
378231,0.05,1.02,0.12,-2.59,2.32,-1.50,0.04,0.97,-0.23,-9.80,0.92,-1.04,16634945
378243,0.05,1.02,0.12,-2.47,2.69,-1.22,0.04,0.98,-0.23,-11.81,1.31,-1.10,16634397
378255,0.05,1.02,0.12,-2.47,2.84,-0.70,0.03,0.97,-0.22,-8.45,1.01,-0.70,16635434
378266,0.06,1.02,0.12,-2.44,2.17,-1.37,0.04,0.97,-0.21,-3.30,0.79,-1.19,16635435
378278,0.05,1.02,0.11,-1.74,2.04,-1.04,0.04,0.97,-0.21,0.46,0.52,-0.95,16637056
378290,0.05,1.02,0.10,-1.25,1.53,-0.31,0.04,0.97,-0.20,-0.24,0.06,-0.58,16639781
378302,0.05,1.02,0.09,-2.04,1.50,-0.95,0.03,0.98,-0.20,-5.31,0.43,-0.70,16639664
378313,0.05,1.02,0.08,-2.38,1.71,-0.49,0.03,0.98,-0.19,-8.73,0.67,-0.61,16637513
378326,0.05,1.02,0.07,-4.49,1.65,-0.98,0.03,0.99,-0.18,-9.40,1.13,-0.79,16637066
378337,0.05,1.02,0.06,-5.22,2.17,-1.19,0.03,0.99,-0.17,-5.22,0.79,-0.70,16641301
378348,0.05,1.02,0.07,-5.52,2.11,-0.98,0.03,0.98,-0.17,3.30,0.67,-0.55,16642612
378360,0.05,1.03,0.09,-3.05,2.04,-1.25,0.03,0.98,-0.18,10.65,0.49,-0.85,16649070
378372,0.05,1.03,0.11,-1.37,2.04,-1.65,0.04,0.97,-0.19,15.29,0.43,-0.43,16653018
378384,0.06,1.02,0.11,-3.11,2.17,-1.89,0.04,0.97,-0.20,13.76,0.34,-0.55,16655484
378395,0.06,1.02,0.11,-3.57,2.72,-1.50,0.04,0.97,-0.22,8.94,0.34,-1.16,16657909
378407,0.06,1.03,0.11,-0.73,3.20,-1.50,0.04,0.97,-0.23,2.20,0.64,-0.89,16660709
378419,0.06,1.03,0.11,0.79,2.78,-1.40,0.04,0.97,-0.23,-4.70,0.92,-1.01,16658534
378431,0.06,1.02,0.10,-1.46,2.17,-1.28,0.04,0.97,-0.22,-10.04,0.61,-1.13,16656457
378442,0.06,1.01,0.09,-4.09,2.50,-0.82,0.04,0.98,-0.21,-10.71,0.67,-0.85,16654818
378455,0.06,1.02,0.08,-3.33,2.59,-0.73,0.04,0.98,-0.20,-8.73,0.67,-0.95,16659234
378466,0.09,1.03,0.08,-1.31,2.08,-1.28,0.03,0.98,-0.18,-2.90,0.64,-0.85,16659344
378477,0.12,1.02,0.06,-2.90,0.52,-1.68,0.03,0.98,-0.18,5.52,0.79,-0.67,16661740
378489,0.12,1.01,0.06,-7.05,-1.37,-0.55,0.03,0.98,-0.18,14.71,0.34,-0.46,16669027
378501,0.04,1.01,0.10,-5.55,1.25,-1.22,0.03,0.97,-0.18,21.85,0.18,-0.73,16674096
378513,-0.04,1.03,0.14,-1.53,3.36,4.46,0.04,0.97,-0.20,21.55,0.43,-0.58,16677385
378524,-0.01,1.01,0.13,-5.19,2.93,-1.56,0.04,0.97,-0.21,13.00,0.03,-0.64,16687506
378536,0.01,0.99,0.10,-12.18,2.69,0.00,0.04,0.97,-0.22,2.78,0.58,-1.01,16705128
378548,0.03,1.02,0.12,-6.01,2.14,-0.79,0.04,0.98,-0.23,-5.58,0.73,-1.10,16726952
378560,0.04,1.04,0.13,0.46,1.56,-1.46,0.04,0.98,-0.22,-7.48,0.98,-1.19,16749314
378571,0.04,1.04,0.12,-0.06,2.20,-1.16,0.03,0.97,-0.22,-4.36,0.73,-1.07,16774010
378583,0.05,1.02,0.11,-4.09,1.95,-1.53,0.03,0.97,-0.22,1.04,0.55,-1.10,21303
378595,0.05,1.02,0.11,-3.78,1.13,-1.56,0.03,0.97,-0.22,3.94,0.43,-0.95,44952
378606,0.05,1.04,0.12,0.34,0.00,-2.72,0.04,0.97,-0.22,3.08,0.21,-0.92,70122
378618,0.05,1.04,0.12,1.50,0.98,-1.95,0.04,0.97,-0.22,-2.59,-0.03,-1.07,94329
378630,0.05,1.03,0.11,0.24,1.65,-1.80,0.04,0.98,-0.22,-8.03,0.49,-1.07,113471
378642,0.05,1.02,0.10,-1.19,1.86,-1.74,0.03,0.98,-0.21,-9.64,0.79,-0.64,127068
378653,0.05,1.03,0.09,0.15,1.92,-1.74,0.03,0.98,-0.20,-6.07,0.89,-1.01,142366
378665,0.05,1.03,0.09,0.52,1.59,-1.68,0.03,0.98,-0.19,1.95,0.76,-0.95,159270
378677,0.05,1.02,0.09,-1.89,1.46,-1.43,0.03,0.97,-0.20,7.54,0.82,-0.85,175850
378689,0.06,1.01,0.10,-2.04,0.98,-1.37,0.03,0.97,-0.21,10.99,0.37,-0.64,193604
378700,0.06,1.00,0.10,-5.07,-0.89,-1.46,0.04,0.97,-0.22,7.84,0.12,-0.89,217180
378713,0.07,1.01,0.10,-6.04,-5.62,-1.31,0.04,0.97,-0.23,2.20,0.37,-0.79,243346
378724,0.09,1.02,0.09,-4.76,-10.10,-1.56,0.04,0.97,-0.23,-3.51,0.73,-1.07,268925
378735,0.07,1.03,0.10,-1.22,-10.07,-1.56,0.04,0.97,-0.22,-5.07,0.46,-0.76,290887
378747,0.05,1.04,0.11,1.28,-5.04,-1.83,0.04,0.97,-0.22,-2.78,0.70,-1.01,313073
378759,-0.01,1.04,0.12,2.23,2.11,5.58,0.04,0.97,-0.21,1.01,0.58,-0.89,343915
378771,0.01,1.03,0.11,-2.35,2.59,1.25,0.04,0.97,-0.21,3.05,0.55,-0.64,367400
378782,0.02,1.00,0.09,-8.51,2.69,-2.87,0.04,0.97,-0.22,1.56,0.52,-0.82,389137
378795,0.05,1.01,0.09,-7.63,2.17,-5.74,0.03,0.97,-0.22,-1.28,0.67,-0.95,412801
378806,0.07,1.00,0.08,-12.24,2.53,-2.75,0.03,0.98,-0.22,-4.09,0.64,-0.92,428945
378818,0.06,1.02,0.09,-6.23,2.17,2.93,0.02,0.98,-0.21,-3.42,0.82,-1.04,443654
378829,0.05,1.04,0.11,-1.74,2.62,6.20,0.03,0.97,-0.21,-0.06,0.95,-0.85,453456
378842,0.03,1.04,0.11,-2.99,2.29,4.73,0.03,0.97,-0.21,3.66,0.61,-0.67,464681
378853,0.03,1.03,0.11,-1.95,1.40,-0.49,0.04,0.97,-0.21,6.10,0.43,-0.49,477948
378864,0.03,1.03,0.11,-0.43,1.71,-6.65,0.04,0.97,-0.22,5.25,0.24,-0.85,493703
378876,0.05,1.02,0.10,-6.81,1.74,-6.32,0.04,0.97,-0.22,2.20,0.24,-0.73,515024
378888,0.06,1.03,0.12,-3.66,1.95,-5.10,0.04,0.97,-0.23,0.18,0.61,-0.95,531908
378900,0.06,1.02,0.11,-5.65,1.68,-2.53,0.04,0.97,-0.23,-1.95,0.67,-0.98,542600
378911,0.06,1.01,0.11,-9.25,1.89,-0.98,0.03,0.97,-0.23,-1.83,0.55,-0.70,557147
378924,0.06,1.01,0.11,-7.90,1.92,-0.58,0.03,0.97,-0.23,-0.98,0.67,-0.95,584292
378935,0.05,1.02,0.11,-6.32,1.95,-0.61,0.04,0.97,-0.23,-1.62,0.27,-0.92,614591
378947,0.05,1.03,0.11,-4.64,2.14,-1.07,0.04,0.97,-0.22,-1.86,0.40,-0.95,645597
378958,0.05,1.02,0.11,-6.41,1.98,-1.13,0.04,0.97,-0.22,-2.08,0.79,-1.10,674360
378971,0.05,1.02,0.11,-5.25,1.92,-0.89,0.03,0.97,-0.21,-1.10,0.55,-1.22,700021
378982,0.05,1.02,0.11,-5.34,1.89,-0.67,0.03,0.97,-0.21,0.27,0.61,-0.98,726212
378993,0.05,1.03,0.11,-6.16,1.80,-0.40,0.03,0.97,-0.21,2.66,0.73,-0.76,756543
379005,0.05,1.03,0.11,-3.51,2.23,-1.10,0.03,0.97,-0.21,3.39,0.55,-0.98,785525
379017,0.05,1.03,0.11,-5.10,1.68,-0.31,0.04,0.97,-0.22,2.62,0.40,-0.79,815086
379029,0.05,1.03,0.11,-2.99,1.77,-0.61,0.03,0.97,-0.22,0.76,0.31,-1.01,852415
379040,0.05,1.03,0.11,-3.42,1.65,-0.49,0.03,0.97,-0.22,-0.46,0.58,-0.98,902214
379053,0.05,1.03,0.12,-1.74,1.77,-0.61,0.03,0.97,-0.22,0.67,0.85,-0.95,958687
379064,0.05,1.03,0.12,-3.14,2.11,-0.98,0.04,0.97,-0.22,3.20,0.55,-0.89,1008025
379076,0.05,1.02,0.13,-2.84,2.04,-0.95,0.04,0.96,-0.23,6.74,0.34,-1.16,1046836
379087,0.05,1.02,0.13,-4.79,1.92,-1.25,0.04,0.96,-0.24,8.51,0.34,-0.98,1083504
379100,0.05,1.02,0.14,-2.20,1.89,-1.59,0.04,0.96,-0.24,8.03,0.09,-1.13,1117075
379111,0.05,1.02,0.14,-2.14,1.80,-1.56,0.04,0.96,-0.25,2.41,0.03,-1.16,1140222
379122,0.05,1.02,0.14,-1.74,1.56,-1.43,0.03,0.96,-0.25,-5.89,0.12,-1.01,1159616
379134,0.06,1.03,0.13,-0.64,1.59,-1.31,0.03,0.97,-0.24,-11.14,0.61,-1.19,1190824
379146,0.06,1.03,0.12,-1.92,1.89,-1.16,0.03,0.97,-0.23,-12.08,0.76,-1.19,1223673
379158,0.05,1.03,0.11,-0.24,2.20,-1.10,0.03,0.97,-0.23,-9.55,0.76,-1.13,1247222
379169,0.05,1.03,0.11,0.52,1.92,-1.07,0.03,0.97,-0.22,-3.85,0.37,-0.92,1270810
379182,0.05,1.02,0.10,-2.62,1.77,-1.25,0.04,0.97,-0.21,1.13,0.46,-1.01,1297504
379193,0.05,1.03,0.11,1.16,1.80,-1.40,0.04,0.97,-0.21,3.69,0.21,-0.67,1325930
379205,0.05,1.03,0.10,-0.52,1.65,-1.50,0.03,0.97,-0.21,2.32,0.46,-0.89,1349975
379216,0.05,1.02,0.09,-2.96,1.83,-1.53,0.03,0.98,-0.21,-1.01,0.67,-0.64,1361220
379228,0.05,1.02,0.10,-1.71,1.92,-1.43,0.03,0.98,-0.21,-1.92,0.67,-0.61,1372195
379240,0.06,1.02,0.10,-2.01,2.17,-1.25,0.03,0.97,-0.22,-0.18,0.43,-0.58,1380843
379251,0.06,1.02,0.11,-1.95,2.29,-1.46,0.03,0.97,-0.22,2.47,0.85,-0.49,1385191
379264,0.06,1.02,0.11,-2.08,1.83,-1.07,0.03,0.97,-0.22,4.67,0.64,-0.73,1391647
379275,0.05,1.02,0.12,-2.78,1.89,-1.19,0.04,0.96,-0.23,5.28,0.64,-0.79,1393877
379287,0.05,1.02,0.13,-1.53,2.08,-1.34,0.04,0.96,-0.24,3.69,0.43,-1.04,1404786
379298,0.05,1.02,0.13,-2.47,2.20,-1.74,0.04,0.96,-0.24,-0.27,0.43,-1.07,1419131
379311,0.05,1.02,0.13,-3.02,1.92,-1.62,0.04,0.97,-0.25,-4.55,0.55,-0.98,1427801
379322,0.05,1.02,0.12,-2.04,2.08,-1.98,0.04,0.97,-0.24,-6.10,0.37,-0.95,1427538
379334,0.05,1.03,0.12,-0.73,1.77,-1.59,0.03,0.97,-0.23,-5.62,0.40,-1.01,1421068
379345,0.05,1.03,0.12,1.16,1.71,-1.34,0.03,0.97,-0.23,-3.39,0.49,-1.34,1417372
379357,0.06,1.03,0.11,1.40,1.68,-1.10,0.03,0.97,-0.22,-1.56,0.55,-0.89,1428154
379369,0.05,1.03,0.11,1.46,1.59,-1.16,0.03,0.97,-0.22,0.27,0.52,-0.82,1454988
379380,0.05,1.02,0.10,-1.28,1.43,-1.13,0.03,0.97,-0.22,0.67,0.55,-0.98,1496580
379393,0.05,1.02,0.10,0.52,1.10,-1.10,0.03,0.97,-0.22,-0.09,0.31,-1.25,1543855
379404,0.05,1.03,0.12,4.85,1.01,-1.53,0.04,0.97,-0.22,-0.15,0.21,-1.31,1619563
379416,0.05,1.05,0.14,11.75,0.52,-2.44,0.05,0.96,-0.23,1.59,-0.03,-2.35,1747460
379427,0.06,1.04,0.14,7.78,-0.37,-3.08,0.04,0.95,-0.24,10.22,0.06,-1.43,1938860
379440,0.05,1.05,0.17,15.99,0.27,-3.02,0.04,0.95,-0.25,14.04,0.00,-1.89,2187687
379451,0.06,1.03,0.16,12.88,0.49,-2.08,0.04,0.94,-0.26,12.48,0.27,-1.80,2463814
379463,0.06,1.02,0.15,10.53,0.85,-2.01,0.03,0.95,-0.27,4.61,0.76,-1.77,2708076
379474,0.06,1.02,0.13,8.27,1.71,-1.62,0.03,0.96,-0.27,-7.63,1.13,-1.98,2902135
379486,0.05,1.01,0.10,6.23,2.50,-0.85,0.03,0.98,-0.26,-20.66,1.59,-1.89,3036720
379498,0.04,1.00,0.06,-2.04,3.17,-0.21,0.03,0.99,-0.24,-28.69,2.14,-1.53,3104548
379509,0.04,0.97,0.01,-12.73,3.45,0.27,0.03,0.99,-0.22,-31.34,1.71,-1.19,3084841
379522,0.04,0.99,0.00,-13.43,2.81,-0.58,0.03,1.00,-0.20,-28.66,0.89,-0.34,2974920
379533,0.04,1.00,0.00,-13.18,2.81,-0.12,0.02,1.00,-0.17,-22.16,1.22,-0.24,2801268
379545,0.05,1.01,0.01,-13.64,2.99,-0.37,0.02,1.00,-0.15,-9.06,1.10,0.21,2604694
379556,0.06,1.02,0.02,-14.28,2.50,-0.98,0.01,0.99,-0.15,9.77,0.18,0.46,2405438
379569,0.06,1.03,0.04,-11.54,1.62,-0.79,0.02,0.98,-0.15,24.75,-0.52,0.92,2210446
379580,0.06,1.02,0.06,-12.57,1.71,-1.56,0.02,0.97,-0.17,31.89,-0.79,0.73,2032336
379591,0.06,1.03,0.08,-9.25,1.34,-1.16,0.03,0.97,-0.18,32.26,-0.34,0.49,1864891
379603,0.05,1.03,0.10,-7.97,2.08,-0.98,0.04,0.97,-0.20,27.19,0.43,0.12,1715162
379615,0.04,1.01,0.11,-12.30,2.78,-1.16,0.04,0.96,-0.23,23.77,0.40,-0.18,1592715
379627,0.05,1.01,0.13,-11.72,2.90,-1.22,0.04,0.95,-0.25,23.16,1.07,-0.46,1481878
379638,0.05,1.03,0.17,-4.67,2.84,-1.07,0.04,0.94,-0.28,22.22,0.79,-0.58,1377928
379651,0.05,1.03,0.19,-2.96,2.81,-0.70,0.04,0.94,-0.29,16.69,0.43,-0.98,1298101
379662,0.06,1.02,0.18,-4.09,2.14,-1.01,0.04,0.94,-0.31,5.34,0.27,-0.98,1238081
379674,0.06,1.02,0.16,-3.72,1.89,-1.46,0.04,0.95,-0.31,-10.19,0.00,-1.01,1190900
379685,0.05,1.02,0.14,-4.52,1.31,-1.22,0.04,0.96,-0.29,-26.06,0.31,-1.07,1143250
379698,0.05,1.03,0.11,-3.08,2.01,-1.50,0.03,0.98,-0.27,-37.87,1.46,-1.46,1096401
379709,0.05,1.03,0.09,-2.90,2.78,-1.34,0.02,0.98,-0.24,-35.46,1.86,-1.50,1056502
379720,0.05,1.04,0.09,-0.43,2.93,-1.22,0.02,0.98,-0.21,-20.54,1.77,-1.16,1028515
379732,0.06,1.04,0.10,0.73,2.26,-1.16,0.02,0.97,-0.20,2.90,0.92,-0.70,1015722
379744,0.05,1.02,0.10,-2.87,1.86,-0.82,0.04,0.96,-0.20,23.01,0.46,-0.70,1018932
379756,0.05,1.01,0.11,-3.97,1.25,-1.62,0.05,0.95,-0.21,33.05,-0.12,-0.55,1048726
379767,0.04,1.02,0.13,-0.82,0.98,-1.46,0.05,0.95,-0.22,28.78,-0.55,-1.01,1103916
379780,0.05,1.02,0.13,-0.18,0.76,-1.37,0.04,0.96,-0.24,15.53,-0.03,-1.10,1191225
379791,0.05,1.03,0.13,2.87,0.52,-0.46,0.04,0.96,-0.26,-0.95,0.09,-1.71,1318524
379803,0.06,1.04,0.14,8.91,-0.21,-0.43,0.03,0.96,-0.27,-9.83,0.61,-1.92,1505325
379814,0.07,1.03,0.14,6.32,-2.08,-0.61,0.03,0.95,-0.27,-10.19,0.40,-2.23,1758085
379827,0.06,1.04,0.15,12.18,-2.23,-1.68,0.04,0.95,-0.27,-5.34,-0.21,-2.14,2065324
379838,0.06,1.03,0.14,6.38,-0.79,-1.62,0.04,0.95,-0.28,0.37,-0.52,-1.50,2392697
379849,0.05,1.03,0.14,6.93,-0.27,-1.43,0.04,0.95,-0.27,-1.95,0.12,-1.43,2679445
379862,0.05,1.03,0.12,9.49,0.18,-1.65,0.03,0.97,-0.26,-12.27,0.67,-1.62,2901711
379873,0.05,1.02,0.08,2.99,2.01,-1.34,0.02,0.98,-0.25,-23.19,1.37,-1.16,3048912
379885,0.04,1.01,0.05,-2.14,2.99,-0.55,0.02,0.99,-0.23,-30.91,2.17,-0.82,3108229
379896,0.04,0.96,-0.02,-20.20,3.14,0.03,0.02,1.00,-0.21,-29.05,1.77,-0.52,3068279
379909,0.05,0.98,-0.00,-18.22,2.84,-0.58,0.02,1.00,-0.18,-19.56,1.31,0.09,2947358
379920,0.05,0.99,-0.00,-22.34,2.47,-0.82,0.02,0.99,-0.17,-4.94,0.98,0.37,2755682
379932,0.06,1.02,0.02,-18.95,1.83,-1.71,0.02,0.99,-0.16,12.60,0.46,0.92,2522471
379943,0.06,1.03,0.05,-16.24,1.31,-1.53,0.02,0.98,-0.16,25.70,-0.55,1.04,2272036
379955,0.06,1.04,0.08,-11.35,0.73,-1.98,0.02,0.97,-0.18,32.65,-0.76,1.19,2023994
379967,0.06,1.03,0.08,-13.24,0.85,-1.53,0.03,0.97,-0.19,30.85,-0.31,0.98,1801904
379978,0.05,1.02,0.09,-15.66,1.83,-1.34,0.03,0.97,-0.21,26.92,0.09,0.89,1615617
379991,0.04,1.03,0.13,-12.15,2.29,-1.34,0.04,0.96,-0.24,25.42,0.55,0.27,1459168
380002,0.04,1.03,0.16,-9.70,2.56,-0.64,0.05,0.95,-0.27,27.25,0.55,-0.43,1324328
380014,0.05,1.03,0.19,-8.30,2.17,-0.40,0.05,0.93,-0.29,30.49,0.00,-0.09,1209956
380025,0.05,1.03,0.21,-5.80,1.31,-0.40,0.05,0.92,-0.32,31.40,-0.15,-0.58,1111815
380038,0.07,1.02,0.21,-3.72,-1.22,-1.56,0.05,0.92,-0.33,23.32,-0.09,-0.76,1027400
380049,0.07,1.03,0.21,-2.44,-3.54,-1.71,0.05,0.93,-0.34,4.58,0.12,-1.19,962097
380061,0.06,1.04,0.19,2.11,-2.29,-1.34,0.05,0.94,-0.33,-18.49,0.79,-1.59,905373
380072,0.05,1.05,0.18,5.92,0.52,-1.31,0.04,0.96,-0.32,-34.45,1.71,-1.77,864282
380084,0.04,1.05,0.16,8.73,2.99,-1.31,0.03,0.96,-0.30,-36.50,2.14,-1.65,848983
380096,0.05,1.03,0.13,1.31,3.45,-1.74,0.03,0.96,-0.28,-25.09,1.68,-1.40,848595
380107,0.06,0.99,0.09,-7.11,2.78,-0.89,0.02,0.96,-0.26,-11.44,1.34,-1.62,830454
380120,0.06,0.99,0.08,-9.77,2.35,-0.52,0.03,0.96,-0.24,-1.83,0.55,-0.98,793179
380131,0.05,1.00,0.07,-11.60,2.14,-0.76,0.03,0.97,-0.23,-1.59,0.09,-0.55,752022
380143,0.04,1.02,0.07,-7.39,2.20,-1.46,0.04,0.98,-0.21,-2.66,0.79,-0.61,708242
380154,0.04,1.04,0.08,-3.69,2.44,-1.31,0.03,0.98,-0.20,-0.03,0.67,-0.46,662996
380167,0.04,1.05,0.09,-1.13,2.84,-1.50,0.03,0.98,-0.21,7.23,0.98,-0.43,620603
380178,0.05,1.05,0.11,1.77,3.30,-1.16,0.03,0.96,-0.22,18.55,0.76,-0.34,587077
380189,0.06,1.03,0.13,-0.82,2.41,-0.49,0.03,0.95,-0.24,28.41,-0.06,-0.27,562591
380201,0.06,1.00,0.13,-5.74,1.86,-0.52,0.04,0.94,-0.27,30.52,-0.37,-0.37,559415
380213,0.06,1.01,0.15,-4.03,1.46,-1.22,0.04,0.94,-0.29,21.36,-0.67,-0.27,583205
380225,0.05,1.01,0.15,-5.46,1.62,-1.37,0.05,0.95,-0.30,4.70,0.15,-0.82,610342
380236,0.05,1.00,0.14,-6.04,1.89,-0.95,0.04,0.95,-0.31,-12.05,0.46,-1.31,638805
380249,0.05,1.02,0.14,-0.85,0.85,-0.15,0.03,0.95,-0.30,-20.39,0.85,-1.80,690764
380260,0.10,1.08,0.16,18.40,-15.78,-0.73,0.03,0.95,-0.29,-15.14,1.10,-2.59,818600
380272,0.18,1.09,0.16,23.38,-41.87,-1.62,0.04,0.93,-0.28,-3.05,0.21,-2.56,1046274
380283,0.20,1.04,0.15,19.29,-59.11,-0.95,0.06,0.93,-0.28,11.54,0.03,-2.69,1373829
380296,0.15,0.98,0.14,1.59,-56.21,-1.56,0.06,0.92,-0.29,20.97,-1.04,-2.44,1779381
380307,0.08,0.98,0.16,4.64,-42.21,-1.31,0.06,0.93,-0.30,18.22,-0.46,-2.41,2198452
380318,0.03,1.00,0.16,5.07,-28.78,-1.16,0.04,0.95,-0.31,2.96,0.46,-2.62,2582395
380331,0.01,1.04,0.15,7.14,-17.24,-2.84,0.02,0.97,-0.30,-14.62,1.56,-1.89,2895610
380342,-0.01,1.03,0.11,1.22,-4.43,-2.26,0.00,0.98,-0.29,-28.32,2.26,-1.80,3089276
380354,-0.02,1.01,0.07,-4.82,3.23,-1.68,-0.00,0.99,-0.27,-35.43,2.32,-1.16,3140198
380365,0.00,0.99,0.03,-13.64,3.78,-1.86,0.01,0.99,-0.25,-34.94,1.62,-0.31,3071962
380378,0.01,0.98,0.01,-20.11,2.87,-1.68,0.02,0.99,-0.23,-31.80,-0.24,0.61,2892909
380389,0.01,0.98,-0.00,-24.11,2.47,-1.77,0.02,0.99,-0.21,-26.73,-7.66,2.75,2621740
380401,0.02,1.00,0.00,-22.28,1.89,-2.01,0.02,0.99,-0.19,-17.09,-11.02,4.21,2315209
380412,0.03,1.02,0.02,-20.26,1.46,-2.11,0.02,0.99,-0.17,-4.30,-15.01,6.65,2023939
380425,0.03,1.03,0.03,-19.47,1.50,-1.95,0.03,0.99,-0.16,9.61,-3.91,2.50,1781871
380436,0.04,1.04,0.06,-17.27,2.11,-2.56,0.03,0.98,-0.16,26.37,-1.77,1.80,1581396
380447,0.04,1.04,0.09,-15.63,2.01,-1.98,0.03,0.96,-0.18,43.33,-4.94,2.66,1395873
380460,0.04,1.04,0.13,-13.24,2.17,-1.59,0.03,0.94,-0.22,56.40,-11.26,5.49,1216287
380471,0.05,1.06,0.19,-3.45,2.32,-1.59,0.03,0.94,-0.25,57.40,-11.38,4.82,1056437
380483,0.06,1.06,0.21,1.40,2.50,-1.56,0.03,0.94,-0.28,43.98,-2.81,1.46,925459
380494,0.07,1.04,0.21,2.59,2.87,-1.92,0.03,0.93,-0.31,24.93,-9.28,2.99,822568
380507,0.06,1.03,0.21,0.46,3.60,-1.65,0.03,0.93,-0.34,12.48,-6.13,2.47,748152
380518,0.06,1.01,0.21,-1.19,3.30,-2.20,0.05,0.92,-0.36,-0.06,-2.11,-0.06,703145
380530,0.05,1.02,0.22,-0.43,2.38,-1.68,0.06,0.92,-0.38,-3.85,-2.56,0.03,675523
380541,0.05,1.00,0.21,-4.03,1.40,-1.68,0.07,0.91,-0.38,-6.53,-1.71,-0.61,658446
380553,0.05,0.99,0.20,-6.32,0.85,-1.01,0.07,0.91,-0.38,-9.12,-0.95,-0.64,640921
380565,0.05,1.01,0.20,-3.94,0.89,-2.04,0.06,0.92,-0.36,-13.06,-0.98,-0.79,616478
380576,0.06,1.03,0.18,0.24,0.76,-1.86,0.04,0.94,-0.34,-26.21,2.23,-1.95,590799
380589,0.05,1.04,0.15,4.46,2.53,-0.64,0.04,0.96,-0.31,-36.01,20.66,-8.03,567259
380600,0.05,1.03,0.11,1.34,4.79,-1.37,0.02,0.98,-0.27,-45.10,18.98,-7.23,552139
380612,0.05,1.02,0.09,-2.50,5.28,-0.58,0.01,0.98,-0.24,-34.45,3.30,-1.62,550661
380623,0.05,1.00,0.09,-6.32,6.77,-0.76,0.02,0.96,-0.23,-3.60,1.86,-1.53,548036
380636,0.01,1.02,0.10,-2.72,17.52,1.74,0.03,0.94,-0.23,26.79,0.03,-1.07,550038
380647,0.00,1.03,0.12,4.27,22.25,0.49,0.04,0.92,-0.25,43.24,-1.37,-0.70,576039
380659,0.00,1.03,0.13,3.60,21.91,0.09,0.05,0.93,-0.26,40.31,-1.59,-1.04,654636
380670,0.06,1.07,0.20,20.29,7.69,0.03,0.05,0.94,-0.28,19.38,-1.13,-1.59,805457
380682,0.09,1.08,0.22,26.79,0.18,-1.34,0.05,0.95,-0.29,-3.48,0.58,-2.26,1029697
380694,0.07,1.05,0.18,20.72,1.22,0.21,0.05,0.95,-0.31,-15.08,0.70,-2.47,1311833
380705,0.06,1.02,0.16,17.06,0.61,1.95,0.05,0.94,-0.31,-14.47,1.07,-2.81,1634534
380718,0.07,1.00,0.16,12.36,1.07,0.12,0.04,0.93,-0.32,-3.54,0.82,-2.78,1989663
380729,0.07,1.00,0.17,11.32,0.37,0.06,0.03,0.93,-0.32,3.45,0.61,-2.72,2352377
380741,0.08,1.00,0.16,7.57,1.68,-2.47,0.03,0.93,-0.33,2.72,0.31,-2.38,2684308
380752,0.09,1.03,0.16,10.80,2.26,-3.45,0.02,0.94,-0.33,-8.27,0.82,-1.80,2952941
380765,0.08,1.02,0.12,5.37,3.30,-3.05,0.01,0.96,-0.32,-24.17,1.86,-2.08,3112180
380776,0.06,0.99,0.06,-4.55,4.76,-2.04,0.01,0.98,-0.29,-41.32,2.50,-1.71,3139805
380788,0.05,0.98,0.01,-12.66,4.91,-1.77,0.02,1.00,-0.26,-49.77,3.14,-1.34,3050227
380800,0.04,0.98,-0.03,-18.25,4.43,-1.62,0.03,1.01,-0.22,-49.56,2.35,-0.34,2862842
380811,0.03,0.99,-0.04,-19.23,3.30,-1.65,0.03,1.01,-0.19,-40.92,1.40,0.37,2610305
380823,0.03,0.99,-0.05,-23.68,1.83,-1.77,0.03,1.01,-0.16,-26.34,0.21,0.92,2327547
380834,0.04,1.02,-0.03,-19.74,0.89,-2.93,0.02,1.00,-0.14,-7.23,-0.98,1.86,2039551
380847,0.06,1.04,-0.01,-17.88,0.46,-2.75,0.01,0.99,-0.13,11.47,-1.28,2.35,1765000
380858,0.06,1.04,0.01,-16.94,0.85,-2.93,0.00,0.99,-0.13,29.11,-1.37,2.14,1512761
380870,0.06,1.04,0.04,-17.00,1.28,-2.26,0.00,0.98,-0.15,46.75,-1.25,2.01,1294209
380881,0.06,1.04,0.09,-12.73,1.98,-1.65,0.02,0.96,-0.18,63.84,-1.13,1.80,1112302
380894,0.05,1.03,0.13,-11.69,3.30,-0.85,0.03,0.94,-0.21,67.23,-4.61,2.14,965042
380905,0.04,1.04,0.16,-5.86,6.07,-0.40,0.03,0.94,-0.26,60.88,-3.02,1.50,859363
380916,0.04,1.06,0.21,2.75,5.65,-0.27,0.04,0.93,-0.29,44.13,1.65,-0.58,800795
380929,0.05,1.05,0.23,3.69,3.63,-0.58,0.05,0.93,-0.33,30.36,2.38,-0.89,770814
380940,0.05,1.02,0.22,-0.61,3.88,-1.50,0.05,0.92,-0.36,19.13,1.86,-1.22,750724
380952,0.05,1.00,0.21,-4.67,2.44,-1.19,0.06,0.91,-0.39,12.94,1.13,-0.82,731615
380963,0.06,0.99,0.22,-5.28,1.83,-1.40,0.06,0.90,-0.41,3.05,0.03,-0.67,713120
380976,0.06,1.01,0.23,-1.19,1.22,-1.62,0.06,0.90,-0.42,-5.52,-0.64,-0.55,695167
380987,0.06,1.02,0.22,-1.19,0.85,-1.89,0.06,0.90,-0.41,-14.89,-0.52,-1.01,681738
380999,0.06,1.02,0.22,1.46,0.43,-1.65,0.05,0.91,-0.40,-20.54,-0.79,-0.92,679616
381010,0.06,1.02,0.19,-0.89,0.95,-1.31,0.05,0.92,-0.37,-26.28,-0.09,-1.22,680615
381023,0.05,1.00,0.16,-3.75,1.31,-1.22,0.04,0.94,-0.34,-29.88,0.79,-1.43,681395
381034,0.04,1.00,0.13,-6.68,2.23,-1.98,0.04,0.94,-0.31,-29.45,1.98,-1.83,674093
381045,0.04,0.99,0.11,-11.44,2.23,-0.40,0.04,0.95,-0.28,-21.42,2.53,-2.11,667757
381058,0.04,1.01,0.11,-6.38,2.96,-1.19,0.03,0.95,-0.26,-9.19,1.43,-1.62,672527
381069,0.05,1.02,0.12,-4.73,2.38,0.00,0.02,0.95,-0.25,6.50,1.07,-1.59,700437
381081,0.07,1.03,0.13,-1.07,2.20,-0.27,0.01,0.94,-0.25,17.21,1.04,-1.34,751266
381092,0.08,1.03,0.14,0.95,1.53,-0.34,0.01,0.94,-0.27,25.85,0.31,-1.37,836668
381105,0.07,1.01,0.14,-2.59,1.04,-0.27,0.03,0.93,-0.28,23.59,-0.03,-1.71,956515
381116,0.05,1.01,0.15,-1.80,0.85,-0.40,0.05,0.93,-0.30,16.94,-0.24,-2.01,1123856
381128,0.04,1.05,0.18,9.55,-0.58,-1.04,0.06,0.93,-0.32,5.80,-0.31,-2.41,1343764
381139,0.05,1.09,0.22,22.86,-3.14,-0.95,0.07,0.92,-0.34,-4.79,-0.34,-2.44,1625414
381152,0.04,1.07,0.22,23.56,-2.32,-1.16,0.06,0.92,-0.35,-11.72,-0.03,-3.02,1975508
381163,0.04,1.07,0.21,28.99,-0.70,-0.61,0.05,0.93,-0.35,-16.75,0.40,-2.84,2377175
381174,0.04,1.02,0.16,12.54,2.32,-2.29,0.04,0.94,-0.34,-23.01,1.53,-2.62,2767232
381187,0.05,0.98,0.11,2.14,4.15,-3.05,0.02,0.95,-0.33,-25.39,2.23,-2.66,3068574
381198,0.07,1.00,0.10,2.50,4.73,-3.05,0.01,0.96,-0.31,-21.33,2.56,-2.17,3241601
381210,0.07,0.99,0.06,-6.04,4.82,-3.20,-0.00,0.96,-0.29,-16.42,2.26,-1.22,3271974
381221,0.07,0.99,0.04,-10.86,4.88,-2.53,-0.00,0.97,-0.27,-14.62,1.71,-0.34,3158540
381234,0.07,1.00,0.01,-12.08,3.85,-2.01,0.00,0.99,-0.24,-17.88,1.04,-0.21,2933562
381245,0.04,0.98,-0.03,-21.30,2.96,-0.52,0.02,1.00,-0.21,-24.60,1.01,0.06,2645804
381257,0.03,0.99,-0.04,-22.25,2.72,-1.80,0.03,1.01,-0.19,-23.04,1.04,0.82,2344929
381268,0.02,1.03,-0.01,-16.97,2.84,-2.26,0.04,1.00,-0.18,-11.38,0.15,1.34,2052801
381280,0.02,1.03,-0.00,-20.81,2.56,-2.17,0.04,0.99,-0.17,7.05,-0.46,1.68,1767209
381292,0.03,1.04,0.04,-13.85,1.95,-1.65,0.03,0.97,-0.18,29.48,-1.28,2.01,1504383
381303,0.03,1.07,0.09,-5.10,7.45,-1.04,0.02,0.95,-0.20,48.89,-1.56,1.74,1292000
381316,0.00,1.07,0.10,-1.19,20.72,-0.37,0.02,0.94,-0.23,57.31,-1.10,1.31,1120197
381327,0.01,1.06,0.13,2.29,21.18,1.07,0.02,0.93,-0.27,51.45,-0.18,0.92,993664
381339,0.05,1.03,0.16,-2.44,13.52,1.22,0.02,0.93,-0.31,38.21,0.85,-0.40,905214
381350,0.09,1.02,0.20,-1.37,6.32,-1.43,0.03,0.93,-0.34,19.90,1.77,-0.82,849483
381363,0.09,1.01,0.22,-0.58,4.61,-1.68,0.04,0.92,-0.37,7.14,1.80,-0.98,813547
381374,0.08,1.01,0.23,0.40,3.66,-1.59,0.05,0.91,-0.39,-2.53,1.31,-1.01,784714
381386,0.07,1.00,0.22,-3.11,2.26,-1.77,0.06,0.91,-0.40,-5.62,0.31,-0.95,764365
381398,0.06,1.00,0.21,-5.19,0.95,-1.53,0.07,0.90,-0.40,-6.74,-0.67,-0.89,745168
381409,0.05,1.01,0.21,-2.66,0.67,-1.62,0.07,0.90,-0.39,-7.66,-0.92,-0.95,730203
381421,0.05,1.02,0.21,-0.21,0.46,-1.16,0.06,0.91,-0.38,-9.03,-0.55,-0.76,717240
381432,0.06,1.03,0.20,1.62,0.98,-0.85,0.04,0.91,-0.37,-10.16,-0.58,-1.22,715723
381445,0.06,1.04,0.20,7.20,1.86,-0.76,0.03,0.92,-0.35,-15.32,0.00,-1.92,728458
381456,0.06,1.03,0.15,2.26,2.84,-1.22,0.02,0.94,-0.33,-24.93,1.56,-2.08,746431
381468,0.06,1.03,0.13,4.06,3.97,-1.37,0.02,0.95,-0.31,-28.23,2.56,-2.38,766637
381479,0.05,1.02,0.11,1.25,4.33,-1.37,0.02,0.95,-0.29,-20.87,2.50,-2.41,786723
381492,0.05,1.00,0.10,-2.47,3.27,-1.40,0.03,0.94,-0.28,-1.56,1.53,-1.89,806793
381503,0.06,0.99,0.10,-6.47,2.38,-1.16,0.03,0.94,-0.28,13.09,0.03,-1.31,829429
381514,0.06,1.00,0.11,-4.27,1.10,-1.43,0.03,0.94,-0.28,14.13,-0.21,-0.82,853606
381527,0.05,1.03,0.11,-0.49,1.10,-0.79,0.03,0.95,-0.28,0.58,0.40,-0.76,888160
381538,0.04,1.03,0.10,1.10,1.28,-0.27,0.03,0.96,-0.28,-12.63,0.31,-1.28,943963
381550,0.04,1.06,0.11,8.61,0.55,-0.49,0.04,0.96,-0.27,-11.14,0.70,-1.56,1041733
381561,0.05,1.05,0.11,7.69,-0.98,-1.28,0.04,0.95,-0.27,-4.12,0.37,-1.34,1196832
381574,0.06,1.02,0.10,2.69,-3.23,-1.28,0.04,0.94,-0.28,8.82,0.55,-1.71,1375271
381585,0.06,1.01,0.12,2.26,-2.90,-1.07,0.03,0.93,-0.29,14.65,0.12,-1.25,1558239
381597,0.08,1.01,0.13,1.68,-6.23,-1.04,0.03,0.93,-0.31,14.07,0.12,-1.53,1746415
381608,0.10,1.04,0.15,12.21,-11.35,-1.56,0.03,0.93,-0.33,7.63,0.27,-1.19,1936251
381621,0.08,1.03,0.15,7.81,-5.77,-4.00,0.02,0.93,-0.34,-2.11,0.43,-1.53,2126395
381632,0.04,1.01,0.14,1.98,0.64,-1.77,0.03,0.94,-0.34,-8.33,1.10,-1.59,2282024
381643,0.03,0.99,0.12,-5.22,2.81,-1.34,0.03,0.94,-0.34,-14.04,1.59,-1.77,2356257
381656,0.03,1.01,0.11,-4.52,3.30,-1.40,0.04,0.95,-0.32,-16.51,1.71,-1.59,2359162
381667,0.03,1.00,0.09,-8.79,2.90,-1.19,0.04,0.96,-0.30,-17.27,1.46,-1.31,2312515
381679,0.03,1.02,0.08,-4.67,2.69,-1.50,0.04,0.96,-0.28,-15.63,1.04,-0.67,2225388
381690,0.04,1.03,0.07,-4.82,2.26,-2.47,0.03,0.97,-0.26,-13.61,0.95,-0.24,2109641
381703,0.04,1.03,0.05,-6.32,2.50,-2.14,0.02,0.97,-0.25,-8.42,0.92,0.00,1975627
381714,0.05,1.03,0.05,-5.40,2.87,-1.83,0.01,0.97,-0.24,2.53,0.79,0.06,1830925
381726,0.06,1.03,0.06,-5.62,1.92,-1.65,0.01,0.96,-0.24,13.18,0.21,0.37,1683770
381737,0.07,1.03,0.07,-4.64,1.62,-1.89,0.01,0.96,-0.25,20.84,-0.24,0.67,1545500
381749,0.06,1.03,0.09,-5.34,1.40,-1.53,0.02,0.95,-0.27,19.13,-0.15,0.76,1418293
381761,0.05,1.02,0.10,-6.47,1.34,-1.53,0.03,0.95,-0.29,10.77,-0.24,0.27,1307769
381772,0.04,1.02,0.11,-7.08,1.50,-1.04,0.04,0.95,-0.30,3.30,0.52,0.21,1215837
381785,0.03,1.02,0.13,-6.35,2.08,-0.89,0.05,0.94,-0.31,1.74,0.82,-0.37,1126876
381796,0.04,1.02,0.15,-4.55,2.20,-1.22,0.05,0.93,-0.33,3.05,0.76,-0.43,1041663
381808,0.05,1.02,0.17,-3.57,2.66,-1.46,0.04,0.92,-0.34,6.77,0.73,-0.55,953478
381819,0.05,1.02,0.17,-3.54,2.20,-1.40,0.04,0.92,-0.35,6.71,0.37,-0.61,866134
381832,0.06,1.03,0.18,-0.09,2.29,-1.25,0.04,0.92,-0.35,-0.03,0.31,-0.85,779803
381843,0.06,1.03,0.17,-0.61,1.89,-1.43,0.03,0.93,-0.35,-10.35,0.24,-0.95,702208
381855,0.06,1.02,0.14,-1.56,1.74,-1.37,0.03,0.94,-0.34,-17.91,0.64,-0.70,638450
381867,0.05,1.02,0.12,-3.23,2.29,-1.19,0.03,0.95,-0.31,-21.67,0.79,-0.92,592460
381878,0.05,1.01,0.10,-5.71,2.47,-1.25,0.03,0.96,-0.29,-16.69,1.10,-0.67,556273
381890,0.05,1.01,0.09,-8.15,2.84,-0.95,0.03,0.95,-0.27,-5.10,1.31,-0.95,517269
381901,0.04,1.01,0.10,-8.15,3.36,-1.04,0.03,0.95,-0.27,10.16,1.01,-0.85,475386
381914,0.04,1.01,0.10,-7.75,6.01,-0.70,0.04,0.94,-0.27,21.09,0.55,-0.67,430462
381925,0.01,1.02,0.10,-6.10,15.81,0.06,0.04,0.93,-0.29,24.66,-0.18,-0.79,386784
381937,-0.00,1.03,0.09,-3.30,23.35,0.85,0.04,0.93,-0.31,20.81,-0.15,-0.79,351126
381948,0.01,1.01,0.08,-10.41,25.63,0.70,0.04,0.94,-0.32,5.98,-0.06,-0.58,324618
381961,0.04,1.00,0.07,-17.79,22.71,-1.01,0.03,0.95,-0.32,-6.68,0.98,-0.92,295737
381972,0.06,1.01,0.09,-18.92,18.16,-0.89,0.02,0.95,-0.31,-13.64,1.22,-0.95,269260
381984,0.08,1.01,0.12,-22.37,6.77,2.50,0.02,0.95,-0.31,-7.78,1.56,-0.89,245941
381996,0.11,1.01,0.15,-21.73,1.74,-3.33,0.03,0.94,-0.30,3.02,1.07,-1.07,213203
382007,0.08,1.01,0.15,-23.62,2.56,-3.97,0.04,0.93,-0.30,15.26,0.89,-0.76,179230
382019,0.07,1.00,0.14,-29.45,1.92,-2.29,0.04,0.93,-0.31,19.47,0.12,-0.70,147476
382030,0.06,1.00,0.14,-30.88,0.79,-3.39,0.05,0.93,-0.32,16.94,0.21,-0.67,115426
382043,0.07,0.99,0.15,-33.97,-0.31,-8.79,0.05,0.93,-0.33,3.88,-0.24,-0.58,79123
382054,0.06,1.02,0.16,-26.06,-0.55,-5.13,0.04,0.94,-0.33,-7.66,0.76,-0.85,42557
382066,0.06,1.03,0.17,-22.61,-3.27,-4.94,0.03,0.95,-0.32,-15.87,1.01,-0.92,14729
382077,0.07,1.04,0.17,-18.37,-6.68,-3.97,0.03,0.95,-0.31,-13.73,0.92,-1.19,16764776
382090,0.07,1.05,0.18,-13.37,-10.62,-3.02,0.02,0.95,-0.30,-4.82,0.82,-0.55,16741611
382101,0.06,1.05,0.19,-7.93,-14.19,-0.70,0.03,0.94,-0.29,9.46,0.73,-0.76,16721764
382113,0.07,1.06,0.21,-2.81,-17.24,-2.20,0.03,0.93,-0.30,16.14,0.40,-0.58,16705277
382125,0.06,1.06,0.21,3.05,-19.87,-0.12,0.03,0.93,-0.31,19.50,0.70,-0.64,16687897
382136,0.03,1.08,0.21,12.15,-19.68,4.24,0.04,0.92,-0.33,12.91,0.43,-0.89,16667677
382148,-0.02,1.08,0.21,23.50,-16.88,10.31,0.04,0.93,-0.35,2.35,0.73,-0.67,16652167
382159,-0.01,1.09,0.23,42.54,-12.36,-3.11,0.04,0.93,-0.35,-9.37,0.70,-1.04,16638584
382172,0.01,1.09,0.24,52.80,-7.97,-12.33,0.05,0.93,-0.35,-13.79,0.27,-1.10,16635669
382183,0.01,1.12,0.26,67.17,-8.00,0.76,0.04,0.94,-0.34,-17.09,0.37,-1.07,16633796
382195,0.03,1.12,0.27,79.80,-6.50,2.26,0.03,0.94,-0.33,-25.54,0.52,-1.16,16634282
382206,0.05,1.14,0.28,95.09,-4.52,-0.34,0.03,0.95,-0.33,-32.96,1.07,-1.22,16635843
382219,0.09,1.23,0.26,95.92,-1.46,-2.23,0.02,0.95,-0.32,-32.04,1.16,-0.70,16640578
382230,0.04,0.93,0.13,38.02,10.41,-7.75,0.02,0.94,-0.31,-23.32,0.85,-1.25,16648039
382241,0.03,0.78,-0.03,-1.16,12.21,-3.85,0.03,0.94,-0.29,0.18,0.73,-0.92,16637227
382254,0.02,0.65,-0.09,-32.20,13.49,-2.66,0.04,0.93,-0.29,5.25,0.89,-1.13,16638069
382265,0.05,0.62,-0.10,-59.97,13.28,-2.62,0.04,0.93,-0.29,5.71,0.12,-0.98,16634646
382277,0.07,0.87,-0.04,-63.78,9.70,-0.43,0.04,0.94,-0.29,12.97,0.82,-1.04,16636644
382288,0.06,1.01,0.04,-60.49,8.67,5.86,0.04,0.93,-0.28,21.70,0.61,-1.28,16645599
382301,0.04,1.08,0.15,-16.39,11.17,2.47,0.04,0.94,-0.29,18.31,0.79,0.06,16639736
382312,0.04,1.07,0.17,-4.00,13.40,-2.47,0.03,0.94,-0.30,7.87,0.67,-1.95,16638526
382324,0.06,1.10,0.18,0.61,12.08,-1.83,0.03,0.95,-0.31,1.16,1.46,-0.85,16643908
382336,0.04,1.09,0.14,3.66,11.60,-1.37,0.03,0.94,-0.32,-1.98,0.85,-0.73,16656794
382348,0.05,1.11,0.13,20.66,11.60,-2.01,0.03,0.94,-0.33,-2.81,0.49,-0.92,16666273
382359,0.06,1.08,0.09,19.04,13.06,-0.21,0.03,0.93,-0.33,-3.63,0.31,-0.85,16672393
382370,0.08,1.08,0.09,19.17,15.11,0.40,0.04,0.94,-0.33,-4.49,0.40,-0.82,16672181
382383,0.10,1.02,0.06,6.77,15.84,0.00,0.04,0.94,-0.32,-5.68,0.82,-0.85,16678531
382394,0.11,0.99,0.04,-5.95,14.07,-0.67,0.04,0.95,-0.31,-5.58,1.43,-1.34,16680101
382406,0.12,0.96,0.03,-15.75,11.75,-1.31,0.04,0.95,-0.30,-0.46,0.85,-0.79,16680307
382417,0.11,0.98,0.04,-16.14,11.29,-1.68,0.04,0.94,-0.29,7.87,0.95,-0.61,16679241
382430,0.10,1.02,0.06,-9.22,10.56,-0.52,0.04,0.94,-0.29,17.27,0.67,-0.82,16680144
382441,0.09,1.04,0.08,-1.98,11.05,-0.67,0.03,0.93,-0.30,23.25,0.55,-0.89,16676379
382453,0.08,1.06,0.10,7.93,11.26,-0.37,0.03,0.93,-0.31,23.62,0.37,-1.31,16669348
382465,0.05,1.06,0.12,12.94,12.21,-0.43,0.03,0.93,-0.33,17.43,0.49,-1.01,16670816
382476,0.02,1.03,0.13,8.00,13.24,0.24,0.03,0.93,-0.34,8.42,-0.21,-0.89,16679021
382488,0.01,0.98,0.09,-6.50,12.12,-1.13,0.03,0.94,-0.34,-2.59,-1.74,0.21,16680581
382499,0.01,0.96,0.07,-22.09,7.57,-2.20,0.03,0.94,-0.34,-12.24,-6.47,1.98,16684334
382512,0.02,0.96,0.08,-29.08,0.43,-1.22,0.04,0.95,-0.32,-15.47,-11.93,3.02,16690743
382523,0.03,0.96,0.11,-34.70,-7.54,-1.22,0.04,0.94,-0.32,-2.44,-5.83,2.44,16698846
382535,0.06,0.97,0.15,-35.77,-15.38,-2.14,0.04,0.94,-0.31,4.79,-2.96,0.18,16709505
382546,0.09,0.97,0.17,-36.59,-21.67,-5.25,0.04,0.93,-0.31,10.01,-1.71,0.21,16724111
382559,0.10,1.02,0.18,-25.60,-28.38,-5.22,0.03,0.93,-0.32,13.40,-5.89,1.95,16744281
382570,0.11,1.06,0.21,-9.67,-38.18,-5.92,0.02,0.93,-0.33,10.19,-14.04,4.24,16771463
382581,0.12,1.10,0.24,10.31,-47.45,-5.98,0.02,0.93,-0.34,9.55,-12.60,4.30,22406
382594,0.13,1.13,0.26,30.00,-53.96,-7.48,0.03,0.93,-0.34,5.04,-6.20,2.14,49337
382605,0.11,1.13,0.26,42.51,-57.01,-4.49,0.04,0.93,-0.35,1.68,-2.47,-0.31,78650
382617,0.06,1.11,0.19,36.35,-49.19,-2.41,0.05,0.93,-0.34,-6.23,-0.98,-0.27,114951
382628,-0.00,0.97,0.09,-5.19,-30.27,-0.12,0.04,0.93,-0.35,-11.17,-7.84,2.17,156697
382641,-0.06,0.91,0.08,-23.19,-4.76,-0.67,0.04,0.93,-0.34,-8.42,-9.25,1.95,210056
382652,-0.05,1.06,0.20,13.61,1.80,-2.14,0.04,0.92,-0.34,-0.12,-6.68,1.65,276445
382664,-0.01,1.07,0.21,13.37,2.17,-2.35,0.04,0.92,-0.34,6.68,-5.80,1.62,340241
382675,0.02,0.94,0.10,-16.82,1.04,-1.59,0.03,0.92,-0.35,0.70,0.24,-1.40,394715
382688,0.04,0.99,0.13,-3.51,1.59,-2.11,0.03,0.93,-0.35,-6.26,-0.06,-0.73,453304
382699,0.04,1.05,0.16,8.09,2.17,-2.50,0.03,0.93,-0.34,-9.43,0.21,-1.07,513891
382710,0.04,1.00,0.10,-6.23,1.68,-1.92,0.03,0.94,-0.33,-11.44,0.37,-0.92,561772
382723,0.03,1.00,0.10,-5.07,3.14,-1.80,0.04,0.94,-0.32,-9.89,0.55,-1.34,602816
382734,0.03,1.02,0.11,-2.44,2.99,-1.22,0.04,0.94,-0.31,-0.64,1.04,-1.13,641623
382746,0.03,1.01,0.10,-6.44,2.81,-1.07,0.04,0.93,-0.31,4.88,1.01,-1.16,682316
382757,0.04,1.01,0.11,-6.56,1.95,-1.19,0.04,0.93,-0.32,5.52,0.46,-1.01,722225
382770,0.05,1.01,0.11,-7.08,1.80,-1.59,0.04,0.93,-0.33,0.89,0.40,-0.58,764300
382781,0.05,1.02,0.11,-5.07,1.68,-1.71,0.04,0.94,-0.33,-2.50,0.18,-0.49,804469
382793,0.05,1.03,0.11,-4.09,1.07,-0.98,0.03,0.94,-0.33,-3.57,-0.12,-0.79,830193
382804,0.05,1.03,0.11,-4.49,1.86,-0.95,0.03,0.94,-0.32,-2.04,0.43,-0.67,851973
382816,0.05,1.03,0.11,-3.45,2.11,-0.82,0.02,0.94,-0.32,0.24,0.46,-0.73,879545
382828,0.05,1.03,0.13,-1.98,2.20,-1.07,0.03,0.93,-0.32,2.11,1.01,-1.13,914864
382839,0.05,1.03,0.13,-2.50,2.35,-1.13,0.03,0.93,-0.33,3.23,0.76,-0.98,954001
382852,0.05,1.02,0.14,-3.30,2.41,-1.43,0.04,0.92,-0.34,2.66,0.61,-0.89,993318
382863,0.05,1.01,0.14,-5.68,1.86,-1.43,0.05,0.92,-0.35,-1.28,0.46,-0.92,1032735
382875,0.04,1.02,0.14,-3.69,2.17,-1.77,0.05,0.92,-0.35,-3.08,0.15,-0.82,1069528
382886,0.04,1.02,0.14,-3.85,1.40,-1.37,0.04,0.93,-0.34,-4.52,-0.40,-0.58,1114903
382899,0.05,1.03,0.13,-2.84,1.83,-1.34,0.03,0.93,-0.33,-5.46,-0.89,-0.43,1161762
382910,0.05,1.03,0.12,-1.46,1.65,-0.61,0.03,0.94,-0.32,-4.36,0.09,-0.79,1208858
382922,0.05,1.03,0.11,-2.08,2.04,-1.43,0.02,0.94,-0.32,-1.10,0.82,-0.82,1257010
382934,0.06,1.03,0.12,-0.64,2.32,-1.31,0.02,0.94,-0.32,1.19,0.73,-0.89,1289611
382945,0.06,1.03,0.12,-1.22,1.80,-1.19,0.03,0.94,-0.32,2.62,0.40,-0.76,1304051
382957,0.05,1.03,0.12,-1.59,2.23,-1.16,0.03,0.93,-0.32,1.07,0.27,-0.82,1313083
382968,0.05,1.02,0.12,-2.75,1.86,-0.95,0.03,0.93,-0.33,-0.24,0.40,-0.70,1323108
382981,0.05,1.02,0.12,-4.21,1.74,-0.73,0.04,0.93,-0.33,-1.07,0.49,-0.85,1326919
382992,0.04,1.02,0.12,-4.12,2.01,-1.01,0.04,0.93,-0.33,-0.79,0.58,-0.64,1324564
383004,0.04,1.02,0.12,-3.75,2.35,-0.85,0.04,0.93,-0.33,-0.27,0.85,-1.22,1310673
383015,0.05,1.02,0.13,-2.35,2.35,-1.04,0.03,0.93,-0.33,-0.58,0.64,-0.92,1283322
383028,0.05,1.03,0.14,-0.89,2.53,-0.98,0.03,0.93,-0.33,-1.04,0.61,-1.04,1251468
383039,0.05,1.03,0.14,-0.37,1.86,-1.22,0.03,0.93,-0.33,-0.85,0.64,-0.52,1213132
383051,0.05,1.03,0.13,-0.64,1.89,-1.10,0.03,0.93,-0.33,-1.19,0.64,-0.95,1170291
383063,0.05,1.03,0.13,0.09,1.95,-1.01,0.03,0.93,-0.33,-0.67,0.37,-0.89,1120027
383074,0.05,1.02,0.13,-0.82,2.08,-0.89,0.03,0.93,-0.33,-0.79,0.76,-0.67,1068172
383086,0.05,1.02,0.13,-1.13,2.08,-1.19,0.03,0.93,-0.33,-0.58,0.55,-1.01,1030541
383097,0.05,1.02,0.13,-0.92,2.04,-1.83,0.04,0.93,-0.33,-0.03,0.67,-1.19,1009890
383110,0.05,1.02,0.13,-0.09,2.14,-1.37,0.04,0.93,-0.33,-0.37,0.52,-0.92,995599
383121,0.05,1.02,0.13,-1.04,1.71,-1.40,0.04,0.93,-0.33,-0.76,0.21,-1.01,979790
383133,0.05,1.02,0.13,-0.58,1.86,-1.19,0.04,0.93,-0.33,-1.83,0.27,-0.92,970448
383144,0.05,1.02,0.13,0.06,2.08,-1.31,0.03,0.93,-0.33,-1.16,0.21,-1.10,963415
383157,0.05,1.02,0.13,-0.46,2.08,-0.95,0.03,0.93,-0.33,-1.46,0.49,-0.89,964503
383168,0.05,1.02,0.12,-0.06,2.32,-0.89,0.03,0.93,-0.33,-1.16,0.67,-1.10,970443
383179,0.06,1.02,0.12,-1.62,2.11,-1.16,0.03,0.93,-0.33,-1.07,0.61,-0.79,980922
383192,0.05,1.02,0.12,-2.01,2.20,-1.77,0.03,0.93,-0.33,-1.37,0.70,-1.19,999924
383203,0.05,1.02,0.12,-1.83,2.59,-1.40,0.03,0.93,-0.33,0.00,1.13,-1.31,1021565
383215,0.05,1.02,0.13,-1.37,2.78,-1.74,0.03,0.93,-0.33,1.01,1.19,-1.13,1040318
383226,0.05,1.02,0.13,-1.28,2.20,-1.53,0.03,0.92,-0.34,0.18,0.82,-1.31,1059189
383239,0.06,1.03,0.13,-0.24,2.44,-1.77,0.03,0.93,-0.34,-3.05,0.31,-0.98,1081225
383250,0.05,1.03,0.13,0.73,2.04,-1.62,0.03,0.93,-0.34,-2.50,-3.51,0.58,1104100
383262,0.05,1.02,0.11,-2.20,1.95,-0.85,0.03,0.93,-0.33,-5.10,-4.00,0.95,1119603
