time,faccx,faccy,faccz,fgyrx,fgyry,fgyrz,saccx,saccy,saccz,sgyrx,sgyry,sgyrz,load
353826,0.06,1.03,0.09,1.77,1.37,-2.11,0.04,1.01,0.06,6.81,0.52,-1.01,16638882
353837,0.06,1.03,0.09,0.89,0.52,-1.19,0.04,1.01,0.05,6.29,0.61,-1.07,16640624
353847,0.06,1.03,0.09,0.58,-0.64,-1.71,0.04,1.01,0.05,4.49,0.21,-1.07,16638368
353857,0.06,1.03,0.10,4.15,-0.82,-2.26,0.04,1.01,0.05,2.26,0.70,-1.10,16638508
353866,0.05,1.04,0.10,4.64,1.43,-1.25,0.04,1.01,0.05,2.14,0.46,-0.89,16638656
353878,0.04,1.03,0.10,1.40,2.26,-0.40,0.04,1.01,0.05,2.78,0.67,-0.76,16637832
353889,0.05,1.00,0.08,-3.42,2.17,-2.26,0.04,1.01,0.04,1.92,0.37,-0.73,16636925
353901,0.05,1.00,0.07,-6.77,1.80,-1.07,0.04,1.01,0.04,-0.46,0.70,-0.98,16637191
353912,0.05,1.02,0.09,-1.68,2.26,-1.34,0.04,1.01,0.04,-0.92,0.49,-0.73,16637588
353925,0.05,1.04,0.11,2.23,2.17,-1.95,0.04,1.01,0.04,-0.85,0.61,-0.95,16635777
353936,0.05,1.03,0.10,-1.77,2.04,-1.28,0.04,1.01,0.04,0.09,0.67,-0.73,16635411
353948,0.05,1.01,0.08,-6.16,2.11,-1.01,0.04,1.01,0.04,-1.07,0.49,-0.89,16636347
353959,0.05,1.01,0.09,-4.46,1.95,-1.28,0.04,1.01,0.04,-0.98,0.70,-0.76,16637111
353971,0.05,1.04,0.10,0.21,2.11,-1.62,0.04,1.01,0.04,-0.79,0.43,-0.95,16639021
353983,0.05,1.03,0.10,-0.03,2.11,-1.25,0.04,1.01,0.04,0.06,0.46,-0.73,16637177
353994,0.05,1.02,0.09,-3.94,2.04,-1.01,0.04,1.01,0.04,-0.64,0.76,-0.73,16633717
354007,0.05,1.01,0.08,-4.85,2.11,-1.28,0.04,1.01,0.04,-0.82,0.64,-0.70,16634498
354018,0.05,1.03,0.10,-1.68,2.04,-1.40,0.04,1.01,0.05,-0.64,0.52,-0.64,16634389
354030,0.05,1.03,0.10,-0.21,2.26,-1.22,0.04,1.01,0.05,-0.76,0.52,-0.79,16637189
354041,0.05,1.02,0.09,-2.84,1.95,-1.16,0.04,1.01,0.05,-0.06,0.95,-0.76,16639303
354054,0.05,1.01,0.09,-4.94,1.92,-0.76,0.04,1.01,0.04,-0.64,0.67,-0.67,16636972
354065,0.05,1.02,0.09,-2.75,2.14,-1.50,0.04,1.01,0.04,-0.67,0.46,-0.49,16633661
354076,0.05,1.03,0.10,-0.64,2.17,-1.59,0.04,1.01,0.04,-0.85,0.64,-0.49,16633984
354088,0.05,1.03,0.10,-1.80,2.20,-1.37,0.04,1.01,0.04,-0.79,0.52,-0.95,16635541
354100,0.05,1.02,0.10,-3.60,1.92,-1.13,0.04,1.01,0.04,-0.92,0.70,-0.49,16635804
354112,0.05,1.02,0.10,-2.99,1.89,-1.25,0.04,1.01,0.04,-1.07,0.67,-0.67,16637172
354123,0.05,1.03,0.10,-1.16,1.92,-1.43,0.04,1.01,0.04,-1.37,0.82,-1.01,16634303
354136,0.05,1.03,0.10,-1.40,1.86,-1.46,0.04,1.01,0.04,-1.25,0.67,-1.10,16633677
354147,0.05,1.02,0.10,-2.96,1.89,-1.37,0.04,1.01,0.04,-1.04,0.76,-0.73,16634409
354159,0.05,1.02,0.09,-3.05,1.83,-1.10,0.04,1.01,0.04,-1.19,0.52,-0.92,16636196
354170,0.05,1.03,0.10,-1.74,1.98,-1.53,0.04,1.01,0.04,-1.01,0.61,-0.95,16637256
354183,0.05,1.03,0.10,-1.34,2.01,-1.28,0.04,1.01,0.04,-0.98,0.49,-0.85,16636210
354194,0.05,1.02,0.09,-2.53,1.89,-1.19,0.04,1.01,0.04,-0.73,0.52,-0.82,16633883
354205,0.05,1.02,0.09,-2.90,1.95,-1.31,0.04,1.01,0.04,-1.10,0.61,-0.85,16633365
354217,0.05,1.02,0.09,-2.11,2.11,-1.34,0.04,1.01,0.04,-1.01,0.82,-0.89,16635861
354229,0.05,1.03,0.10,-1.59,2.14,-1.25,0.04,1.01,0.04,-1.01,0.55,-0.92,16635192
354241,0.05,1.02,0.10,-2.29,1.86,-1.37,0.04,1.01,0.04,-1.07,0.46,-0.79,16633699
354252,0.05,1.02,0.09,-2.84,2.14,-1.34,0.04,1.01,0.04,-0.98,0.49,-0.89,16633647
354265,0.05,1.02,0.10,-2.26,2.01,-1.37,0.04,1.01,0.04,-0.73,0.64,-0.95,16634062
354276,0.05,1.03,0.10,-1.83,2.14,-1.13,0.04,1.01,0.04,-1.07,0.52,-0.79,16635591
354288,0.05,1.02,0.10,-2.01,2.32,-1.31,0.04,1.01,0.04,-0.73,0.58,-0.95,16635353
354299,0.05,1.02,0.09,-2.56,2.17,-1.62,0.04,1.01,0.04,-1.04,0.79,-0.92,16635152
354311,0.05,1.02,0.09,-2.41,2.01,-1.31,0.04,1.01,0.04,-1.04,0.46,-0.85,16632604
354323,0.05,1.03,0.10,-1.83,2.08,-1.22,0.04,1.01,0.04,-1.25,0.67,-0.70,16632461
354334,0.05,1.02,0.10,-2.11,2.11,-1.40,0.04,1.01,0.04,-1.07,0.43,-0.73,16635671
354347,0.05,1.02,0.09,-2.47,2.11,-1.22,0.04,1.01,0.04,-0.85,0.37,-0.92,16637433
354358,0.05,1.02,0.09,-2.69,1.95,-1.43,0.04,1.01,0.04,-0.73,0.70,-0.92,16635490
354370,0.05,1.02,0.09,-2.08,2.17,-1.10,0.04,1.01,0.04,-0.85,0.52,-0.76,16634512
354381,0.05,1.02,0.09,-2.14,1.95,-1.34,0.04,1.01,0.04,-0.70,0.67,-1.22,16634906
354394,0.05,1.02,0.09,-2.72,2.14,-1.16,0.04,1.01,0.04,-0.85,0.82,-0.70,16637361
354405,0.05,1.02,0.09,-2.50,2.08,-1.31,0.04,1.01,0.04,-0.98,0.52,-0.82,16637377
354417,0.05,1.02,0.10,-1.95,1.92,-1.16,0.04,1.01,0.04,-0.92,0.58,-1.13,16636910
354428,0.05,1.02,0.10,-2.17,1.92,-1.28,0.04,1.01,0.04,-1.19,0.61,-0.76,16637741
354440,0.05,1.02,0.10,-2.29,1.98,-1.40,0.04,1.01,0.04,-0.85,0.76,-0.92,16636858
354452,0.05,1.02,0.10,-2.29,2.08,-1.34,0.04,1.01,0.04,-1.19,0.79,-1.07,16634420
354463,0.05,1.02,0.10,-2.47,1.89,-1.19,0.04,1.01,0.04,-0.92,0.61,-1.01,16634215
354476,0.05,1.02,0.10,-2.01,2.11,-1.31,0.04,1.01,0.04,-1.04,0.49,-0.82,16637032
354487,0.05,1.02,0.09,-2.20,1.89,-1.31,0.04,1.01,0.04,-0.89,0.64,-0.58,16636778
354499,0.05,1.02,0.09,-2.38,2.08,-1.19,0.04,1.01,0.04,-1.04,0.70,-0.85,16636834
354510,0.05,1.02,0.09,-2.41,1.95,-1.37,0.04,1.01,0.04,-1.04,0.58,-0.85,16634357
354523,0.05,1.02,0.09,-2.11,1.95,-1.19,0.04,1.01,0.04,-0.89,0.43,-0.79,16632090
354534,0.05,1.02,0.09,-2.50,2.01,-1.25,0.04,1.01,0.04,-0.89,0.46,-0.95,16636273
354545,0.05,1.02,0.09,-2.69,2.26,-1.13,0.04,1.01,0.04,-0.82,0.55,-0.73,16637350
354557,0.05,1.02,0.09,-2.72,1.89,-1.50,0.04,1.01,0.04,-0.79,0.43,-1.01,16635401
354569,0.05,1.02,0.09,-2.59,2.14,-1.37,0.04,1.01,0.04,-0.76,0.46,-0.52,16636672
354581,0.05,1.02,0.09,-2.26,2.14,-1.31,0.04,1.01,0.04,-2.29,0.40,-2.69,16635027
354592,0.05,1.02,0.10,-2.41,1.95,-1.43,0.23,1.02,-0.04,-7.72,-18.07,-17.36,16636944
354605,0.05,1.02,0.10,-2.41,1.95,-1.31,0.28,0.99,0.07,-107.15,198.43,42.88,16637060
354616,0.05,1.02,0.10,-2.41,2.08,-1.22,0.19,1.06,0.18,-55.45,218.84,17.58,16636293
354628,0.05,1.02,0.10,-2.47,2.08,-1.40,0.09,1.02,0.13,-5.49,70.10,-0.46,16636915
354639,0.05,1.02,0.10,-2.38,1.89,-1.07,0.06,1.04,0.09,-71.44,11.17,-1.83,16636812
354652,0.05,1.02,0.09,-2.17,1.83,-1.31,0.03,1.09,0.07,-159.03,-39.34,-3.94,16636316
354663,0.05,1.02,0.09,-2.47,1.71,-1.19,-0.03,1.07,0.12,-174.44,-132.05,-17.43,16636449
354674,0.05,1.02,0.09,-2.32,2.14,-1.40,-0.07,1.02,0.16,-112.12,-74.49,-12.73,16635990
354686,0.05,1.02,0.09,-2.47,2.17,-1.46,-0.03,1.03,0.26,-185.03,-1.71,-12.88,16633115
354698,0.05,1.02,0.09,-2.50,2.14,-1.19,-0.01,1.07,0.31,-232.48,30.18,-28.35,16632091
354710,0.05,1.02,0.09,-2.11,2.04,-1.37,0.03,1.06,0.25,-213.10,65.06,-45.38,16635342
354721,0.05,1.02,0.09,-2.26,1.92,-1.37,-0.11,1.10,0.37,-348.36,-4.97,-115.45,16634982
354734,0.05,1.02,0.09,-2.75,2.01,-1.10,-0.07,1.02,0.30,-244.14,34.09,-97.38,16635792
354745,0.05,1.02,0.10,-2.26,1.92,-1.43,-0.06,1.04,0.32,-257.05,63.51,-65.25,16637157
354757,0.05,1.02,0.10,-2.01,1.95,-1.25,-0.03,1.09,0.41,-286.16,59.30,-17.36,16637472
354768,0.05,1.02,0.10,-1.92,2.01,-1.19,-0.03,1.12,0.53,-320.86,42.72,-18.98,16639082
354781,0.05,1.02,0.10,-2.23,2.29,-1.07,-0.04,1.11,0.60,-321.38,8.82,0.64,16637941
354792,0.05,1.02,0.10,-2.38,2.04,-1.31,-0.06,1.10,0.67,-321.75,-7.05,10.59,16635510
354803,0.05,1.02,0.09,-2.41,2.01,-1.28,-0.08,1.09,0.74,-333.40,-33.26,2.04,16635520
354816,0.05,1.02,0.10,-2.04,1.98,-1.10,-0.12,1.06,0.74,-345.40,-32.20,-13.31,16633429
354827,0.05,1.02,0.10,-2.53,1.92,-1.25,-0.13,1.01,0.72,-339.69,-26.79,-31.46,16632304
354839,0.05,1.02,0.09,-2.59,1.98,-1.25,-0.11,0.95,0.77,-329.38,-26.52,-32.75,16632984
354850,0.05,1.02,0.09,-2.20,2.01,-1.37,-0.10,0.88,0.86,-328.34,-38.18,-39.25,16636960
354863,0.05,1.02,0.09,-2.08,2.08,-1.40,-0.08,0.83,0.92,-336.70,-37.41,-26.67,16638556
354874,0.05,1.02,0.09,-2.20,1.98,-1.25,-0.06,0.76,0.98,-345.15,-48.80,-13.03,16637304
354886,0.05,1.02,0.09,-2.53,1.92,-1.13,-0.04,0.68,1.08,-346.31,-69.89,-0.09,16635264
354897,0.05,1.02,0.09,-2.50,1.89,-0.95,-0.05,0.61,1.19,-353.30,-117.13,-0.92,16635355
354910,0.05,1.02,0.10,-2.38,2.08,-1.25,-0.07,0.53,1.15,-340.76,-116.15,-24.08,16636763
354921,0.05,1.02,0.10,-2.01,2.04,-1.25,-0.13,0.43,0.91,-317.47,-90.45,-121.40,16635670
354932,0.05,1.02,0.10,-2.29,1.95,-1.22,-0.09,0.39,0.60,-265.05,-18.07,-110.78,16638079
354945,0.05,1.02,0.10,-2.20,2.11,-1.25,0.04,0.42,0.46,-193.33,36.68,-3.63,16638356
354956,0.05,1.02,0.10,-1.89,1.80,-1.37,0.08,0.34,0.55,-156.62,37.93,2.32,16637455
354968,0.05,1.02,0.10,-2.01,1.80,-1.22,0.05,0.23,0.75,-140.01,-20.20,2.62,16636828
354979,0.05,1.02,0.10,-2.14,1.95,-1.25,0.04,0.14,0.87,-157.78,-35.58,-5.74,16637832
354992,0.05,1.02,0.09,-2.14,2.04,-1.10,0.06,0.03,0.85,-127.26,-15.59,-1.50,16635475
355003,0.05,1.02,0.09,-2.35,2.17,-1.25,0.08,-0.06,0.80,-72.85,-3.17,7.57,16634420
355015,0.05,1.02,0.09,-2.47,2.17,-0.95,0.08,-0.09,0.81,-18.19,-14.28,13.85,16634077
355026,0.05,1.02,0.09,-2.69,1.98,-1.34,0.08,-0.09,0.78,46.20,-10.25,23.99,16632367
355038,0.05,1.02,0.09,-2.75,1.68,-1.31,0.09,-0.07,0.74,115.97,-0.12,38.48,16636077
355050,0.05,1.02,0.10,-2.47,2.14,-1.46,0.10,-0.05,0.76,188.20,6.74,53.92,16636995
355061,0.05,1.02,0.10,-2.56,1.89,-1.46,0.08,-0.05,0.81,264.19,-20.60,63.54,16635641
355074,0.05,1.02,0.10,-2.26,2.14,-1.37,0.07,-0.06,0.86,345.00,-40.47,72.81,16634945
355085,0.05,1.02,0.10,-2.17,2.01,-1.34,0.06,-0.05,0.92,394.74,-50.87,63.54,16634471
355097,0.05,1.02,0.10,-2.32,1.86,-1.19,0.05,-0.03,0.96,449.92,-77.33,49.19,16635659
355108,0.05,1.02,0.10,-2.20,1.98,-1.34,0.04,0.02,0.93,500.37,-64.67,23.86,16638444
355121,0.05,1.02,0.09,-2.29,1.89,-1.31,0.04,0.09,0.87,560.85,-44.68,-0.58,16636341
355132,0.05,1.02,0.09,-2.56,2.26,-1.37,0.05,0.22,0.76,647.71,-37.51,-15.84,16634847
355144,0.05,1.02,0.10,-2.53,1.95,-1.28,0.07,0.37,0.68,728.61,-2.90,-54.08,16635791
355155,0.05,1.02,0.10,-2.11,2.20,-1.56,0.06,0.59,0.63,777.83,-20.57,-62.38,16636834
355167,0.05,1.02,0.09,-2.17,1.92,-1.40,0.07,0.84,0.56,797.73,-22.09,-22.22,16638536
355179,0.05,1.02,0.09,-2.38,2.04,-1.28,0.11,1.04,0.53,765.47,6.23,28.38,16636597
355190,0.05,1.02,0.09,-1.89,2.14,-1.40,0.11,1.12,0.52,720.34,-18.71,35.95,16638920
355203,0.05,1.02,0.09,-2.08,2.17,-1.04,0.09,1.15,0.54,633.15,-41.20,14.13,16638791
355214,0.05,1.02,0.09,-2.75,1.92,-1.53,0.09,1.14,0.59,483.55,-27.68,-9.95,16636603
355226,0.05,1.03,0.10,-1.04,1.95,-1.50,0.10,1.13,0.58,334.32,-61.10,-24.69,16636327
355237,0.05,1.02,0.10,-0.27,2.26,-1.59,0.13,1.09,0.50,182.68,-45.41,-22.64,16633831
355250,0.05,1.02,0.10,-1.43,2.08,-1.28,0.15,1.11,0.39,2.35,-14.86,-12.57,16633123
355261,0.05,1.02,0.10,-2.08,2.23,-1.65,0.14,1.10,0.24,-93.84,3.54,-18.10,16635327
355272,0.05,1.02,0.10,-1.95,2.04,-1.07,0.13,1.04,0.04,-96.28,24.29,-38.12,16635517
355284,0.05,1.03,0.10,-1.28,1.86,-0.85,0.11,1.00,-0.15,-76.32,71.11,-54.66,16634141
355296,0.05,1.02,0.09,-2.17,1.92,-0.98,0.13,1.06,-0.11,-92.25,36.83,-12.42,16634738
355308,0.05,1.02,0.09,-2.59,1.95,-0.98,0.17,1.16,-0.06,-122.74,35.31,54.05,16633230
355319,0.05,1.02,0.09,-2.14,2.20,-1.16,0.14,1.25,0.07,-231.81,24.35,63.39,16633896
355332,0.05,1.02,0.09,-2.17,2.14,-1.37,0.12,1.29,0.20,-360.99,31.80,62.62,16637223
355343,0.05,1.02,0.09,-2.35,2.11,-1.04,0.11,1.30,0.26,-488.86,35.68,64.36,16636887
355355,0.05,1.02,0.09,-2.41,1.86,-1.28,0.08,1.25,0.23,-565.16,25.02,39.34,16636638
355366,0.05,1.02,0.10,-1.95,2.11,-1.37,0.06,1.11,0.09,-571.20,39.58,-0.03,16636234
355379,0.05,1.02,0.10,-1.92,2.04,-1.07,0.10,0.96,-0.02,-546.45,76.84,-13.46,16635864
355390,0.05,1.02,0.10,-2.17,1.80,-1.13,0.12,0.87,0.04,-514.37,56.18,-16.57,16636233
355401,0.05,1.02,0.10,-2.41,2.14,-1.16,0.12,0.90,0.24,-564.36,39.28,-14.92,16634181
355414,0.05,1.02,0.09,-2.44,2.01,-1.43,0.11,0.95,0.45,-627.38,9.86,-7.60,16636280
355425,0.05,1.02,0.09,-2.44,1.89,-1.28,0.13,0.93,0.52,-639.34,45.56,2.66,16636331
355437,0.05,1.02,0.09,-2.66,2.08,-1.31,0.09,0.83,0.55,-626.71,33.69,-29.57,16635162
355448,0.05,1.02,0.10,-2.38,2.08,-1.40,0.09,0.67,0.61,-587.89,61.34,-37.41,16635544
355461,0.05,1.02,0.10,-1.98,1.92,-1.37,0.09,0.46,0.63,-500.18,28.32,-50.45,16637667
355472,0.06,1.02,0.10,-1.62,2.04,-1.56,0.08,0.33,0.62,-393.34,44.16,-46.17,16634382
355484,0.05,1.02,0.10,-1.98,2.11,-1.19,0.07,0.24,0.65,-326.39,58.69,-64.03,16634410
355495,0.05,1.02,0.09,-2.14,2.01,-1.37,0.08,0.16,0.74,-254.97,58.26,-34.94,16633219
355507,0.05,1.02,0.09,-2.32,2.14,-1.22,0.06,0.12,0.85,-245.64,36.56,-27.10,16633109
355519,0.05,1.02,0.09,-2.26,1.89,-1.34,0.04,0.03,0.90,-204.13,25.88,-25.02,16634680
355530,0.05,1.02,0.09,-2.44,2.17,-1.43,0.04,-0.05,0.94,-167.33,30.70,-29.69,16636061
355543,0.05,1.02,0.09,-2.56,2.04,-1.16,0.04,-0.12,0.97,-128.75,42.21,-28.59,16634535
355554,0.05,1.02,0.10,-2.32,1.86,-1.34,0.03,-0.17,1.02,-88.13,35.77,-27.68,16634106
355566,0.05,1.02,0.10,-2.23,1.92,-1.28,0.02,-0.20,1.08,-39.40,26.86,-20.02,16634053
355577,0.05,1.02,0.10,-2.26,2.04,-1.37,0.02,-0.21,1.14,12.18,8.27,-6.44,16635309
355590,0.05,1.02,0.10,-2.26,2.11,-1.46,0.02,-0.20,1.17,62.74,2.08,2.41,16635269
355601,0.05,1.02,0.10,-2.32,2.04,-1.34,0.02,-0.15,1.21,80.02,-0.79,13.34,16635979
355612,0.05,1.02,0.09,-2.26,2.17,-0.95,0.00,-0.10,1.27,40.31,-11.78,8.12,16635762
355624,0.05,1.02,0.09,-2.47,2.20,-1.34,-0.00,-0.10,1.24,16.82,-10.16,3.23,16635809
355636,0.05,1.02,0.09,-2.41,2.01,-1.16,0.01,-0.13,1.16,24.63,-5.25,3.57,16637773
355648,0.05,1.02,0.09,-2.44,2.11,-1.16,0.02,-0.17,1.09,56.61,-6.01,2.93,16638712
355659,0.05,1.02,0.09,-1.98,1.92,-1.25,0.02,-0.17,1.03,105.07,-11.23,10.96,16638162
355672,0.05,1.02,0.09,-2.08,2.11,-1.22,0.02,-0.15,0.97,179.90,-11.05,19.50,16636778
355683,0.05,1.02,0.09,-2.47,1.95,-1.19,0.02,-0.11,0.93,263.37,-12.57,31.83,16632958
355695,0.05,1.02,0.09,-2.44,1.92,-1.31,0.01,-0.07,0.93,358.40,-25.94,31.68,16633348
355706,0.05,1.02,0.09,-2.26,2.08,-1.34,-0.00,-0.04,0.93,448.24,-61.52,20.20,16634045
355719,0.05,1.02,0.09,-2.23,2.14,-1.34,0.00,0.02,0.89,514.40,-69.82,16.91,16634480
355730,0.05,1.02,0.09,-2.59,1.98,-1.37,0.03,0.11,0.84,564.54,-67.26,19.47,16633386
355741,0.05,1.02,0.09,-2.62,2.04,-1.25,0.05,0.22,0.80,585.75,-61.10,20.78,16633407
355753,0.05,1.02,0.10,-2.26,1.98,-1.59,0.05,0.33,0.73,598.88,-39.92,5.40,16639779
355765,0.05,1.02,0.10,-2.14,2.01,-1.34,0.06,0.41,0.66,615.39,-14.10,-7.84,16638333
355777,0.05,1.02,0.10,-2.29,2.08,-1.19,0.06,0.52,0.59,634.92,0.85,-10.86,16636592
355788,0.05,1.02,0.10,-2.11,2.01,-1.34,0.05,0.64,0.53,649.32,4.52,-11.99,16635500
355801,0.05,1.02,0.10,-2.17,1.86,-1.01,0.04,0.77,0.51,639.07,-7.66,-12.57,16631363
355812,0.05,1.02,0.09,-2.29,2.04,-1.10,0.05,0.88,0.50,595.52,-16.54,-3.75,16633356
355824,0.05,1.02,0.09,-2.66,1.89,-1.22,0.05,0.98,0.48,516.85,-23.07,-7.93,16635458
355835,0.05,1.02,0.09,-2.50,2.14,-1.25,0.06,1.01,0.44,438.02,-25.30,-16.85,16636752
355848,0.05,1.02,0.09,-2.01,2.29,-1.13,0.07,1.01,0.38,334.69,-25.39,-11.99,16636870
355859,0.05,1.02,0.10,2.47,2.01,-1.56,0.08,1.04,0.31,203.61,5.98,-31.16,16636989
355870,0.05,1.02,0.10,2.11,2.26,-1.07,0.07,1.00,0.19,156.65,-33.57,-21.94,16633119
355883,0.05,1.02,0.09,-1.68,1.53,-1.22,0.07,1.07,0.21,-28.66,11.51,-36.50,16634071
355894,0.05,1.02,0.09,-4.27,2.04,-0.85,0.09,1.06,0.13,-78.31,70.56,-26.40,16634816
355906,0.05,1.03,0.09,-4.33,1.83,-1.22,0.05,1.03,0.16,-78.06,-8.12,-115.39,16637016
355917,0.05,1.03,0.10,-2.87,2.14,-1.50,0.01,0.96,0.17,-128.88,36.19,-140.66,16639820
355930,0.05,1.02,0.10,-3.08,1.98,-1.50,0.03,1.05,0.12,-148.53,36.16,-76.20,16635406
355941,0.05,1.02,0.09,-2.96,2.11,-1.19,0.07,1.11,0.09,-129.73,-10.83,-0.03,16631926
355953,0.05,1.02,0.10,-2.32,2.08,-1.31,0.05,1.06,0.05,-54.05,-2.59,17.79,16634532
355964,0.05,1.02,0.10,-1.46,1.98,-1.16,-0.01,0.99,0.06,-32.32,-4.39,-14.37,16637193
355976,0.05,1.02,0.10,-1.92,2.01,-1.31,-0.01,0.94,0.07,13.98,6.93,-15.32,16639417
355988,0.05,1.02,0.10,-2.44,2.23,-1.25,-0.01,0.93,0.10,20.17,-1.07,-17.91,16639182
355999,0.05,1.02,0.10,-2.38,2.08,-1.25,-0.01,0.93,0.14,23.07,5.98,-20.84,16638474
356012,0.05,1.02,0.10,-2.38,1.83,-1.28,-0.01,0.91,0.15,16.33,21.94,-27.53,16637094
356023,0.05,1.02,0.10,-2.04,1.74,-1.19,-0.01,0.92,0.19,3.91,-8.06,-16.08,16635239
356035,0.05,1.02,0.09,-2.44,1.86,-1.25,-0.00,0.93,0.18,7.75,-9.31,-9.52,16633422
356046,0.05,1.02,0.10,-2.59,2.08,-1.25,-0.02,0.97,0.15,2.56,6.65,-21.45,16636753
356059,0.05,1.02,0.10,-2.26,2.08,-1.13,-0.03,1.03,0.13,0.37,12.24,-17.00,16636322
356070,0.06,1.02,0.09,-2.14,2.04,-1.25,-0.03,1.05,0.09,27.37,10.50,-5.68,16636617
356081,0.06,1.02,0.09,-2.23,1.95,-1.01,-0.03,1.06,0.07,54.41,11.78,-2.66,16635305
356093,0.05,1.02,0.09,-2.32,2.14,-1.37,-0.05,1.04,0.07,71.26,13.34,-5.52,16634304
356105,0.05,1.02,0.09,-2.66,1.92,-1.34,-0.04,1.03,0.08,68.57,21.00,-1.31,16634027
356117,0.05,1.02,0.09,-2.81,2.01,-1.13,-0.04,1.02,0.10,59.97,18.98,4.79,16634119
356128,0.05,1.02,0.09,-2.69,1.95,-1.16,-0.05,1.03,0.13,29.57,8.33,0.79,16636578
356141,0.05,1.02,0.10,-2.44,2.04,-1.10,-0.06,1.02,0.14,-2.56,1.25,0.61,16635344
356152,0.05,1.02,0.10,-2.20,2.01,-1.13,-0.07,1.00,0.11,-5.98,-10.74,-2.26,16634179
356164,0.05,1.02,0.10,-2.47,2.08,-1.25,-0.08,0.99,0.07,-8.64,-15.44,-14.31,16634636
356175,0.05,1.02,0.10,-2.11,1.95,-1.16,0.08,1.23,0.01,-31.71,-48.68,90.70,16637053
356188,0.06,1.02,0.10,-1.92,2.17,-1.37,0.17,1.18,0.01,8.30,8.58,224.21,16637706
356199,0.06,1.02,0.09,-2.23,2.11,-1.19,-0.05,1.40,0.03,-57.16,-6.10,32.90,16636115
356210,0.05,1.02,0.09,-2.75,2.32,-1.37,-0.11,1.28,0.01,-27.16,11.32,18.46,16637468
356222,0.05,1.02,0.09,-2.47,2.23,-1.28,-0.10,1.19,0.02,-22.40,-2.81,-0.73,16637853
356234,0.05,1.02,0.10,-2.56,1.95,-1.10,-0.06,1.13,0.04,-14.53,-14.34,-0.85,16638006
356246,0.05,1.02,0.10,-2.41,1.86,-1.34,-0.03,1.09,0.05,-7.48,-12.88,-1.25,16637192
356257,0.05,1.02,0.10,-2.08,2.14,-1.43,-0.00,1.06,0.05,-1.01,6.13,-1.95,16635651
356270,0.05,1.02,0.10,-2.17,2.11,-1.31,0.01,1.05,0.05,-5.28,-2.62,-0.98,16633342
356281,0.05,1.02,0.09,-2.08,1.80,-1.28,0.02,1.03,0.06,1.77,0.55,-0.70,16634449
356293,0.05,1.02,0.09,-2.38,1.83,-1.16,0.02,1.03,0.06,-2.93,0.70,-0.58,16637344
356304,0.05,1.02,0.09,-2.53,1.68,-1.46,0.03,1.02,0.06,-0.06,1.07,-0.43,16638320
356316,0.05,1.02,0.09,-2.44,2.38,-1.34,0.03,1.02,0.06,-1.43,0.70,-1.31,16636104
356328,0.05,1.02,0.09,-2.35,2.23,-1.37,0.03,1.02,0.06,-0.15,0.67,-1.25,16635432
356339,0.05,1.02,0.09,-2.23,2.04,-1.07,0.04,1.01,0.06,-1.19,0.82,-1.34,16632556
356352,0.05,1.02,0.10,-2.32,2.04,-1.13,0.04,1.01,0.06,-1.31,0.73,-1.04,16632469
356363,0.05,1.02,0.10,-1.92,2.04,-1.25,0.04,1.01,0.05,-1.10,0.15,-1.16,16633854
356375,0.05,1.02,0.10,-2.04,1.89,-1.34,0.04,1.01,0.05,-1.53,0.31,-1.16,16635573
356386,0.05,1.02,0.10,-1.86,1.89,-1.13,0.04,1.01,0.05,-1.40,0.46,-0.85,16637949
356399,0.05,1.02,0.10,-1.77,1.89,-1.28,0.04,1.01,0.06,-1.34,0.58,-0.89,16637071
356410,0.05,1.02,0.09,-2.17,1.86,-1.22,0.04,1.01,0.06,-1.19,0.46,-0.95,16635874
356422,0.06,1.02,0.09,-2.29,2.11,-1.13,0.03,1.01,0.06,-1.04,0.76,-0.85,16635808
356433,0.06,1.02,0.09,-2.47,2.26,-1.43,0.03,1.01,0.07,-0.40,0.64,-0.92,16633693
356445,0.06,1.02,0.09,-2.32,1.98,-1.10,0.03,1.01,0.07,-0.52,0.70,-0.92,16632011
356457,0.05,1.02,0.09,-2.69,1.95,-1.19,0.04,1.01,0.06,-0.64,0.64,-0.61,16636088
356468,0.05,1.02,0.09,-2.59,2.20,-1.22,0.04,1.01,0.06,-0.58,0.46,-0.73,16637489
356481,0.05,1.02,0.10,-2.08,1.98,-1.34,0.04,1.01,0.06,-1.43,0.43,-0.70,16636532
356492,0.05,1.02,0.10,-2.17,1.86,-1.28,0.04,1.01,0.06,-1.22,0.46,-0.95,16637184
356504,0.05,1.02,0.10,-2.29,1.83,-1.07,0.04,1.01,0.06,-1.19,0.46,-0.89,16633604
356515,0.05,1.02,0.10,-2.04,2.11,-1.31,0.04,1.01,0.06,-0.92,0.79,-0.89,16634120
356528,0.05,1.02,0.10,-2.29,2.11,-1.31,0.04,1.01,0.06,-0.98,0.70,-0.89,16631893
356539,0.05,1.02,0.10,-2.26,2.01,-1.59,0.04,1.01,0.06,-0.89,0.52,-0.70,16632967
356550,0.06,1.02,0.10,-2.29,2.14,-1.40,0.04,1.01,0.06,-0.98,0.76,-1.01,16632279
356562,0.06,1.02,0.09,-2.23,2.08,-1.40,0.04,1.01,0.06,-1.13,0.73,-0.85,16634759
356574,0.05,1.02,0.09,-2.23,2.01,-1.65,0.04,1.01,0.06,-1.01,0.73,-1.01,16635120
356586,0.05,1.02,0.09,-2.23,1.77,-1.19,0.04,1.01,0.06,-0.79,0.37,-0.58,16634135
356597,0.05,1.02,0.09,-2.35,2.01,-1.28,0.04,1.01,0.06,-1.10,0.49,-1.01,16633769
356610,0.05,1.02,0.09,-2.23,2.11,-1.53,0.04,1.01,0.06,-0.82,0.64,-0.89,16634880
356621,0.05,1.02,0.09,-2.50,1.95,-1.13,0.04,1.01,0.06,-1.07,0.52,-1.01,16636289
356633,0.05,1.02,0.09,-2.41,1.86,-1.25,0.04,1.01,0.06,-0.73,0.55,-0.98,16635056
356644,0.05,1.02,0.09,-2.29,2.14,-1.40,0.04,1.01,0.06,-0.76,0.52,-0.95,16632866
356657,0.05,1.02,0.09,-2.38,2.20,-1.53,0.04,1.01,0.06,-0.92,0.52,-0.92,16634746
356668,0.06,1.02,0.09,-2.50,2.01,-1.22,0.03,1.01,0.06,-0.70,0.70,-0.70,16635768
356679,0.06,1.02,0.10,-2.47,1.92,-1.31,0.04,1.01,0.06,-1.07,0.40,-1.01,16634815
356691,0.05,1.02,0.10,-2.32,1.92,-1.31,0.04,1.01,0.06,-1.19,0.82,-0.67,16637319
356703,0.05,1.02,0.10,-2.08,2.14,-1.68,0.04,1.01,0.05,-1.07,0.61,-0.85,16636167
356715,0.05,1.02,0.10,-1.98,2.08,-1.53,0.04,1.01,0.06,-1.16,0.70,-0.92,16635467
356726,0.05,1.02,0.10,-2.08,2.04,-1.37,0.04,1.01,0.06,-1.46,0.55,-0.92,16636352
356739,0.05,1.02,0.10,-2.14,1.95,-1.34,0.04,1.01,0.06,-1.37,0.27,-1.16,16636582
356750,0.05,1.02,0.09,-2.53,2.29,-1.25,0.04,1.01,0.06,-0.98,0.43,-0.82,16637441
356762,0.05,1.02,0.09,-2.47,2.04,-1.10,0.04,1.01,0.07,-0.79,0.40,-0.85,16636795
356773,0.05,1.02,0.09,-2.35,2.04,-1.16,0.03,1.01,0.06,-0.82,0.61,-0.95,16636306
356785,0.06,1.02,0.09,-2.59,2.08,-1.25,0.03,1.01,0.06,-0.98,0.82,-1.01,16636207
356797,0.06,1.02,0.09,-2.44,2.14,-1.04,0.04,1.01,0.06,-1.10,0.52,-0.64,16637634
356808,0.05,1.02,0.09,-2.38,1.98,-1.46,0.04,1.01,0.06,-1.13,0.58,-0.70,16635309
356820,0.05,1.02,0.09,-2.14,1.95,-1.28,0.04,1.01,0.06,-0.98,0.37,-1.01,16634335
356832,0.05,1.02,0.10,-2.38,1.86,-1.34,0.04,1.01,0.06,-1.10,0.31,-0.95,16632658
356844,0.05,1.02,0.10,-2.14,2.01,-1.19,0.04,1.01,0.06,-1.01,0.61,-0.76,16632962
356855,0.05,1.02,0.10,-2.35,2.01,-0.92,0.04,1.01,0.06,-0.82,0.76,-0.73,16632556
356868,0.05,1.02,0.10,-2.41,2.01,-1.01,0.04,1.01,0.06,-1.01,0.24,-0.89,16632879
356879,0.05,1.02,0.10,-2.41,2.04,-1.07,0.04,1.01,0.06,-1.25,0.82,-1.13,16634086
356891,0.05,1.02,0.10,-2.90,2.08,-1.07,0.04,1.01,0.06,-1.25,0.49,-0.61,16635292
356902,0.06,1.02,0.09,-2.72,2.11,-1.13,0.04,1.01,0.06,-1.25,0.64,-0.98,16635719
356914,0.06,1.02,0.10,-1.68,2.23,-1.07,0.04,1.01,0.06,-0.89,0.67,-0.82,16634820
356926,0.05,1.02,0.09,-1.56,2.14,-1.16,0.04,1.01,0.06,-0.95,0.58,-0.76,16635055
356937,0.05,1.02,0.09,-2.53,2.04,-1.04,0.04,1.01,0.06,-0.85,0.61,-0.70,16635153
356950,0.05,1.02,0.09,-3.20,1.98,-0.92,0.04,1.01,0.06,-0.92,0.46,-0.85,16635368
356961,0.05,1.02,0.09,-2.66,2.04,-1.25,0.04,1.01,0.06,-0.79,0.61,-0.49,16636734
356973,0.05,1.03,0.10,-1.71,2.14,-1.34,0.04,1.01,0.06,-0.55,0.64,-0.85,16636520
356984,0.05,1.03,0.10,-1.10,2.23,-1.59,0.04,1.01,0.06,-1.16,0.40,-0.89,16637966
356997,0.05,1.02,0.10,-1.83,2.04,-1.37,0.04,1.01,0.06,-0.92,0.67,-0.82,16636904
357008,0.05,1.02,0.09,-3.14,2.23,-0.76,0.04,1.01,0.06,-1.01,0.58,-1.04,16640082
357020,0.06,1.02,0.09,-4.15,2.01,-1.13,0.03,1.01,0.06,-0.89,0.70,-0.79,16643297
357031,0.06,1.02,0.10,-3.02,2.01,-1.25,0.04,1.01,0.06,-1.07,0.61,-0.70,16645847
357043,0.05,1.02,0.09,-4.00,2.11,-1.07,0.04,1.01,0.06,-1.16,0.55,-0.82,16647908
357055,0.05,1.02,0.09,-4.55,2.04,-0.79,0.04,1.01,0.06,-0.85,0.55,-0.89,16649612
357066,0.05,1.02,0.10,-2.14,1.92,-1.56,0.04,1.01,0.06,-1.10,0.82,-0.92,16655312
357079,0.05,1.04,0.11,1.19,2.29,-1.62,0.04,1.01,0.06,-0.89,0.89,-0.79,16657463
357090,0.05,1.03,0.10,1.25,2.23,-1.50,0.04,1.01,0.06,-0.98,0.52,-0.82,16658735
357102,0.05,1.02,0.10,-1.83,2.01,-1.34,0.04,1.01,0.06,-1.13,0.34,-0.89,16663555
357113,0.05,1.02,0.09,-1.89,1.83,-1.19,0.04,1.01,0.06,-1.13,0.40,-0.98,16671768
357126,0.05,1.02,0.10,-1.65,1.74,-1.16,0.04,1.01,0.06,-1.13,0.43,-0.89,16682116
357137,0.05,1.02,0.09,-2.84,1.77,-1.19,0.04,1.01,0.06,-1.28,0.67,-0.79,16695259
357148,0.05,1.02,0.09,-3.66,2.11,-1.10,0.04,1.01,0.06,-0.89,0.58,-0.98,16706099
357160,0.05,1.02,0.09,-2.87,1.92,-1.04,0.04,1.01,0.06,-0.85,0.61,-0.95,16714594
357172,0.05,1.02,0.09,-2.90,2.17,-1.04,0.04,1.01,0.06,-0.58,0.85,-0.79,16724712
357184,0.05,1.02,0.10,-2.90,2.23,-0.92,0.04,1.01,0.06,-0.89,0.73,-0.82,16743136
357195,0.05,1.03,0.10,-1.62,2.20,-1.16,0.04,1.01,0.06,-1.22,0.64,-0.89,16767965
357208,0.05,1.03,0.10,-1.19,2.14,-0.92,0.04,1.01,0.05,-1.43,0.64,-0.85,11434
357219,0.05,1.02,0.10,-2.23,1.98,-1.28,0.04,1.01,0.06,-1.28,0.46,-0.79,26538
357231,0.05,1.02,0.09,-3.27,1.89,-1.07,0.04,1.01,0.06,-1.37,0.43,-1.04,40867
357242,0.05,1.02,0.09,-2.38,2.11,-1.22,0.03,1.01,0.06,-1.10,0.64,-0.79,54352
357254,0.05,1.03,0.09,-2.50,2.23,-1.19,0.03,1.01,0.06,-0.67,0.76,-0.85,68460
357266,0.05,1.02,0.09,-3.42,1.68,-1.04,0.04,1.01,0.06,-0.98,0.61,-0.95,77695
357277,0.05,1.02,0.09,-2.75,1.92,-0.98,0.04,1.01,0.06,-0.89,0.70,-0.64,80479
357289,0.05,1.03,0.09,-2.29,2.11,-1.28,0.04,1.01,0.06,-0.92,0.70,-0.61,79080
357301,0.05,1.02,0.09,-2.84,2.04,-0.89,0.04,1.01,0.06,-1.13,0.34,-1.10,82723
357313,0.05,1.02,0.10,-2.72,2.14,-1.31,0.04,1.01,0.06,-1.10,0.49,-0.95,77123
357324,0.05,1.03,0.10,-1.43,2.08,-1.40,0.04,1.01,0.06,-1.22,0.24,-0.70,70724
357337,0.05,1.03,0.10,-1.22,2.32,-1.59,0.04,1.01,0.06,-1.04,0.40,-0.73,63527
357348,0.05,1.02,0.10,-1.92,1.95,-1.28,0.04,1.01,0.06,-0.92,0.64,-0.89,47399
357359,0.05,1.02,0.10,-1.74,1.89,-1.07,0.04,1.01,0.06,-1.22,0.73,-0.73,38587
357371,0.06,1.03,0.10,-1.22,1.98,-1.43,0.04,1.01,0.06,-0.95,0.52,-0.67,22083
357383,0.06,1.03,0.10,-1.04,2.20,-1.56,0.04,1.01,0.06,-0.92,0.55,-0.70,2592
357395,0.06,1.02,0.10,-1.34,2.20,-1.71,0.04,1.01,0.06,-0.98,0.37,-0.79,16759752
357406,0.05,1.02,0.10,-1.77,2.17,-1.31,0.04,1.01,0.06,-1.01,0.55,-0.85,16743124
357419,0.05,1.02,0.10,-1.74,1.92,-1.62,0.04,1.01,0.06,-1.10,0.46,-0.95,16727276
357430,0.05,1.02,0.10,-2.14,2.20,-1.31,0.04,1.01,0.06,-1.19,0.37,-0.76,16712388
357442,0.05,1.02,0.10,-2.44,2.20,-1.59,0.04,1.01,0.06,-1.07,0.46,-0.79,16698126
357453,0.05,1.02,0.10,-2.32,1.92,-1.43,0.04,1.01,0.06,-0.79,0.52,-1.16,16686817
357466,0.05,1.03,0.10,-1.04,1.89,-1.77,0.04,1.01,0.05,-2.59,0.46,-0.79,16681404
357477,0.05,1.01,0.09,-2.50,1.77,-1.28,0.04,1.01,0.06,0.09,0.70,-0.82,16678007
357489,0.05,1.03,0.09,-1.13,2.11,-1.22,0.04,1.01,0.06,-2.66,0.40,-0.85,16673912
357500,0.05,1.02,0.09,-2.17,2.01,-0.79,0.03,1.01,0.07,0.21,0.76,-0.98,16673779
357512,0.06,1.03,0.09,-1.56,2.44,-1.16,0.03,1.01,0.07,-1.40,0.76,-0.55,16678061
357524,0.05,1.02,0.09,-2.84,2.14,-1.16,0.03,1.01,0.06,0.06,0.58,-0.95,16686266
357535,0.05,1.02,0.09,-2.62,1.92,-1.37,0.04,1.01,0.06,-1.10,0.67,-0.85,16692649
357548,0.05,1.02,0.10,-2.90,1.86,-1.34,0.04,1.01,0.06,-0.79,0.49,-0.70,16706725
357559,0.05,1.02,0.10,-2.53,1.86,-1.43,0.04,1.01,0.06,-1.13,0.46,-1.10,16720509
357571,0.05,1.02,0.10,-3.08,2.04,-1.37,0.04,1.01,0.06,-1.37,0.64,-0.82,16736568
357582,0.05,1.02,0.10,-3.08,2.14,-1.46,0.04,1.01,0.06,-1.16,0.55,-1.01,16753665
357595,0.05,1.02,0.10,-2.72,1.98,-1.37,0.04,1.01,0.06,-1.28,0.67,-1.07,16771995
357606,0.05,1.03,0.10,-1.59,2.14,-1.13,0.04,1.01,0.06,-0.64,0.76,-1.01,12416
357617,0.06,1.02,0.10,-1.56,1.80,-1.01,0.04,1.01,0.06,-1.07,0.61,-0.82,34864
357629,0.06,1.03,0.10,-1.95,2.14,-1.19,0.04,1.01,0.06,-0.98,0.52,-0.98,59528
357641,0.05,1.02,0.09,-2.14,2.23,-1.19,0.04,1.01,0.06,-1.28,0.31,-0.95,75399
357653,0.05,1.03,0.09,-1.80,2.04,-0.98,0.04,1.01,0.06,-0.98,0.31,-0.92,84870
357664,0.05,1.02,0.09,-2.56,1.95,-1.31,0.04,1.01,0.06,-0.89,0.95,-0.82,93497
357677,0.05,1.02,0.09,-2.17,2.04,-1.10,0.04,1.01,0.06,-1.19,0.52,-0.85,101948
357688,0.05,1.02,0.10,-1.89,2.08,-1.13,0.04,1.01,0.06,-0.89,0.67,-0.73,111059
357700,0.05,1.02,0.10,-1.65,2.01,-1.56,0.04,1.01,0.06,-0.89,0.49,-0.85,120334
357711,0.05,1.03,0.10,-1.28,1.98,-1.28,0.04,1.01,0.06,-0.92,0.52,-1.07,131250
357724,0.05,1.02,0.10,-1.74,2.26,-1.10,0.04,1.01,0.06,-0.98,0.70,-0.89,142017
357735,0.06,1.02,0.09,-2.90,2.01,-0.98,0.04,1.01,0.06,-1.10,0.79,-0.79,147175
357746,0.06,1.02,0.10,-1.86,2.23,-1.22,0.03,1.01,0.06,-1.43,0.49,-0.85,151167
357758,0.06,1.02,0.10,-2.08,2.17,-1.25,0.03,1.01,0.06,-1.28,0.49,-0.79,154660
357770,0.06,1.02,0.09,-2.69,1.86,-1.25,0.04,1.01,0.06,-1.04,0.92,-0.73,157762
357782,0.05,1.02,0.09,-1.74,1.98,-1.13,0.04,1.01,0.06,-1.13,0.70,-0.95,155686
357793,0.05,1.02,0.09,-1.86,2.44,-1.53,0.04,1.01,0.06,-1.04,0.58,-0.55,147463
357806,0.05,1.03,0.09,-2.11,1.92,-0.92,0.04,1.01,0.07,-0.58,0.58,-0.79,133838
357817,0.05,1.03,0.09,-1.98,1.80,-1.31,0.04,1.01,0.07,-0.70,0.70,-0.76,118246
357829,0.05,1.03,0.09,-2.14,2.11,-1.46,0.04,1.01,0.06,-0.76,0.92,-0.61,88098
357840,0.05,1.03,0.09,-2.50,1.95,-1.25,0.04,1.01,0.06,-0.40,0.67,-0.55,49709
357852,0.06,1.03,0.09,-1.98,2.01,-1.25,0.03,1.01,0.06,-0.92,0.43,-0.55,7589
357864,0.06,1.03,0.09,-2.38,2.20,-2.08,0.03,1.01,0.06,-0.58,0.64,-0.46,16738067
357875,0.05,1.02,0.09,-0.98,2.90,-1.83,0.04,1.01,0.06,-0.46,0.46,-0.70,16690596
357888,0.05,1.02,0.10,-0.58,1.86,-1.40,0.04,1.01,0.06,-0.89,0.52,-0.70,16647592
357899,0.05,1.02,0.10,-2.11,1.98,-1.40,0.04,1.01,0.06,-1.10,0.76,-0.92,16634866
357911,0.05,1.02,0.10,-2.32,2.04,-1.40,0.05,1.01,0.05,-1.04,0.43,-0.79,16635972
357922,0.05,1.02,0.10,-2.20,1.83,-1.19,0.04,1.01,0.05,-1.59,0.70,-1.07,16636870
357935,0.05,1.02,0.10,-2.04,2.29,-1.25,0.04,1.01,0.05,-1.16,0.67,-1.13,16637894
357946,0.05,1.02,0.10,-1.71,2.04,-1.31,0.04,1.01,0.06,-1.53,0.67,-0.79,16637339
357958,0.05,1.02,0.10,-1.71,2.11,-1.37,0.04,1.01,0.06,-0.79,0.55,-0.76,16637809
357969,0.06,1.02,0.09,-2.01,2.17,-1.22,0.03,1.01,0.06,-1.07,0.49,-0.79,16636550
357981,0.06,1.02,0.09,-1.95,1.86,-1.01,0.03,1.01,0.06,-0.95,0.79,-0.82,16636348
357993,0.06,1.02,0.09,-2.72,2.04,-1.37,0.03,1.01,0.06,-0.95,0.70,-0.64,16635779
358004,0.05,1.02,0.09,-2.96,1.92,-1.28,0.04,1.01,0.06,-0.55,0.58,-0.76,16637658
358017,0.05,1.02,0.09,-2.96,2.14,-1.10,0.04,1.01,0.06,-0.64,0.55,-0.73,16635957
358028,0.05,1.02,0.09,-3.33,2.01,-1.19,0.04,1.01,0.06,-0.76,0.52,-0.73,16634321
358040,0.05,1.02,0.10,-3.20,2.11,-1.07,0.04,1.01,0.06,-1.22,0.58,-0.79,16634314
358051,0.05,1.02,0.10,-2.53,1.89,-1.37,0.04,1.01,0.06,-1.13,1.01,-0.76,16634276
358064,0.05,1.02,0.10,-2.47,2.32,-1.16,0.04,1.01,0.06,-1.16,0.55,-0.98,16635123
358075,0.05,1.02,0.10,-1.74,2.04,-1.46,0.04,1.01,0.06,-1.10,0.67,-0.95,16633770
358086,0.06,1.03,0.10,-1.92,1.92,-1.16,0.04,1.01,0.06,-1.04,0.73,-0.67,16637339
358098,0.06,1.02,0.10,-2.47,2.17,-1.31,0.04,1.01,0.06,-1.34,0.40,-1.19,16636148
358110,0.05,1.02,0.09,-2.81,2.01,-1.25,0.04,1.01,0.06,-1.10,0.79,-0.55,16636700
358122,0.05,1.02,0.09,-2.11,2.11,-1.34,0.04,1.01,0.06,-1.16,0.55,-0.92,16638143
358133,0.05,1.03,0.10,-1.46,2.14,-1.25,0.04,1.01,0.06,-1.25,0.70,-0.79,16635626
358146,0.05,1.02,0.09,-1.77,1.98,-0.89,0.04,1.01,0.06,-0.85,0.43,-0.95,16636181
358157,0.05,1.02,0.09,-2.29,1.71,-1.13,0.04,1.01,0.06,-0.98,0.64,-0.73,16636111
358169,0.05,1.02,0.09,-2.56,1.92,-1.31,0.04,1.01,0.06,-0.67,0.58,-0.89,16634630
358180,0.05,1.02,0.09,-2.20,2.04,-1.19,0.04,1.01,0.06,-0.85,0.52,-0.85,16634678
358193,0.05,1.03,0.09,-2.08,2.17,-1.22,0.04,1.01,0.06,-0.79,0.49,-0.58,16634288
358204,0.05,1.02,0.09,-3.33,1.92,-1.16,0.04,1.01,0.06,-1.10,1.13,-0.85,16638436
358215,0.05,1.02,0.09,-3.69,1.95,-1.37,0.04,1.01,0.06,-0.95,0.92,-0.98,16639307
358227,0.05,1.02,0.09,-3.30,2.04,-1.19,0.04,1.01,0.06,-1.13,0.40,-0.70,16636523
358239,0.05,1.02,0.10,-2.50,2.23,-1.25,0.04,1.01,0.06,-1.04,0.82,-1.13,16634640
358251,0.05,1.02,0.10,-2.72,2.17,-1.13,0.04,1.01,0.06,-0.89,0.58,-0.82,16635138
358262,0.05,1.02,0.10,-2.17,1.92,-1.31,0.04,1.01,0.06,-1.31,0.55,-0.73,16636579
358275,0.05,1.02,0.10,-1.74,1.89,-1.71,0.04,1.01,0.06,-1.10,0.64,-1.13,16638003
358286,0.05,1.03,0.10,-1.07,2.17,-1.83,0.04,1.01,0.06,-1.25,0.40,-0.73,16638746
358298,0.05,1.03,0.10,-1.40,2.29,-1.43,0.04,1.01,0.06,-1.31,0.49,-0.79,16635671
358309,0.05,1.02,0.09,-2.01,2.14,-1.34,0.04,1.01,0.06,-1.16,0.64,-1.07,16635390
358322,0.05,1.02,0.09,-2.59,1.83,-1.07,0.03,1.01,0.06,-0.98,0.43,-0.79,16636908
358333,0.05,1.02,0.09,-2.78,2.20,-1.01,0.03,1.01,0.06,-0.89,0.67,-0.89,16636359
358344,0.05,1.02,0.09,-2.87,2.14,-1.19,0.04,1.01,0.06,-0.67,0.55,-0.98,16636924
358356,0.05,1.02,0.09,-2.59,1.92,-1.74,0.04,1.01,0.06,-0.55,0.82,-0.76,16637791
358368,0.05,1.02,0.09,-3.08,1.98,-1.50,0.04,1.01,0.06,-1.19,0.46,-0.37,16639676
358380,0.05,1.02,0.10,-3.27,1.95,-1.40,0.04,1.01,0.06,-2.11,0.64,-0.76,16641782
358391,0.05,1.02,0.10,-4.49,2.14,-0.98,0.04,1.01,0.06,-4.52,0.55,-1.10,16641173
358404,0.05,1.02,0.09,-5.52,2.20,-1.01,0.04,1.01,0.06,-3.94,5.83,-0.89,16639906
