time,faccx,faccy,faccz,fgyrx,fgyry,fgyrz,saccx,saccy,saccz,sgyrx,sgyry,sgyrz,load
1190930,0.07,1.05,0.08,3.94,1.95,-6.44,-0.02,0.73,0.79,-4.76,-5.40,4.64,16610674
1190940,0.05,1.07,0.07,-3.66,1.95,-5.83,-0.03,0.73,0.79,-5.13,-5.00,4.30,16611281
1190950,0.05,1.06,0.08,0.31,2.17,-5.37,-0.02,0.72,0.79,-4.61,-5.62,4.79,16611003
1190961,0.06,1.04,0.08,-1.22,0.31,-2.75,-0.02,0.72,0.78,-4.64,-6.20,5.68,16611836
1190971,0.08,1.01,0.09,-3.36,-1.28,-3.85,-0.02,0.71,0.77,-4.12,-6.50,6.13,16610746
1190981,0.09,0.99,0.10,-3.05,-2.50,-5.37,-0.02,0.71,0.77,-3.66,-7.14,6.20,16608996
1190992,0.10,0.98,0.11,-4.27,-4.18,-6.87,-0.02,0.71,0.76,-2.14,-8.06,5.74,16607854
1191005,0.11,0.97,0.12,-5.28,-5.71,-8.18,-0.02,0.71,0.75,-0.95,-9.09,5.68,16610331
1191016,0.12,0.97,0.13,-5.71,-7.48,-7.48,-0.02,0.71,0.75,-0.24,-10.10,5.34,16611549
1191028,0.11,0.97,0.12,-5.80,-8.15,-8.24,-0.01,0.71,0.75,0.89,-9.80,5.22,16609844
1191040,0.09,0.98,0.12,-5.77,-6.65,-8.82,-0.01,0.71,0.75,1.19,-8.82,4.67,16609102
1191051,0.05,0.98,0.12,-6.35,-4.30,-9.55,-0.00,0.71,0.75,1.71,-7.51,4.55,16609377
1191063,0.02,0.97,0.11,-7.87,-1.40,-8.36,0.01,0.70,0.76,1.92,-5.43,4.61,16608848
1191074,-0.00,0.97,0.10,-8.91,0.49,-4.97,0.02,0.70,0.76,1.80,-3.66,4.73,16606980
1191087,-0.01,0.99,0.09,-9.06,1.95,-3.72,0.02,0.70,0.76,1.13,-1.80,5.07,16607206
1191098,-0.00,1.01,0.09,-7.29,2.47,-4.15,0.02,0.70,0.77,0.73,-2.32,5.34,16607719
1191110,0.01,1.05,0.08,-4.30,2.14,-4.82,0.02,0.70,0.77,0.06,-3.51,5.07,16608338
1191121,0.03,1.07,0.08,-2.01,2.41,-6.23,0.01,0.70,0.77,-0.37,-4.24,4.67,16611541
1191134,0.03,1.08,0.08,-0.67,2.26,-6.93,0.01,0.71,0.77,-1.19,-5.04,4.24,16609548
1191145,0.04,1.07,0.08,-0.89,1.68,-5.37,0.01,0.71,0.78,-2.26,-6.16,4.36,16611820
1191156,0.06,1.06,0.08,-2.59,3.72,-10.01,0.01,0.72,0.78,-2.56,-5.65,4.70,16612076
1191169,0.07,1.04,0.11,1.86,-2.26,-1.74,0.01,0.72,0.78,-1.95,-6.59,5.28,16608831
1191180,0.07,1.06,0.11,0.89,-3.17,4.67,0.02,0.73,0.77,-2.53,-3.69,5.58,16609517
1191192,0.08,1.05,0.11,-1.04,-1.65,-7.60,0.02,0.73,0.77,-1.34,-2.29,5.04,16610559
1191203,0.04,1.04,0.12,-0.40,0.06,-4.21,0.02,0.74,0.76,-1.07,-4.46,4.39,16609373
1191216,0.03,1.02,0.13,-1.50,1.01,-5.74,0.01,0.74,0.76,-0.67,-4.64,4.39,16610559
1191227,0.03,1.01,0.14,-3.17,1.40,-8.21,0.01,0.74,0.76,-0.21,-6.50,4.24,16610811
1191239,0.04,1.01,0.14,-3.97,0.21,-8.73,0.01,0.75,0.76,0.00,-8.09,4.55,16610413
1191250,0.05,1.01,0.14,-4.24,-0.37,-9.09,0.01,0.75,0.76,0.09,-8.88,5.16,16609565
1191263,0.05,1.02,0.14,-4.49,-0.58,-9.25,0.01,0.75,0.76,0.37,-10.83,6.35,16610812
1191274,0.04,1.03,0.14,-3.11,-0.27,-10.07,0.01,0.75,0.76,0.52,-12.36,6.93,16609841
1191285,0.03,1.03,0.14,-3.51,0.18,-11.87,0.01,0.75,0.76,1.19,-11.44,7.51,16608268
1191298,0.02,1.02,0.14,-4.49,0.46,-11.35,0.02,0.75,0.76,1.34,-11.11,8.27,16609192
1191309,0.01,1.02,0.13,-4.97,0.46,-9.86,0.04,0.75,0.76,1.62,-9.31,9.31,16612791
1191321,-0.00,1.02,0.13,-5.80,1.62,-8.42,0.06,0.75,0.77,2.14,-6.26,10.25,16611432
1191332,-0.03,1.01,0.12,-7.08,4.49,-7.57,0.07,0.75,0.77,2.56,-3.05,10.25,16609900
1191345,-0.05,1.01,0.12,-7.90,6.84,-6.62,0.08,0.74,0.77,3.11,0.03,9.86,16610223
1191356,-0.05,1.02,0.12,-7.39,8.12,-5.58,0.08,0.74,0.77,3.02,-0.55,10.13,16608100
1191368,-0.04,1.03,0.12,-6.81,8.30,-3.94,0.07,0.74,0.77,2.72,-1.53,9.95,16609267
1191379,-0.02,1.05,0.11,-5.28,8.18,-5.86,0.07,0.73,0.77,2.53,-2.62,9.16,16610140
1191391,0.00,1.06,0.11,-3.54,8.24,-8.24,0.06,0.72,0.77,2.11,-3.45,8.85,16611290
1191403,0.02,1.06,0.11,-2.47,7.48,-10.19,0.05,0.72,0.77,2.20,-5.25,8.97,16610854
1191414,0.04,1.05,0.11,-2.23,5.71,-10.86,0.04,0.73,0.76,2.26,-8.67,9.74,16609399
1191427,0.05,1.03,0.12,-3.57,4.39,-9.77,0.05,0.73,0.76,2.75,-8.76,10.44,16606534
1191438,0.04,1.01,0.12,-5.28,3.78,-8.79,0.06,0.73,0.76,3.39,-6.38,10.59,16607477
1191450,0.02,0.99,0.13,-6.47,4.76,-7.45,0.07,0.74,0.76,4.91,-3.66,10.74,16608587
1191461,0.00,0.98,0.14,-7.63,5.25,-6.62,0.08,0.74,0.76,5.86,-1.46,10.74,16607692
1191474,0.00,0.97,0.14,-9.95,5.40,-7.81,0.07,0.73,0.76,6.44,-2.44,11.05,16607930
1191485,0.01,0.97,0.13,-10.53,4.94,-8.82,0.06,0.73,0.76,6.13,-6.20,11.63,16610343
1191497,0.03,0.98,0.13,-10.74,4.03,-10.59,0.05,0.72,0.75,5.77,-8.85,11.60,16612797
1191508,0.05,1.00,0.14,-9.92,2.59,-13.98,0.04,0.73,0.74,6.16,-11.17,10.01,16614055
1191520,0.08,1.02,0.16,-7.93,-0.12,-16.57,0.05,0.74,0.73,7.05,-12.39,9.00,16612432
1191532,0.09,1.02,0.16,-7.17,-2.32,-17.06,0.06,0.74,0.73,7.90,-9.74,7.42,16609396
1191543,0.08,1.00,0.15,-9.12,-3.39,-15.87,0.08,0.74,0.74,8.30,-5.65,6.65,16608297
1191556,0.06,0.98,0.14,-11.35,-3.60,-11.96,0.10,0.73,0.74,8.00,-4.36,7.35,16607829
1191567,0.03,0.98,0.13,-12.94,-3.02,-9.16,0.10,0.73,0.75,7.42,-5.10,7.78,16608190
1191579,-0.01,0.99,0.13,-13.18,-1.01,-8.33,0.10,0.72,0.74,7.11,-5.77,7.54,16609999
1191590,-0.03,0.99,0.12,-12.85,0.92,-8.64,0.10,0.72,0.74,6.23,-5.77,7.35,16610499
1191603,-0.04,1.01,0.11,-12.66,2.26,-10.22,0.10,0.72,0.75,5.04,-6.47,7.84,16611307
1191614,-0.05,1.02,0.10,-12.36,3.45,-9.80,0.10,0.71,0.74,3.48,-6.13,7.72,16610697
1191626,-0.05,1.04,0.10,-9.83,4.46,-9.46,0.11,0.71,0.74,2.99,-3.23,7.39,16609620
1191638,-0.04,1.05,0.09,-7.20,5.37,-8.21,0.12,0.70,0.74,2.20,1.95,6.90,16609401
1191649,-0.04,1.06,0.08,-5.31,6.35,-4.97,0.13,0.69,0.74,2.26,7.81,6.29,16609542
1191661,-0.04,1.06,0.08,-4.15,7.11,-4.73,0.12,0.69,0.74,1.62,9.37,5.52,16608877
1191672,-0.03,1.05,0.09,-3.30,7.54,-4.85,0.11,0.69,0.74,0.00,6.20,5.95,16609717
1191685,-0.02,1.04,0.11,-2.14,7.17,-5.52,0.10,0.70,0.73,-0.34,5.28,5.10,16609656
1191696,0.00,1.03,0.12,-1.62,6.35,-6.13,0.11,0.71,0.72,0.09,5.77,3.97,16611169
1191708,0.01,1.01,0.14,-2.38,4.91,-4.85,0.11,0.72,0.72,0.70,6.62,2.47,16611448
1191719,0.03,0.99,0.15,-4.52,1.74,-4.30,0.12,0.72,0.72,1.19,6.59,2.14,16607742
1191732,0.05,0.97,0.15,-6.74,-1.04,-3.81,0.12,0.73,0.73,1.22,4.12,1.77,16608580
1191743,0.05,0.96,0.16,-8.21,-3.27,-4.70,0.11,0.73,0.72,1.31,2.69,0.89,16608551
1191754,0.04,0.96,0.17,-8.70,-3.94,-5.68,0.12,0.73,0.72,1.77,3.39,0.06,16607086
1191767,0.02,0.96,0.18,-9.52,-4.24,-5.52,0.12,0.74,0.71,1.83,3.17,-0.40,16608928
1191778,0.01,0.97,0.19,-9.19,-4.58,-5.37,0.12,0.75,0.70,2.08,0.70,-0.82,16609984
1191790,0.01,0.98,0.19,-8.82,-5.55,-4.55,0.10,0.74,0.70,2.20,-7.05,-1.07,16608871
1191801,0.00,1.00,0.18,-8.21,-6.13,-4.61,0.10,0.75,0.70,2.01,-7.78,-2.20,16608303
1191814,-0.01,1.02,0.18,-5.71,-5.22,-6.01,0.10,0.75,0.70,1.95,-5.77,-3.42,16610202
1191825,-0.01,1.05,0.18,-2.93,-4.49,-6.65,0.10,0.75,0.71,1.28,-6.23,-4.49,16609610
1191837,-0.02,1.06,0.18,-1.74,-3.66,-6.20,0.10,0.76,0.72,0.82,-6.26,-5.46,16610142
1191848,-0.01,1.05,0.16,-3.45,-4.30,-3.85,0.12,0.76,0.73,0.24,-3.94,-6.35,16607112
1191860,-0.01,1.03,0.15,-4.91,-4.70,0.79,0.13,0.75,0.74,-0.40,-2.01,-7.23,16607980
1191872,-0.02,1.04,0.14,-4.06,-5.46,1.25,0.13,0.75,0.74,-1.43,-2.59,-7.48,16609327
1191883,-0.03,1.06,0.14,-2.78,-5.55,0.43,0.13,0.75,0.74,-2.08,-3.81,-7.32,16609112
1191896,-0.06,1.08,0.14,0.12,-3.91,-1.19,0.14,0.75,0.74,-2.90,-3.02,-7.51,16606466
1191907,-0.09,1.09,0.14,1.92,-1.80,-2.08,0.15,0.75,0.75,-3.27,-0.79,-6.81,16605916
1191919,-0.13,1.07,0.13,1.46,0.40,-0.58,0.16,0.76,0.75,-3.88,0.46,-5.13,16606854
1191930,-0.15,1.06,0.14,0.92,2.99,1.28,0.17,0.76,0.75,-4.61,2.04,-3.66,16610451
1191943,-0.17,1.05,0.15,0.92,5.83,2.87,0.17,0.76,0.74,-4.03,3.91,-2.69,16611153
1191954,-0.17,1.04,0.16,2.01,7.81,3.57,0.16,0.76,0.73,-3.45,5.34,-2.50,16609312
1191966,-0.15,1.04,0.16,2.99,8.03,4.36,0.16,0.75,0.72,-2.96,6.62,-2.69,16609324
1191977,-0.10,1.04,0.17,4.82,7.08,3.72,0.15,0.75,0.71,-2.53,6.16,-2.78,16610428
1191989,-0.06,1.02,0.18,4.09,5.74,2.17,0.13,0.75,0.70,-1.50,5.77,-3.66,16609251
1192001,-0.04,0.98,0.19,2.08,4.82,1.71,0.12,0.76,0.70,-0.67,4.82,-4.03,16608134
1192012,-0.02,0.95,0.20,-0.52,2.66,2.62,0.12,0.76,0.69,-0.12,3.17,-4.18,16609451
1192025,0.01,0.93,0.20,-4.15,0.52,3.91,0.12,0.76,0.70,0.61,3.36,-4.64,16609401
1192036,0.02,0.93,0.20,-6.41,-1.31,2.35,0.11,0.76,0.70,1.10,3.33,-4.82,16608107
1192048,0.02,0.94,0.20,-6.26,-2.35,1.37,0.10,0.76,0.70,1.62,1.04,-4.91,16610653
1192059,0.01,0.97,0.20,-5.71,-2.23,2.53,0.09,0.76,0.71,1.59,-0.61,-4.88,16612716
1192072,0.01,1.00,0.19,-4.67,-2.47,2.17,0.09,0.76,0.71,1.80,-0.43,-5.74,16609808
1192083,0.01,1.02,0.18,-3.36,-2.26,0.92,0.09,0.76,0.72,1.83,-0.52,-6.20,16608697
1192094,0.01,1.03,0.16,-3.27,-3.14,0.85,0.09,0.76,0.73,1.28,-0.67,-6.38,16607737
1192107,0.00,1.04,0.15,-3.27,-3.08,1.86,0.09,0.75,0.74,0.46,-0.52,-6.47,16609700
1192118,-0.01,1.06,0.13,-1.43,-2.04,4.85,0.09,0.75,0.75,-0.70,0.82,-6.13,16609416
1192130,-0.03,1.07,0.12,-0.61,-0.24,4.36,0.10,0.75,0.76,-1.74,2.66,-6.23,16608485
1192141,-0.05,1.09,0.11,0.89,1.56,5.28,0.09,0.75,0.77,-2.41,3.08,-5.62,16611041
1192154,-0.05,1.10,0.11,2.62,2.66,3.11,0.09,0.75,0.77,-3.51,3.45,-5.00,16609351
1192165,-0.05,1.10,0.11,3.97,2.96,1.95,0.09,0.75,0.77,-4.18,2.96,-4.39,16609865
1192177,-0.05,1.09,0.11,4.64,3.81,0.49,0.08,0.75,0.77,-4.97,2.47,-4.00,16608158
1192188,-0.04,1.08,0.11,4.91,4.49,0.40,0.08,0.75,0.77,-5.22,2.56,-3.78,16608682
1192201,-0.03,1.07,0.12,4.97,4.15,1.43,0.08,0.74,0.76,-4.85,2.84,-3.60,16608082
1192212,-0.02,1.05,0.12,4.52,3.17,1.04,0.08,0.74,0.76,-5.31,2.08,-3.54,16610912
1192223,0.00,1.03,0.13,3.85,2.35,0.09,0.08,0.74,0.75,-4.85,2.29,-3.94,16614105
1192236,0.02,1.02,0.14,3.66,0.21,-0.79,0.08,0.74,0.75,-4.61,1.28,-4.36,16611143
1192247,0.03,1.00,0.14,2.47,-1.50,-1.19,0.08,0.74,0.74,-4.03,1.07,-4.33,16607432
1192259,0.04,0.98,0.15,0.85,-3.08,-0.92,0.08,0.74,0.73,-3.27,-1.68,-4.15,16607573
1192270,0.03,0.97,0.16,-0.46,-3.39,-0.49,0.07,0.74,0.72,-2.53,-2.78,-3.48,16609943
1192283,0.00,0.96,0.17,-0.58,-2.35,-1.01,0.07,0.74,0.71,-0.85,-1.89,-3.63,16609577
1192294,-0.02,0.95,0.18,-1.22,-0.58,-2.78,0.08,0.74,0.70,0.31,-1.56,-3.69,16607836
1192306,-0.03,0.94,0.18,-2.84,0.12,-1.43,0.08,0.74,0.70,1.46,-0.52,-2.93,16610087
1192317,-0.04,0.94,0.18,-3.63,0.40,-1.25,0.09,0.74,0.70,2.78,0.43,-2.47,16609762
1192329,-0.05,0.96,0.18,-3.02,1.04,1.53,0.09,0.73,0.70,3.36,0.79,-1.74,16611772
1192341,-0.07,1.00,0.17,-0.82,2.93,4.18,0.09,0.74,0.71,3.30,1.07,-1.77,16614111
1192352,-0.07,1.05,0.16,3.33,5.25,0.58,0.09,0.75,0.72,2.87,0.76,-2.11,16618361
1192365,-0.05,1.06,0.14,3.39,5.25,-3.81,0.09,0.76,0.73,1.80,0.89,-2.47,16621891
1192376,-0.01,1.03,0.13,0.06,3.60,-8.36,0.09,0.76,0.75,0.49,0.61,-2.84,16620215
1192388,0.01,1.00,0.12,-3.60,0.79,-3.42,0.10,0.76,0.76,-0.43,0.46,-2.69,16617565
1192399,0.03,0.98,0.12,-7.32,-1.59,-1.37,0.09,0.75,0.76,-0.64,0.27,-2.72,16615239
1192412,0.02,0.98,0.12,-8.30,-2.11,0.95,0.09,0.75,0.75,-0.70,-0.09,-2.81,16611790
1192423,0.01,1.01,0.13,-6.32,-1.53,2.93,0.08,0.75,0.74,-0.09,-1.01,-2.69,16611137
1192435,-0.01,1.05,0.14,-2.50,-0.03,3.85,0.07,0.75,0.73,0.34,-1.13,-2.87,16613654
1192446,-0.03,1.08,0.14,1.37,2.23,4.33,0.07,0.76,0.73,0.12,-0.82,-2.87,16616942
1192458,-0.05,1.10,0.14,4.43,4.52,4.58,0.07,0.76,0.73,0.34,-0.18,-2.84,16620055
1192470,-0.05,1.10,0.14,5.95,5.55,4.58,0.08,0.77,0.73,0.12,1.95,-2.72,16621963
1192481,-0.04,1.10,0.15,7.17,5.77,4.27,0.09,0.77,0.73,0.18,4.09,-2.72,16627081
1192494,-0.02,1.10,0.15,9.58,4.76,1.95,0.08,0.78,0.73,0.18,4.09,-2.72,16630469
1192505,-0.00,1.11,0.15,11.32,3.45,0.18,0.08,0.78,0.73,-0.09,3.11,-2.90,16633158
1192517,0.02,1.10,0.14,13.09,2.04,-2.14,0.08,0.78,0.74,-0.12,2.62,-3.20,16634135
1192528,0.02,1.09,0.13,12.36,0.64,-1.80,0.08,0.78,0.75,-1.28,2.01,-2.81,16638352
1192541,0.02,1.08,0.12,11.87,-0.46,1.65,0.08,0.77,0.76,-2.59,1.16,-2.44,16642624
1192552,-0.00,1.08,0.11,12.12,0.52,2.87,0.08,0.77,0.76,-3.69,0.27,-2.38,16643048
1192564,-0.02,1.09,0.11,13.24,2.56,2.29,0.07,0.77,0.76,-4.73,-1.10,-2.14,16647598
1192576,-0.04,1.10,0.11,15.26,4.70,1.01,0.08,0.77,0.75,-5.22,-1.04,-2.20,16651315
1192587,-0.05,1.11,0.11,17.58,6.62,1.04,0.08,0.77,0.75,-5.28,-0.06,-2.17,16657944
1192599,-0.05,1.11,0.11,20.14,7.63,2.84,0.09,0.77,0.74,-5.13,1.19,-1.83,16658742
1192610,-0.05,1.11,0.12,22.61,8.12,2.11,0.09,0.77,0.73,-3.88,2.50,-1.89,16660518
1192623,-0.04,1.11,0.12,25.45,7.29,3.17,0.09,0.77,0.72,-3.42,3.05,-1.34,16663692
1192634,-0.02,1.10,0.12,27.10,6.20,3.75,0.09,0.76,0.72,-3.72,2.75,-0.79,16663645
1192646,-0.00,1.09,0.11,27.95,4.97,3.30,0.09,0.76,0.73,-3.66,2.66,-1.22,16667867
1192657,0.01,1.07,0.10,26.95,4.03,1.22,0.09,0.76,0.74,-4.46,2.47,-1.53,16674783
1192670,0.02,1.05,0.09,25.60,3.14,1.04,0.09,0.76,0.75,-5.04,2.41,-1.80,16679375
1192681,0.01,1.03,0.08,24.02,3.23,0.18,0.09,0.75,0.75,-5.65,1.71,-2.17,16683073
1192692,0.00,1.01,0.07,22.25,3.88,-0.46,0.09,0.75,0.74,-6.07,1.43,-2.50,16683527
1192705,-0.00,0.99,0.07,20.42,3.75,-1.92,0.09,0.75,0.74,-5.71,1.25,-2.41,16684806
1192716,-0.00,0.97,0.08,17.70,2.78,-0.06,0.10,0.75,0.74,-5.25,1.25,-2.14,16689118
1192728,0.01,0.97,0.08,16.20,1.40,2.50,0.10,0.76,0.73,-5.07,2.62,-2.14,16690882
1192739,0.03,0.97,0.08,16.57,0.09,1.59,0.09,0.76,0.72,-4.79,4.43,-2.20,16694426
1192752,0.03,0.98,0.09,16.05,0.12,1.22,0.08,0.75,0.71,-3.91,4.15,-2.44,16699710
1192763,0.02,0.98,0.09,15.26,0.79,0.43,0.07,0.75,0.71,-2.99,1.86,-3.30,16700582
1192775,0.01,0.96,0.09,14.37,1.71,-2.26,0.06,0.75,0.70,-1.92,0.70,-3.02,16702343
1192786,0.00,0.94,0.09,11.96,1.98,-0.79,0.06,0.74,0.70,-0.61,0.12,-2.44,16703941
1192798,0.00,0.92,0.10,9.52,1.25,-0.43,0.06,0.74,0.69,0.70,-0.34,-1.07,16704523
1192810,0.00,0.90,0.11,6.96,0.34,0.89,0.07,0.74,0.68,2.62,0.85,-1.16,16706420
1192821,0.01,0.90,0.11,5.68,0.64,-2.35,0.07,0.74,0.67,4.64,3.02,-1.37,16710268
1192834,0.02,0.90,0.11,5.37,-0.76,-2.66,0.07,0.73,0.67,6.68,2.93,-1.77,16711722
1192845,0.03,0.90,0.10,3.88,-1.59,-5.37,0.07,0.73,0.68,7.69,3.05,-2.01,16710007
1192857,0.04,0.90,0.08,2.56,-2.35,-8.24,0.07,0.72,0.69,8.67,2.84,-2.53,16714358
1192868,0.03,0.91,0.06,0.55,-2.08,-7.51,0.07,0.72,0.70,8.85,0.85,-3.02,16716205
1192881,0.01,0.92,0.05,-0.52,-1.34,-6.23,0.07,0.72,0.71,8.21,0.18,-3.02,16717716
1192892,-0.01,0.93,0.03,-2.23,-0.31,-3.27,0.08,0.72,0.72,7.32,0.64,-3.20,16718764
1192904,-0.03,0.94,0.01,-4.15,1.80,0.61,0.08,0.72,0.73,7.42,2.87,-3.72,16718195
1192915,-0.03,0.96,-0.00,-4.88,3.63,3.69,0.08,0.72,0.74,6.62,4.94,-4.58,16720971
1192928,-0.02,0.99,-0.01,-4.03,4.30,4.46,0.08,0.73,0.75,5.95,5.77,-5.62,16725751
1192939,0.02,1.02,-0.02,-3.51,2.59,2.90,0.06,0.74,0.76,4.97,5.10,-6.47,16725563
1192950,0.05,1.05,-0.03,-1.77,0.92,0.34,0.05,0.74,0.76,3.72,3.02,-7.17,16721878
1192963,0.06,1.09,-0.03,1.86,-0.92,3.42,0.04,0.75,0.77,2.84,0.64,-6.81,16719806
1192974,0.06,1.12,-0.03,5.46,-1.68,2.99,0.04,0.76,0.77,1.95,0.12,-6.50,16722815
1192986,0.05,1.15,-0.03,9.19,-1.74,8.82,0.04,0.77,0.77,1.95,0.09,-5.89,16724832
1192997,0.02,1.18,-0.03,14.53,-0.40,11.08,0.04,0.77,0.77,1.59,0.73,-6.07,16724404
1193010,0.01,1.20,-0.03,18.98,1.53,10.62,0.03,0.77,0.76,1.31,1.13,-6.90,16722833
1193021,0.00,1.20,-0.03,23.50,3.60,9.55,0.03,0.77,0.76,1.16,0.18,-7.97,16721328
1193033,0.01,1.20,-0.02,27.47,3.60,7.20,0.03,0.78,0.76,0.49,1.04,-8.54,16718402
1193044,0.02,1.20,-0.03,30.79,3.17,7.32,0.04,0.78,0.75,0.24,1.74,-7.97,16721474
1193056,0.00,1.19,-0.02,35.00,4.36,6.71,0.04,0.78,0.75,0.24,2.20,-6.38,16729475
1193068,-0.01,1.18,-0.02,38.97,5.62,5.95,0.04,0.78,0.74,0.70,1.65,-5.65,16728263
1193079,-0.02,1.16,-0.02,41.11,7.29,1.65,0.04,0.77,0.73,0.64,-0.98,-4.67,16730192
1193092,-0.02,1.12,-0.01,41.75,6.29,5.58,0.05,0.78,0.72,0.40,-2.11,-3.36,16731246
1193103,0.01,1.11,-0.01,42.88,3.66,7.54,0.06,0.78,0.72,0.73,0.43,-2.17,16731347
1193115,0.04,1.09,-0.02,42.27,2.41,2.17,0.06,0.79,0.72,0.27,2.96,-2.23,16735078
1193126,0.06,1.06,-0.02,41.56,1.89,-0.85,0.04,0.79,0.72,-0.03,-0.03,-2.84,16739518
1193139,0.06,1.06,-0.03,40.86,2.66,-4.49,0.02,0.80,0.72,-0.61,-2.62,-4.43,16745915
1193150,0.03,1.04,-0.04,40.65,5.68,-10.16,0.02,0.80,0.72,-0.24,-3.42,-6.26,16753685
1193162,-0.02,1.02,-0.05,41.11,9.89,-10.25,0.03,0.80,0.72,-0.67,-2.78,-6.96,16753995
1193174,-0.07,1.02,-0.06,38.42,13.46,-4.43,0.05,0.79,0.72,-1.04,-1.56,-5.68,16751538
1193185,-0.09,1.04,-0.06,40.92,14.89,0.98,0.08,0.78,0.71,-0.82,1.07,-3.42,16750894
1193197,-0.07,1.04,-0.06,41.32,14.01,6.65,0.10,0.78,0.70,-0.79,5.04,-1.34,16754353
1193208,-0.04,1.03,-0.07,42.02,11.78,8.61,0.10,0.79,0.70,-0.55,7.54,-0.49,16761026
1193221,0.01,1.01,-0.07,38.12,8.33,8.64,0.09,0.80,0.71,-0.79,6.10,-1.16,16772498
1193232,0.07,0.99,-0.09,36.01,3.17,8.70,0.07,0.81,0.72,-1.01,3.02,-2.17,5746
1193244,0.12,0.94,-0.11,28.90,0.21,0.00,0.06,0.81,0.73,-2.38,-0.12,-2.90,12321
1193255,0.12,0.91,-0.12,23.32,-2.44,-2.44,0.05,0.80,0.74,-4.46,-3.66,-3.72,16004
1193268,0.13,0.90,-0.13,19.93,-4.55,-6.71,0.06,0.80,0.74,-4.64,-4.36,-2.93,22537
1193279,0.08,0.90,-0.14,15.05,-3.23,-2.99,0.05,0.79,0.72,-4.03,-4.79,-2.41,29574
1193290,0.02,0.93,-0.12,17.91,-0.37,3.20,0.05,0.77,0.70,-1.98,-3.20,-3.27,30013
1193303,-0.01,0.97,-0.10,25.60,2.66,3.78,0.05,0.76,0.67,0.27,-3.75,-3.48,33552
1193314,-0.01,1.02,-0.10,29.51,3.20,10.04,0.05,0.74,0.65,2.38,-0.73,-3.81,42614
1193326,0.01,1.06,-0.10,36.07,4.85,1.46,0.04,0.74,0.65,3.23,1.34,-5.19,50822
1193337,0.00,1.07,-0.12,40.34,6.53,-0.52,0.03,0.73,0.66,3.33,0.37,-6.62,53493
1193350,-0.01,1.07,-0.14,44.68,9.00,-1.43,0.04,0.73,0.67,3.45,-0.64,-6.87,56325
1193361,-0.03,1.07,-0.16,46.11,10.10,2.26,0.05,0.74,0.68,3.02,1.10,-5.31,65207
1193373,-0.03,1.05,-0.18,46.26,9.83,7.93,0.07,0.75,0.69,2.14,3.60,-3.60,73851
1193384,-0.01,1.03,-0.18,47.55,8.45,10.83,0.07,0.76,0.69,2.41,7.39,-2.47,83766
1193397,0.03,1.02,-0.19,49.44,6.81,6.23,0.06,0.76,0.70,4.30,8.58,-2.87,90922
1193408,0.06,1.03,-0.19,51.79,6.20,0.27,0.04,0.76,0.70,4.94,5.80,-4.82,92633
1193419,0.07,1.06,-0.20,57.86,6.26,-2.78,0.01,0.75,0.70,5.49,2.38,-6.04,98580
1193432,0.05,1.08,-0.20,64.03,8.27,-1.19,0.01,0.75,0.69,7.60,-2.62,-5.71,100185
1193443,0.02,1.09,-0.21,69.37,10.16,1.16,0.02,0.74,0.69,7.97,-3.69,-6.47,100655
1193455,0.02,1.06,-0.24,69.58,10.04,3.27,0.05,0.75,0.70,7.66,2.69,-6.26,102709
1193466,0.05,1.01,-0.27,67.11,8.73,4.15,0.06,0.76,0.73,5.98,4.91,-5.86,109735
1193479,0.08,0.96,-0.32,60.79,7.14,1.07,0.05,0.79,0.76,2.38,5.71,-6.50,124900
1193490,0.12,0.90,-0.37,56.88,5.28,-3.91,0.05,0.81,0.79,-1.10,3.39,-7.23,141561
1193502,0.10,0.86,-0.41,43.70,6.90,-4.00,0.04,0.81,0.80,-3.33,1.01,-7.54,147881
1193513,0.05,0.85,-0.40,42.79,7.97,4.33,0.04,0.80,0.78,-3.27,1.98,-6.59,149752
1193526,0.02,0.85,-0.39,47.15,9.16,9.16,0.05,0.79,0.76,-2.81,3.30,-5.25,153773
1193537,0.02,0.87,-0.38,44.43,9.28,8.45,0.04,0.78,0.74,-2.14,5.71,-3.88,157497
1193548,0.06,0.89,-0.37,46.33,8.15,0.18,0.02,0.77,0.73,-1.83,5.28,-3.48,164460
1193561,0.10,0.91,-0.36,49.87,6.01,-6.26,0.00,0.76,0.71,0.31,2.78,-3.57,169836
1193572,0.12,0.90,-0.35,50.23,3.69,-8.00,-0.01,0.75,0.70,1.74,0.64,-2.90,171408
1193584,0.12,0.88,-0.35,48.92,2.14,-6.99,-0.01,0.74,0.70,3.72,0.06,-2.56,173766
1193595,0.11,0.86,-0.35,48.74,1.13,-7.26,0.00,0.74,0.70,4.46,1.98,-1.01,180447
1193608,0.10,0.83,-0.36,44.68,0.46,-5.86,0.01,0.75,0.71,4.09,1.19,-0.70,193331
1193619,0.08,0.80,-0.39,39.12,-0.12,-5.58,0.01,0.77,0.72,3.08,0.73,-0.21,209724
1193631,0.08,0.78,-0.42,32.65,-1.86,-6.26,0.02,0.79,0.73,2.26,0.76,-0.61,223554
1193643,0.08,0.78,-0.44,31.89,-1.68,-9.00,0.02,0.80,0.72,1.80,1.10,-0.34,230436
1193654,0.06,0.80,-0.45,32.20,-0.27,-9.03,0.02,0.78,0.72,1.62,1.40,-0.49,232501
1193666,0.05,0.84,-0.47,35.06,2.14,-11.90,0.02,0.77,0.72,0.70,0.46,-0.49,234630
1193677,0.04,0.88,-0.48,38.60,4.00,-12.42,0.01,0.77,0.72,-0.49,-0.31,-0.82,236067
1193690,0.02,0.92,-0.50,42.82,7.02,-8.27,0.01,0.76,0.72,-0.49,-0.12,-1.13,240950
1193701,-0.00,0.97,-0.50,51.45,10.65,-4.73,0.01,0.76,0.72,0.09,1.83,-1.59,250699
1193713,-0.01,0.99,-0.50,56.27,13.06,-2.50,0.01,0.76,0.72,0.95,1.83,-2.08,261434
1193724,-0.01,0.95,-0.52,56.64,14.74,0.31,0.01,0.76,0.72,0.58,0.34,-3.20,272544
1193737,0.02,0.89,-0.53,54.17,13.76,0.55,0.02,0.78,0.74,-2.87,-0.89,-2.01,285021
1193748,0.07,0.83,-0.56,49.87,10.59,-1.25,0.02,0.79,0.76,-5.16,0.21,-2.04,297748
1193760,0.15,0.78,-0.59,43.95,3.66,-12.54,0.03,0.80,0.77,-7.26,-0.76,-2.04,311853
1193772,0.18,0.74,-0.58,38.76,0.09,-17.12,0.03,0.81,0.77,-9.03,-1.56,-2.66,322048
1193784,0.16,0.73,-0.57,35.34,-4.73,-10.10,0.02,0.80,0.74,-9.31,-1.86,-1.89,330018
1193795,0.14,0.77,-0.54,41.23,-4.21,-14.01,0.01,0.79,0.72,-6.44,-4.70,-1.40,331206
1193806,0.08,0.84,-0.52,46.78,-0.82,-12.05,0.00,0.77,0.70,-3.72,-4.82,-0.85,330815
1193819,0.01,0.88,-0.52,51.51,4.73,-10.89,-0.01,0.76,0.68,-0.64,-4.43,-0.85,329151
1193830,-0.05,0.91,-0.51,58.78,13.34,-14.68,-0.01,0.75,0.67,1.04,-3.54,0.03,335145
1193842,-0.11,0.89,-0.51,61.83,21.36,-13.00,-0.00,0.75,0.67,1.98,-0.92,0.82,343708
1193853,-0.15,0.85,-0.53,59.42,27.89,-6.41,0.02,0.75,0.68,2.01,3.51,1.13,352823
1193866,-0.13,0.80,-0.55,58.93,31.16,-7.51,0.04,0.76,0.70,1.95,7.93,1.01,362595
1193877,-0.09,0.78,-0.57,59.63,31.31,-7.29,0.06,0.77,0.71,1.74,14.28,2.01,374928
1193889,-0.03,0.77,-0.59,60.58,28.59,-7.57,0.05,0.77,0.72,0.34,14.34,1.80,386103
1193901,0.03,0.80,-0.61,63.60,23.96,-5.25,0.04,0.77,0.72,-1.77,9.98,2.11,395533
1193913,0.07,0.84,-0.60,70.53,20.14,-3.30,0.03,0.77,0.71,-0.52,2.96,3.78,401417
1193924,0.09,0.84,-0.61,73.70,15.96,1.31,0.02,0.77,0.70,1.16,-3.63,3.94,406218
1193935,0.14,0.82,-0.61,76.32,10.07,-2.08,0.02,0.77,0.70,0.95,-5.65,4.21,410603
1193948,0.18,0.76,-0.62,73.67,5.10,-7.29,0.02,0.78,0.71,-0.46,-8.54,4.33,425042
1193959,0.16,0.70,-0.65,68.45,5.46,-3.66,0.01,0.81,0.72,-2.01,-8.48,2.69,444172
1193971,0.13,0.66,-0.68,66.13,8.21,-7.69,0.02,0.83,0.73,-4.12,-7.35,0.89,463391
1193982,0.05,0.61,-0.70,60.55,12.42,-0.67,0.03,0.83,0.73,-6.93,-1.68,0.52,475604
1193995,0.02,0.59,-0.69,58.93,15.78,3.60,0.04,0.82,0.72,-8.42,6.04,-0.34,482959
1194006,0.04,0.59,-0.68,55.24,13.34,5.65,0.04,0.80,0.70,-9.98,11.23,0.61,492429
1194018,0.10,0.64,-0.67,58.20,7.63,6.01,0.03,0.79,0.69,-14.22,10.71,0.61,499990
1194030,0.12,0.71,-0.65,66.16,3.97,8.33,0.00,0.77,0.68,-12.12,1.74,2.29,501515
1194042,0.10,0.75,-0.64,71.38,4.97,9.28,-0.01,0.75,0.67,-7.14,-6.62,3.78,492032
1194053,0.05,0.77,-0.61,82.34,10.47,7.90,-0.01,0.72,0.66,-1.22,-11.11,5.31,483233
1194064,-0.01,0.73,-0.61,79.74,16.17,12.24,-0.01,0.72,0.65,2.66,-6.81,6.68,490337
1194077,-0.02,0.69,-0.62,80.75,20.29,15.44,-0.01,0.75,0.66,4.12,-1.16,5.71,511321
1194088,0.01,0.60,-0.67,73.58,22.25,6.16,-0.01,0.79,0.67,3.66,-0.37,4.21,537809
1194100,0.03,0.50,-0.70,64.85,23.19,3.05,0.02,0.83,0.69,2.23,6.62,4.91,565539
1194112,0.05,0.38,-0.75,51.97,20.05,5.65,0.05,0.86,0.72,-0.40,9.77,5.28,592806
1194124,0.11,0.30,-0.80,39.43,14.01,8.00,0.07,0.87,0.74,-3.57,10.44,5.68,611056
1194135,0.20,0.31,-0.82,33.45,2.38,1.56,0.07,0.86,0.75,-5.10,3.81,7.32,618629
1194147,0.29,0.31,-0.80,27.16,-10.83,9.95,0.06,0.83,0.73,-5.00,-4.70,8.06,618879
1194159,0.38,0.34,-0.76,31.71,-24.35,14.31,0.04,0.80,0.71,-3.08,-14.62,7.32,612910
1194171,0.40,0.38,-0.76,28.66,-29.91,6.84,0.01,0.76,0.71,-2.32,-21.39,4.67,605561
1194182,0.32,0.44,-0.76,34.82,-27.19,-1.10,-0.00,0.74,0.70,-1.50,-23.28,2.81,599284
1194193,0.12,0.44,-0.75,36.53,-12.15,2.32,0.01,0.71,0.69,1.34,-15.38,1.71,596847
1194206,-0.03,0.42,-0.76,36.71,2.59,1.04,0.03,0.68,0.70,1.31,-3.63,-0.06,601626
1194217,-0.13,0.31,-0.79,30.67,15.50,0.27,0.06,0.67,0.73,-0.92,6.62,-0.40,607477
1194229,-0.13,0.15,-0.84,12.97,18.95,-3.08,0.09,0.67,0.77,-4.73,16.94,0.55,598952
1194241,-0.06,0.03,-0.87,0.09,18.86,-12.27,0.10,0.68,0.80,-6.56,18.71,0.98,579422
1194253,-0.01,0.07,-0.88,2.26,17.58,-16.72,0.10,0.65,0.82,-7.20,15.32,2.44,548938
1194264,-0.02,0.20,-0.89,9.52,16.72,-10.68,0.11,0.62,0.82,-7.66,10.16,5.13,510093
1194276,-0.03,0.30,-0.90,19.01,15.66,-11.23,0.12,0.61,0.83,-8.36,5.86,8.70,474441
1194288,-0.04,0.35,-0.91,26.18,15.08,-8.15,0.14,0.61,0.83,-9.25,4.76,11.51,452631
1194299,-0.03,0.34,-0.92,26.40,13.43,-1.31,0.16,0.64,0.84,-10.35,6.56,12.73,440873
1194311,0.02,0.27,-0.94,21.27,11.44,-0.12,0.15,0.67,0.84,-11.78,9.67,12.63,431821
1194322,0.07,0.21,-0.94,15.08,9.74,-0.03,0.13,0.68,0.85,-13.28,10.53,10.04,422706
1194335,0.15,0.20,-0.95,14.01,8.64,-12.82,0.10,0.69,0.86,-15.78,8.61,7.08,403202
1194346,0.18,0.18,-0.94,4.30,7.32,-7.35,0.07,0.70,0.83,-15.01,7.17,3.60,380252
1194358,0.24,0.20,-0.89,6.59,3.36,-3.91,0.04,0.71,0.80,-13.06,4.03,-0.18,363472
1194370,0.34,0.27,-0.85,6.96,-2.62,-14.31,0.01,0.71,0.77,-11.72,-2.56,-2.50,350431
1194382,0.37,0.34,-0.82,5.25,-8.64,-14.28,-0.01,0.73,0.74,-9.37,-9.83,-2.87,338400
1194393,0.32,0.40,-0.80,8.09,-9.77,-11.63,-0.02,0.75,0.72,-7.08,-13.70,-3.69,327742
1194405,0.21,0.41,-0.82,7.75,-7.05,4.24,0.01,0.79,0.72,-7.08,-9.92,-3.33,328467
1194417,0.13,0.37,-0.86,0.31,-4.18,6.41,0.03,0.82,0.73,-6.77,-3.45,-2.14,324847
1194428,0.09,0.32,-0.87,-7.78,-1.40,1.56,0.05,0.82,0.73,-6.23,-0.09,-0.82,309678
1194440,0.05,0.31,-0.86,-9.61,2.81,-5.65,0.05,0.80,0.73,-5.34,2.32,0.40,284656
1194451,-0.01,0.32,-0.85,-9.95,8.73,-9.64,0.06,0.77,0.73,-3.94,5.58,0.98,257012
1194464,-0.04,0.36,-0.84,-8.70,12.76,-11.29,0.07,0.75,0.72,-4.00,7.29,1.95,229779
1194475,0.00,0.37,-0.83,-8.24,10.28,-11.44,0.08,0.74,0.71,-4.61,7.66,3.48,211761
1194487,0.09,0.40,-0.81,-8.36,3.51,-16.36,0.08,0.74,0.70,-4.88,3.91,4.03,200007
1194499,0.14,0.43,-0.80,-4.85,-1.46,-14.71,0.07,0.73,0.69,-4.27,-1.53,3.60,189578
1194511,0.13,0.46,-0.79,0.52,-1.95,-11.54,0.06,0.73,0.69,-4.39,-5.31,0.79,177296
1194522,0.11,0.46,-0.82,1.53,-0.95,-8.18,0.07,0.73,0.70,-6.07,-3.63,-1.37,167782
1194533,0.09,0.43,-0.85,-0.15,0.79,-8.00,0.09,0.74,0.73,-8.45,-0.21,-3.05,163882
1194546,0.05,0.39,-0.88,-2.59,4.03,-4.58,0.10,0.76,0.74,-11.02,4.39,-4.21,158079
1194557,0.01,0.39,-0.91,-3.27,8.67,-2.01,0.10,0.77,0.76,-13.67,8.15,-5.77,152418
1194569,-0.02,0.41,-0.90,-3.66,15.01,0.37,0.09,0.77,0.75,-13.61,11.63,-7.14,142654
1194580,-0.01,0.43,-0.88,-2.59,17.76,4.36,0.07,0.76,0.73,-11.87,13.52,-8.39,130987
1194593,0.06,0.45,-0.85,-0.12,15.75,1.46,0.05,0.76,0.73,-11.35,12.85,-8.97,115863
1194604,0.13,0.44,-0.82,0.89,13.85,-9.34,0.02,0.76,0.72,-9.95,8.64,-8.21,103491
1194616,0.14,0.43,-0.81,-1.07,10.96,-4.85,0.00,0.75,0.71,-7.84,5.62,-6.29,95074
1194628,0.18,0.41,-0.80,-4.06,6.65,-8.54,-0.01,0.74,0.72,-5.80,3.30,-3.78,83734
1194640,0.22,0.41,-0.79,-4.06,0.95,-9.25,-0.02,0.73,0.72,-3.51,-0.09,-1.01,72265
1194651,0.25,0.41,-0.78,-3.91,-4.49,-8.36,-0.02,0.72,0.73,-0.98,-2.87,1.13,59409
1194662,0.25,0.43,-0.77,-2.01,-8.30,-6.74,-0.03,0.71,0.73,0.85,-4.52,2.96,52368
1194675,0.24,0.42,-0.78,-1.86,-9.80,-6.65,-0.03,0.71,0.74,1.83,-5.92,3.14,50784
1194686,0.21,0.40,-0.81,-3.97,-8.82,-7.39,-0.03,0.72,0.75,1.68,-7.57,2.56,55431
1194698,0.18,0.37,-0.83,-4.67,-7.45,-5.92,-0.03,0.73,0.76,1.83,-6.87,1.89,56153
1194710,0.16,0.36,-0.84,-7.63,-5.04,-7.11,-0.02,0.72,0.77,1.62,-5.71,0.73,55634
1194722,0.14,0.34,-0.84,-8.51,-3.36,-7.78,-0.01,0.71,0.77,1.80,-4.24,-0.27,52650
1194733,0.13,0.35,-0.83,-8.18,-3.17,-7.14,0.01,0.69,0.76,2.20,-3.36,-0.37,37843
1194745,0.12,0.36,-0.82,-7.57,-4.55,-6.26,0.03,0.68,0.76,2.50,-3.54,0.09,23987
1194757,0.11,0.36,-0.83,-5.86,-4.64,-6.04,0.04,0.68,0.77,1.86,-4.58,0.73,17271
1194769,0.08,0.35,-0.85,-5.89,-3.94,-5.07,0.06,0.68,0.78,1.34,-4.73,1.19,12276
1194780,0.04,0.35,-0.86,-6.74,-2.14,-3.45,0.07,0.68,0.78,0.61,-3.23,1.68,10999
1194791,0.02,0.37,-0.86,-3.27,-0.06,-3.33,0.08,0.69,0.78,0.49,-1.65,1.83,10524
1194804,0.02,0.39,-0.86,-2.59,2.32,-6.04,0.07,0.69,0.77,0.49,-1.37,0.82,10430
1194815,0.02,0.39,-0.86,-2.26,4.27,-7.97,0.07,0.70,0.77,0.43,-0.24,0.70,11071
1194827,0.04,0.38,-0.87,-3.30,4.46,-8.24,0.07,0.72,0.77,-0.46,0.58,-0.61,13662
1194839,0.07,0.37,-0.88,-6.41,3.66,-5.83,0.07,0.74,0.77,-1.43,0.15,-0.85,15646
1194851,0.07,0.35,-0.88,-10.01,3.54,-2.29,0.07,0.75,0.77,-1.43,0.31,-1.68,12946
1194862,0.07,0.36,-0.86,-12.15,3.33,1.19,0.07,0.74,0.76,-0.37,0.95,-2.38,4490
1194874,0.08,0.44,-0.83,-2.41,2.93,-1.62,0.07,0.73,0.74,0.24,-0.06,-2.84,16771620
1194886,0.08,0.43,-0.82,-7.17,2.75,-2.38,0.06,0.73,0.72,1.25,-2.78,-3.20,16767502
1194898,0.07,0.42,-0.80,-7.26,1.77,-1.65,0.07,0.73,0.71,2.62,-0.95,-2.23,16761961
1194909,0.08,0.45,-0.80,-4.43,-0.37,-0.98,0.08,0.73,0.71,3.11,-1.25,-1.50,16759700
1194921,0.08,0.46,-0.81,-2.78,-1.43,-0.34,0.08,0.75,0.72,2.78,-2.23,-1.59,16759734
1194933,0.07,0.45,-0.84,-3.85,-1.31,1.13,0.07,0.76,0.73,2.29,-2.23,-1.80,16761005
1194944,0.05,0.44,-0.86,-6.20,1.19,0.92,0.08,0.77,0.75,1.01,-0.64,-2.14,16765845
1194956,0.01,0.42,-0.86,-7.54,6.01,-2.14,0.08,0.78,0.74,2.11,1.65,-2.26,16767278
1194968,-0.02,0.41,-0.85,-10.19,8.73,4.97,0.08,0.77,0.72,3.36,4.52,-2.26,16766895
1194980,0.02,0.44,-0.82,-6.41,7.60,-1.40,0.08,0.76,0.71,4.21,5.25,-2.20,16763046
1194991,0.07,0.41,-0.81,-11.14,5.22,-3.36,0.07,0.76,0.71,5.04,2.53,-2.59,16760105
1195003,0.09,0.40,-0.81,-12.76,3.05,-0.89,0.06,0.75,0.71,4.58,1.31,-2.41,16755916
1195015,0.11,0.41,-0.82,-12.33,1.28,-1.22,0.06,0.74,0.73,3.94,0.40,-1.68,16753097
1195027,0.11,0.44,-0.83,-5.71,-0.21,0.52,0.06,0.74,0.74,3.27,-0.55,-1.95,16747026
1195038,0.09,0.46,-0.84,-5.86,1.34,-0.46,0.05,0.74,0.74,3.02,-1.04,-1.98,16746762
1195051,0.08,0.43,-0.84,-5.95,1.86,1.37,0.06,0.74,0.74,3.85,1.07,-2.38,16747937
1195062,0.10,0.45,-0.84,-4.70,0.15,0.49,0.06,0.74,0.74,3.17,2.56,-2.17,16747044
1195073,0.11,0.45,-0.85,-6.01,-0.18,-0.06,0.04,0.75,0.75,2.66,0.46,-2.56,16748962
1195085,0.10,0.45,-0.86,-4.49,1.04,0.52,0.03,0.76,0.75,2.08,-0.82,-2.59,16750654
1195097,0.09,0.45,-0.87,-4.43,1.68,-0.37,0.03,0.77,0.76,1.37,-0.31,-2.01,16750509
1195109,0.09,0.45,-0.89,-4.58,2.62,-1.19,0.04,0.77,0.77,0.40,0.09,-1.68,16749830
1195120,0.07,0.45,-0.89,-4.18,3.57,-2.04,0.04,0.78,0.77,-0.40,0.34,-1.34,16744695
1195132,0.07,0.45,-0.89,-4.33,3.88,-1.98,0.05,0.78,0.77,-1.10,1.46,-0.61,16745383
1195144,0.07,0.45,-0.89,-3.30,3.97,-1.34,0.05,0.78,0.77,-1.50,2.44,0.15,16749687
1195156,0.08,0.45,-0.89,-2.47,3.72,-2.08,0.05,0.78,0.77,-2.17,2.11,0.24,16755406
1195167,0.09,0.46,-0.89,-1.71,3.27,-3.91,0.04,0.77,0.76,-2.69,0.64,0.18,16756582
1195180,0.09,0.46,-0.89,-1.04,3.48,-4.24,0.04,0.77,0.76,-3.45,0.24,0.03,16754752
1195191,0.09,0.45,-0.88,-0.31,3.60,-3.14,0.05,0.76,0.76,-3.75,0.31,0.00,16753473
1195202,0.09,0.45,-0.87,0.06,3.05,-1.40,0.05,0.76,0.75,-3.81,1.37,-0.52,16751197
1195214,0.10,0.45,-0.85,0.70,2.32,-0.82,0.05,0.75,0.74,-3.66,1.46,-0.55,16750771
1195226,0.10,0.45,-0.84,1.50,2.04,0.09,0.05,0.75,0.73,-3.60,1.31,-1.40,16750798
1195238,0.10,0.44,-0.83,0.18,1.59,1.74,0.05,0.75,0.73,-2.72,1.59,-1.25,16752287
1195249,0.11,0.42,-0.82,-1.98,0.55,2.26,0.05,0.75,0.72,-2.23,1.13,-1.50,16755137
1195261,0.12,0.40,-0.81,-5.31,-1.40,1.40,0.05,0.75,0.72,-1.31,-0.18,-1.46,16754093
1195273,0.11,0.39,-0.80,-6.35,-1.59,-0.61,0.05,0.74,0.72,-0.27,-0.76,-1.50,16752410
1195285,0.09,0.39,-0.80,-8.12,-0.37,-1.65,0.05,0.74,0.71,1.56,0.03,-1.40,16747500
1195296,0.07,0.41,-0.79,-7.11,1.04,-2.08,0.05,0.73,0.71,2.04,1.19,-1.53,16744298
1195309,0.05,0.42,-0.79,-5.68,3.14,-3.36,0.05,0.72,0.71,2.62,1.28,-1.53,16743710
1195320,0.04,0.44,-0.80,-4.58,3.72,-0.12,0.05,0.72,0.71,2.81,1.22,-1.43,16743645
1195331,0.05,0.43,-0.81,-5.22,4.49,-1.83,0.05,0.73,0.72,2.53,1.77,-1.86,16742379
1195343,0.06,0.43,-0.82,-5.55,3.94,0.18,0.05,0.73,0.73,2.56,2.62,-1.53,16747183
1195355,0.08,0.42,-0.83,-5.83,2.81,0.12,0.05,0.73,0.74,2.35,1.92,-1.86,16749928
1195367,0.10,0.43,-0.84,-4.67,2.50,-1.62,0.05,0.73,0.74,2.59,-0.12,-2.14,16748007
1195378,0.08,0.43,-0.85,-3.51,3.48,-1.25,0.05,0.74,0.75,1.68,-0.49,-2.59,16746523
1195390,0.07,0.43,-0.86,-2.93,4.64,-0.27,0.06,0.74,0.75,0.79,1.43,-2.56,16747295
1195402,0.07,0.43,-0.87,-3.27,4.03,1.50,0.06,0.75,0.76,0.24,2.59,-1.95,16745449
1195414,0.08,0.43,-0.88,-3.85,3.11,0.03,0.06,0.75,0.76,-0.55,2.29,-1.34,16747279
1195425,0.09,0.43,-0.88,-3.85,2.50,-0.27,0.05,0.76,0.77,-1.01,0.76,-0.92,16749997
1195438,0.10,0.44,-0.87,-1.95,1.92,-0.92,0.05,0.76,0.76,-1.22,0.58,-0.64,16747759
1195449,0.10,0.44,-0.87,-0.76,1.16,-0.98,0.04,0.75,0.76,-1.43,-0.37,-0.27,16746953
1195460,0.11,0.44,-0.86,-1.31,0.67,-1.56,0.04,0.75,0.76,-1.16,-1.56,-0.24,16746259
1195472,0.10,0.43,-0.86,-2.35,0.98,-1.68,0.04,0.75,0.76,-2.17,-1.16,-0.49,16749887
1195484,0.09,0.43,-0.86,-2.50,2.17,-1.83,0.04,0.76,0.75,-2.26,-0.06,0.03,16751234
1195496,0.08,0.43,-0.86,-2.32,3.33,-2.59,0.04,0.75,0.75,-2.14,1.53,-0.34,16749774
1195507,0.07,0.43,-0.85,-2.11,4.67,-2.59,0.05,0.75,0.74,-2.35,2.69,-0.98,16746785
1195520,0.07,0.44,-0.84,-1.19,4.61,-1.98,0.05,0.74,0.74,-2.32,2.53,-0.89,16743217
1195531,0.08,0.45,-0.83,-0.46,3.66,-1.37,0.05,0.74,0.73,-1.83,1.19,-1.13,16740469
1195543,0.10,0.44,-0.83,-0.85,2.32,-1.46,0.05,0.74,0.73,-1.46,-0.12,-0.98,16742159
1195554,0.10,0.44,-0.82,-0.98,1.22,-0.79,0.05,0.74,0.73,-0.76,-0.34,-0.92,16744747
1195567,0.10,0.43,-0.82,-1.53,0.98,-0.15,0.05,0.75,0.73,-0.64,-0.67,-0.58,16742558
1195578,0.09,0.43,-0.83,-1.89,1.43,-0.79,0.05,0.75,0.73,-0.49,-0.24,-0.55,16743402
1195589,0.08,0.42,-0.83,-1.98,1.68,-1.43,0.05,0.75,0.73,-0.76,0.64,-0.95,16744891
1195601,0.08,0.42,-0.84,-1.25,2.59,-1.98,0.06,0.75,0.74,-0.85,1.74,-0.92,16743576
1195613,0.07,0.43,-0.84,-0.31,3.57,-1.95,0.06,0.75,0.74,-1.10,2.41,-1.56,16744356
1195625,0.07,0.44,-0.83,1.71,3.63,-2.08,0.05,0.75,0.73,-0.79,2.04,-1.74,16743431
