time,faccx,faccy,faccz,fgyrx,fgyry,fgyrz,saccx,saccy,saccz,sgyrx,sgyry,sgyrz,load
889200,0.05,1.02,0.09,-2.84,1.31,-1.68,0.04,0.02,1.07,-1.16,0.49,-0.43,16633389
889211,0.05,1.03,0.10,-0.49,2.08,-1.71,0.04,0.02,1.07,-1.04,0.67,-0.79,16633672
889223,0.05,1.03,0.10,0.70,0.52,-1.77,0.04,0.02,1.07,-0.98,0.76,-0.37,16634118
889235,0.05,1.04,0.10,2.38,-0.98,-1.34,0.04,0.02,1.07,-1.43,0.52,-0.67,16636755
889246,0.04,1.03,0.10,2.87,0.79,-1.19,0.04,0.02,1.07,-1.04,0.52,-0.67,16636887
889259,0.04,1.02,0.10,0.24,2.38,-0.79,0.04,0.02,1.07,-0.95,0.46,-0.58,16636567
889270,0.05,1.02,0.09,-0.46,2.17,-1.89,0.04,0.02,1.07,-1.01,0.46,-0.46,16635821
889282,0.04,1.02,0.09,-2.93,2.08,-0.58,0.04,0.02,1.07,-1.10,0.49,-0.46,16636772
889293,0.05,1.02,0.09,-3.94,2.08,-1.19,0.04,0.02,1.07,-1.04,0.40,-0.43,16636943
889306,0.04,1.02,0.09,-2.20,2.38,-0.98,0.04,0.02,1.07,-0.85,0.40,-0.37,16634604
889317,0.05,1.03,0.10,-1.28,2.17,-2.08,0.04,0.02,1.07,-1.22,0.61,-0.49,16634293
889329,0.04,1.02,0.09,-2.14,2.32,-1.04,0.04,0.02,1.07,-1.10,0.58,-0.58,16634905
889340,0.05,1.02,0.09,-3.02,2.26,-1.28,0.04,0.02,1.07,-1.19,0.61,-0.37,16634272
889352,0.04,1.02,0.09,-2.75,2.08,-1.10,0.04,0.02,1.07,-1.01,0.79,-0.49,16633868
889364,0.05,1.03,0.09,-1.65,2.20,-1.59,0.04,0.02,1.07,-1.07,0.79,-0.49,16632240
889375,0.05,1.03,0.10,-1.62,2.17,-1.28,0.04,0.02,1.07,-1.10,0.85,-0.70,16632867
889388,0.05,1.02,0.09,-2.62,1.95,-1.50,0.04,0.02,1.07,-1.13,0.64,-0.52,16634929
889399,0.05,1.02,0.09,-2.93,2.23,-1.19,0.04,0.02,1.07,-1.34,0.37,-0.52,16637676
889411,0.05,1.02,0.09,-2.04,2.04,-1.40,0.04,0.02,1.07,-0.92,0.49,-0.61,16636167
889422,0.05,1.03,0.09,-1.37,2.04,-1.31,0.04,0.02,1.07,-1.10,0.61,-0.82,16634239
889435,0.05,1.02,0.09,-2.23,2.08,-1.50,0.04,0.02,1.07,-0.95,0.85,-0.64,16632541
889446,0.05,1.02,0.09,-3.02,2.26,-1.10,0.04,0.02,1.07,-0.70,0.64,-0.46,16632511
889458,0.05,1.02,0.09,-2.53,2.26,-1.34,0.04,0.02,1.07,-1.19,0.55,-0.37,16632351
889469,0.05,1.02,0.09,-2.26,2.56,-1.74,0.04,0.02,1.07,-1.16,0.55,-0.64,16632149
889481,0.05,1.02,0.09,-2.29,2.32,-1.37,0.04,0.02,1.07,-1.13,0.58,-0.55,16632411
889493,0.05,1.02,0.09,-2.72,2.17,-1.19,0.04,0.02,1.07,-1.19,0.46,-0.46,16632982
889504,0.05,1.02,0.09,-2.20,2.11,-1.22,0.04,0.02,1.07,-1.16,0.61,-0.52,16632621
889517,0.05,1.03,0.09,-1.92,2.23,-1.28,0.04,0.02,1.07,-1.16,0.82,-0.49,16636574
889528,0.05,1.02,0.09,-1.92,2.26,-1.62,0.04,0.02,1.07,-1.07,0.55,-0.64,16635417
889540,0.05,1.02,0.09,-2.66,2.20,-1.16,0.04,0.02,1.07,-1.16,0.79,-0.64,16634534
889551,0.05,1.02,0.09,-2.72,2.23,-1.56,0.04,0.02,1.07,-1.19,0.55,-0.40,16635000
889564,0.05,1.02,0.09,-2.01,2.01,-1.50,0.04,0.02,1.07,-1.28,0.40,-0.70,16632594
889575,0.05,1.03,0.09,-1.65,2.20,-1.25,0.04,0.02,1.07,-0.92,0.64,-0.37,16632801
889586,0.05,1.02,0.09,-2.44,1.92,-1.31,0.04,0.02,1.07,-1.16,0.58,-0.52,16634316
889598,0.05,1.02,0.09,-2.66,2.32,-1.04,0.04,0.02,1.07,-1.22,0.61,-0.79,16634732
889610,0.05,1.02,0.09,-2.29,2.23,-1.59,0.04,0.02,1.07,-1.13,0.24,-0.64,16632811
889622,0.05,1.03,0.10,-1.98,2.23,-1.31,0.04,0.02,1.07,-1.19,0.64,-0.52,16633902
889633,0.05,1.02,0.09,-2.14,1.92,-1.25,0.04,0.02,1.07,-1.16,0.82,-0.43,16633252
889646,0.05,1.02,0.09,-2.56,2.20,-1.19,0.04,0.02,1.07,-1.13,0.58,-0.61,16634282
889657,0.05,1.02,0.09,-2.50,2.01,-1.50,0.04,0.02,1.07,-1.10,0.64,-0.61,16634090
889669,0.05,1.02,0.09,-1.92,2.29,-1.62,0.04,0.02,1.07,-1.13,0.46,-0.43,16633941
889680,0.05,1.02,0.09,-2.32,2.01,-1.28,0.04,0.02,1.07,-1.13,0.40,-0.55,16631533
889693,0.05,1.02,0.09,-2.47,2.14,-1.46,0.04,0.02,1.07,-1.13,0.58,-0.64,16632522
889704,0.04,1.02,0.09,-2.32,2.23,-1.31,0.04,0.02,1.07,-1.10,0.40,-0.55,16630783
889716,0.04,1.02,0.09,-2.32,2.20,-1.28,0.04,0.02,1.07,-1.01,0.58,-0.43,16632396
889728,0.05,1.02,0.09,-1.86,2.17,-1.56,0.04,0.02,1.07,-0.95,0.55,-0.52,16633421
889739,0.05,1.02,0.09,-2.20,2.08,-1.40,0.04,0.02,1.07,-1.01,0.61,-0.43,16633921
889751,0.05,1.02,0.09,-2.53,1.98,-1.34,0.04,0.02,1.07,-1.28,0.61,-0.58,16634521
889762,0.05,1.02,0.09,-2.32,2.01,-1.31,0.04,0.02,1.07,-1.13,0.67,-0.58,16636218
889775,0.05,1.02,0.09,-2.14,2.14,-1.22,0.04,0.02,1.07,-1.13,0.70,-0.52,16634567
889786,0.05,1.02,0.09,-2.20,2.32,-1.40,0.04,0.02,1.07,-1.22,0.64,-0.73,16632814
889798,0.05,1.02,0.09,-2.26,2.08,-1.19,0.04,0.02,1.07,-1.01,0.67,-0.64,16634672
889809,0.05,1.02,0.09,-2.62,2.11,-1.37,0.04,0.02,1.07,-1.07,1.01,-0.55,16633007
889822,0.05,1.02,0.09,-2.14,2.14,-1.37,0.04,0.02,1.07,-0.89,0.43,-0.52,16632360
889833,0.05,1.02,0.09,-2.08,2.01,-1.40,0.04,0.02,1.07,-0.82,0.40,-3.97,16634425
889845,0.05,1.02,0.09,-2.35,2.26,-1.28,0.04,0.02,1.07,-1.16,0.73,-0.92,16635064
889857,0.05,1.02,0.09,-2.04,2.20,-1.04,0.04,0.02,1.07,-0.92,0.55,-0.70,16632714
889868,0.05,1.02,0.09,-2.17,1.95,-1.53,0.04,0.02,1.07,-0.98,0.67,-0.61,16635359
889880,0.05,1.03,0.09,-2.23,2.01,-1.40,0.04,0.02,1.07,-1.37,0.67,-0.73,16635513
889891,0.05,1.02,0.09,-2.41,2.20,-1.37,0.04,0.02,1.07,-1.10,0.49,-0.55,16634886
889904,0.05,1.02,0.09,-2.47,2.04,-1.07,0.04,0.02,1.07,-0.95,0.64,-0.55,16638075
889915,0.05,1.02,0.09,-2.32,1.92,-1.16,0.04,0.02,1.07,-1.04,0.70,-0.67,16634868
889927,0.05,1.02,0.09,-2.20,2.20,-1.31,0.04,0.02,1.07,-1.01,0.61,-0.43,16633423
889938,0.05,1.02,0.09,-2.32,2.11,-1.40,0.04,0.02,1.07,-1.86,-0.24,-0.21,16631324
889951,0.05,1.02,0.09,-2.47,1.92,-1.31,0.04,0.02,1.07,-0.58,1.16,-0.70,16631167
889962,0.05,1.02,0.09,-2.62,2.14,-1.40,0.04,0.02,1.07,-1.13,0.76,-0.46,16632974
889974,0.05,1.02,0.09,-1.98,2.35,-1.13,0.04,0.02,1.07,-1.01,0.70,-0.52,16633377
889986,0.05,1.02,0.09,-2.11,1.98,-1.40,0.04,0.02,1.07,-1.07,0.61,-0.49,16631475
889997,0.05,1.02,0.09,-2.41,1.92,-0.98,0.04,0.02,1.07,-1.25,0.46,-0.21,16633817
890009,0.05,1.02,0.09,-2.32,2.17,-1.16,0.04,0.02,1.07,-1.25,0.46,-0.61,16633349
890020,0.05,1.02,0.09,-2.17,2.23,-1.22,0.04,0.02,1.07,-0.82,0.95,-0.49,16632283
890033,0.05,1.02,0.09,-2.01,2.11,-1.37,0.04,0.02,1.07,-1.04,0.64,-0.58,16633980
890044,0.05,1.02,0.09,-2.11,2.20,-1.28,0.04,0.02,1.07,-1.19,0.73,-0.70,16633763
890056,0.05,1.02,0.09,-2.38,2.26,-1.34,0.04,0.02,1.07,-0.92,0.43,-0.55,16633544
890067,0.05,1.02,0.09,-2.38,2.11,-1.04,0.04,0.02,1.07,-1.07,0.79,-0.70,16633054
890080,0.05,1.02,0.09,-2.17,2.17,-1.34,0.04,0.02,1.07,-1.31,0.61,-0.85,16633337
890091,0.05,1.02,0.09,-2.20,2.20,-1.34,0.04,0.02,1.07,-0.95,0.52,-0.37,16633632
890103,0.05,1.02,0.09,-2.35,2.17,-1.25,0.04,0.02,1.07,-1.04,0.31,-0.61,16630731
890115,0.05,1.02,0.09,-2.23,2.11,-1.28,0.04,0.02,1.07,-1.16,0.79,-0.61,16627539
890126,0.05,1.02,0.09,-2.23,2.14,-1.31,0.04,0.02,1.07,-0.95,0.76,-0.67,16629934
890138,0.05,1.02,0.09,-2.01,2.01,-1.34,0.04,0.02,1.07,-1.07,0.52,-0.52,16631655
890149,0.05,1.02,0.09,-2.32,2.17,-1.34,0.04,0.02,1.07,-1.28,0.58,-0.18,16632505
890162,0.05,1.02,0.09,-2.23,2.23,-1.10,0.04,0.01,1.07,-0.89,0.61,3.02,16636331
890173,0.05,1.02,0.09,-2.32,2.11,-1.34,0.04,0.01,1.07,-1.10,0.79,2.62,16634604
890185,0.05,1.02,0.09,-2.11,2.14,-1.50,0.04,0.02,1.07,-1.13,0.67,1.31,16634365
890196,0.05,1.02,0.09,-2.38,2.04,-1.50,0.04,0.02,1.07,-0.92,0.73,-0.55,16637621
890209,0.04,1.02,0.09,-2.41,2.26,-1.40,0.04,0.02,1.07,-0.85,0.76,-0.43,16637025
890220,0.04,1.02,0.09,-2.20,2.14,-1.31,0.04,0.02,1.07,-0.92,0.73,-0.43,16634707
890232,0.05,1.02,0.09,-2.14,2.17,-1.40,0.04,0.02,1.07,-1.01,0.61,-0.58,16633937
890244,0.05,1.02,0.09,-2.23,2.14,-1.34,0.04,0.02,1.07,-1.13,0.85,-0.70,16635447
890255,0.05,1.02,0.09,-2.35,2.23,-1.16,0.04,0.02,1.07,-0.92,0.58,-0.58,16635769
890267,0.05,1.02,0.09,-2.38,2.01,-1.19,0.04,0.02,1.07,-0.92,0.61,-0.49,16634548
890278,0.05,1.02,0.09,-2.17,2.35,-1.31,0.04,0.02,1.07,-0.89,0.76,-0.52,16635498
890291,0.05,1.02,0.09,-2.11,2.29,-1.50,0.04,0.02,1.07,-1.16,0.52,-0.92,16634991
890302,0.05,1.02,0.09,-2.17,2.23,-1.22,0.04,0.02,1.07,-0.92,0.55,-0.34,16631328
890314,0.05,1.02,0.09,-2.23,2.08,-1.04,0.04,0.02,1.07,-1.37,0.49,-0.58,16631266
890326,0.05,1.02,0.09,-2.35,2.04,-1.56,0.04,0.02,1.07,-1.07,0.76,-0.82,16634854
890338,0.05,1.02,0.09,-2.32,2.04,-1.40,0.04,0.02,1.07,-0.85,0.73,-0.64,16636512
890349,0.05,1.02,0.09,-2.32,2.44,-1.53,0.04,0.02,1.07,-1.04,0.55,-0.82,16635569
890361,0.05,1.02,0.09,-2.35,1.92,-1.28,0.04,0.02,1.07,-0.85,0.64,-3.33,16636068
890373,0.05,1.02,0.09,-2.14,2.29,-1.25,0.04,0.02,1.07,-0.82,0.61,-1.71,16634680
890384,0.05,1.02,0.09,-2.32,2.08,-1.53,0.04,0.02,1.07,-0.92,0.55,-0.55,16635320
890396,0.05,1.02,0.09,-2.47,2.41,-1.37,0.04,0.02,1.07,-0.98,0.79,-0.58,16635530
890407,0.05,1.02,0.09,-2.20,1.86,-1.40,0.04,0.02,1.07,-0.98,0.73,-0.79,16630385
890420,0.05,1.02,0.09,-2.17,2.32,-1.31,0.04,0.02,1.07,-0.98,1.04,-0.79,16628082
890431,0.05,1.02,0.09,-2.26,2.11,-1.37,0.04,0.02,1.07,-0.89,0.79,-3.14,16633335
890443,0.05,1.02,0.09,-2.20,2.38,-1.37,0.04,0.02,1.07,-0.76,0.52,-2.75,16633927
890455,0.05,1.02,0.09,-2.26,2.35,-1.22,0.04,0.02,1.07,-0.85,0.61,-2.14,16635049
890467,0.05,1.02,0.09,-2.14,2.17,-1.28,0.04,0.02,1.07,-0.82,0.95,-1.74,16638089
890478,0.05,1.02,0.09,-2.20,1.95,-1.31,0.04,0.02,1.07,-0.70,0.95,-3.05,16636463
890490,0.05,1.02,0.09,-2.14,2.04,-1.25,0.04,0.02,1.07,1.68,1.04,-1.59,16634995
890502,0.05,1.02,0.09,-2.26,1.95,-1.22,0.03,0.00,1.06,-0.79,-4.97,16.66,16634585
890513,0.05,1.02,0.09,-1.92,2.11,-1.04,0.04,0.01,1.07,-0.95,2.23,1.46,16633544
890525,0.05,1.02,0.09,-2.38,1.89,-1.04,0.04,0.01,1.07,-1.01,0.79,0.34,16632523
890536,0.05,1.02,0.09,-2.35,2.44,-1.28,0.04,0.01,1.07,-1.19,0.73,1.01,16633955
890549,0.04,1.02,0.09,-2.75,2.32,-1.25,0.04,0.01,1.07,-0.85,-0.49,2.14,16633553
890560,0.04,1.02,0.09,-2.38,1.98,-1.19,0.04,0.02,1.07,-1.07,0.40,0.79,16632123
890572,0.05,1.02,0.09,-2.32,2.04,-1.28,0.04,0.02,1.07,-1.28,0.46,0.79,16636599
890584,0.05,1.02,0.09,-2.11,2.11,-1.10,0.04,0.02,1.07,-1.28,0.67,0.27,16635688
890596,0.05,1.02,0.09,-2.17,2.23,-1.28,0.04,0.02,1.07,-1.13,0.64,0.34,16631792
890607,0.05,1.02,0.09,-2.23,1.98,-1.31,0.04,0.01,1.07,-1.10,0.40,1.37,16630299
890619,0.05,1.02,0.09,-2.23,1.92,-1.13,0.04,0.01,1.07,-1.22,0.73,1.37,16633285
890631,0.05,1.02,0.09,-2.14,2.01,-1.22,0.04,0.01,1.07,-1.13,0.73,0.64,16636071
890642,0.05,1.02,0.09,-2.44,2.17,-1.34,0.04,0.02,1.07,-1.22,0.79,-0.70,16637290
890654,0.05,1.02,0.09,-2.47,2.20,-1.40,0.04,0.02,1.07,-1.07,0.73,-0.85,16636933
890665,0.05,1.02,0.09,-2.26,2.11,-1.50,0.04,0.02,1.07,-1.13,0.64,-0.61,16636555
890678,0.05,1.02,0.09,-2.56,2.17,-1.53,0.04,0.02,1.07,-0.98,0.58,-2.87,16634800
890689,0.05,1.02,0.09,-2.50,2.20,-1.16,0.04,0.01,1.07,-1.13,0.49,-1.16,16632511
890701,0.05,1.02,0.09,-2.44,1.95,-1.16,0.04,0.01,1.07,-1.04,0.67,-0.49,16633460
890713,0.05,1.02,0.09,-2.38,2.11,-1.40,0.04,0.02,1.07,-0.73,0.52,-0.09,16638511
890725,0.05,1.02,0.09,-2.14,2.04,-1.28,0.04,0.02,1.07,-1.10,0.82,-0.27,16636479
890736,0.05,1.02,0.09,-2.26,2.11,-1.37,0.04,0.02,1.07,-0.89,0.73,-0.43,16632308
890748,0.05,1.02,0.09,-2.47,2.11,-1.37,0.04,0.02,1.07,-0.98,0.73,-0.67,16629867
890760,0.05,1.02,0.09,-2.38,2.08,-1.31,0.04,0.02,1.07,-0.95,0.61,-0.70,16627336
890771,0.05,1.02,0.09,-2.17,2.26,-1.37,0.04,0.02,1.07,-1.10,0.82,-0.70,16627527
890783,0.05,1.02,0.09,-2.11,1.98,-1.22,0.04,0.02,1.07,-1.07,1.86,-0.95,16629714
890795,0.05,1.02,0.09,-2.20,2.11,-1.10,0.04,0.02,1.07,-0.82,3.45,-1.68,16631924
890807,0.05,1.03,0.09,-2.01,2.01,-1.37,0.04,0.02,1.07,-0.98,5.13,-1.31,16633569
890818,0.05,1.03,0.09,-2.14,2.32,-1.62,0.04,0.01,1.07,-1.07,6.01,-0.15,16632774
890830,0.05,1.02,0.09,-2.29,2.04,-1.50,0.04,0.01,1.07,-0.92,8.36,1.10,16634968
890842,0.05,1.02,0.09,-2.38,2.20,-1.43,0.04,0.01,1.07,-0.64,7.26,2.23,16635101
890854,0.05,1.02,0.09,-2.29,2.29,-1.34,0.04,0.02,1.07,-0.89,7.02,0.95,16636320
890865,0.05,1.02,0.09,-2.35,2.14,-1.01,0.04,0.02,1.07,-0.89,5.89,0.64,16635789
890877,0.05,1.02,0.09,-2.66,2.17,-1.16,0.04,0.02,1.07,-0.89,6.44,-0.52,16631855
890889,0.05,1.02,0.09,-2.11,2.17,-1.37,0.03,0.02,1.07,-1.10,6.68,-0.18,16629693
890900,0.05,1.02,0.09,-2.53,2.17,-1.59,0.04,0.02,1.07,-0.92,12.15,0.09,16629940
890912,0.05,1.02,0.09,-2.32,2.20,-1.25,0.04,0.02,1.07,-0.82,16.27,0.24,16634651
890924,0.05,1.02,0.09,-2.41,2.35,-1.25,0.04,0.02,1.08,-0.70,19.29,-0.85,16635180
890936,0.04,1.02,0.09,-2.41,2.29,-1.31,0.03,0.02,1.07,-0.37,20.14,-3.57,16635272
890947,0.04,1.02,0.09,-2.23,2.11,-1.43,0.02,0.02,1.07,-0.40,18.65,-1.62,16633105
890959,0.04,1.02,0.09,-2.23,2.29,-1.07,0.02,0.02,1.07,-0.82,21.91,-1.13,16633269
890971,0.05,1.02,0.09,-2.08,2.32,-1.13,0.02,0.02,1.08,-0.70,27.16,-1.37,16629781
890983,0.05,1.02,0.09,-2.53,1.89,-1.28,0.02,0.01,1.08,-0.73,34.27,0.82,16630827
890994,0.05,1.02,0.09,-2.78,2.29,-1.95,0.02,0.02,1.09,-0.49,44.13,-0.40,16633860
891006,0.04,1.02,0.09,-2.50,2.01,-0.76,0.01,0.02,1.08,-0.64,42.27,-0.70,16634547
891018,0.05,1.02,0.09,-1.68,2.11,-1.65,0.00,0.02,1.08,-0.89,45.59,-2.29,16633338
891029,0.05,1.03,0.10,-1.65,2.04,-1.13,-0.01,0.02,1.07,-1.01,45.75,-2.20,16633644
891041,0.05,1.02,0.09,-2.20,2.01,-1.59,-0.02,0.02,1.07,-0.79,48.49,-3.54,16632492
891053,0.05,1.02,0.09,-2.78,2.08,-0.92,-0.02,0.03,1.08,-0.55,55.48,-6.01,16633885
891065,0.05,1.02,0.09,-2.50,2.14,-1.07,-0.04,0.02,1.07,-1.13,48.61,-2.23,16631429
891076,0.05,1.03,0.09,-2.11,2.32,-1.50,-0.05,0.02,1.05,-1.01,36.83,-2.90,16629994
891088,0.05,1.03,0.09,-2.20,2.44,-1.80,-0.06,0.02,1.05,-1.07,27.50,-2.44,16631433
891100,0.05,1.02,0.09,-2.59,2.29,-1.16,-0.07,0.02,1.05,-0.85,24.84,-2.38,16631595
891112,0.05,1.02,0.09,-2.17,2.20,-1.40,-0.07,0.01,1.06,-1.43,31.59,-0.89,16631974
891123,0.05,1.03,0.09,-2.17,2.17,-1.25,-0.07,0.01,1.06,-1.37,36.50,0.76,16633250
891136,0.05,1.03,0.09,-1.92,2.17,-1.25,-0.08,0.01,1.07,-1.50,41.32,0.76,16635394
891147,0.05,1.02,0.09,-2.47,1.98,-1.01,-0.08,0.02,1.07,-1.62,46.11,-0.31,16635195
891158,0.05,1.02,0.09,-2.47,2.17,-1.25,-0.09,0.02,1.07,-1.71,49.41,0.31,16633730
891170,0.05,1.02,0.09,-2.29,2.23,-0.98,-0.10,0.02,1.07,-1.59,49.71,0.24,16630252
891182,0.05,1.03,0.09,-2.17,2.04,-1.59,-0.12,0.02,1.06,-1.19,49.99,-3.45,16631500
891194,0.05,1.02,0.09,-2.20,2.26,-1.31,-0.12,0.02,1.07,-1.25,59.72,-4.36,16634271
891205,0.05,1.02,0.09,-2.35,2.26,-0.98,-0.13,0.02,1.07,-1.22,69.85,-3.94,16635000
891217,0.05,1.02,0.09,-2.38,2.14,-1.40,-0.14,0.02,1.07,-0.61,73.27,-4.58,16632556
891229,0.05,1.02,0.09,-2.20,2.04,-1.16,-0.16,0.02,1.06,0.15,77.36,-9.03,16632456
891241,0.05,1.02,0.09,-2.20,2.20,-1.10,-0.17,0.02,1.05,1.19,76.60,-12.54,16632703
891252,0.05,1.02,0.09,-2.29,2.26,-1.28,-0.19,0.03,1.04,1.43,73.85,-13.49,16633823
891265,0.05,1.02,0.09,-2.26,2.14,-0.73,-0.20,0.03,1.04,3.17,76.26,-18.40,16633091
891276,0.05,1.02,0.09,-2.04,2.08,-1.62,-0.22,0.02,1.04,3.81,81.33,-19.01,16633763
891288,0.05,1.02,0.09,-2.35,2.01,-1.04,-0.24,0.02,1.03,4.73,79.07,-21.88,16635097
891299,0.05,1.02,0.09,-2.32,2.08,-1.31,-0.25,0.01,1.02,4.97,72.60,-20.63,16634109
891311,0.05,1.02,0.09,-2.50,2.11,-1.04,-0.26,0.01,1.01,4.70,69.40,-18.01,16634315
891323,0.05,1.02,0.09,-2.35,2.26,-0.95,-0.27,0.01,1.01,4.06,75.23,-15.81,16636562
891334,0.05,1.02,0.09,-2.38,2.38,-1.40,-0.28,0.01,1.02,3.08,84.47,-13.58,16632226
891346,0.05,1.02,0.09,-2.29,2.29,-1.28,-0.29,0.01,1.02,3.05,98.72,-12.73,16633327
891358,0.05,1.02,0.09,-2.50,2.29,-1.40,-0.31,0.01,1.02,3.72,116.64,-13.34,16632621
891370,0.05,1.02,0.09,-2.38,2.14,-1.50,-0.32,0.01,1.01,4.58,121.64,-13.09,16634171
891381,0.05,1.02,0.09,-2.23,2.26,-1.43,-0.34,0.01,1.00,3.63,121.98,-11.75,16634424
891394,0.05,1.02,0.09,-2.14,2.04,-1.53,-0.35,0.02,0.99,6.41,124.51,-15.90,16634083
891405,0.05,1.02,0.09,-2.23,2.14,-1.19,-0.38,0.03,0.98,8.79,134.16,-18.62,16632096
891417,0.05,1.02,0.09,-2.17,2.35,-1.13,-0.40,0.03,0.96,11.63,117.25,-20.26,16633127
891428,0.05,1.02,0.09,-2.29,2.26,-1.50,-0.44,0.03,0.91,9.03,80.72,-14.43,16633247
891440,0.05,1.02,0.09,-1.98,2.29,-1.28,-0.47,0.03,0.89,7.17,59.57,-11.78,16633608
891452,0.05,1.02,0.09,-2.01,2.14,-1.28,-0.48,0.02,0.89,4.24,49.41,-7.84,16633908
891463,0.05,1.02,0.09,-2.32,2.01,-1.50,-0.49,0.01,0.89,2.84,44.34,-5.37,16633733
891475,0.05,1.02,0.09,-2.26,2.20,-1.22,-0.50,0.01,0.89,-1.98,42.18,2.26,16632749
891487,0.05,1.02,0.09,-2.01,2.26,-1.10,-0.49,-0.00,0.91,-4.55,56.09,5.04,16633522
891499,0.05,1.02,0.09,-2.23,2.23,-1.28,-0.49,0.01,0.92,-7.35,69.52,8.76,16632797
891510,0.04,1.02,0.09,-2.35,2.17,-1.46,-0.50,0.01,0.91,-5.46,84.20,5.95,16631146
891523,0.05,1.02,0.09,-2.41,2.23,-1.31,-0.52,0.02,0.90,-1.37,91.37,1.65,16633018
891534,0.05,1.02,0.09,-2.26,2.20,-1.16,-0.55,0.02,0.88,2.81,86.88,-4.76,16632570
891546,0.05,1.02,0.09,-2.59,1.95,-1.46,-0.56,0.02,0.86,4.64,84.81,-6.81,16631356
891557,0.05,1.02,0.09,-2.44,2.14,-0.98,-0.58,0.02,0.85,3.85,90.42,-5.55,16632693
891569,0.05,1.02,0.09,-2.29,2.26,-1.37,-0.59,0.01,0.85,4.88,97.87,-6.20,16633698
891581,0.05,1.02,0.09,-2.50,2.08,-1.40,-0.60,0.01,0.84,3.27,99.40,-4.21,16634008
891592,0.05,1.02,0.09,-2.26,2.17,-1.46,-0.61,0.01,0.83,4.94,101.72,-5.07,16634024
891604,0.05,1.02,0.09,-2.01,1.89,-1.25,-0.62,0.01,0.81,6.29,106.17,-5.80,16632552
891616,0.05,1.02,0.09,-2.01,2.01,-1.07,-0.64,0.01,0.80,6.93,107.42,-6.07,16633553
891628,0.04,1.02,0.09,-2.08,2.17,-1.34,-0.66,0.02,0.78,9.12,105.99,-7.48,16635098
891639,0.04,1.02,0.09,-2.17,2.08,-1.19,-0.68,0.02,0.75,12.85,105.71,-10.59,16634227
891652,0.04,1.03,0.09,-2.11,2.29,-1.16,-0.70,0.02,0.72,15.11,95.76,-11.93,16631394
891663,0.05,1.02,0.09,-2.04,2.04,-1.40,-0.72,0.01,0.70,15.29,82.21,-12.27,16630779
891675,0.05,1.02,0.09,-2.41,2.11,-1.37,-0.74,0.01,0.69,12.91,75.23,-9.46,16633471
891686,0.05,1.02,0.09,-2.38,1.89,-1.16,-0.75,0.02,0.68,6.62,65.43,-5.19,16634719
891698,0.05,1.02,0.09,-2.26,2.01,-1.10,-0.75,0.01,0.67,2.59,66.07,-2.59,16632843
891710,0.05,1.02,0.09,-2.23,2.29,-1.16,-0.75,0.02,0.67,6.23,67.96,-4.85,16633746
891721,0.05,1.02,0.09,-2.26,1.98,-1.37,-0.76,0.02,0.66,9.37,66.83,-7.39,16632689
891734,0.05,1.02,0.09,-2.35,2.14,-1.50,-0.77,0.02,0.65,14.86,70.50,-10.41,16632199
891745,0.05,1.02,0.09,-2.23,2.08,-1.40,-0.78,0.02,0.64,12.70,67.99,-8.88,16630618
891757,0.05,1.02,0.09,-2.23,1.86,-1.13,-0.79,0.02,0.62,8.88,68.33,-6.32,16632585
891768,0.05,1.02,0.09,-2.44,2.11,-1.16,-0.80,0.02,0.61,4.79,63.66,-3.57,16635080
891781,0.05,1.02,0.09,-2.47,1.92,-1.50,-0.81,0.02,0.60,0.40,55.66,-1.07,16635751
891792,0.05,1.02,0.09,-2.01,2.11,-1.31,-0.81,0.02,0.60,-6.04,53.28,2.69,16635112
891804,0.05,1.02,0.09,-2.26,2.08,-1.25,-0.81,0.02,0.60,-11.08,48.80,5.19,16634470
891815,0.05,1.02,0.09,-2.75,2.04,-1.37,-0.82,0.03,0.58,-12.88,36.13,6.41,16635021
891827,0.04,1.02,0.09,-2.14,2.26,-1.13,-0.83,0.03,0.57,-4.30,39.52,1.40,16634269
891839,0.05,1.03,0.09,-2.26,2.26,-1.19,-0.84,0.03,0.56,-3.78,30.52,0.95,16635074
891850,0.05,1.02,0.09,-2.41,2.35,-1.22,-0.84,0.04,0.55,-6.35,10.68,2.11,16634502
891863,0.05,1.02,0.09,-2.47,2.14,-1.28,-0.83,0.03,0.56,-3.33,4.00,0.82,16632836
891874,0.05,1.02,0.09,-2.26,2.14,-1.40,-0.83,0.04,0.57,-5.98,3.27,1.19,16634048
891886,0.05,1.02,0.09,-2.14,2.29,-1.37,-0.83,0.03,0.57,-7.69,8.94,3.05,16632967
891897,0.05,1.02,0.09,-2.44,2.26,-1.43,-0.83,0.02,0.57,0.76,34.76,-1.68,16634895
891910,0.05,1.02,0.09,-2.53,2.17,-1.56,-0.84,0.03,0.56,0.76,34.94,-1.68,16636584
891921,0.05,1.02,0.09,-2.35,1.80,-1.80,-0.84,0.04,0.54,3.23,30.27,-2.35,16633380
891932,0.05,1.02,0.09,-2.99,2.11,-0.82,-0.85,0.04,0.53,9.64,25.18,-5.43,16632022
891944,0.05,1.02,0.09,-2.08,2.01,-1.74,-0.86,0.05,0.50,14.86,26.15,-8.54,16631404
891956,0.05,1.02,0.09,-2.01,2.14,-1.31,-0.87,0.06,0.48,17.46,22.77,-8.54,16632361
891968,0.05,1.02,0.09,-2.14,2.17,-1.53,-0.87,0.03,0.49,18.59,37.57,-9.80,16635097
891979,0.05,1.02,0.09,-2.32,2.41,-1.16,-0.87,-0.00,0.49,7.39,57.19,-4.82,16635482
891992,0.05,1.03,0.09,-2.26,2.11,-1.37,-0.86,-0.02,0.50,3.69,77.36,-3.05,16631823
892003,0.05,1.02,0.09,-2.17,2.29,-1.01,-0.86,-0.01,0.50,9.19,93.26,-5.07,16631734
892015,0.05,1.02,0.09,-2.04,2.26,-1.65,-0.85,-0.01,0.50,23.19,113.28,-10.04,16632401
892026,0.05,1.02,0.09,-2.29,2.20,-1.31,-0.86,0.00,0.49,17.09,103.24,-7.14,16633494
892039,0.05,1.02,0.09,-2.75,2.17,-1.10,-0.87,0.02,0.47,17.61,93.60,-7.11,16634231
892050,0.05,1.02,0.09,-2.32,2.20,-1.13,-0.89,0.04,0.44,8.21,83.37,-3.51,16635812
892061,0.05,1.02,0.09,-2.11,2.35,-1.50,-0.90,0.06,0.40,1.40,76.08,-1.01,16638178
892073,0.04,1.02,0.09,-1.95,2.32,-1.34,-0.92,0.05,0.36,-5.07,79.53,0.46,16634446
892085,0.05,1.02,0.09,-2.44,2.23,-1.34,-0.92,0.02,0.35,-7.17,79.32,1.31,16631730
892097,0.05,1.02,0.09,-2.41,2.26,-1.19,-0.92,-0.01,0.35,1.80,83.65,-1.34,16632529
892108,0.05,1.02,0.09,-2.17,2.20,-1.46,-0.92,-0.01,0.35,0.98,82.46,-1.22,16632114
892121,0.05,1.02,0.09,-2.08,2.08,-1.22,-0.92,0.00,0.34,2.04,86.61,-1.37,16629494
892132,0.05,1.02,0.09,-2.14,2.23,-1.50,-0.93,0.01,0.31,-0.18,75.32,-1.16,16632451
892144,0.05,1.02,0.09,-2.44,2.14,-1.19,-0.95,0.03,0.29,2.11,62.32,-1.56,16635542
892155,0.05,1.02,0.09,-2.17,2.08,-1.07,-0.95,0.03,0.25,3.39,61.77,-1.25,16637013
892168,0.05,1.02,0.09,-2.08,2.20,-1.22,-0.95,0.01,0.23,2.93,76.90,-0.92,16636402
892179,0.05,1.02,0.09,-2.44,2.20,-1.19,-0.95,-0.02,0.23,-3.05,83.40,-0.67,16633374
892190,0.05,1.02,0.09,-2.44,2.14,-1.43,-0.95,-0.01,0.26,-6.13,74.40,-0.21,16631321
892203,0.04,1.02,0.09,-2.17,2.26,-1.34,-0.95,-0.00,0.27,-14.19,69.82,0.98,16632685
892214,0.04,1.03,0.09,-2.44,2.04,-1.13,-0.95,0.02,0.24,-7.69,65.00,-0.46,16634176
892226,0.04,1.02,0.09,-2.26,2.35,-1.31,-0.96,0.03,0.20,-5.28,58.14,-0.21,16635298
892237,0.05,1.02,0.09,-2.41,2.17,-1.19,-0.97,0.03,0.17,-6.71,52.06,-0.06,16634965
892250,0.05,1.02,0.09,-2.29,2.14,-1.46,-0.97,0.03,0.16,-6.47,53.34,-0.46,16635448
892261,0.05,1.02,0.09,-2.23,2.14,-1.53,-0.97,0.02,0.15,-2.08,50.32,-0.82,16634320
892273,0.05,1.02,0.09,-2.38,2.20,-1.50,-0.97,0.04,0.14,-0.27,43.18,-0.98,16632510
892284,0.05,1.02,0.09,-2.29,2.01,-1.13,-0.97,0.03,0.13,0.85,43.58,-1.04,16633637
892297,0.05,1.02,0.09,-2.35,2.47,-1.43,-0.97,0.02,0.12,-0.85,40.86,-1.01,16634416
892308,0.05,1.02,0.09,-2.20,1.77,-1.07,-0.98,0.02,0.12,-14.68,29.85,-0.21,16633038
892319,0.05,1.02,0.09,-2.11,2.04,-1.34,-0.98,0.03,0.09,-5.19,24.38,-0.82,16634243
892332,0.05,1.02,0.09,-2.29,2.23,-1.13,-0.98,0.03,0.09,-5.83,25.15,-0.85,16635229
892343,0.05,1.02,0.09,-2.01,2.08,-1.31,-0.97,0.03,0.09,-0.70,29.69,-1.01,16633232
892355,0.05,1.02,0.09,-2.35,2.14,-1.46,-0.97,0.02,0.09,-0.67,33.63,-0.76,16634409
892366,0.05,1.02,0.09,-2.35,2.23,-1.28,-0.97,0.02,0.09,-0.34,36.35,-0.70,16634267
892379,0.05,1.02,0.09,-2.50,2.08,-1.22,-0.97,0.02,0.08,-0.64,35.46,-1.01,16633900
892390,0.05,1.02,0.09,-2.26,2.17,-1.43,-0.97,0.02,0.07,-0.73,30.24,-0.76,16635674
892402,0.05,1.02,0.09,-2.14,2.32,-0.98,-0.98,0.03,0.07,-14.80,20.23,-1.31,16633093
892413,0.05,1.02,0.09,-2.29,1.95,-1.53,-0.98,0.03,0.06,-13.61,18.10,-0.89,16632913
892426,0.05,1.02,0.09,-1.95,2.04,-1.43,-0.97,0.03,0.04,-3.27,18.83,-0.64,16633561
892437,0.05,1.02,0.09,-2.41,2.08,-1.25,-0.98,0.04,0.03,-0.34,14.34,-0.67,16633042
892448,0.05,1.02,0.09,-2.44,2.35,-1.40,-0.98,0.05,0.02,3.45,13.03,-1.07,16632860
892461,0.05,1.02,0.09,-2.53,2.14,-1.40,-0.98,0.04,0.02,3.30,12.76,-0.92,16635020
892472,0.05,1.02,0.09,-2.23,2.35,-1.34,-0.97,0.03,0.03,-1.46,12.91,-0.64,16636192
892484,0.05,1.02,0.09,-2.11,2.20,-1.37,-0.97,0.03,0.03,7.75,10.41,-0.61,16633313
892495,0.05,1.02,0.09,-2.32,1.83,-1.25,-0.97,0.01,0.03,1.10,11.38,-0.58,16634223
892508,0.05,1.02,0.09,-2.50,2.11,-1.43,-0.98,-0.00,0.03,1.13,6.47,-0.64,16635208
892519,0.05,1.02,0.09,-2.29,2.29,-1.22,-0.98,-0.00,0.01,8.54,2.29,-0.12,16634896
892531,0.05,1.02,0.09,-2.20,2.17,-1.25,-0.98,0.01,0.01,7.48,-2.53,-0.12,16632982
892542,0.05,1.02,0.09,-2.44,2.08,-1.22,-0.98,0.01,0.01,9.12,-0.82,-0.12,16633677
892555,0.05,1.02,0.09,-2.17,1.98,-1.22,-0.97,0.02,0.02,6.13,2.17,-0.37,16633398
892566,0.05,1.02,0.09,-2.35,2.26,-1.34,-0.97,0.02,0.03,0.98,1.13,-0.82,16631234
892577,0.05,1.02,0.09,-2.26,2.08,-1.10,-0.97,0.02,0.03,2.62,2.47,-0.67,16630537
892590,0.05,1.02,0.09,-2.47,1.98,-1.31,-0.97,0.02,0.03,3.36,4.67,-0.49,16628668
892601,0.05,1.02,0.09,-2.47,2.11,-1.19,-0.97,0.02,0.03,-1.13,3.69,-0.64,16631927
892613,0.05,1.02,0.09,-2.38,1.98,-1.22,-0.97,0.02,0.03,-0.64,2.72,-0.67,16634336
892624,0.05,1.02,0.09,-2.44,2.20,-1.16,-0.97,0.02,0.02,0.46,1.31,-0.82,16633784
892637,0.05,1.02,0.09,-2.11,2.11,-1.22,-0.97,0.02,0.02,5.49,3.94,-0.21,16635507
892648,0.05,1.02,0.09,-2.32,2.11,-1.22,-0.97,0.02,0.02,1.40,3.30,-0.55,16633783
892660,0.05,1.02,0.09,-2.50,2.26,-1.71,-0.97,0.02,0.02,6.23,8.27,-0.49,16632621
892672,0.05,1.02,0.09,-2.56,2.11,-1.31,-0.97,0.01,0.02,5.86,12.73,-0.31,16633408
892684,0.05,1.02,0.09,-2.29,2.14,-1.34,-0.97,0.01,0.03,2.69,12.18,-0.43,16634131
892695,0.05,1.02,0.09,-2.38,2.04,-1.22,-0.97,0.03,0.02,-0.46,6.59,-0.70,16635583
892706,0.05,1.02,0.09,-2.44,2.47,-1.65,-0.97,0.03,0.02,-0.98,4.00,-0.73,16633491
892719,0.05,1.02,0.09,-2.29,2.29,-1.28,-0.97,0.03,0.02,-0.21,3.97,-0.70,16632985
892730,0.05,1.02,0.09,-2.01,2.20,-1.31,-0.97,0.02,0.01,0.49,4.43,-0.34,16632065
892742,0.04,1.02,0.09,-2.35,2.23,-1.16,-0.97,0.02,0.02,-0.46,6.20,-0.64,16631716
892753,0.05,1.02,0.09,-2.32,2.41,-1.46,-0.97,0.03,0.01,-1.07,6.87,-0.64,16635710
892766,0.05,1.02,0.09,-2.11,1.92,-1.22,-0.97,0.03,0.01,-0.76,5.40,-0.89,16632659
892777,0.05,1.02,0.09,-2.44,2.29,-1.40,-0.97,0.02,0.00,-1.01,1.04,-0.89,16632309
892789,0.05,1.02,0.09,-2.26,2.23,-1.34,-0.97,0.02,-0.01,7.29,-0.43,-0.18,16634681
892801,0.05,1.02,0.09,-2.20,2.35,-1.31,-0.97,0.02,-0.00,3.66,-1.77,-0.40,16635207
892813,0.05,1.02,0.09,-2.35,2.26,-1.10,-0.97,0.02,0.00,2.17,-1.31,-0.40,16635813
892824,0.05,1.02,0.09,-2.38,2.20,-1.40,-0.97,0.03,0.01,-0.55,-0.21,-0.73,16636132
892835,0.05,1.02,0.09,-2.26,2.14,-1.28,-0.97,0.03,0.01,-1.10,1.10,-0.55,16637126
892848,0.05,1.02,0.09,-2.17,2.17,-1.28,-0.97,0.03,0.01,-0.98,2.96,-0.34,16635920
892859,0.05,1.02,0.09,-2.53,2.17,-1.62,-0.97,0.03,0.01,-1.04,0.31,-0.73,16634426
892871,0.05,1.02,0.09,-2.20,2.26,-1.34,-0.97,0.02,0.01,-0.49,-2.01,-0.70,16635973
892882,0.05,1.02,0.09,-2.26,2.08,-1.46,-0.97,0.02,0.01,2.69,0.70,-0.67,16634334
892895,0.05,1.02,0.09,-2.17,2.11,-1.25,-0.97,0.01,0.01,5.25,5.71,-0.27,16632353
892906,0.05,1.02,0.09,-2.04,2.26,-1.04,-0.97,0.02,0.02,2.11,6.84,-0.34,16630941
892918,0.05,1.02,0.09,-2.38,2.20,-1.40,-0.97,0.03,0.01,-0.95,5.19,-0.85,16630123
892930,0.05,1.02,0.09,-2.14,1.92,-1.43,-0.97,0.03,0.01,-0.82,8.58,-0.73,16633899
892942,0.05,1.02,0.09,-2.08,2.11,-1.22,-0.97,0.03,0.01,-0.52,7.05,-0.76,16634093
892953,0.05,1.02,0.09,-2.11,2.17,-1.74,-0.97,0.03,0.00,-0.37,2.75,-0.49,16634637
892964,0.05,1.02,0.09,-2.23,2.08,-1.07,-0.97,0.02,-0.00,1.19,1.34,-0.58,16634699
892977,0.05,1.02,0.09,-2.38,2.17,-1.62,-0.97,0.02,-0.00,1.07,-0.79,-0.76,16634296
892988,0.05,1.02,0.09,-2.35,2.23,-1.19,-0.97,0.02,-0.00,1.77,-1.89,-0.49,16635310
893000,0.05,1.02,0.09,-2.11,1.95,-1.46,-0.97,0.02,0.00,5.16,0.82,-0.58,16635584
893011,0.05,1.02,0.09,-2.29,2.04,-1.22,-0.97,0.01,0.01,6.35,3.72,-0.21,16634620
893024,0.05,1.02,0.09,-2.32,2.20,-1.68,-0.97,0.02,0.00,2.62,2.66,-0.24,16635769
893035,0.05,1.02,0.09,-2.04,2.11,-1.22,-0.97,0.04,-0.00,-1.19,0.43,-0.73,16636669
893047,0.05,1.02,0.09,-2.35,2.04,-1.50,-0.97,0.03,0.00,-1.13,2.59,-0.79,16636894
893059,0.05,1.02,0.09,-2.32,2.20,-1.01,-0.97,0.03,0.00,-0.85,3.69,-0.76,16635023
893071,0.05,1.02,0.09,-2.08,2.14,-1.46,-0.97,0.03,0.00,-0.79,4.27,-0.82,16630872
893082,0.05,1.02,0.09,-2.41,2.26,-1.25,-0.97,0.03,0.00,-0.76,5.83,-0.67,16628427
893093,0.05,1.02,0.09,-2.17,2.04,-1.56,-0.97,0.01,0.01,13.24,1.62,0.52,16632820
893106,0.05,1.02,0.09,-2.29,2.26,-1.31,-0.97,0.01,0.01,10.50,7.32,0.37,16632166
893117,0.05,1.02,0.09,-2.23,2.11,-1.53,-0.97,0.01,0.01,5.04,4.58,-0.55,16634819
893129,0.05,1.02,0.09,-2.35,2.01,-1.16,-0.97,0.03,-0.01,3.08,3.72,-0.27,16634697
893140,0.05,1.02,0.09,-2.47,2.35,-1.16,-0.97,0.03,-0.01,0.24,3.42,-0.73,16633207
893153,0.05,1.02,0.09,-2.38,2.17,-1.34,-0.97,0.03,-0.01,-0.70,4.52,-0.70,16632321
893164,0.05,1.02,0.09,-2.23,2.08,-0.95,-0.97,0.03,-0.01,-1.19,1.71,-0.58,16633510
893176,0.05,1.02,0.09,-2.23,1.98,-1.13,-0.97,0.03,-0.01,-1.04,3.63,-0.61,16633950
893188,0.05,1.02,0.09,-2.32,2.26,-1.40,-0.97,0.03,-0.00,-0.89,6.32,-0.46,16633317
893200,0.05,1.02,0.09,-2.29,2.04,-1.16,-0.97,0.03,-0.00,-0.43,9.67,-0.61,16633437
893211,0.05,1.02,0.09,-2.17,2.08,-1.46,-0.97,0.02,-0.00,3.23,8.39,-0.40,16634335
893222,0.05,1.02,0.09,-2.11,2.41,-1.31,-0.97,0.02,-0.00,4.06,6.99,-0.34,16631904
893235,0.05,1.03,0.09,-2.14,2.08,-1.34,-0.97,0.02,0.00,-3.05,1.62,-0.98,16629985
893246,0.05,1.03,0.09,-2.20,2.26,-1.22,-0.97,0.02,-0.02,2.17,4.55,-0.76,16634337
893258,0.05,1.02,0.09,-2.32,2.04,-1.28,-0.97,0.03,-0.02,-0.61,4.18,-0.70,16638111
893270,0.05,1.02,0.09,-2.26,2.08,-1.43,-0.97,0.03,-0.02,-0.73,3.78,-0.85,16635114
893282,0.04,1.02,0.09,-2.04,2.26,-1.56,-0.97,0.03,-0.02,-0.76,6.74,-0.82,16633505
893293,0.04,1.02,0.09,-2.17,2.11,-1.25,-0.97,0.03,-0.01,0.61,8.36,-0.67,16632987
893305,0.05,1.02,0.09,-2.38,2.20,-1.53,-0.97,0.02,-0.01,2.81,8.39,-0.24,16632449
893317,0.05,1.02,0.09,-2.23,2.08,-1.43,-0.97,0.02,-0.02,0.09,6.81,-0.76,16635479
893329,0.05,1.02,0.09,-2.35,2.26,-1.28,-0.97,0.03,-0.02,-0.89,4.36,-0.70,16634196
893340,0.05,1.02,0.09,-2.17,2.41,-1.16,-0.97,0.03,-0.03,-1.01,4.15,-0.61,16634338
893351,0.05,1.02,0.09,-2.23,2.14,-1.31,-0.97,0.02,-0.03,-0.89,1.86,-0.76,16632018
893364,0.05,1.02,0.09,-2.38,1.95,-1.50,-0.97,0.02,-0.03,-1.22,1.71,-0.52,16632456
893375,0.05,1.02,0.09,-2.26,2.14,-1.40,-0.97,0.02,-0.02,-0.98,3.72,-0.61,16632433
893387,0.05,1.02,0.09,-2.26,2.26,-1.37,-0.97,0.02,-0.02,-0.85,7.35,-0.67,16635820
893399,0.05,1.02,0.09,-2.17,2.23,-1.46,-0.97,0.02,-0.02,3.23,9.40,-0.43,16633799
893411,0.04,1.02,0.09,-2.35,2.04,-1.46,-0.97,0.02,-0.02,0.79,8.58,-0.55,16631241
893422,0.04,1.02,0.09,-2.20,2.01,-1.37,-0.97,0.03,-0.03,-1.10,8.09,-0.64,16632979
893434,0.04,1.02,0.09,-2.20,2.29,-1.37,-0.97,0.03,-0.03,-1.01,8.73,-0.79,16632170
893446,0.04,1.02,0.09,-2.11,2.32,-1.53,-0.97,0.03,-0.03,-0.95,10.04,-0.61,16632279
893458,0.05,1.02,0.09,-2.32,2.11,-1.34,-0.97,0.03,-0.03,-0.98,11.11,-0.64,16631154
893469,0.05,1.02,0.09,-2.53,2.35,-1.22,-0.97,0.02,-0.03,-0.70,12.08,-0.79,16631977
893480,0.05,1.02,0.09,-2.20,2.08,-1.53,-0.97,0.02,-0.04,0.06,10.04,-0.70,16633921
893493,0.05,1.02,0.09,-2.17,2.26,-1.43,-0.97,0.02,-0.04,1.71,5.49,-0.76,16632530
893504,0.05,1.02,0.09,-2.26,2.23,-1.13,-0.97,0.02,-0.05,0.76,2.29,-0.34,16632796
893516,0.05,1.02,0.09,-2.14,2.11,-1.07,-0.97,0.03,-0.05,-0.76,-0.37,-0.52,16633468
893528,0.04,1.02,0.09,-2.20,2.29,-1.28,-0.97,0.03,-0.05,-1.22,-0.06,-0.79,16635716
893540,0.04,1.02,0.09,-2.47,2.17,-1.19,-0.97,0.02,-0.04,-1.10,1.77,-0.64,16636586
893551,0.05,1.02,0.09,-2.35,2.26,-1.40,-0.97,0.02,-0.04,-1.10,2.53,-0.40,16634867
893563,0.05,1.02,0.09,-2.26,2.20,-1.40,-0.97,0.02,-0.04,-0.95,1.34,-0.58,16631980
893575,0.05,1.02,0.09,-2.11,1.98,-1.37,-0.97,0.02,-0.05,-0.64,0.03,-0.92,16632922
893587,0.05,1.02,0.09,-2.29,2.17,-1.37,-0.97,0.02,-0.05,-0.98,-3.75,-0.76,16630331
893598,0.05,1.02,0.09,-2.44,2.23,-1.62,-0.97,0.02,-0.05,-1.07,-6.23,-0.89,16630707
893609,0.05,1.02,0.09,-2.23,1.98,-1.34,-0.97,0.02,-0.05,-1.07,-6.07,-0.76,16633617
893622,0.05,1.02,0.09,-2.32,2.17,-1.28,-0.97,0.02,-0.04,-0.92,-3.42,-1.07,16633897
893633,0.05,1.02,0.09,-2.41,2.08,-1.50,-0.96,0.02,-0.03,-0.89,1.92,-0.61,16630977
893645,0.05,1.02,0.09,-2.26,2.17,-1.22,-0.96,0.02,-0.03,-0.95,3.08,-1.01,16633720
893657,0.05,1.02,0.09,-2.20,2.08,-1.46,-0.97,0.02,-0.04,-1.13,1.89,-0.34,16636359
893669,0.05,1.02,0.09,-2.35,2.17,-1.43,-0.97,0.02,-0.04,-1.10,1.19,-0.64,16637562
893680,0.05,1.02,0.09,-2.29,2.26,-1.10,-0.97,0.02,-0.04,-1.04,1.71,-0.70,16636775
893692,0.05,1.02,0.09,-2.50,2.11,-1.31,-0.97,0.02,-0.04,-0.82,2.69,-0.55,16633942
893704,0.05,1.02,0.09,-2.14,2.01,-1.37,-0.97,0.02,-0.04,-1.07,4.43,-0.73,16631685
893716,0.05,1.02,0.09,-1.98,2.14,-1.34,-0.97,0.02,-0.04,-0.82,5.22,-0.76,16631983
893727,0.04,1.02,0.09,-2.38,2.04,-1.13,-0.97,0.02,-0.04,-0.92,4.88,-0.67,16631981
893739,0.04,1.02,0.09,-2.41,2.29,-1.22,-0.97,0.02,-0.04,-0.82,5.65,-0.55,16634424
893751,0.05,1.02,0.09,-2.08,2.04,-1.53,-0.97,0.02,-0.04,-0.95,4.27,-0.79,16632156
893762,0.05,1.02,0.09,-2.26,2.29,-1.19,-0.97,0.02,-0.05,-1.04,1.62,-0.52,16632778
893774,0.05,1.02,0.09,-2.35,2.11,-1.19,-0.97,0.02,-0.05,-0.79,2.56,-0.79,16630526
893786,0.05,1.02,0.09,-2.26,1.98,-1.37,-0.97,0.02,-0.05,-0.98,2.93,-0.73,16631122
893798,0.05,1.02,0.09,-2.20,2.01,-1.13,-0.97,0.02,-0.04,-0.85,4.79,-0.73,16634641
893809,0.05,1.02,0.09,-2.20,2.20,-1.01,-0.97,0.02,-0.04,-0.92,6.71,-0.76,16633936
893821,0.05,1.02,0.09,-1.98,2.08,-1.43,-0.97,0.02,-0.04,-0.64,7.05,-0.79,16632629
893833,0.05,1.02,0.09,-2.26,2.26,-1.07,-0.97,0.02,-0.05,-0.73,4.64,-0.55,16630276
893845,0.05,1.02,0.09,-2.20,1.98,-1.34,-0.97,0.02,-0.05,-0.18,1.53,-0.58,16633825
893856,0.05,1.02,0.09,-2.47,2.01,-1.43,-0.97,0.02,-0.05,0.18,-0.70,-0.67,16635593
893868,0.05,1.02,0.09,-2.20,2.26,-1.50,-0.97,0.02,-0.05,0.00,-1.83,-0.70,16636518
893880,0.05,1.02,0.09,-2.17,2.17,-1.10,-0.97,0.02,-0.05,-0.73,-3.14,-0.70,16636325
893891,0.05,1.02,0.09,-2.14,2.47,-1.31,-0.97,0.02,-0.05,-1.10,-2.87,-0.55,16634834
893903,0.05,1.02,0.09,-2.44,2.17,-1.50,-0.97,0.02,-0.05,-0.92,-4.15,-0.76,16631522
893915,0.04,1.02,0.09,-2.14,2.32,-1.07,-0.97,0.02,-0.05,-0.92,-5.04,-0.67,16634058
893927,0.04,1.02,0.09,-2.17,2.20,-1.04,-0.97,0.02,-0.05,-1.25,-5.10,-0.58,16637500
893938,0.05,1.02,0.09,-2.53,2.17,-1.46,-0.97,0.02,-0.05,-1.01,-3.48,-0.82,16635924
893950,0.05,1.02,0.09,-2.29,1.98,-1.25,-0.97,0.02,-0.04,-0.95,-2.23,-0.67,16633733
893962,0.05,1.02,0.09,-2.17,2.23,-1.50,-0.96,0.02,-0.04,-0.40,1.89,-0.55,16633679
893974,0.05,1.02,0.09,-2.29,2.35,-1.31,-0.96,0.02,-0.04,1.68,6.38,-0.40,16634680
893985,0.05,1.02,0.09,-2.14,2.17,-1.46,-0.96,0.02,-0.04,1.50,7.69,-0.27,16635542
893997,0.05,1.02,0.09,-1.98,2.20,-1.37,-0.97,0.02,-0.04,0.34,4.36,-0.37,16635132
894009,0.05,1.02,0.09,-2.14,2.41,-1.53,-0.97,0.03,-0.05,-0.82,0.24,-0.82,16634481
894020,0.05,1.02,0.09,-2.35,2.14,-1.43,-0.97,0.03,-0.05,-1.04,0.40,-0.67,16636876
894032,0.05,1.02,0.09,-2.23,2.32,-1.13,-0.97,0.02,-0.04,-1.01,2.08,-0.79,16633211
894044,0.05,1.02,0.09,-2.26,2.14,-1.37,-0.97,0.02,-0.04,-1.10,2.59,-0.64,16628235
894056,0.05,1.02,0.09,-2.29,2.01,-1.22,-0.97,0.02,-0.04,-1.16,3.91,-0.79,16631919
894067,0.05,1.02,0.09,-2.14,2.04,-1.31,-0.97,0.02,-0.04,-0.98,5.37,-0.76,16633018
894080,0.05,1.02,0.09,-2.29,2.35,-1.25,-0.97,0.02,-0.05,-0.92,3.72,-0.85,16632172
894091,0.05,1.02,0.09,-2.44,2.14,-1.46,-0.97,0.02,-0.05,-1.13,1.92,-0.98,16634068
894103,0.05,1.02,0.09,-2.32,2.38,-1.50,-0.97,0.02,-0.05,-0.98,0.37,-0.61,16633518
894114,0.05,1.02,0.09,-2.23,2.20,-1.40,-0.97,0.02,-0.05,-1.04,1.40,-0.67,16632767
894126,0.05,1.02,0.09,-2.29,2.20,-1.25,-0.97,0.02,-0.05,-1.19,3.08,-0.76,16634279
894138,0.05,1.02,0.09,-2.44,2.14,-1.25,-0.97,0.02,-0.05,-0.98,3.97,-0.64,16636300
894149,0.05,1.02,0.09,-2.32,2.23,-1.28,-0.97,0.02,-0.05,-0.95,2.29,-0.61,16637982
894161,0.05,1.02,0.09,-2.50,1.98,-1.31,-0.97,0.02,-0.05,-1.04,0.00,-0.37,16635561
894173,0.05,1.02,0.09,-2.11,1.95,-1.16,-0.97,0.02,-0.06,-0.95,-2.53,-0.64,16631646
894185,0.05,1.02,0.09,-2.29,1.98,-1.19,-0.97,0.02,-0.06,-1.25,-4.21,-0.92,16631038
894196,0.05,1.02,0.09,-2.17,2.35,-1.34,-0.97,0.02,-0.06,-1.04,-4.85,-0.61,16632832
894209,0.05,1.02,0.09,-2.29,2.14,-1.22,-0.97,0.02,-0.05,-1.19,-4.12,-0.79,16631279
894220,0.05,1.02,0.09,-2.41,2.14,-1.25,-0.97,0.02,-0.05,-1.25,-4.33,-0.61,16631269
894232,0.05,1.02,0.09,-2.26,2.11,-1.25,-0.97,0.02,-0.05,-1.07,-4.36,-0.64,16633202
894243,0.05,1.02,0.09,-2.20,2.29,-1.37,-0.97,0.02,-0.05,-1.22,-7.39,-0.73,16634591
894255,0.05,1.02,0.09,-2.14,2.29,-1.31,-0.97,0.02,-0.05,-1.13,-10.50,-0.73,16632422
894267,0.05,1.02,0.09,-2.04,2.14,-1.46,-0.97,0.02,-0.05,-1.43,-14.10,-0.70,16631691
894278,0.04,1.02,0.09,-2.29,2.23,-1.34,-0.97,0.02,-0.05,-1.28,-17.24,-0.43,16633407
894290,0.05,1.02,0.09,-2.53,2.26,-1.25,-0.97,0.02,-0.05,-1.19,-21.33,-0.73,16633690
894302,0.05,1.02,0.09,-2.17,2.32,-1.13,-0.97,0.02,-0.05,-1.28,-25.63,-0.79,16631513
894314,0.05,1.02,0.09,-2.11,2.32,-1.46,-0.98,0.02,-0.05,-1.37,-32.71,-0.61,16630379
894325,0.05,1.02,0.09,-2.47,2.11,-1.40,-0.98,0.02,-0.05,-1.62,-40.22,-0.70,16633717
894338,0.05,1.02,0.09,-2.14,2.26,-1.16,-0.98,0.02,-0.05,1.19,-48.13,-0.52,16635129
894349,0.05,1.02,0.09,-2.20,1.92,-1.37,-0.98,0.02,-0.05,7.20,-54.93,-0.06,16633528
894361,0.05,1.02,0.09,-2.04,2.20,-1.46,-0.98,0.02,-0.05,7.48,-64.97,-0.15,16635014
894372,0.05,1.02,0.09,-2.17,1.92,-1.34,-0.98,0.04,-0.06,6.13,-64.30,0.03,16633917
894384,0.05,1.02,0.09,-2.38,2.11,-1.59,-0.96,0.07,-0.12,-3.33,-48.86,-0.85,16634813
894396,0.05,1.02,0.09,-2.41,2.32,-1.37,-0.96,0.08,-0.12,-12.88,-52.09,-1.59,16635204
894407,0.04,1.02,0.09,-2.26,2.41,-1.25,-0.97,0.07,-0.06,-18.98,-54.50,-0.09,16635420
894419,0.05,1.02,0.09,-2.53,1.98,-1.86,-0.99,0.02,0.02,-18.59,-81.57,-0.58,16633770
894431,0.05,1.02,0.09,-2.32,2.11,-1.37,-0.99,-0.01,0.07,-15.90,-102.42,0.00,16633647
894443,0.05,1.02,0.09,-2.01,2.17,-1.34,-0.99,-0.01,0.10,-11.90,-121.12,0.03,16634277
894454,0.05,1.02,0.09,-2.17,2.08,-1.28,-0.98,-0.01,0.12,-5.46,-120.97,-0.34,16634495
894467,0.05,1.02,0.09,-2.20,2.17,-1.16,-0.97,-0.00,0.14,-2.99,-113.74,-0.46,16632001
894478,0.05,1.02,0.09,-2.47,2.01,-1.50,-0.97,0.01,0.15,-5.25,-118.44,-0.03,16633979
894490,0.05,1.02,0.09,-2.20,2.01,-1.31,-0.97,0.04,0.15,-16.17,-131.93,1.28,16635616
894501,0.05,1.03,0.09,-2.08,2.29,-1.31,-0.97,0.05,0.16,-13.89,-137.73,1.50,16632320
894513,0.05,1.02,0.09,-2.11,2.20,-1.13,-0.96,0.03,0.19,-8.03,-134.22,0.92,16631485
894525,0.05,1.02,0.09,-2.62,2.26,-1.10,-0.94,0.00,0.24,-2.99,-120.94,-0.46,16635264
894536,0.05,1.02,0.09,-2.26,2.04,-1.07,-0.93,-0.00,0.27,6.53,-124.27,-2.90,16634566
894548,0.05,1.02,0.09,-2.11,1.92,-1.62,-0.93,-0.03,0.33,4.36,-168.82,-3.30,16633318
894560,0.04,1.02,0.09,-1.95,2.08,-1.28,-0.92,-0.07,0.37,17.12,-204.65,-7.17,16634774
894572,0.05,1.02,0.09,-2.66,2.32,-1.22,-0.91,-0.07,0.39,28.47,-210.45,-13.34,16636853
894583,0.05,1.02,0.09,-2.41,2.32,-1.16,-0.90,-0.01,0.37,21.15,-189.24,-12.02,16636888
894596,0.05,1.02,0.09,-2.17,2.23,-1.50,-0.91,0.07,0.35,7.26,-187.29,-4.64,16636529
894607,0.05,1.02,0.09,-2.17,2.32,-1.34,-0.91,0.11,0.35,-7.81,-170.68,1.71,16637917
894619,0.05,1.02,0.09,-2.20,1.98,-1.53,-0.88,0.07,0.40,-5.86,-167.36,1.01,16635471
894630,0.05,1.02,0.09,-2.04,2.32,-1.10,-0.86,0.04,0.45,4.03,-170.20,-5.49,16634025
894643,0.05,1.02,0.09,-2.08,2.20,-1.50,-0.82,-0.01,0.52,20.94,-178.96,-16.94,16634237
894654,0.05,1.02,0.09,-2.32,2.17,-0.98,-0.78,-0.05,0.58,31.43,-194.09,-26.82,16632978
894665,0.05,1.02,0.09,-2.14,1.86,-1.40,-0.75,-0.05,0.61,28.69,-210.51,-28.47,16634959
894678,0.05,1.02,0.09,-2.23,2.01,-1.10,-0.74,-0.01,0.64,19.68,-217.90,-22.46,16633245
894689,0.05,1.02,0.09,-2.35,2.11,-1.22,-0.72,0.03,0.65,5.95,-225.46,-12.12,16631847
894701,0.05,1.02,0.09,-2.35,2.26,-1.01,-0.71,0.04,0.67,-3.14,-234.07,0.09,16632828
894712,0.05,1.02,0.09,-2.35,2.32,-1.25,-0.68,0.03,0.69,-0.98,-242.92,-2.75,16634144
894725,0.05,1.02,0.09,-2.35,2.08,-1.40,-0.64,0.04,0.74,-3.30,-222.90,-0.34,16630752
894736,0.05,1.02,0.09,-2.41,2.17,-1.07,-0.60,0.02,0.79,-4.03,-203.43,0.43,16631431
894748,0.05,1.02,0.09,-2.53,2.14,-1.28,-0.60,0.05,0.81,1.71,-175.42,-7.87,16634583
894759,0.05,1.02,0.09,-2.38,2.26,-1.31,-0.59,0.08,0.83,-0.46,-161.22,-4.58,16633049
894771,0.05,1.02,0.09,-2.20,2.17,-1.43,-0.55,0.06,0.87,-0.03,-144.90,-1.80,16635422
894783,0.05,1.02,0.09,-2.14,1.92,-1.37,-0.50,0.04,0.91,-1.46,-120.82,1.07,16635471
894794,0.05,1.02,0.09,-2.32,2.14,-1.25,-0.47,0.03,0.93,-2.44,-114.62,3.97,16632648
894807,0.05,1.02,0.09,-2.38,2.17,-1.37,-0.44,0.02,0.94,-4.97,-118.80,9.70,16632642
894818,0.05,1.02,0.09,-2.14,2.17,-1.16,-0.41,0.01,0.94,-5.74,-133.39,12.08,16633359
894830,0.05,1.02,0.09,-2.08,2.20,-1.43,-0.40,0.02,0.95,-7.72,-141.94,17.15,16634848
894841,0.05,1.02,0.09,-2.44,2.14,-1.16,-0.37,0.01,0.95,-5.34,-148.47,15.78,16635742
894854,0.05,1.02,0.09,-2.47,1.98,-1.22,-0.35,0.02,0.98,-4.12,-128.51,12.02,16631594
894865,0.05,1.02,0.09,-2.59,2.20,-1.46,-0.31,0.02,1.03,-4.73,-87.62,13.89,16631654
894877,0.05,1.02,0.09,-2.17,2.26,-1.16,-0.27,0.01,1.07,-6.65,-49.84,18.86,16634503
894888,0.05,1.02,0.09,-2.29,2.20,-1.43,-0.25,0.01,1.07,-5.55,-40.13,16.20,16633192
894900,0.05,1.02,0.09,-2.47,2.20,-1.28,-0.25,0.02,1.04,-5.40,-51.42,17.00,16634765
894912,0.05,1.02,0.09,-1.98,1.98,-1.22,-0.26,0.03,1.02,-4.76,-71.90,16.69,16636548
894923,0.05,1.02,0.09,-2.14,2.11,-1.10,-0.25,0.03,1.00,-3.97,-87.95,14.50,16635023
894936,0.05,1.02,0.09,-2.23,2.01,-1.16,-0.24,0.03,0.99,-2.90,-110.78,10.35,16634845
894947,0.05,1.02,0.09,-2.72,1.95,-1.53,-0.24,0.03,0.97,-2.72,-147.06,13.89,16635210
894959,0.05,1.02,0.09,-2.11,2.14,-1.40,-0.23,0.01,0.96,-2.32,-168.43,15.44,16634205
894970,0.05,1.03,0.09,-1.77,2.04,-1.28,-0.18,-0.00,0.99,-2.23,-159.58,18.46,16631905
894983,0.05,1.02,0.09,-2.26,2.20,-1.25,-0.13,0.01,1.02,-2.14,-151.31,15.20,16631837
894994,0.05,1.02,0.09,-2.26,2.17,-1.07,-0.10,0.00,1.03,-1.80,-149.75,13.31,16635460
895006,0.05,1.02,0.09,-2.35,1.95,-1.40,-0.06,0.01,1.06,-2.53,-121.58,8.54,16635578
895017,0.05,1.03,0.09,-2.11,2.32,-1.13,-0.01,0.01,1.11,-1.74,-75.78,8.06,16634068
895029,0.05,1.03,0.09,-1.83,2.20,-1.34,0.03,0.02,1.15,-1.62,-33.17,5.71,16632891
895041,0.05,1.02,0.09,-2.17,2.23,-0.89,0.04,0.02,1.14,-1.46,-18.13,2.32,16632371
895052,0.05,1.02,0.09,-2.26,2.11,-1.31,0.04,0.03,1.12,-1.07,-22.98,0.24,16633278
895065,0.05,1.03,0.09,-2.29,1.80,-1.59,0.06,0.03,1.12,-2.20,5.49,-6.74,16635009
895076,0.04,1.02,0.09,-2.17,2.29,-1.16,0.07,0.04,1.11,-2.41,-0.61,-9.67,16636541
895088,0.05,1.02,0.09,-2.53,2.26,-1.43,0.06,0.03,1.10,-3.42,-2.17,-4.06,16633297
895099,0.05,1.02,0.09,-2.17,2.23,-1.04,0.04,0.02,1.09,-1.56,0.43,-1.22,16633958
895112,0.05,1.02,0.09,-1.98,2.35,-1.43,0.03,0.01,1.08,-1.43,0.64,1.01,16631498
895123,0.05,1.02,0.09,-2.11,2.14,-1.13,0.03,0.01,1.08,-2.38,-0.55,0.18,16633002
895135,0.05,1.02,0.09,-2.66,2.14,-1.50,0.03,0.01,1.07,-5.00,-2.69,2.23,16633216
895147,0.05,1.02,0.09,-2.38,2.17,-1.37,0.04,0.01,1.07,-6.87,-3.88,3.57,16634319
895158,0.05,1.02,0.09,-2.29,2.04,-1.37,0.04,0.01,1.07,-7.63,-4.76,4.15,16634444
895170,0.05,1.03,0.09,-2.11,2.11,-1.43,0.04,0.01,1.07,-6.44,-3.17,1.92,16636360
895181,0.05,1.02,0.09,-2.29,2.01,-1.16,0.05,0.01,1.07,-1.16,0.49,0.95,16636591
895194,0.05,1.02,0.09,-2.44,2.20,-1.46,0.05,0.02,1.07,-0.64,1.01,-2.96,16630289
895205,0.05,1.02,0.09,-2.59,2.11,-1.34,0.05,0.02,1.07,-0.46,0.73,-2.75,16630128
895217,0.05,1.03,0.09,-2.23,2.26,-1.13,0.06,0.02,1.07,0.82,1.89,-1.89,16630313
895228,0.05,1.02,0.09,-2.23,2.17,-1.19,0.06,0.01,1.07,-0.09,1.56,0.64,16632457
895241,0.05,1.02,0.09,-2.47,2.17,-1.46,0.05,0.00,1.07,0.27,1.59,3.94,16634684
895252,0.05,1.02,0.09,-2.59,2.11,-1.10,0.05,0.00,1.07,-0.09,1.16,6.01,16635724
895264,0.05,1.02,0.09,-2.35,1.98,-1.19,0.05,0.01,1.07,0.06,1.71,4.21,16634830
895276,0.05,1.02,0.09,-2.08,2.44,-1.34,0.04,0.01,1.07,1.65,2.81,2.59,16631998
895287,0.05,1.02,0.09,-2.08,2.01,-1.31,0.04,0.02,1.07,2.38,3.30,1.43,16628875
895299,0.05,1.02,0.09,-2.38,2.20,-1.37,0.04,0.02,1.07,1.28,2.81,-0.31,16631566
895310,0.05,1.02,0.09,-2.32,2.17,-1.46,0.04,0.02,1.07,0.00,1.56,-0.55,16632899
895323,0.05,1.03,0.09,-2.04,2.11,-1.37,0.04,0.02,1.07,-2.11,-0.40,-1.37,16632872
895334,0.05,1.02,0.09,-2.35,2.29,-1.34,0.04,0.03,1.07,-1.50,0.31,-3.57,16632548
895346,0.05,1.02,0.09,-2.47,2.08,-1.22,0.04,0.03,1.07,2.87,3.75,-2.38,16632227
895357,0.05,1.02,0.09,-2.29,2.11,-1.10,0.04,0.02,1.07,0.12,1.74,4.76,16633524
895370,0.05,1.02,0.09,-2.01,2.26,-1.40,0.04,0.01,1.07,-0.21,2.08,5.71,16633114
895381,0.05,1.02,0.09,-1.95,2.17,-1.40,0.04,0.01,1.07,-0.31,1.31,6.32,16634098
895393,0.05,1.02,0.09,-2.11,1.95,-1.22,0.04,0.01,1.07,-1.01,0.49,4.27,16634100
895405,0.05,1.02,0.09,-2.44,2.29,-1.28,0.04,0.01,1.07,-0.89,0.89,4.73,16630955
895417,0.05,1.02,0.09,-2.38,2.17,-1.31,0.04,0.01,1.07,-1.10,0.92,3.81,16631207
895428,0.05,1.02,0.09,-2.17,1.98,-1.31,0.04,0.02,1.07,-0.76,0.55,5.25,16630513
895439,0.05,1.02,0.09,-2.04,2.32,-1.25,0.04,0.02,1.07,-0.95,0.58,6.87,16633578
895452,0.05,1.02,0.09,-2.32,2.17,-1.25,0.04,0.02,1.07,-1.04,0.61,5.10,16632171
895463,0.05,1.02,0.09,-2.26,1.92,-1.25,0.04,0.02,1.07,-1.04,0.52,3.63,16634854
895475,0.05,1.02,0.09,-1.98,2.04,-1.40,0.05,0.01,1.07,-1.22,0.82,3.63,16637791
895486,0.05,1.02,0.09,-2.14,2.32,-1.22,0.04,0.02,1.07,-0.92,0.89,1.92,16635363
895499,0.05,1.02,0.09,-2.32,2.11,-1.31,0.04,0.02,1.07,-0.85,0.73,-0.70,16635204
895510,0.04,1.02,0.09,-2.47,2.35,-1.46,0.04,0.02,1.07,-1.01,0.55,-0.55,16632618
895522,0.05,1.02,0.09,-2.17,2.29,-1.31,0.04,0.02,1.07,-1.07,0.64,-0.31,16634730
895534,0.05,1.02,0.09,-1.95,2.35,-1.31,0.04,0.02,1.07,-0.92,0.76,0.58,16634877
895546,0.05,1.02,0.09,-2.20,2.23,-1.46,0.04,0.02,1.07,-1.22,0.73,0.37,16636494
895557,0.05,1.02,0.09,-2.29,2.32,-1.37,0.04,0.02,1.07,-1.10,0.79,-0.73,16634958
895568,0.05,1.02,0.09,-2.17,2.26,-1.40,0.04,0.02,1.07,-1.10,0.43,-0.49,16633110
895581,0.05,1.02,0.09,-2.23,2.32,-1.43,0.04,0.02,1.07,-1.28,0.46,-0.49,16634212
895592,0.05,1.02,0.09,-2.35,2.20,-1.34,0.04,0.01,1.07,-0.79,0.64,3.30,16635726
895604,0.05,1.02,0.09,-2.41,2.23,-1.37,0.04,0.02,1.07,-0.98,0.79,0.70,16634508
895616,0.04,1.02,0.09,-2.20,2.11,-1.25,0.04,0.02,1.07,-0.92,0.67,-0.06,16629622
895628,0.05,1.02,0.09,-2.38,1.98,-1.22,0.04,0.02,1.07,-1.13,0.67,-0.31,16630942
895639,0.05,1.02,0.09,-2.38,2.14,-1.43,0.04,0.02,1.07,-1.10,0.73,-0.70,16633859
895651,0.05,1.02,0.09,-2.26,1.98,-1.10,0.04,0.02,1.07,-1.13,0.73,-0.46,16634797
895663,0.05,1.02,0.09,-2.35,2.08,-1.25,0.04,0.02,1.07,-1.07,0.76,-0.67,16635055
895675,0.05,1.02,0.09,-2.14,2.17,-1.16,0.04,0.02,1.07,-1.04,0.73,1.13,16634224
895686,0.05,1.02,0.09,-2.50,1.95,-1.40,0.04,0.02,1.07,-1.10,0.52,0.85,16631631
895698,0.05,1.02,0.09,-2.14,2.20,-1.25,0.04,0.02,1.07,-0.92,0.67,0.34,16631611
895710,0.05,1.02,0.09,-2.29,2.20,-1.10,0.04,0.02,1.07,-0.85,0.73,-0.73,16634391
895721,0.05,1.02,0.09,-2.17,2.17,-1.46,0.04,0.02,1.07,-0.98,0.55,-1.16,16638313
895733,0.05,1.02,0.09,-2.14,2.23,-1.40,0.04,0.02,1.07,-1.16,0.58,-0.89,16638178
895745,0.05,1.02,0.09,-2.32,2.11,-1.34,0.04,0.02,1.07,-1.07,0.61,-1.34,16634429
895757,0.05,1.02,0.09,-2.32,1.89,-1.53,0.04,0.02,1.07,-1.04,0.76,-1.65,16632844
895768,0.05,1.02,0.09,-2.41,2.17,-0.98,0.04,0.02,1.07,-0.89,0.55,-1.77,16633185
895780,0.05,1.02,0.09,-2.78,2.17,-1.28,0.04,0.02,1.07,-1.22,0.49,-2.59,16633118
895792,0.05,1.02,0.09,-2.23,2.29,-1.34,0.04,0.02,1.07,-1.10,0.58,-2.29,16632196
895804,0.05,1.02,0.09,-2.35,1.98,-1.34,0.04,0.02,1.07,-1.01,0.67,-1.89,16632799
895815,0.05,1.02,0.09,-2.20,1.86,-1.07,0.04,0.01,1.07,-1.16,0.67,-0.85,16632939
895827,0.05,1.02,0.09,-2.32,2.26,-1.46,0.04,0.02,1.07,-1.19,0.73,-0.67,16634710
895839,0.05,1.02,0.09,-2.14,2.11,-1.28,0.04,0.02,1.07,-1.04,0.76,-0.61,16635789
895850,0.05,1.02,0.09,-2.29,2.04,-1.19,0.04,0.02,1.07,-1.22,0.49,-0.70,16634620
895862,0.05,1.02,0.09,-2.14,2.08,-1.16,0.04,0.02,1.07,-0.82,0.61,-0.95,16635231
895874,0.05,1.02,0.09,-2.29,2.14,-1.34,0.04,0.02,1.07,-1.16,0.49,-1.77,16634521
895886,0.05,1.02,0.09,-2.26,2.26,-1.25,0.04,0.02,1.07,-0.89,0.40,-1.74,16632945
895897,0.04,1.02,0.09,-2.14,2.11,-1.34,0.04,0.02,1.07,-1.13,0.58,-0.79,16634288
895909,0.04,1.02,0.09,-2.20,1.89,-1.43,0.04,0.02,1.07,-0.98,0.64,-0.70,16633559
895921,0.05,1.02,0.09,-2.14,2.20,-1.19,0.04,0.01,1.07,-1.01,0.49,1.04,16634316
895933,0.05,1.02,0.09,-2.23,2.11,-1.37,0.04,0.02,1.07,-0.89,0.12,0.03,16635415
895944,0.04,1.02,0.09,-2.17,2.14,-1.43,0.04,0.02,1.07,-1.10,0.52,-0.27,16635010
895956,0.05,1.02,0.09,-2.38,2.04,-1.65,0.04,0.02,1.07,-0.92,0.46,-0.67,16633831
895968,0.04,1.02,0.09,-2.96,2.08,-1.04,0.04,0.02,1.07,-0.64,0.49,-0.98,16634222
895980,0.05,1.02,0.09,-3.17,2.17,-1.34,0.04,0.02,1.07,-1.19,0.61,-0.70,16634180
895991,0.05,1.03,0.09,-1.68,2.20,-1.50,0.04,0.02,1.07,-0.98,0.55,-0.55,16634205
896003,0.05,1.03,0.10,-0.58,2.14,-1.34,0.04,0.02,1.07,-1.19,0.40,-0.92,16637170
896015,0.05,1.02,0.09,-3.20,2.26,-1.13,0.04,0.02,1.07,-1.07,0.58,-0.52,16637676
896026,0.04,1.02,0.09,-6.53,2.75,-0.31,0.04,0.02,1.07,-0.92,0.67,-0.58,16636983
896038,0.05,1.01,0.09,-5.52,2.47,-0.76,0.04,0.02,1.07,-0.85,0.89,-0.58,16636669
896050,0.03,1.02,0.10,-3.42,7.69,-1.74,0.04,0.02,1.07,-1.10,0.55,-0.49,16638126
896062,0.01,1.03,0.11,-2.69,12.88,-1.86,0.04,0.02,1.07,-1.01,0.79,-0.43,16637402
896073,0.01,1.03,0.10,-1.34,14.47,-1.56,0.04,0.02,1.07,-1.07,0.76,2.72,16634803
896086,0.03,1.03,0.09,-1.86,13.03,-1.04,0.04,0.02,1.07,-0.79,0.58,1.07,16638001
896097,0.06,1.02,0.08,-3.66,9.03,-0.85,0.04,0.02,1.07,-0.95,0.55,1.22,16636401
896109,0.07,1.02,0.08,-3.45,4.94,-1.16,0.04,0.02,1.07,-1.22,0.61,1.34,16636354
896120,0.07,1.03,0.11,-0.79,2.26,-1.07,0.04,0.02,1.07,-0.82,0.67,1.46,16636123
896133,0.06,1.04,0.11,0.18,2.23,-0.85,0.04,0.02,1.07,-1.04,0.70,0.85,16636972
896144,0.06,1.03,0.10,-0.73,2.17,-1.28,0.04,0.02,1.07,-1.01,0.46,0.46,16636905
896155,0.05,1.02,0.10,-2.11,3.42,-1.53,0.04,0.02,1.07,-1.25,0.52,-0.12,16637186
896167,0.04,1.02,0.10,-0.79,4.76,-1.56,0.04,0.02,1.07,-1.19,0.43,-0.18,16636431
896179,0.04,1.03,0.11,1.10,5.55,-1.62,0.04,0.02,1.07,-0.89,0.46,-0.67,16634939
896191,0.04,1.03,0.11,0.40,6.74,-1.86,0.04,0.02,1.07,-0.98,0.61,-0.52,16633864
