time,faccx,faccy,faccz,fgyrx,fgyry,fgyrz,saccx,saccy,saccz,sgyrx,sgyry,sgyrz,load
1115532,-0.04,0.99,-0.03,-5.83,1.28,-0.67,0.15,0.98,0.21,1.01,-0.34,-2.11,16609559
1115542,-0.04,1.00,-0.04,-5.58,0.61,0.98,0.15,0.98,0.21,0.31,-0.67,-3.97,16610987
1115552,-0.03,1.00,-0.03,-4.67,0.27,2.32,0.14,0.98,0.21,-0.55,-0.95,-4.88,16610757
1115563,-0.03,1.01,-0.03,-4.58,-0.09,2.47,0.14,0.98,0.21,-0.12,-2.01,-4.58,16606912
1115573,-0.02,1.01,-0.03,-4.58,-0.31,0.67,0.14,0.98,0.21,0.55,-1.95,-3.08,16607626
1115583,-0.02,1.01,-0.03,-4.00,-0.37,-1.19,0.14,0.98,0.21,2.23,-1.77,-0.70,16609457
1115595,-0.03,1.00,-0.04,-5.74,0.82,-2.84,0.15,0.99,0.21,0.92,-0.03,0.52,16609522
1115607,-0.05,1.00,-0.04,-6.16,2.84,-3.78,0.16,0.99,0.21,1.74,2.04,1.46,16609990
1115619,-0.06,1.01,-0.04,-5.92,4.03,-3.30,0.16,0.99,0.21,1.46,2.59,0.82,16608869
1115630,-0.07,1.01,-0.03,-5.52,4.27,-1.92,0.17,0.99,0.20,1.16,2.08,-0.92,16609440
1115642,-0.06,1.01,-0.03,-5.37,3.60,-0.49,0.17,0.99,0.20,0.70,1.83,-2.08,16609535
1115654,-0.06,1.02,-0.02,-4.64,2.59,0.27,0.17,0.99,0.20,-0.49,0.92,-2.29,16610682
1115665,-0.05,1.02,-0.02,-3.48,2.08,-0.61,0.16,0.99,0.19,-1.31,0.24,-1.31,16612414
1115677,-0.04,1.03,-0.02,-2.20,1.83,-1.71,0.16,1.00,0.19,-1.77,0.15,-0.24,16609185
1115688,-0.05,1.03,-0.01,-1.22,1.92,-2.23,0.16,1.00,0.19,-1.68,-0.06,0.27,16608765
1115701,-0.05,1.03,-0.01,-1.22,2.44,-1.40,0.16,1.00,0.19,-1.74,1.22,-0.76,16610970
1115712,-0.05,1.02,-0.01,-1.68,2.93,0.24,0.16,1.00,0.19,-1.43,1.34,-2.47,16610741
1115724,-0.05,1.02,-0.01,-2.04,2.84,1.04,0.15,1.00,0.19,-0.92,1.13,-3.45,16609002
1115736,-0.04,1.02,-0.02,-2.66,2.38,0.92,0.15,1.00,0.19,-1.43,0.85,-2.96,16607719
1115748,-0.04,1.02,-0.02,-2.90,2.41,-0.61,0.15,1.00,0.19,-1.53,0.98,-1.31,16607622
1115759,-0.04,1.02,-0.02,-1.83,2.29,-1.71,0.16,1.00,0.19,-0.89,0.98,0.21,16608393
1115771,-0.04,1.03,-0.01,-1.71,2.59,-2.69,0.16,1.00,0.19,-0.61,0.70,0.64,16609057
1115783,-0.04,1.03,-0.02,-1.77,2.69,-2.59,0.16,1.01,0.19,-1.22,1.01,0.40,16610209
1115794,-0.05,1.02,-0.02,-1.92,2.93,-1.98,0.16,1.01,0.19,-1.59,1.16,-0.37,16607097
1115806,-0.05,1.02,-0.02,-2.17,3.17,-1.01,0.15,1.00,0.19,-1.62,1.19,-0.92,16606535
1115817,-0.04,1.02,-0.01,-2.11,2.62,-0.52,0.15,1.00,0.19,-1.59,0.82,-1.31,16608293
1115830,-0.04,1.02,-0.01,-2.29,1.68,-0.34,0.15,1.00,0.19,-1.40,-0.18,-1.65,16608324
1115841,-0.03,1.02,-0.01,-2.50,1.01,-0.82,0.15,1.00,0.19,-0.82,-0.79,-1.34,16608501
1115853,-0.03,1.02,-0.01,-2.81,0.92,-2.08,0.15,1.00,0.19,-0.55,-0.55,0.31,16609804
1115865,-0.04,1.02,-0.02,-3.05,1.34,-3.85,0.16,1.00,0.19,-0.79,-0.40,1.62,16610523
1115877,-0.04,1.02,-0.02,-2.72,1.34,-5.31,0.16,1.00,0.19,-1.28,-0.18,3.33,16610899
1115888,-0.05,1.02,-0.01,-1.56,2.04,-6.16,0.16,1.00,0.19,-0.37,0.09,4.00,16608696
1115900,-0.05,1.02,-0.01,-1.50,2.44,-5.28,0.16,1.00,0.19,-1.40,1.40,2.99,16608992
1115912,-0.06,1.02,-0.02,-1.25,3.42,-2.75,0.16,1.00,0.19,-2.35,1.95,0.21,16610127
1115923,-0.06,1.02,-0.01,-1.37,4.24,0.06,0.16,0.99,0.19,-2.08,2.81,-2.38,16608975
1115935,-0.06,1.01,-0.01,-1.19,4.52,2.26,0.15,0.99,0.19,-1.92,3.20,-4.12,16608112
1115947,-0.05,1.01,-0.02,-1.40,4.55,2.96,0.15,0.99,0.19,-2.50,2.50,-4.61,16608085
1115959,-0.04,1.01,-0.02,-1.62,3.45,2.41,0.15,0.99,0.19,-2.44,0.55,-3.88,16610267
1115970,-0.03,1.01,-0.02,-1.16,1.98,0.73,0.15,0.99,0.19,-1.95,-0.73,-2.14,16610527
1115982,-0.02,1.01,-0.02,-1.19,0.95,-1.31,0.15,0.99,0.19,-1.43,-0.61,-0.06,16608475
1115994,-0.02,1.01,-0.02,-1.50,0.92,-3.60,0.15,0.99,0.20,-0.64,-0.58,1.65,16607775
1116006,-0.03,1.00,-0.02,-2.23,1.10,-4.67,0.16,0.99,0.20,-0.31,-0.21,2.62,16608243
1116017,-0.04,1.00,-0.02,-3.39,1.89,-4.67,0.16,0.99,0.20,0.67,0.73,2.29,16608122
1116028,-0.05,0.99,-0.02,-3.97,2.81,-4.06,0.16,0.98,0.20,0.95,1.34,1.22,16608711
1116041,-0.06,0.99,-0.02,-5.22,3.20,-2.44,0.16,0.98,0.20,0.61,1.65,-0.34,16610187
1116052,-0.05,1.00,-0.02,-5.07,3.30,-1.77,0.16,0.99,0.20,0.12,1.31,-0.92,16608980
1116064,-0.05,1.00,-0.02,-4.03,2.50,-1.74,0.16,0.99,0.20,-0.43,0.18,-0.52,16607814
1116076,-0.04,1.01,-0.02,-2.81,1.56,-2.56,0.16,0.99,0.20,-1.16,0.00,0.34,16608890
1116088,-0.04,1.02,-0.02,-1.77,1.56,-2.66,0.16,0.99,0.20,-1.62,-0.03,0.92,16610332
1116099,-0.04,1.02,-0.02,-0.89,1.71,-2.66,0.15,0.99,0.20,-1.98,0.34,0.61,16609240
1116111,-0.04,1.02,-0.02,-0.67,2.17,-1.77,0.15,0.99,0.20,-2.32,0.43,-0.34,16607700
1116123,-0.05,1.02,-0.02,-0.46,2.32,-0.09,0.16,0.99,0.20,-3.05,0.76,-1.77,16608468
1116135,-0.05,1.02,-0.02,-0.58,2.62,0.76,0.16,0.99,0.20,-2.75,0.82,-2.59,16609013
1116146,-0.05,1.02,-0.02,-0.64,2.72,1.16,0.16,0.99,0.20,-2.72,1.13,-2.81,16610829
1116157,-0.05,1.01,-0.02,-1.40,3.08,0.98,0.16,0.99,0.20,-1.89,1.28,-2.56,16609834
1116170,-0.05,1.01,-0.03,-1.83,2.84,0.00,0.16,0.99,0.20,-2.14,1.31,-1.59,16609439
1116181,-0.04,1.01,-0.02,-1.43,2.75,-1.01,0.16,0.99,0.20,-1.10,1.13,-0.49,16608643
1116193,-0.05,1.01,-0.03,-1.40,2.69,-1.77,0.16,0.99,0.20,-1.56,1.28,-0.24,16609328
1116205,-0.04,1.01,-0.03,-2.17,2.50,-1.89,0.16,0.99,0.20,-2.66,0.79,-0.15,16608670
1116217,-0.04,1.01,-0.03,-1.89,1.77,-1.80,0.16,0.99,0.20,-2.59,0.15,-0.18,16608484
1116228,-0.04,1.01,-0.02,-1.07,1.43,-1.37,0.15,0.99,0.20,-1.71,-0.49,-0.98,16609374
1116240,-0.04,1.01,-0.02,-1.89,0.98,0.09,0.15,0.99,0.20,-1.34,-0.76,-1.92,16609134
1116252,-0.04,1.00,-0.02,-2.84,0.89,-0.15,0.15,0.99,0.20,-1.56,-0.73,-1.80,16609116
1116263,-0.04,1.00,-0.02,-2.81,0.95,-0.95,0.15,0.99,0.19,-0.82,-0.34,-0.61,16607714
1116275,-0.04,1.01,-0.02,-2.11,1.31,-1.34,0.16,0.99,0.19,-0.31,0.09,-0.46,16606207
1116286,-0.05,1.01,-0.02,-2.17,1.98,-1.19,0.16,0.99,0.20,-0.92,1.07,-0.82,16605290
1116299,-0.06,1.01,-0.02,-2.26,3.14,-0.46,0.16,0.99,0.20,-1.98,1.62,-1.50,16607551
1116310,-0.05,1.01,-0.02,-1.92,2.93,-0.06,0.16,0.99,0.20,-1.92,1.28,-1.74,16609668
1116322,-0.05,1.01,-0.02,-1.59,2.14,0.37,0.16,0.98,0.19,-1.43,0.03,-2.53,16609121
1116334,-0.04,1.00,-0.02,-2.26,1.19,0.89,0.16,0.99,0.19,-1.56,-0.49,-2.56,16610881
1116346,-0.04,1.00,-0.02,-3.05,0.79,0.00,0.16,0.99,0.19,-0.73,-0.82,-1.80,16608944
1116357,-0.04,1.00,-0.02,-3.88,0.98,-1.25,0.16,0.99,0.19,1.01,-0.40,-0.79,16608124
1116369,-0.05,1.00,-0.02,-4.85,1.31,-2.93,0.17,0.99,0.19,1.56,-0.24,0.52,16608929
1116381,-0.06,1.01,-0.02,-5.19,2.41,-3.45,0.17,1.00,0.19,1.50,0.58,0.82,16606127
1116393,-0.06,1.01,-0.02,-4.55,2.47,-3.30,0.17,1.00,0.19,0.76,1.10,0.76,16607944
1116404,-0.06,1.02,-0.02,-3.69,3.14,-2.47,0.17,1.00,0.20,-0.03,1.10,0.15,16610118
1116416,-0.06,1.03,-0.02,-2.81,2.99,-1.50,0.17,1.00,0.20,-1.34,1.53,-0.67,16610800
1116428,-0.06,1.04,-0.02,-1.37,3.05,-1.68,0.17,1.00,0.20,-2.08,1.71,0.03,16609963
1116439,-0.06,1.04,-0.02,-0.43,2.93,-2.26,0.17,1.00,0.20,-2.50,1.22,0.37,16608782
1116451,-0.06,1.04,-0.02,0.21,2.66,-1.59,0.17,1.01,0.20,-2.81,1.10,-0.12,16607575
1116463,-0.05,1.04,-0.02,0.46,2.81,-0.58,0.16,1.01,0.20,-3.33,1.28,-1.25,16608375
1116475,-0.05,1.04,-0.02,-0.06,2.59,0.21,0.16,1.01,0.20,-4.88,1.31,-1.77,16609773
1116486,-0.05,1.04,-0.02,0.64,2.62,0.00,0.16,1.01,0.21,-4.21,1.43,-1.13,16610565
1116498,-0.05,1.04,-0.02,1.89,3.51,-0.85,0.16,1.01,0.20,-4.43,2.11,-0.09,16608352
1116510,-0.05,1.04,-0.02,2.14,3.91,-1.50,0.16,1.01,0.21,-5.13,2.62,0.18,16609297
1116521,-0.05,1.04,-0.03,2.20,4.49,-1.56,0.16,1.02,0.21,-6.23,2.66,0.43,16612706
1116533,-0.05,1.04,-0.03,2.93,4.15,-2.26,0.16,1.02,0.21,-7.29,1.80,1.46,16609886
1116545,-0.04,1.05,-0.03,4.18,3.14,-3.23,0.16,1.02,0.21,-8.39,-0.79,2.08,16607674
1116557,-0.03,1.05,-0.03,5.37,1.98,-4.12,0.16,1.02,0.22,-9.00,-0.70,2.72,16609571
1116568,-0.03,1.06,-0.03,6.62,1.40,-3.88,0.16,1.02,0.22,-9.77,-0.61,2.78,16609536
1116580,-0.03,1.06,-0.03,7.26,1.19,-2.72,0.15,1.02,0.22,-11.14,-0.64,1.98,16607690
1116592,-0.03,1.06,-0.03,8.00,1.13,-1.65,0.15,1.02,0.22,-11.23,-0.24,1.07,16606561
1116604,-0.03,1.05,-0.03,8.97,1.68,-0.46,0.15,1.02,0.22,-12.36,0.06,-0.21,16607796
1116615,-0.03,1.06,-0.04,9.67,1.50,1.01,0.15,1.02,0.23,-14.53,-0.73,-1.13,16609604
1116627,-0.03,1.06,-0.04,11.32,0.67,1.80,0.15,1.02,0.23,-14.77,-0.95,-1.22,16608955
1116639,-0.03,1.06,-0.04,12.36,0.76,1.37,0.15,1.02,0.23,-15.69,-0.61,-0.76,16608315
1116650,-0.03,1.06,-0.05,13.18,1.65,0.58,0.15,1.02,0.23,-16.60,0.40,0.95,16608541
1116662,-0.04,1.06,-0.05,14.65,3.05,-1.86,0.16,1.02,0.24,-17.49,1.68,3.36,16607077
1116674,-0.05,1.07,-0.05,16.30,4.55,-4.24,0.16,1.02,0.24,-17.76,2.69,6.41,16606789
1116686,-0.05,1.07,-0.05,17.82,4.24,-5.95,0.17,1.02,0.24,-19.04,2.56,7.60,16608075
1116697,-0.04,1.07,-0.06,19.74,3.57,-5.89,0.15,1.02,0.25,-21.97,-3.63,6.53,16608033
1116709,-0.05,1.07,-0.06,20.90,2.17,-4.67,0.03,0.97,0.22,50.08,9.25,10.62,16608185
1116721,-0.05,1.07,-0.06,24.48,5.89,-8.79,0.18,1.01,0.24,-18.16,-4.61,8.73,16609463
1116733,-0.06,1.07,-0.07,24.26,4.06,-3.30,0.20,1.02,0.25,-25.24,2.90,6.65,16607960
1116744,-0.05,1.06,-0.07,24.54,2.72,-0.06,0.20,1.02,0.25,-30.24,1.19,2.53,16604874
1116755,-0.05,1.06,-0.08,25.51,2.04,1.71,0.19,1.02,0.25,-29.63,0.27,0.67,16606994
1116768,-0.05,1.07,-0.07,27.71,1.62,2.01,0.19,1.02,0.25,-30.91,0.58,0.92,16606536
1116779,-0.06,1.07,-0.08,29.02,2.69,1.77,0.20,1.03,0.26,-33.02,1.92,2.35,16606998
1116791,-0.09,1.07,-0.09,30.46,5.80,0.52,0.20,1.02,0.26,-33.60,5.28,3.72,16609928
1116803,-0.10,1.07,-0.09,32.56,8.88,0.85,0.21,1.02,0.26,-32.90,8.27,3.39,16610311
1116815,-0.12,1.06,-0.09,34.73,11.51,2.53,0.21,1.01,0.27,-35.28,11.23,2.26,16611668
1116826,-0.12,1.05,-0.10,35.52,13.89,4.58,0.21,0.99,0.27,-37.63,13.00,0.55,16611363
1116838,-0.11,1.04,-0.11,36.56,14.19,6.50,0.20,0.98,0.28,-37.32,10.74,-1.50,16610560
1116850,-0.08,1.03,-0.11,38.36,11.35,8.21,0.20,0.98,0.29,-39.55,9.28,-2.56,16608958
1116862,-0.05,1.03,-0.12,38.64,8.42,9.19,0.20,0.98,0.30,-41.75,6.68,-3.39,16607763
1116873,-0.04,1.03,-0.13,38.79,7.14,7.69,0.20,0.99,0.31,-41.63,6.01,-1.53,16606233
1116884,-0.04,1.02,-0.15,38.27,7.81,4.64,0.20,0.99,0.32,-40.47,6.59,1.65,16608200
1116897,-0.05,1.02,-0.16,37.23,8.97,1.62,0.19,1.00,0.32,-39.61,7.75,4.43,16608005
1116908,-0.04,1.02,-0.17,36.80,9.58,-0.03,0.17,1.00,0.33,-35.00,6.38,5.19,16606549
1116920,-0.04,1.03,-0.18,36.41,9.25,-1.37,0.19,1.01,0.34,-40.04,7.69,7.54,16607822
1116932,-0.02,1.04,-0.18,37.96,7.63,-1.95,0.19,1.01,0.35,-39.79,6.10,7.90,16608680
1116944,-0.02,1.04,-0.18,39.40,7.11,-2.41,0.18,1.01,0.36,-39.46,5.16,7.75,16608553
1116955,-0.02,1.04,-0.19,39.79,6.65,-2.26,0.18,1.00,0.37,-40.50,5.10,7.54,16606992
1116967,-0.02,1.03,-0.21,39.58,6.47,-2.59,0.19,1.00,0.38,-40.89,5.07,8.09,16606650
1116979,-0.03,1.02,-0.22,38.76,6.44,-0.98,0.19,0.99,0.38,-39.79,5.13,6.50,16608478
1116991,-0.03,1.01,-0.23,37.96,5.40,0.27,0.19,0.99,0.39,-41.60,3.85,5.00,16608127
1117002,-0.03,1.01,-0.24,37.75,5.07,0.00,0.19,0.99,0.40,-39.28,3.69,5.55,16608278
1117014,-0.03,1.00,-0.24,36.90,6.10,-1.71,0.20,0.98,0.41,-38.54,5.07,7.51,16607484
1117026,-0.04,1.00,-0.25,36.22,7.14,-3.78,0.20,0.98,0.41,-37.35,5.74,9.16,16605664
1117037,-0.04,1.00,-0.26,35.49,7.11,-5.52,0.20,0.99,0.42,-38.54,5.37,10.99,16605315
1117049,-0.02,1.01,-0.27,36.77,5.46,-7.29,0.20,0.99,0.43,-40.99,3.45,12.66,16605344
1117061,-0.01,1.03,-0.27,40.28,3.48,-7.57,0.20,0.99,0.44,-41.90,1.59,12.36,16607028
1117073,-0.02,1.04,-0.27,42.69,3.23,-5.07,0.20,0.99,0.45,-44.46,1.89,9.64,16609428
1117084,-0.04,1.04,-0.28,43.91,4.88,-1.59,0.21,0.99,0.45,-47.64,4.27,7.14,16608370
1117096,-0.06,1.04,-0.29,45.35,7.42,0.64,0.22,0.99,0.46,-49.07,6.96,5.49,16608163
1117108,-0.09,1.04,-0.30,47.58,10.25,2.81,0.22,0.98,0.46,-50.69,9.70,4.15,16610537
1117120,-0.10,1.04,-0.30,49.59,12.48,5.04,0.23,0.98,0.47,-54.11,11.69,2.72,16611681
1117131,-0.09,1.04,-0.31,52.52,13.28,5.00,0.23,0.97,0.48,-57.59,12.57,4.03,16609622
1117143,-0.08,1.04,-0.32,56.61,14.10,2.17,0.23,0.96,0.49,-59.63,12.73,7.57,16607811
1117155,-0.07,1.04,-0.32,59.39,14.65,-0.12,0.23,0.96,0.50,-62.07,13.31,10.19,16606820
1117166,-0.06,1.04,-0.33,62.99,14.74,0.58,0.22,0.95,0.50,-65.09,13.21,8.76,16608450
1117178,-0.04,1.03,-0.33,66.56,13.85,3.97,0.21,0.94,0.51,-68.60,12.21,6.16,16610313
1117190,-0.03,1.03,-0.34,69.76,12.30,6.44,0.21,0.94,0.53,-75.01,10.86,4.21,16609252
1117202,-0.02,1.02,-0.35,73.58,11.32,8.27,0.20,0.93,0.54,-77.51,10.35,3.27,16610317
1117213,-0.01,1.02,-0.35,78.43,11.26,9.58,0.19,0.91,0.54,-79.25,10.25,2.87,16612127
1117225,-0.00,0.99,-0.35,80.99,11.72,10.50,0.18,0.90,0.55,-81.79,11.17,2.44,16611731
1117237,-0.00,0.96,-0.37,80.66,12.21,11.93,0.18,0.89,0.57,-84.11,11.93,1.04,16610083
1117248,-0.00,0.93,-0.39,80.69,13.03,11.23,0.18,0.87,0.57,-83.34,12.08,2.62,16610513
1117260,0.00,0.90,-0.40,79.16,12.76,9.03,0.19,0.86,0.58,-82.73,12.02,4.88,16609579
1117272,0.00,0.88,-0.42,77.97,12.27,4.06,0.20,0.86,0.59,-81.73,10.99,9.58,16608983
1117284,0.00,0.88,-0.42,78.22,11.51,-0.15,0.21,0.85,0.60,-80.41,10.22,13.89,16608891
1117295,0.00,0.88,-0.44,79.86,10.99,-2.96,0.21,0.84,0.61,-82.21,9.95,16.02,16611778
1117307,0.00,0.87,-0.45,81.33,10.99,-3.36,0.21,0.83,0.63,-84.11,9.83,16.08,16612075
1117319,0.01,0.87,-0.46,84.14,10.99,-1.80,0.20,0.81,0.64,-86.70,9.58,14.28,16611629
1117331,0.02,0.86,-0.46,86.64,10.38,3.66,0.19,0.80,0.66,-88.75,8.76,8.36,16608315
1117342,0.03,0.84,-0.48,87.74,9.55,10.28,0.18,0.78,0.67,-92.32,8.21,1.86,16609249
1117355,0.03,0.82,-0.49,88.71,8.76,16.60,0.17,0.76,0.68,-90.94,8.45,-3.30,16609662
1117366,0.03,0.79,-0.50,86.94,9.09,18.16,0.17,0.75,0.69,-89.78,8.88,-4.33,16608008
1117377,0.02,0.76,-0.53,83.13,10.07,16.78,0.18,0.74,0.71,-86.82,10.13,-1.89,16608661
1117389,0.03,0.74,-0.55,80.63,10.62,10.99,0.19,0.74,0.73,-85.69,10.04,4.03,16612110
1117401,0.03,0.74,-0.57,80.08,10.19,3.97,0.20,0.73,0.74,-84.50,9.16,11.05,16611044
1117413,0.04,0.74,-0.57,82.31,9.89,-1.83,0.20,0.72,0.75,-85.72,8.67,15.87,16611089
1117424,0.04,0.75,-0.58,86.06,9.16,-3.14,0.20,0.71,0.76,-86.82,8.24,17.09,16610156
1117436,0.04,0.75,-0.58,88.68,9.46,-2.20,0.20,0.68,0.77,-88.90,9.09,15.14,16610433
1117448,0.03,0.72,-0.60,89.36,10.47,1.53,0.19,0.66,0.79,-89.72,13.28,10.99,16608512
1117460,0.03,0.69,-0.61,88.26,10.77,7.78,0.18,0.64,0.79,-91.34,11.81,4.49,16610947
1117471,0.04,0.66,-0.62,87.19,9.83,15.23,0.18,0.63,0.80,-94.06,9.74,-2.20,16612102
1117484,0.05,0.65,-0.63,86.67,7.84,19.53,0.17,0.61,0.81,-95.15,6.96,-5.92,16609931
1117495,0.06,0.64,-0.63,89.08,6.87,17.94,0.18,0.60,0.81,-92.86,6.59,-1.65,16607647
1117506,0.05,0.63,-0.64,90.00,9.00,9.86,0.19,0.59,0.82,-90.48,9.25,6.74,16608508
1117518,0.02,0.60,-0.66,88.20,12.66,3.27,0.21,0.57,0.84,-90.09,12.97,12.42,16610158
1117530,0.02,0.58,-0.68,87.77,15.35,0.98,0.20,0.55,0.85,-89.54,15.23,12.24,16610421
1117542,0.03,0.57,-0.68,88.44,15.41,5.10,0.18,0.54,0.87,-92.71,22.64,7.97,16610734
1117553,0.05,0.56,-0.69,90.76,14.25,9.49,0.17,0.52,0.87,-93.96,16.85,4.09,16611721
1117565,0.08,0.55,-0.70,92.04,11.90,13.98,0.17,0.50,0.88,-96.41,11.17,0.27,16609354
1117577,0.09,0.53,-0.70,93.48,9.74,16.63,0.16,0.47,0.89,-96.89,8.88,-2.11,16609060
1117589,0.10,0.51,-0.70,93.75,8.09,18.86,0.15,0.45,0.89,-96.07,7.48,-3.14,16610985
1117600,0.10,0.48,-0.71,93.51,7.05,17.09,0.16,0.43,0.90,-96.83,7.75,-0.67,16611843
1117612,0.10,0.44,-0.72,92.04,7.48,13.67,0.16,0.41,0.91,-96.25,11.41,2.08,16610880
1117624,0.10,0.42,-0.73,90.73,5.77,10.31,0.16,0.39,0.92,-96.10,8.97,4.55,16610393
1117635,0.10,0.39,-0.74,90.58,4.52,6.96,0.17,0.37,0.92,-91.25,4.64,7.97,16611184
1117647,0.10,0.37,-0.76,88.68,3.85,4.91,0.18,0.36,0.93,-90.00,3.57,8.85,16610205
1117659,0.08,0.34,-0.77,86.40,4.55,4.24,0.19,0.34,0.94,-84.41,4.61,9.31,16610069
1117671,0.07,0.31,-0.79,82.46,5.83,5.74,0.19,0.32,0.95,-79.71,6.07,6.93,16611423
1117682,0.05,0.28,-0.81,77.39,8.18,6.50,0.19,0.30,0.96,-79.71,9.83,4.21,16612157
1117694,0.04,0.25,-0.82,72.72,9.43,9.74,0.18,0.28,0.96,-77.55,10.04,3.66,16611082
1117706,0.07,0.24,-0.82,73.67,9.09,10.07,0.18,0.25,0.96,-78.25,7.66,1.65,16609009
1117718,0.09,0.24,-0.82,75.84,8.06,9.40,0.17,0.23,0.97,-77.06,6.87,2.41,16610724
1117729,0.10,0.23,-0.81,76.45,7.60,7.54,0.16,0.20,0.97,-75.13,6.74,5.34,16612235
1117741,0.11,0.19,-0.82,74.07,6.10,4.12,0.16,0.18,0.98,-72.69,5.34,8.54,16611823
1117753,0.12,0.15,-0.83,68.97,4.85,0.58,0.16,0.17,0.99,-73.91,15.08,8.27,16611395
1117764,0.12,0.11,-0.84,61.37,3.57,-1.89,0.17,0.15,0.98,-60.33,2.23,9.89,16614072
1117776,0.11,0.08,-0.85,53.96,1.74,0.00,0.17,0.14,0.98,-57.68,1.16,6.90,16612917
1117788,0.11,0.06,-0.85,50.51,1.62,1.68,0.17,0.11,0.98,-53.59,0.92,4.64,16609909
1117800,0.10,0.05,-0.85,49.41,1.77,2.87,0.17,0.08,0.98,-51.64,2.26,3.20,16606944
1117811,0.08,0.04,-0.84,48.46,3.75,4.46,0.17,0.05,0.98,-48.86,7.66,2.23,16608922
1117824,0.06,0.02,-0.84,46.84,6.41,4.85,0.17,0.03,0.97,-42.72,8.97,1.86,16609316
1117835,0.05,-0.02,-0.84,41.26,8.88,6.68,0.17,0.01,0.97,-36.41,8.94,-1.71,16612082
1117847,0.05,-0.05,-0.85,33.81,9.98,10.62,0.18,-0.00,0.97,-34.70,9.98,-7.20,16615267
1117858,0.05,-0.08,-0.86,25.88,9.61,15.08,0.16,-0.00,0.99,-34.97,12.02,-9.70,16615528
1117870,0.07,-0.09,-0.87,20.08,8.76,14.25,0.18,-0.01,0.98,-25.48,6.99,-12.63,16614555
1117882,0.09,-0.08,-0.88,15.69,5.80,13.15,0.18,-0.00,0.98,-22.46,5.00,-11.38,16612705
1117893,0.10,-0.07,-0.88,11.96,4.30,8.64,0.18,-0.00,0.99,-15.81,4.58,-7.11,16609868
1117905,0.10,-0.07,-0.88,8.03,4.61,4.36,0.18,-0.00,0.99,-8.33,8.94,-3.33,16609984
1117917,0.10,-0.07,-0.89,1.53,4.64,1.04,0.18,0.00,1.00,-4.21,3.72,-1.31,16611156
1117929,0.12,-0.06,-0.90,-3.39,1.77,-0.67,0.17,0.02,1.00,-4.24,-0.70,-0.24,16610481
1117940,0.15,-0.01,-0.90,-2.69,-3.72,-4.09,0.16,0.03,1.01,-5.31,-5.10,1.89,16610215
1117953,0.17,0.05,-0.89,1.46,-8.45,-5.13,0.13,0.05,1.04,-18.59,-0.67,1.74,16613099
1117964,0.18,0.10,-0.88,6.59,-10.07,-7.08,0.15,0.05,1.03,-8.58,-12.21,5.22,16611527
1117975,0.17,0.11,-0.88,10.16,-10.44,-5.62,0.14,0.05,1.03,-9.22,-10.68,5.28,16610981
1117987,0.13,0.09,-0.89,8.42,-7.54,-3.63,0.14,0.05,1.04,-6.53,-6.93,2.59,16611879
1117999,0.09,0.05,-0.91,3.39,-2.72,-0.43,0.15,0.04,1.04,-3.27,-1.98,-1.53,16612178
1118011,0.07,0.02,-0.93,-2.96,2.01,4.00,0.15,0.03,1.05,0.00,1.80,-6.56,16615055
1118022,0.06,0.00,-0.93,-7.32,4.76,6.16,0.15,0.03,1.05,2.32,3.45,-8.33,16612120
1118034,0.07,0.00,-0.93,-9.49,4.94,6.26,0.15,0.03,1.05,3.30,3.02,-8.45,16609545
1118046,0.10,0.02,-0.92,-8.39,2.87,4.18,0.15,0.03,1.05,4.33,0.27,-5.89,16612532
1118058,0.12,0.04,-0.92,-7.23,-0.61,1.22,0.15,0.02,1.05,6.99,-3.51,-3.05,16613439
1118069,0.13,0.03,-0.92,-9.22,-3.78,-3.05,0.17,0.02,1.05,9.74,-6.29,0.92,16613767
1118081,0.13,0.01,-0.92,-14.83,-6.47,-7.14,0.18,0.02,1.04,14.62,-8.54,3.36,16610849
1118093,0.13,-0.00,-0.93,-20.45,-8.94,-8.85,0.18,0.03,1.05,14.43,-11.60,3.78,16610958
1118104,0.13,0.01,-0.93,-20.87,-11.72,-11.26,0.18,0.03,1.05,18.04,-13.58,5.98,16611954
1118116,0.12,0.02,-0.92,-20.63,-11.44,-12.12,0.18,0.02,1.04,20.39,-13.03,6.68,16612628
1118128,0.10,0.02,-0.92,-21.67,-9.70,-11.29,0.17,0.02,1.04,18.98,-10.77,4.58,16612477
1118140,0.08,0.02,-0.91,-21.91,-7.26,-7.39,0.17,0.01,1.04,20.48,-8.27,1.01,16610910
1118151,0.06,0.02,-0.90,-22.77,-4.64,-3.30,0.17,-0.00,1.03,24.72,-5.68,-2.44,16612292
1118163,0.04,-0.01,-0.90,-27.68,-1.68,-1.16,0.18,-0.01,1.03,30.36,-2.75,-5.40,16610509
1118175,0.03,-0.04,-0.91,-36.53,0.67,1.19,0.19,0.00,1.02,34.24,-0.85,-8.64,16611236
1118187,0.03,-0.06,-0.92,-43.76,0.58,1.77,0.19,0.01,1.02,37.32,-1.37,-10.50,16612114
1118198,0.05,-0.05,-0.90,-46.42,-0.85,0.12,0.20,0.01,1.01,42.66,-2.84,-8.79,16612938
1118210,0.06,-0.03,-0.89,-48.49,-1.40,-1.71,0.20,0.01,1.00,45.29,-3.05,-7.23,16612453
1118222,0.06,-0.03,-0.87,-50.57,-0.76,-2.81,0.19,0.00,0.99,48.49,-2.47,-7.26,16610268
1118233,0.06,-0.03,-0.86,-53.38,-0.31,-0.18,0.18,0.00,0.98,53.65,-2.38,-10.28,16610925
1118245,0.06,-0.03,-0.85,-59.36,-1.53,3.42,0.18,0.01,0.97,56.85,-4.21,-14.83,16610315
1118257,0.08,-0.03,-0.85,-66.38,-4.06,4.06,0.18,0.03,0.97,62.99,-7.17,-16.11,16609978
1118269,0.10,-0.02,-0.84,-72.69,-7.63,1.46,0.18,0.05,0.96,69.67,-10.77,-14.16,16608690
1118280,0.12,-0.01,-0.83,-78.03,-11.44,-2.11,0.18,0.07,0.96,75.68,-14.71,-11.57,16610835
1118292,0.13,0.01,-0.83,-83.56,-14.71,-6.53,0.18,0.10,0.95,79.25,-17.97,-8.03,16610930
1118304,0.13,0.04,-0.82,-87.46,-17.97,-10.50,0.18,0.12,0.95,83.47,-21.36,-4.39,16612732
1118315,0.14,0.09,-0.81,-89.36,-21.85,-14.40,0.18,0.15,0.95,85.54,-25.30,-1.25,16614178
1118327,0.15,0.13,-0.80,-89.63,-25.21,-18.40,0.18,0.17,0.95,85.02,-28.38,2.20,16612076
1118339,0.14,0.17,-0.80,-88.99,-26.82,-20.72,0.17,0.20,0.95,84.23,-29.51,3.33,16611367
1118351,0.12,0.22,-0.78,-86.52,-27.19,-19.59,0.17,0.21,0.95,83.62,-29.91,1.83,16609659
1118362,0.10,0.25,-0.77,-84.44,-26.86,-14.28,0.16,0.22,0.94,82.79,-28.87,-3.97,16611430
1118374,0.08,0.26,-0.77,-84.87,-26.00,-5.62,0.17,0.23,0.94,83.65,-27.80,-12.70,16611478
1118386,0.05,0.25,-0.77,-89.90,-24.20,0.85,0.18,0.25,0.93,86.88,-25.79,-18.68,16609498
1118398,0.02,0.24,-0.78,-96.28,-22.34,2.32,0.20,0.27,0.93,90.67,-24.14,-19.59,16606656
1118409,0.01,0.24,-0.77,-101.50,-20.57,1.77,0.21,0.29,0.91,94.73,-22.46,-20.51,16609122
1118422,0.01,0.27,-0.76,-104.49,-20.26,3.27,0.21,0.32,0.91,94.27,-22.46,-22.74,16610961
1118433,0.02,0.32,-0.75,-103.58,-21.21,3.11,0.21,0.34,0.90,95.03,-23.56,-21.91,16610888
1118444,0.03,0.37,-0.73,-102.66,-22.71,1.25,0.22,0.37,0.89,96.31,-24.96,-19.20,16613000
1118456,0.03,0.40,-0.72,-102.02,-23.96,-1.31,0.22,0.40,0.88,95.61,-26.67,-16.63,16612040
1118468,0.03,0.44,-0.71,-101.32,-25.15,-3.48,0.22,0.43,0.88,94.24,-27.74,-14.89,16610941
1118480,0.03,0.47,-0.70,-100.56,-26.40,-4.12,0.23,0.45,0.87,93.44,-28.93,-13.92,16610218
1118491,0.03,0.51,-0.69,-98.14,-27.31,-5.04,0.23,0.48,0.86,93.38,-29.79,-13.00,16608609
1118503,0.02,0.53,-0.67,-97.02,-28.63,-5.28,0.24,0.50,0.85,94.39,-31.01,-12.97,16609819
1118515,-0.00,0.55,-0.67,-98.14,-28.29,-4.43,0.25,0.53,0.84,94.97,-30.15,-14.04,16610469
1118527,-0.04,0.56,-0.67,-101.41,-26.21,-5.16,0.27,0.55,0.83,95.67,-27.86,-13.58,16612465
1118538,-0.07,0.58,-0.66,-101.99,-22.89,-6.44,0.28,0.57,0.82,94.70,-24.02,-12.97,16610814
1118551,-0.09,0.60,-0.65,-100.80,-19.17,-2.84,0.27,0.58,0.81,91.86,-20.45,-17.49,16606919
1118562,-0.09,0.63,-0.64,-97.41,-17.36,4.30,0.26,0.59,0.80,85.69,-19.32,-24.02,16609652
1118573,-0.07,0.67,-0.61,-91.13,-17.91,9.49,0.25,0.60,0.79,82.98,-19.99,-26.86,16610679
1118585,-0.05,0.70,-0.59,-86.18,-19.50,11.60,0.25,0.62,0.78,82.61,-21.36,-26.67,16608354
1118597,-0.04,0.71,-0.59,-86.79,-21.21,10.62,0.26,0.64,0.77,83.22,-23.62,-25.18,16609059
1118609,-0.03,0.70,-0.59,-89.48,-23.65,6.04,0.27,0.67,0.76,86.18,-26.03,-21.15,16611342
1118620,-0.04,0.70,-0.59,-93.20,-24.57,0.06,0.29,0.69,0.75,87.77,-26.15,-16.42,16611742
1118632,-0.06,0.70,-0.59,-95.58,-22.71,-4.46,0.30,0.70,0.74,87.25,-24.05,-12.97,16609086
1118644,-0.08,0.72,-0.57,-93.20,-19.87,-4.52,0.29,0.70,0.72,85.57,-21.39,-12.82,16608291
1118656,-0.09,0.74,-0.54,-87.10,-18.16,2.35,0.27,0.69,0.71,84.29,-19.74,-20.54,16609133
1118667,-0.08,0.75,-0.52,-84.75,-18.31,12.94,0.25,0.69,0.70,82.28,-20.23,-29.97,16611160
1118679,-0.07,0.75,-0.52,-87.13,-20.02,19.07,0.26,0.71,0.69,81.70,-21.82,-34.24,16609274
1118691,-0.06,0.75,-0.51,-90.33,-21.27,16.51,0.27,0.73,0.67,83.44,-23.19,-30.85,16607667
1118702,-0.06,0.75,-0.51,-92.71,-21.33,7.51,0.28,0.75,0.66,86.52,-22.98,-22.37,16608861
1118714,-0.06,0.76,-0.49,-93.78,-20.78,1.22,0.28,0.76,0.64,86.88,-23.32,-18.31,16611236
1118726,-0.06,0.77,-0.48,-92.80,-20.60,1.50,0.24,0.77,0.64,84.72,-23.62,-19.74,16610428
1118738,-0.04,0.80,-0.46,-90.70,-23.10,4.09,0.24,0.78,0.62,86.67,-29.14,-20.48,16610400
1118749,-0.02,0.82,-0.43,-90.58,-26.55,2.69,0.26,0.80,0.60,86.33,-29.57,-19.13,16610128
1118761,-0.01,0.83,-0.43,-93.38,-29.17,-1.19,0.26,0.82,0.59,88.41,-31.49,-15.44,16610971
1118773,-0.03,0.84,-0.42,-95.49,-29.91,-6.23,0.26,0.84,0.58,89.87,-31.80,-10.80,16610248
1118784,-0.05,0.86,-0.40,-95.25,-28.35,-8.18,0.26,0.86,0.57,88.84,-30.24,-9.58,16610401
1118796,-0.07,0.89,-0.38,-91.98,-26.40,-6.53,0.26,0.86,0.56,84.56,-27.98,-11.66,16611646
1118808,-0.08,0.92,-0.36,-86.82,-25.09,-2.44,0.25,0.86,0.54,80.41,-27.40,-14.83,16609930
1118820,-0.08,0.94,-0.34,-82.43,-25.60,0.58,0.24,0.87,0.52,77.55,-27.71,-16.69,16608577
1118831,-0.08,0.95,-0.33,-80.47,-26.92,2.47,0.25,0.89,0.51,76.20,-28.90,-17.76,16609869
1118843,-0.08,0.96,-0.32,-80.02,-27.53,1.19,0.26,0.90,0.49,74.04,-29.08,-15.41,16611748
1118855,-0.09,0.96,-0.31,-78.98,-26.46,-0.98,0.27,0.91,0.48,71.84,-27.59,-13.55,16612548
1118867,-0.11,0.97,-0.30,-76.39,-24.14,-0.92,0.27,0.92,0.47,69.49,-24.99,-14.77,16610168
1118878,-0.12,0.98,-0.28,-72.94,-22.22,4.03,0.26,0.92,0.45,66.99,-23.50,-19.50,16607040
1118891,-0.13,0.99,-0.26,-70.19,-20.69,8.67,0.25,0.92,0.44,65.43,-21.64,-23.28,16608738
1118902,-0.12,0.98,-0.25,-69.85,-20.42,12.08,0.25,0.92,0.42,65.52,-22.00,-25.51,16610491
1118913,-0.11,0.97,-0.25,-72.30,-21.82,10.99,0.26,0.93,0.41,67.26,-23.65,-23.86,16610732
1118925,-0.11,0.95,-0.24,-75.35,-23.28,5.98,0.28,0.95,0.39,71.62,-25.12,-18.62,16611460
1118937,-0.11,0.95,-0.23,-78.83,-23.86,0.49,0.29,0.96,0.38,72.45,-25.70,-15.05,16608849
1118949,-0.11,0.95,-0.22,-80.23,-24.54,-2.04,0.28,0.96,0.37,71.26,-26.37,-12.73,16604432
1118960,-0.10,0.97,-0.19,-76.72,-25.42,-3.11,0.26,0.96,0.34,72.30,-27.56,-11.84,16606019
1118972,-0.09,0.99,-0.16,-75.16,-26.67,-3.08,0.25,0.96,0.33,70.89,-28.99,-11.47,16607981
1118984,-0.08,0.99,-0.15,-74.92,-28.50,-2.69,0.24,0.97,0.31,72.57,-31.34,-11.96,16608481
1118996,-0.08,0.99,-0.13,-77.67,-30.67,-4.06,0.25,0.99,0.30,73.85,-33.02,-10.89,16609210
1119007,-0.09,0.99,-0.12,-80.11,-31.19,-5.16,0.25,1.00,0.28,75.99,-32.99,-10.44,16609039
1119019,-0.11,1.00,-0.11,-81.42,-30.06,-5.62,0.26,1.01,0.26,74.55,-31.65,-9.92,16609831
1119031,-0.13,1.01,-0.09,-80.14,-28.59,-6.13,0.25,1.01,0.24,70.25,-30.12,-9.74,16610570
1119042,-0.13,1.04,-0.06,-75.38,-27.62,-4.39,0.24,1.00,0.23,67.84,-28.87,-11.14,16610247
1119054,-0.12,1.05,-0.03,-70.07,-26.61,-0.27,0.23,0.99,0.21,68.21,-28.05,-14.77,16608510
1119066,-0.13,1.06,-0.02,-69.06,-25.88,3.88,0.23,1.00,0.20,66.77,-27.13,-18.19,16607581
1119078,-0.14,1.05,-0.01,-69.82,-24.72,4.88,0.23,1.01,0.18,65.55,-25.88,-18.74,16608363
1119089,-0.15,1.05,0.00,-70.19,-23.38,5.31,0.24,1.02,0.17,64.12,-24.69,-18.49,16606900
1119101,-0.15,1.06,0.01,-68.27,-22.28,5.92,0.24,1.02,0.15,59.78,-24.05,-19.38,16609781
1119113,-0.14,1.07,0.03,-64.39,-22.55,8.51,0.23,1.03,0.14,56.49,-24.41,-21.18,16609611
1119125,-0.13,1.09,0.05,-59.23,-23.07,9.12,0.23,1.03,0.13,54.35,-24.38,-20.51,16607853
1119136,-0.13,1.10,0.06,-56.49,-22.06,7.29,0.23,1.03,0.12,52.09,-23.65,-18.04,16609180
1119148,-0.14,1.10,0.06,-56.67,-21.70,4.64,0.24,1.05,0.10,50.57,-23.07,-14.98,16609451
1119160,-0.15,1.10,0.07,-56.12,-20.90,0.70,0.25,1.07,0.09,49.99,-22.43,-10.80,16609091
1119171,-0.16,1.11,0.08,-55.24,-20.05,-2.84,0.26,1.08,0.08,46.97,-21.58,-8.03,16607527
1119183,-0.17,1.13,0.08,-52.86,-18.74,-4.58,0.27,1.10,0.08,41.99,-20.42,-6.13,16607363
1119195,-0.18,1.16,0.09,-48.13,-17.70,-5.00,0.27,1.11,0.07,37.57,-18.92,-5.28,16608807
1119207,-0.19,1.19,0.11,-41.75,-15.44,-4.30,0.26,1.11,0.06,34.52,-17.21,-5.31,16610877
1119218,-0.20,1.21,0.12,-35.43,-13.43,-1.83,0.26,1.12,0.06,28.99,-14.68,-6.77,16610059
1119230,-0.21,1.23,0.12,-30.46,-11.60,0.27,0.27,1.14,0.05,19.62,-12.08,-7.72,16608259
1119242,-0.23,1.25,0.12,-24.02,-7.17,0.52,0.28,1.14,0.05,16.48,-7.84,-6.71,16610141
1119253,-0.24,1.26,0.14,-15.81,-3.27,2.35,0.28,1.14,0.04,9.74,-3.75,-7.48,16611951
1119265,-0.25,1.27,0.14,-8.85,-0.89,6.01,0.28,1.14,0.04,1.07,-1.10,-9.40,16608474
1119277,-0.25,1.28,0.14,-1.77,1.46,8.51,0.28,1.14,0.04,-4.33,1.37,-10.10,16606898
1119289,-0.25,1.27,0.15,4.52,4.21,8.82,0.28,1.13,0.03,-7.75,3.88,-9.52,16608156
1119300,-0.25,1.25,0.14,7.97,7.20,9.95,0.28,1.13,0.03,-12.18,7.14,-10.10,16610444
1119312,-0.24,1.23,0.14,9.86,9.64,11.47,0.27,1.13,0.03,-13.89,9.19,-10.41,16608750
1119324,-0.23,1.21,0.13,11.35,10.93,9.52,0.26,1.13,0.03,-14.68,9.83,-7.66,16606526
1119336,-0.20,1.19,0.13,12.12,10.77,5.86,0.26,1.13,0.03,-16.17,8.58,-4.00,16608501
1119347,-0.17,1.18,0.13,13.70,8.42,3.33,0.24,1.13,0.04,-15.93,2.99,-1.59,16610876
1119358,-0.15,1.18,0.13,16.24,7.26,0.67,0.24,1.12,0.04,-17.40,3.85,1.01,16611072
1119371,-0.15,1.17,0.12,17.24,7.29,-1.19,0.25,1.12,0.04,-20.29,5.89,2.53,16610834
1119382,-0.16,1.16,0.11,18.04,8.61,-1.22,0.25,1.12,0.05,-22.03,7.20,3.23,16609724
1119394,-0.16,1.15,0.11,18.92,10.10,-2.35,0.25,1.11,0.05,-23.77,9.00,4.70,16610065
1119406,-0.16,1.16,0.10,21.00,10.89,-4.09,0.25,1.11,0.06,-26.18,9.80,6.62,16609324
1119418,-0.16,1.17,0.10,23.32,11.78,-5.22,0.24,1.12,0.06,-29.42,10.13,8.27,16609641
1119429,-0.15,1.18,0.10,26.61,11.78,-5.68,0.24,1.13,0.07,-31.68,10.19,9.22,16607625
1119441,-0.15,1.19,0.10,31.01,11.93,-6.44,0.23,1.13,0.07,-32.23,10.25,9.77,16608078
1119453,-0.15,1.20,0.10,33.69,12.36,-4.82,0.23,1.13,0.08,-36.87,11.29,9.16,16608613
1119465,-0.15,1.20,0.09,36.32,13.37,-3.81,0.23,1.14,0.09,-39.46,12.08,8.42,16608499
1119476,-0.15,1.20,0.08,37.99,14.34,-3.14,0.24,1.14,0.09,-42.36,12.60,7.93,16607040
1119488,-0.16,1.20,0.07,39.79,14.47,-2.53,0.25,1.14,0.10,-45.62,13.34,8.45,16608156
1119500,-0.17,1.21,0.07,43.30,15.53,-3.69,0.26,1.14,0.10,-48.65,13.92,9.86,16609103
1119511,-0.18,1.22,0.06,47.33,16.54,-4.03,0.27,1.14,0.11,-52.06,15.90,10.74,16610231
1119523,-0.19,1.23,0.06,52.67,18.95,-4.97,0.27,1.14,0.12,-54.87,18.07,12.54,16608815
1119535,-0.20,1.23,0.06,56.18,21.15,-5.83,0.28,1.14,0.12,-59.75,20.54,13.92,16606335
1119547,-0.20,1.22,0.05,59.84,23.19,-6.13,0.28,1.14,0.13,-62.35,22.52,14.98,16608118
1119558,-0.20,1.22,0.04,62.90,24.99,-5.92,0.28,1.14,0.14,-65.58,24.02,15.69,16610285
1119570,-0.19,1.22,0.03,66.01,25.57,-6.20,0.27,1.14,0.15,-68.39,24.93,16.88,16610108
1119582,-0.18,1.21,0.02,69.03,26.70,-7.35,0.27,1.14,0.16,-70.71,25.05,18.19,16610986
1119594,-0.16,1.21,0.01,71.78,26.40,-8.27,0.26,1.13,0.18,-72.78,24.60,19.38,16608874
1119605,-0.15,1.20,0.01,74.52,25.70,-7.90,0.26,1.13,0.19,-74.68,23.53,18.98,16607091
1119617,-0.14,1.20,-0.01,76.97,24.84,-7.26,0.26,1.12,0.20,-78.67,22.89,18.55,16608133
1119629,-0.15,1.19,-0.03,79.93,24.72,-6.35,0.27,1.11,0.22,-83.07,23.44,19.13,16607430
1119640,-0.16,1.18,-0.04,84.81,25.82,-7.63,0.28,1.10,0.23,-84.84,24.48,21.15,16609550
1119652,-0.17,1.17,-0.05,88.26,27.40,-9.00,0.29,1.08,0.24,-88.41,25.73,22.64,16610192
1119664,-0.18,1.15,-0.06,90.70,28.75,-9.46,0.29,1.07,0.26,-91.46,27.62,23.32,16607889
1119676,-0.18,1.14,-0.08,92.62,29.66,-8.51,0.29,1.07,0.27,-93.51,28.23,22.55,16610382
1119687,-0.17,1.12,-0.08,94.64,29.75,-6.81,0.28,1.06,0.28,-93.51,28.72,21.12,16610027
1119699,-0.16,1.10,-0.10,94.97,31.56,-6.13,0.27,1.05,0.29,-93.48,30.64,20.72,16609657
1119711,-0.15,1.09,-0.12,94.18,33.14,-6.96,0.26,1.05,0.31,-96.74,31.98,22.71,16609299
1119723,-0.13,1.08,-0.14,95.92,33.48,-8.79,0.25,1.04,0.33,-97.23,31.49,24.05,16609248
1119734,-0.10,1.09,-0.15,99.52,31.59,-8.33,0.23,1.03,0.35,-99.82,22.89,22.34,16609659
1119746,-0.09,1.09,-0.16,103.76,29.05,-6.74,0.23,1.02,0.37,-104.00,22.03,22.58,16610106
1119758,-0.07,1.08,-0.17,108.49,26.86,-6.26,0.26,1.00,0.38,-109.89,24.51,23.41,16610290
1119769,-0.07,1.07,-0.18,112.79,24.81,-6.38,0.26,0.98,0.39,-111.57,23.04,24.17,16608731
1119781,-0.08,1.05,-0.19,115.14,24.44,-7.42,0.27,0.97,0.41,-113.13,23.28,25.73,16608043
1119793,-0.11,1.02,-0.21,115.78,25.94,-8.91,0.28,0.95,0.42,-113.37,25.33,27.89,16613103
1119805,-0.13,0.98,-0.23,115.69,29.02,-11.35,0.29,0.93,0.44,-112.37,27.71,29.60,16611792
1119816,-0.14,0.95,-0.25,114.96,30.40,-10.86,0.29,0.91,0.46,-113.34,29.36,28.87,16608812
1119828,-0.12,0.93,-0.27,115.26,30.91,-9.12,0.28,0.89,0.47,-114.62,29.48,26.58,16609279
1119840,-0.11,0.90,-0.29,116.21,30.46,-5.98,0.26,0.87,0.49,-112.49,28.41,23.50,16609509
1119852,-0.09,0.88,-0.31,114.65,29.75,-4.64,0.25,0.85,0.51,-113.77,28.17,23.38,16609241
1119863,-0.07,0.85,-0.33,113.74,28.66,-5.34,0.24,0.84,0.53,-108.98,23.65,22.67,16610085
1119875,-0.05,0.84,-0.36,111.60,27.19,-6.74,0.26,0.82,0.55,-112.70,25.15,23.93,16610856
1119887,-0.04,0.82,-0.38,111.08,24.05,-6.77,0.25,0.81,0.57,-113.74,22.52,24.99,16612751
1119898,-0.02,0.81,-0.39,113.71,21.76,-9.61,0.25,0.78,0.59,-113.56,19.81,28.08,16612796
1119910,-0.01,0.79,-0.39,116.39,20.69,-10.38,0.24,0.75,0.60,-111.42,19.38,27.28,16611164
1119922,-0.03,0.75,-0.41,114.35,20.51,-6.99,0.24,0.72,0.62,-109.68,19.56,23.01,16610075
1119934,-0.04,0.69,-0.45,107.54,20.97,-2.56,0.25,0.70,0.63,-107.12,19.93,17.91,16609145
1119945,-0.05,0.64,-0.48,101.59,21.15,-0.18,0.25,0.67,0.65,-102.29,20.08,15.56,16609155
1119958,-0.05,0.61,-0.50,96.65,20.63,-0.21,0.26,0.66,0.66,-98.54,19.23,15.75,16609090
1119969,-0.05,0.60,-0.51,93.08,19.53,-3.60,0.27,0.65,0.67,-95.52,17.85,19.04,16608643
1119981,-0.04,0.60,-0.52,91.89,17.58,-9.28,0.28,0.64,0.68,-93.35,16.02,25.30,16608576
1119992,-0.03,0.61,-0.53,92.93,16.30,-14.47,0.27,0.62,0.69,-90.97,14.86,29.17,16607662
1120004,-0.03,0.61,-0.54,92.41,15.90,-15.17,0.27,0.61,0.71,-89.84,14.16,28.35,16609133
1120016,-0.02,0.59,-0.56,90.58,15.53,-13.82,0.26,0.59,0.72,-89.20,13.64,26.34,16610951
1120027,-0.02,0.57,-0.57,88.87,14.31,-10.50,0.25,0.57,0.74,-87.92,12.82,22.95,16610421
1120039,-0.02,0.56,-0.59,87.34,13.06,-7.63,0.25,0.55,0.75,-87.04,11.29,19.29,16609489
1120051,-0.02,0.54,-0.60,85.54,11.75,-4.03,0.26,0.53,0.75,-85.88,10.28,15.81,16609270
1120063,-0.04,0.51,-0.60,83.13,11.69,-1.16,0.27,0.51,0.76,-82.49,10.74,12.36,16608526
1120074,-0.06,0.48,-0.62,78.16,12.30,0.92,0.28,0.50,0.77,-82.61,11.20,10.25,16610644
1120087,-0.08,0.47,-0.64,74.80,13.43,1.13,0.30,0.50,0.77,-81.12,12.57,11.47,16611445
1120098,-0.09,0.49,-0.63,77.00,15.01,-5.22,0.31,0.49,0.77,-81.63,13.89,19.04,16611191
1120110,-0.09,0.51,-0.63,83.59,16.85,-12.45,0.31,0.47,0.78,-84.17,16.02,26.18,16610582
1120121,-0.09,0.53,-0.63,89.48,18.49,-13.00,0.31,0.46,0.79,-88.41,17.27,25.88,16609999
1120133,-0.08,0.53,-0.64,92.62,17.97,-7.90,0.29,0.44,0.80,-92.96,16.82,20.29,16610158
1120145,-0.07,0.50,-0.64,94.15,17.58,-1.10,0.28,0.43,0.81,-93.44,16.75,14.22,16609277
1120156,-0.06,0.48,-0.66,93.23,17.24,3.39,0.28,0.41,0.83,-92.35,16.24,11.63,16608372
1120168,-0.06,0.44,-0.68,91.16,17.40,4.09,0.29,0.40,0.84,-90.70,16.42,10.22,16610352
1120180,-0.06,0.42,-0.70,89.23,16.08,5.13,0.30,0.40,0.85,-94.85,14.65,8.21,16610429
1120192,-0.06,0.42,-0.72,90.85,15.08,2.78,0.31,0.38,0.87,-97.69,14.25,12.48,16607368
1120203,-0.06,0.42,-0.72,95.64,15.87,-4.49,0.32,0.36,0.87,-97.44,15.72,21.76,16606161
1120216,-0.08,0.41,-0.71,101.84,19.71,-11.69,0.32,0.32,0.88,-93.60,19.38,29.88,16608374
1120227,-0.10,0.37,-0.72,103.76,24.54,-11.38,0.32,0.28,0.89,-94.27,24.02,27.04,16609599
1120239,-0.11,0.31,-0.73,101.90,26.92,-1.92,0.30,0.24,0.90,-95.34,26.15,16.36,16611116
1120250,-0.10,0.24,-0.75,96.95,27.74,8.27,0.29,0.21,0.91,-93.60,27.10,6.01,16611861
1120262,-0.08,0.17,-0.77,91.74,28.02,13.21,0.28,0.17,0.91,-90.85,27.59,1.92,16611940
1120274,-0.07,0.11,-0.78,88.10,28.69,12.45,0.28,0.12,0.92,-82.92,27.10,2.32,16609233
1120285,-0.05,0.06,-0.79,82.21,26.92,12.60,0.26,0.09,0.93,-83.37,15.56,-0.21,16608776
1120297,-0.03,0.01,-0.80,77.00,25.15,11.57,0.27,0.05,0.94,-77.18,19.23,1.43,16613267
1120309,-0.00,-0.04,-0.81,72.02,22.25,8.48,0.28,0.01,0.93,-69.06,20.48,4.49,16613469
1120321,0.01,-0.09,-0.82,65.46,19.65,4.73,0.27,-0.03,0.94,-58.53,17.97,6.65,16612651
1120332,0.03,-0.15,-0.83,55.42,17.55,3.33,0.24,-0.05,0.96,-62.96,8.36,-0.61,16612827
1120345,0.03,-0.21,-0.84,43.85,15.35,4.30,0.24,-0.09,0.96,-41.87,18.28,2.72,16613468
1120356,0.04,-0.27,-0.86,30.43,13.15,2.20,0.26,-0.12,0.93,-26.43,11.69,0.21,16610136
1120368,0.04,-0.32,-0.87,15.63,11.84,2.26,0.25,-0.14,0.94,-13.79,10.59,-1.71,16612587
1120379,0.04,-0.35,-0.88,2.32,10.44,1.80,0.25,-0.16,0.94,-4.39,8.61,-2.66,16612931
1120391,0.06,-0.35,-0.88,-7.87,8.33,0.46,0.23,-0.17,0.94,3.23,6.04,-3.11,16612908
1120403,0.08,-0.34,-0.87,-13.73,4.70,-2.29,0.23,-0.18,0.94,11.60,2.29,-0.95,16612851
1120414,0.09,-0.32,-0.86,-19.81,1.77,-6.74,0.22,-0.18,0.94,19.93,-0.95,2.78,16614230
1120427,0.09,-0.31,-0.85,-27.13,-0.92,-10.04,0.22,-0.17,0.94,27.01,-3.33,3.88,16613278
1120438,0.09,-0.30,-0.85,-34.97,-2.29,-11.38,0.21,-0.16,0.94,34.85,-4.36,3.42,16611920
1120450,0.08,-0.28,-0.85,-43.03,-3.17,-10.47,0.21,-0.15,0.94,39.89,-5.19,0.40,16613622
1120461,0.07,-0.26,-0.85,-49.44,-4.27,-8.54,0.21,-0.13,0.94,43.18,-6.50,-2.78,16612825
1120474,0.07,-0.22,-0.84,-53.01,-4.97,-7.60,0.21,-0.12,0.93,48.46,-7.02,-3.02,16612996
1120485,0.06,-0.17,-0.82,-54.84,-5.37,-9.22,0.21,-0.09,0.93,52.64,-7.54,-1.01,16609481
1120497,0.06,-0.13,-0.82,-57.50,-6.41,-13.31,0.22,-0.07,0.93,56.43,-9.12,2.23,16610417
1120508,0.05,-0.10,-0.82,-60.79,-7.81,-15.90,0.23,-0.04,0.94,59.33,-10.28,3.94,16610834
1120520,0.05,-0.07,-0.83,-64.06,-9.03,-15.96,0.23,-0.02,0.94,60.61,-11.35,2.38,16609851
1120532,0.03,-0.04,-0.83,-65.80,-7.90,-14.19,0.24,-0.00,0.94,62.65,-9.34,-0.24,16611249
1120543,-0.01,-0.02,-0.82,-66.10,-4.09,-9.28,0.24,-0.00,0.94,64.97,-4.76,-5.65,16610888
1120556,-0.05,-0.02,-0.81,-68.08,1.59,-0.92,0.24,-0.00,0.93,68.51,0.64,-14.43,16614346
1120567,-0.08,-0.03,-0.81,-74.13,5.71,7.66,0.25,0.01,0.93,73.52,4.43,-23.16,16615492
1120579,-0.08,-0.04,-0.82,-83.77,7.90,12.48,0.26,0.03,0.92,77.94,5.80,-27.59,16614417
1120590,-0.06,-0.03,-0.81,-91.16,6.96,9.83,0.27,0.06,0.91,83.92,4.43,-24.63,16612210
1120603,-0.03,-0.01,-0.80,-95.49,5.07,4.12,0.27,0.08,0.90,86.43,1.92,-20.78,16611610
1120614,0.00,0.05,-0.78,-94.76,2.20,1.62,0.25,0.10,0.90,83.74,-1.28,-20.05,16611136
1120626,0.04,0.11,-0.75,-89.78,-1.77,4.18,0.23,0.11,0.90,85.57,-5.40,-21.70,16612146
1120637,0.06,0.15,-0.73,-87.77,-6.26,6.56,0.22,0.14,0.89,87.74,-9.52,-22.58,16614207
1120649,0.08,0.16,-0.75,-93.17,-10.07,4.85,0.22,0.18,0.90,91.34,-13.00,-21.18,16612311
1120661,0.08,0.16,-0.76,-102.26,-13.12,-1.89,0.23,0.22,0.90,98.94,-16.30,-15.41,16609902
1120672,0.08,0.18,-0.76,-110.29,-15.44,-10.07,0.24,0.26,0.90,107.36,-18.83,-9.37,16609993
1120685,0.07,0.20,-0.76,-116.52,-17.21,-15.08,0.24,0.30,0.89,110.05,-20.36,-6.56,16609403
1120696,0.06,0.25,-0.75,-117.89,-18.83,-17.18,0.24,0.33,0.89,111.85,-21.58,-5.77,16610027
1120708,0.04,0.31,-0.73,-116.76,-18.55,-15.90,0.24,0.36,0.88,110.57,-20.75,-7.66,16610811
1120719,0.02,0.37,-0.71,-114.26,-17.36,-11.72,0.24,0.38,0.88,108.09,-19.41,-11.41,16612056
1120732,-0.00,0.42,-0.70,-112.03,-16.45,-6.77,0.24,0.41,0.87,104.40,-18.74,-15.56,16608978
1120743,-0.01,0.46,-0.68,-109.01,-16.91,-2.35,0.24,0.44,0.86,105.41,-19.32,-18.68,16609172
1120755,-0.01,0.50,-0.67,-109.19,-17.55,1.25,0.24,0.47,0.85,103.21,-19.59,-22.13,16611165
1120766,-0.01,0.52,-0.67,-110.41,-17.27,2.35,0.25,0.50,0.84,99.43,-19.23,-23.90,16609096
1120778,-0.02,0.55,-0.65,-108.86,-16.75,2.90,0.25,0.53,0.82,101.47,-18.65,-23.13,16608613
1120790,-0.03,0.59,-0.63,-106.23,-15.81,1.86,0.25,0.55,0.81,101.01,-17.12,-21.03,16608823
1120801,-0.04,0.61,-0.62,-104.98,-14.16,0.98,0.26,0.57,0.80,102.72,-15.81,-20.26,16606649
1120814,-0.05,0.62,-0.62,-105.93,-12.82,1.04,0.27,0.59,0.79,101.81,-14.80,-20.66,16607615
1120825,-0.07,0.62,-0.61,-107.36,-11.69,0.06,0.29,0.61,0.77,103.70,-13.61,-19.38,16607262
1120837,-0.09,0.63,-0.60,-109.59,-10.31,-0.76,0.29,0.63,0.76,103.30,-12.05,-19.53,16606365
1120848,-0.09,0.65,-0.59,-110.38,-10.31,0.67,0.29,0.65,0.74,96.71,-12.48,-22.09,16610399
1120861,-0.07,0.70,-0.57,-105.32,-11.29,3.17,0.27,0.67,0.73,92.01,-13.40,-23.83,16611344
1120872,-0.04,0.75,-0.53,-97.02,-12.60,5.25,0.25,0.68,0.71,90.39,-14.77,-23.35,16611292
1120884,-0.03,0.78,-0.50,-91.86,-13.61,5.83,0.24,0.69,0.69,91.46,-15.90,-22.09,16609559
1120896,-0.03,0.78,-0.49,-93.14,-13.82,4.27,0.24,0.72,0.68,92.10,-15.75,-20.39,16609785
1120907,-0.04,0.76,-0.50,-98.42,-12.85,0.34,0.25,0.74,0.66,93.66,-14.47,-17.91,16610783
1120919,-0.05,0.75,-0.49,-102.42,-10.99,-3.85,0.26,0.76,0.65,95.37,-12.76,-15.41,16609489
1120930,-0.06,0.77,-0.48,-103.00,-10.22,-4.94,0.25,0.78,0.63,92.59,-11.99,-15.32,16609690
1120943,-0.06,0.80,-0.46,-98.79,-9.12,-2.78,0.24,0.78,0.62,89.20,-10.80,-17.58,16610021
1120954,-0.06,0.83,-0.43,-93.78,-7.66,2.14,0.23,0.78,0.61,87.74,-9.40,-21.00,16610517
1120966,-0.06,0.85,-0.42,-91.25,-7.20,7.48,0.22,0.80,0.60,85.24,-9.03,-25.67,16608481
1120977,-0.05,0.86,-0.42,-91.92,-7.72,9.95,0.23,0.82,0.59,82.40,-9.70,-26.98,16609672
1120990,-0.04,0.87,-0.41,-91.52,-9.49,6.65,0.23,0.84,0.58,81.82,-11.75,-22.37,16608268
1121001,-0.03,0.90,-0.39,-89.11,-11.84,0.24,0.24,0.86,0.56,81.85,-14.19,-15.41,16608858
1121013,-0.02,0.92,-0.37,-86.00,-13.79,-6.20,0.25,0.87,0.55,82.43,-16.48,-9.12,16610426
1121025,-0.03,0.94,-0.36,-83.77,-14.95,-9.92,0.25,0.89,0.54,80.99,-17.21,-6.74,16610405
1121036,-0.04,0.94,-0.36,-83.89,-14.92,-9.09,0.25,0.90,0.53,80.60,-16.72,-8.21,16610091
1121048,-0.07,0.94,-0.36,-84.17,-12.94,-7.11,0.26,0.91,0.53,80.26,-14.16,-10.01,16608904
1121059,-0.10,0.94,-0.36,-85.42,-10.25,-5.19,0.27,0.92,0.52,79.38,-11.32,-11.84,16608460
1121072,-0.13,0.94,-0.35,-85.66,-6.65,-4.33,0.28,0.93,0.51,77.64,-7.66,-12.45,16608503
1121083,-0.16,0.96,-0.34,-83.62,-2.26,-2.04,0.28,0.93,0.49,75.62,-4.70,-15.20,16608134
1121095,-0.17,0.99,-0.31,-79.53,0.58,5.34,0.27,0.94,0.47,69.82,-1.92,-22.16,16610288
1121106,-0.16,1.01,-0.30,-74.37,3.75,12.27,0.25,0.94,0.46,64.61,1.62,-27.77,16609868
1121119,-0.14,1.04,-0.27,-66.96,4.97,17.46,0.24,0.95,0.45,58.44,3.51,-30.52,16609011
1121130,-0.11,1.06,-0.26,-60.88,4.64,19.99,0.23,0.95,0.45,53.65,3.81,-31.16,16609155
1121141,-0.09,1.06,-0.25,-57.56,3.36,21.00,0.22,0.96,0.44,52.76,2.35,-31.68,16610493
1121154,-0.07,1.05,-0.25,-57.77,2.84,19.20,0.23,0.98,0.43,55.24,1.59,-29.33,16610822
1121165,-0.07,1.03,-0.26,-62.53,2.90,15.17,0.23,1.00,0.42,56.67,1.37,-25.21,16612036
1121177,-0.07,1.02,-0.26,-65.77,2.69,8.94,0.24,1.02,0.41,58.38,1.68,-19.71,16609283
1121188,-0.07,1.04,-0.25,-64.24,3.85,2.93,0.24,1.03,0.40,59.27,2.56,-13.73,16607810
1121201,-0.07,1.06,-0.24,-61.34,4.67,-0.03,0.23,1.03,0.40,56.40,3.05,-11.23,16608221
1121212,-0.07,1.08,-0.23,-57.56,4.06,0.61,0.23,1.03,0.40,52.89,1.62,-12.15,16608680
1121224,-0.05,1.09,-0.22,-55.73,1.71,2.29,0.22,1.05,0.39,48.83,-0.79,-13.46,16608034
1121235,-0.04,1.11,-0.22,-52.95,-1.25,3.02,0.22,1.06,0.39,45.32,-4.09,-13.31,16607481
1121247,-0.03,1.15,-0.21,-48.22,-3.54,1.89,0.21,1.08,0.38,41.96,-5.37,-11.26,16604084
1121259,-0.04,1.17,-0.20,-43.00,-3.48,0.40,0.21,1.09,0.38,37.17,-4.79,-8.94,16606539
1121270,-0.05,1.19,-0.20,-37.99,-2.78,1.74,0.21,1.09,0.37,31.77,-4.21,-10.53,16610213
1121283,-0.06,1.19,-0.19,-33.36,-0.98,5.40,0.20,1.09,0.37,28.99,-2.04,-13.58,16609742
1121294,-0.07,1.18,-0.18,-31.01,1.46,8.39,0.20,1.08,0.36,26.12,0.95,-15.59,16607108
1121306,-0.09,1.15,-0.19,-30.61,3.85,9.80,0.20,1.08,0.35,25.54,3.20,-16.08,16608943
1121317,-0.09,1.13,-0.18,-29.91,6.07,9.98,0.20,1.07,0.34,26.28,5.00,-16.48,16608775
1121330,-0.09,1.11,-0.18,-31.22,6.71,10.50,0.20,1.07,0.34,25.02,5.95,-17.12,16608808
1121341,-0.08,1.10,-0.18,-31.25,6.96,10.41,0.20,1.07,0.33,25.51,5.71,-16.05,16610135
1121353,-0.07,1.10,-0.17,-30.33,5.77,8.15,0.20,1.07,0.33,23.13,4.00,-13.12,16610202
1121364,-0.04,1.11,-0.17,-27.65,2.62,4.33,0.20,1.06,0.32,21.51,0.49,-9.67,16607855
1121376,-0.01,1.12,-0.15,-24.08,-0.40,1.62,0.19,1.06,0.31,19.99,-2.66,-6.77,16607311
1121388,-0.00,1.11,-0.14,-22.43,-2.35,-0.40,0.18,1.05,0.31,17.85,-4.39,-4.76,16610000
1121399,-0.00,1.09,-0.14,-21.36,-3.42,-0.95,0.17,1.04,0.30,17.52,-5.46,-4.97,16612347
1121412,-0.01,1.08,-0.13,-22.34,-3.72,0.37,0.17,1.04,0.29,19.44,-4.85,-6.74,16609480
1121423,-0.03,1.06,-0.13,-25.30,-1.98,2.04,0.17,1.04,0.28,20.08,-2.90,-7.69,16609013
1121435,-0.05,1.05,-0.13,-26.55,0.21,0.61,0.17,1.04,0.28,20.42,-1.01,-6.01,16608096
1121446,-0.06,1.06,-0.12,-24.29,1.74,-0.49,0.17,1.04,0.27,19.44,0.18,-5.22,16607315
1121459,-0.05,1.08,-0.11,-21.06,2.32,0.37,0.17,1.04,0.27,15.84,0.92,-6.56,16607546
1121470,-0.05,1.08,-0.10,-18.46,1.98,3.23,0.17,1.03,0.27,13.06,0.43,-8.51,16607513
1121481,-0.04,1.08,-0.10,-16.42,1.31,5.19,0.16,1.03,0.26,12.02,-0.43,-9.52,16608929
1121494,-0.04,1.08,-0.09,-15.53,0.24,5.04,0.16,1.02,0.26,10.50,-1.40,-8.82,16608493
1121505,-0.04,1.07,-0.09,-15.20,0.43,4.91,0.16,1.02,0.26,10.96,-0.46,-9.03,16605935
1121517,-0.04,1.06,-0.09,-16.14,2.20,4.33,0.16,1.02,0.25,11.63,1.10,-8.18,16609987
1121528,-0.04,1.05,-0.09,-16.88,3.45,3.81,0.16,1.02,0.25,12.05,1.86,-8.27,16610439
1121541,-0.04,1.05,-0.09,-16.60,3.11,4.06,0.14,1.02,0.25,11.96,-1.59,-8.36,16609392
1121552,-0.03,1.05,-0.08,-15.47,2.17,4.27,0.14,1.02,0.25,9.00,-2.50,-6.20,16609174
1121564,-0.00,1.06,-0.07,-12.08,0.09,1.28,0.15,1.02,0.24,7.29,-2.44,-4.85,16608989
1121575,0.00,1.06,-0.06,-9.61,-1.59,-0.95,0.15,1.02,0.23,7.14,-3.54,-2.01,16610328
1121588,-0.00,1.06,-0.07,-9.55,-2.96,-3.42,0.16,1.02,0.23,5.77,-4.46,0.03,16609942
1121599,-0.02,1.06,-0.06,-9.52,-3.45,-4.24,0.16,1.02,0.23,6.44,-4.73,0.76,16608894
1121610,-0.03,1.05,-0.06,-9.58,-2.01,-3.91,0.17,1.02,0.22,7.26,-3.36,0.03,16610314
1121623,-0.06,1.04,-0.06,-11.44,-0.21,-2.69,0.18,1.02,0.22,7.32,-1.19,-1.01,16610031
1121634,-0.07,1.03,-0.06,-11.81,1.89,-1.28,0.18,1.02,0.21,7.17,0.58,-3.54,16610262
1121646,-0.08,1.04,-0.06,-11.02,3.11,1.92,0.17,1.01,0.21,6.62,2.35,-5.83,16608450
1121657,-0.09,1.04,-0.05,-9.80,5.49,4.43,0.17,1.01,0.21,5.31,4.82,-7.97,16608490
1121670,-0.09,1.04,-0.06,-8.94,7.93,5.31,0.18,1.01,0.21,3.72,6.90,-8.15,16610181
1121681,-0.09,1.05,-0.05,-6.96,9.46,6.32,0.18,1.01,0.21,1.80,8.12,-8.54,16610644
1121693,-0.08,1.06,-0.05,-4.76,9.31,6.38,0.17,1.01,0.21,-0.70,7.51,-8.30,16608001
1121704,-0.07,1.06,-0.04,-2.01,8.24,5.62,0.17,1.01,0.20,-1.65,7.02,-7.32,16608304
1121716,-0.06,1.06,-0.04,-0.89,7.93,5.13,0.17,1.01,0.20,-3.02,6.65,-6.81,16609466
1121728,-0.06,1.05,-0.05,-0.61,8.18,4.27,0.17,1.01,0.21,-3.02,6.77,-5.58,16610122
1121739,-0.05,1.04,-0.05,-0.52,8.36,3.48,0.17,1.01,0.21,-2.38,7.32,-4.85,16608062
1121752,-0.05,1.03,-0.05,-1.92,8.61,3.91,0.16,1.01,0.21,-2.47,7.20,-5.89,16607770
1121763,-0.04,1.02,-0.05,-3.48,7.78,4.67,0.16,1.01,0.21,-1.98,6.10,-6.99,16608724
1121775,-0.02,1.03,-0.05,-3.36,6.41,3.78,0.15,1.01,0.21,-0.55,4.64,-5.13,16608227
1121786,-0.01,1.03,-0.04,-3.27,5.10,1.25,0.14,1.02,0.20,-0.27,3.66,-2.87,16608100
1121799,-0.00,1.03,-0.04,-3.05,4.58,-1.25,0.14,1.01,0.20,-0.12,3.54,-0.31,16609735
1121810,-0.01,1.03,-0.04,-2.90,5.19,-2.81,0.14,1.01,0.20,-0.27,3.66,0.79,16610119
1121822,-0.01,1.02,-0.05,-2.90,5.71,-2.62,0.14,1.00,0.20,-1.34,4.58,-0.18,16608495
1121833,-0.02,1.02,-0.04,-2.47,6.26,-0.43,0.13,1.00,0.20,-1.01,4.79,-2.32,16605821
1121845,-0.02,1.02,-0.04,-2.75,6.23,2.04,0.13,1.00,0.20,-1.68,4.91,-3.78,16607379
1121857,-0.02,1.01,-0.04,-2.56,6.32,2.23,0.13,1.00,0.20,-1.37,5.00,-4.12,16609753
1121868,-0.02,1.02,-0.03,-2.29,6.50,1.92,0.13,1.00,0.20,-0.76,5.34,-3.75,16609570
1121881,-0.02,1.01,-0.03,-2.32,7.54,2.11,0.13,1.00,0.20,-0.43,6.13,-4.06,16608998
1121892,-0.03,1.01,-0.04,-3.60,7.93,3.33,0.13,1.00,0.20,0.06,6.44,-5.89,16609343
1121904,-0.02,1.01,-0.04,-4.30,7.63,3.72,0.13,1.00,0.20,-0.37,5.95,-5.28,16611920
1121915,-0.02,1.01,-0.04,-4.21,6.74,1.04,0.14,1.00,0.20,0.40,4.67,-2.11,16609103
1121928,-0.01,1.01,-0.04,-4.18,5.22,-2.62,0.14,1.00,0.20,0.82,3.14,1.34,16609874
1121939,-0.01,1.02,-0.04,-3.63,3.57,-5.25,0.15,1.00,0.20,1.22,1.83,3.23,16608678
1121950,-0.01,1.02,-0.04,-4.18,3.54,-7.08,0.15,1.01,0.20,1.22,1.98,4.79,16608690
1121963,-0.02,1.03,-0.04,-4.03,4.67,-7.14,0.15,1.01,0.20,1.80,3.02,4.46,16609917
1121974,-0.04,1.03,-0.04,-4.06,6.23,-4.94,0.15,1.01,0.20,1.22,4.88,1.62,16611460
1121986,-0.05,1.02,-0.04,-4.15,8.09,-0.76,0.15,1.01,0.20,-0.31,7.20,-2.35,16610996
1121997,-0.05,1.03,-0.05,-3.60,9.49,2.87,0.14,1.00,0.21,-2.41,8.24,-5.07,16609978
1122010,-0.05,1.03,-0.05,-1.53,9.77,3.36,0.14,1.00,0.21,-3.51,8.03,-4.73,16607327
1122021,-0.04,1.04,-0.04,0.89,9.83,2.29,0.14,1.00,0.21,-4.49,8.00,-3.36,16608784
1122033,-0.04,1.05,-0.04,2.38,9.86,1.13,0.14,1.01,0.21,-4.82,7.84,-1.74,16608714
1122044,-0.03,1.05,-0.04,2.32,9.89,1.65,0.14,1.01,0.21,-4.94,8.21,-2.56,16607547
1122057,-0.03,1.04,-0.05,1.50,10.31,2.35,0.14,1.01,0.21,-4.91,8.82,-3.45,16609479
1122068,-0.03,1.03,-0.05,0.61,10.89,2.26,0.14,1.01,0.21,-3.91,9.46,-3.66,16610577
1122079,-0.03,1.02,-0.05,0.03,11.23,2.01,0.14,1.01,0.21,-3.36,9.89,-2.96,16610430
1122092,-0.03,1.01,-0.06,-0.55,12.21,0.95,0.14,1.00,0.22,-2.78,10.53,-2.56,16608391
1122103,-0.02,1.01,-0.06,-0.64,12.08,1.04,0.13,0.99,0.22,-1.53,3.72,-2.38,16605793
1122115,-0.02,1.01,-0.06,-0.55,11.51,1.28,0.13,0.99,0.23,-3.11,6.93,-1.40,16608420
1122126,-0.00,1.01,-0.06,0.76,10.68,-0.18,0.14,0.99,0.23,-4.67,8.27,-0.46,16609133
1122139,0.01,1.01,-0.06,1.59,9.00,-1.28,0.13,0.99,0.23,-4.97,6.77,0.15,16607909
1122150,0.02,1.02,-0.07,1.89,6.44,-1.40,0.13,0.99,0.23,-5.22,4.39,0.55,16607882
1122162,0.03,1.01,-0.07,1.83,5.22,-2.04,0.12,0.99,0.23,-4.21,3.17,0.85,16609117
1122173,0.02,1.00,-0.07,0.15,5.00,-2.11,0.12,0.98,0.23,-2.04,3.63,0.43,16609985
1122185,0.01,0.98,-0.07,-2.47,6.47,-1.95,0.12,0.98,0.23,0.34,5.10,-0.18,16608638
1122197,-0.00,0.97,-0.08,-5.40,7.60,-1.10,0.12,0.98,0.23,2.35,6.50,-1.34,16609562
1122208,-0.00,0.96,-0.08,-8.03,8.09,-0.03,0.12,0.98,0.23,3.20,6.50,-2.87,16609406
1122221,0.01,0.97,-0.08,-8.70,7.32,0.34,0.12,0.98,0.23,3.85,5.25,-2.69,16609327
1122232,0.02,0.98,-0.08,-8.09,5.77,-1.31,0.11,0.98,0.23,3.51,2.50,-1.04,16611052
1122244,0.03,1.00,-0.07,-6.10,4.43,-3.63,0.11,0.98,0.23,2.14,0.55,1.74,16608835
1122255,0.03,1.02,-0.07,-3.42,3.72,-4.64,0.11,0.99,0.23,0.79,0.27,1.89,16606475
1122268,0.02,1.03,-0.07,-1.98,3.33,-2.69,0.12,0.99,0.23,-2.20,1.43,0.52,16606550
1122279,0.01,1.03,-0.06,-0.12,3.69,-0.89,0.12,0.99,0.23,-2.78,1.89,-1.13,16610893
1122291,0.00,1.03,-0.06,0.95,4.33,0.58,0.12,0.99,0.23,-4.06,3.27,-2.29,16612589
1122302,-0.01,1.02,-0.07,0.70,5.31,1.46,0.12,0.99,0.23,-3.85,4.15,-2.99,16610903
1122314,-0.02,1.01,-0.07,-0.06,6.50,2.75,0.13,0.99,0.23,-2.59,5.46,-4.15,16609298
1122326,-0.02,1.00,-0.07,-1.13,7.11,3.63,0.13,0.99,0.23,-2.14,5.46,-5.52,16607062
1122337,-0.02,1.00,-0.07,-2.38,7.48,4.52,0.12,0.99,0.23,-0.58,2.87,-6.32,16607845
1122350,-0.00,1.00,-0.07,-3.27,6.77,3.42,0.12,0.99,0.23,-1.74,4.33,-4.67,16607324
1122361,0.02,1.01,-0.07,-2.81,4.52,0.82,0.12,0.99,0.23,-1.59,2.41,-2.20,16608790
1122373,0.03,1.01,-0.07,-1.74,2.38,-1.83,0.12,0.99,0.23,-2.20,0.58,0.55,16609626
1122384,0.03,1.02,-0.07,-1.04,1.37,-4.09,0.12,1.00,0.23,-2.01,-0.58,2.47,16610058
1122397,0.03,1.02,-0.07,-0.85,0.61,-4.46,0.12,1.00,0.23,-1.98,-0.82,1.83,16607712
1122408,0.02,1.02,-0.07,-1.37,0.82,-1.65,0.12,1.00,0.23,-1.43,-0.40,-1.31,16609068
1122419,0.00,1.02,-0.07,-1.95,1.68,0.98,0.12,1.00,0.23,-1.40,0.76,-3.20,16610667
1122432,-0.01,1.01,-0.07,-2.53,3.33,1.83,0.12,1.00,0.23,-0.89,2.44,-4.03,16610357
1122443,-0.02,1.01,-0.07,-3.14,4.67,2.23,0.13,1.00,0.23,-1.04,3.39,-4.06,16609396
1122455,-0.02,1.01,-0.07,-2.72,5.07,1.92,0.13,1.00,0.23,-1.01,4.03,-3.60,16609805
1122466,-0.01,1.02,-0.07,-1.92,4.76,1.50,0.13,1.00,0.23,-2.23,2.84,-2.93,16610422
1122479,0.00,1.03,-0.07,-0.95,3.42,0.34,0.12,1.00,0.23,-2.84,0.95,-1.80,16611278
1122490,0.01,1.04,-0.07,-0.03,2.14,-0.73,0.12,1.01,0.23,-3.66,0.00,-0.49,16609576
1122502,0.02,1.04,-0.07,0.49,1.16,-2.26,0.12,1.01,0.23,-3.51,-0.73,0.85,16609978
1122513,0.03,1.03,-0.06,0.21,0.92,-2.20,0.11,1.01,0.23,-2.87,-0.70,0.46,16611180
1122526,0.02,1.03,-0.07,-0.55,0.89,-1.25,0.11,1.01,0.23,-3.08,-0.58,-1.50,16610539
1122537,0.02,1.02,-0.07,-1.68,1.22,0.34,0.11,1.00,0.23,-1.74,0.15,-2.08,16608993
1122548,0.01,1.01,-0.07,-2.08,1.74,-0.46,0.11,1.00,0.23,-1.34,-0.06,-1.62,16609485
1122561,0.02,1.01,-0.07,-3.20,0.34,-1.98,0.11,1.00,0.23,-1.68,-1.92,0.15,16609607
1122572,0.04,1.01,-0.06,-0.09,-3.48,-5.13,0.11,1.00,0.23,0.43,-6.10,3.88,16611253
1122584,0.06,1.03,-0.07,0.40,-6.59,-8.61,0.11,1.01,0.24,-3.05,-8.51,6.90,16610144
1122595,0.06,1.04,-0.06,2.47,-7.39,-9.92,0.10,1.01,0.23,-1.71,-9.12,7.97,16609314
1122608,0.03,1.05,-0.05,6.56,-5.25,-8.91,0.11,1.01,0.23,-4.21,-6.74,5.92,16605787
1122619,-0.01,1.05,-0.06,5.52,-2.59,-1.59,0.12,1.01,0.23,-6.44,-2.90,-0.40,16605492
1122631,-0.04,1.03,-0.06,3.60,0.40,4.64,0.13,1.00,0.22,-6.29,0.21,-5.37,16608389
1122642,-0.06,1.02,-0.06,1.56,4.46,5.68,0.14,1.00,0.21,-5.65,3.72,-6.59,16608320
1122655,-0.07,1.01,-0.06,1.10,7.45,4.43,0.15,1.00,0.21,-4.24,6.62,-5.74,16610545
1122666,-0.08,1.01,-0.06,-0.18,8.97,4.15,0.15,1.00,0.21,-3.88,8.21,-5.92,16610466
1122677,-0.07,1.00,-0.07,-2.44,9.86,4.33,0.15,1.00,0.22,-2.99,8.30,-5.22,16609507
1122690,-0.05,1.00,-0.07,-3.11,8.79,2.81,0.15,0.99,0.22,-3.11,6.10,-3.91,16609322
1122701,-0.02,1.00,-0.06,-1.07,5.04,0.46,0.15,0.99,0.22,-2.32,2.47,-1.13,16608318
1122713,0.01,1.01,-0.05,0.34,2.14,-4.00,0.14,0.98,0.21,-2.84,0.03,3.57,16608704
1122724,0.02,1.00,-0.05,0.46,0.40,-6.99,0.14,0.98,0.21,-1.31,-1.19,5.40,16607908
1122737,0.01,0.99,-0.04,0.43,0.12,-6.53,0.13,0.97,0.21,-1.98,-1.43,3.94,16606785
1122748,0.00,0.98,-0.05,-1.77,0.92,-3.81,0.13,0.97,0.21,-1.43,-0.52,1.01,16606954
1122760,-0.01,0.98,-0.05,-2.38,2.04,-1.77,0.13,0.97,0.21,-0.31,1.01,-0.58,16606091
1122771,-0.01,0.99,-0.05,-1.43,3.30,-1.28,0.13,0.98,0.22,-1.74,1.89,-1.10,16606502
1122783,-0.01,1.03,-0.06,1.59,4.15,-0.67,0.13,1.00,0.23,-4.15,2.96,-0.76,16608860
1122795,-0.02,1.06,-0.06,5.22,5.46,-0.12,0.13,1.01,0.23,-6.20,4.49,-0.95,16608796
1122806,-0.03,1.06,-0.06,5.58,7.66,1.80,0.13,1.02,0.23,-7.08,7.11,-3.02,16610100
1122819,-0.04,1.05,-0.07,3.66,9.34,4.06,0.13,1.02,0.23,-7.39,8.27,-4.91,16610032
1122830,-0.03,1.03,-0.08,1.50,9.43,5.55,0.13,1.01,0.24,-6.38,7.51,-6.20,16609554
1122842,-0.01,1.01,-0.08,-0.15,7.17,3.85,0.13,1.01,0.24,-4.21,5.43,-3.91,16606341
1122853,0.03,1.00,-0.08,-1.19,4.24,-1.31,0.12,1.00,0.24,-1.80,1.92,0.92,16608220
1122866,0.05,0.98,-0.08,-2.29,1.01,-6.20,0.12,0.99,0.24,0.21,-1.07,4.79,16609138
1122877,0.06,0.98,-0.08,-3.48,-0.76,-8.79,0.11,0.98,0.24,2.41,-2.66,6.56,16607695
1122889,0.04,0.97,-0.08,-4.15,-0.43,-9.16,0.11,0.98,0.24,3.11,-2.01,6.84,16608765
1122900,0.02,0.99,-0.08,-3.11,0.46,-9.12,0.12,0.98,0.24,1.74,-1.40,6.26,16609528
1122912,0.01,1.01,-0.08,-3.57,1.31,-7.08,0.12,0.99,0.24,-0.82,-0.49,3.75,16610266
1122924,-0.00,1.00,-0.09,-3.42,2.41,-2.78,0.12,0.98,0.25,-1.07,1.28,-0.06,16610146
1122935,-0.01,1.00,-0.08,-3.39,3.48,-0.18,0.12,0.98,0.25,-1.10,1.95,-2.11,16609029
1122948,0.01,1.00,-0.08,-2.53,2.90,0.03,0.11,0.98,0.25,-1.37,0.61,-1.68,16608593
1122959,0.02,1.00,-0.08,-1.77,1.28,-0.31,0.10,0.98,0.25,-1.65,-0.76,-1.40,16611164
1122971,0.03,1.00,-0.09,-1.92,0.03,-0.49,0.10,0.98,0.25,-1.16,-1.62,-1.71,16612071
1122982,0.03,0.99,-0.09,-2.66,-0.31,-0.58,0.11,0.98,0.25,-0.64,-1.95,-1.71,16611537
1122995,0.02,0.99,-0.09,-3.05,-0.34,-0.79,0.11,0.98,0.25,-0.98,-1.89,-1.59,16609799
1123006,0.01,1.00,-0.09,-1.65,0.92,-0.61,0.12,0.98,0.25,-2.23,-0.58,-1.43,16607107
1123017,-0.01,1.02,-0.09,-0.24,1.83,0.27,0.13,0.98,0.25,-3.69,1.10,-2.62,16608871
1123030,-0.02,1.02,-0.09,0.64,3.14,2.47,0.13,0.99,0.25,-4.49,2.20,-3.97,16609687
1123041,-0.03,1.02,-0.09,-0.15,4.09,3.57,0.14,0.99,0.25,-4.67,3.05,-4.88,16610188
1123053,-0.03,1.00,-0.09,-1.53,4.39,3.11,0.14,0.99,0.25,-2.78,2.93,-4.15,16608418
1123064,-0.01,1.00,-0.09,-1.31,3.66,1.13,0.14,0.99,0.25,-2.38,1.80,-2.11,16609693
1123077,0.01,1.02,-0.09,-0.27,1.98,-1.37,0.13,1.00,0.25,-3.63,0.21,0.21,16610271
1123088,0.02,1.03,-0.09,0.37,0.37,-2.81,0.13,1.00,0.25,-4.30,-1.31,1.74,16610669
1123100,0.01,1.03,-0.09,1.04,0.24,-3.85,0.13,1.00,0.25,-3.39,-1.34,2.11,16611879
1123111,-0.00,1.02,-0.08,0.27,1.68,-2.93,0.14,0.99,0.24,-2.29,0.27,0.61,16612074
1123124,-0.03,1.00,-0.08,-1.65,4.12,-0.31,0.15,0.99,0.23,-1.59,2.93,-2.62,16610611
1123135,-0.05,0.98,-0.08,-4.00,6.13,2.62,0.15,0.98,0.22,-0.85,5.16,-5.04,16608475
1123147,-0.05,0.97,-0.07,-5.10,6.68,3.39,0.15,0.97,0.22,-0.15,5.55,-5.49,16609028
1123159,-0.04,0.97,-0.07,-5.25,6.62,2.75,0.14,0.97,0.22,0.40,4.49,-4.70,16608060
1123170,-0.02,0.98,-0.06,-2.99,5.62,1.43,0.13,0.97,0.22,0.79,0.64,-2.08,16609293
1123182,-0.00,1.01,-0.05,-0.64,4.09,-2.53,0.14,0.98,0.22,-1.68,1.50,0.76,16610230
1123193,0.02,1.03,-0.05,1.62,2.01,-3.54,0.13,0.99,0.22,-2.62,-0.06,1.98,16609900
1123206,0.02,1.03,-0.05,1.46,1.28,-3.72,0.12,1.00,0.22,-3.08,-0.37,1.74,16608334
1123217,0.02,1.02,-0.06,0.15,1.56,-2.41,0.12,1.00,0.22,-2.17,0.31,0.76,16606965
1123229,0.01,1.00,-0.06,-2.44,2.35,-1.86,0.11,0.99,0.22,-0.24,1.01,-0.46,16607230
1123240,0.01,0.98,-0.07,-5.16,2.44,-1.62,0.11,0.99,0.23,2.44,0.67,-1.01,16608256
1123253,0.02,0.97,-0.07,-8.00,2.01,-1.92,0.11,0.98,0.23,4.67,0.12,-0.82,16610516
1123264,0.02,0.96,-0.08,-9.31,1.46,-4.39,0.11,0.98,0.23,6.29,-0.85,1.56,16611523
1123276,0.04,0.97,-0.08,-8.61,-0.34,-7.29,0.10,0.98,0.24,6.01,-2.78,4.91,16610248
1123288,0.05,1.00,-0.07,-5.37,-2.29,-9.40,0.10,0.99,0.24,3.69,-4.39,6.41,16610177
1123299,0.04,1.03,-0.07,-2.87,-2.78,-8.12,0.11,0.99,0.24,0.00,-4.03,4.24,16608305
1123311,0.01,1.04,-0.06,-0.34,-0.58,-3.08,0.12,1.00,0.23,-2.29,-1.13,-0.06,16608262
1123322,-0.02,1.04,-0.06,0.64,2.08,1.86,0.13,1.00,0.23,-3.81,1.37,-3.91,16609585
1123335,-0.03,1.03,-0.06,0.18,2.59,3.91,0.13,0.99,0.23,-4.06,1.31,-5.65,16610516
1123346,-0.01,1.02,-0.07,-0.49,1.40,3.63,0.12,0.99,0.23,-2.87,-0.31,-4.79,16608777
1123358,0.01,1.01,-0.07,-1.34,0.58,0.31,0.12,0.99,0.23,-1.19,-1.16,-1.19,16609733
1123369,0.01,1.00,-0.07,-1.68,0.21,-4.00,0.13,0.99,0.23,-0.15,-1.65,2.75,16608063
1123382,0.01,1.01,-0.08,-1.89,0.00,-6.71,0.13,0.99,0.24,0.18,-1.80,4.39,16608846
