time,faccx,faccy,faccz,fgyrx,fgyry,fgyrz,saccx,saccy,saccz,sgyrx,sgyry,sgyrz,load
1941553,0.12,1.02,-0.06,-7.60,-3.42,-2.90,0.03,-0.99,0.12,-0.18,2.81,-0.03,16606492
1941563,0.12,1.02,-0.07,-8.00,-4.15,-4.30,0.03,-0.99,0.12,-1.04,2.44,-0.24,16607292
1941574,0.12,1.03,-0.06,-8.36,-5.40,-5.04,0.03,-1.00,0.13,-0.55,2.14,-0.55,16607542
1941586,0.11,1.04,-0.06,-8.03,-5.49,-6.62,0.02,-1.00,0.13,1.25,2.81,-0.67,16610148
1941598,0.11,1.05,-0.06,-6.35,-5.83,-8.45,0.02,-1.00,0.13,1.86,-0.43,-0.82,16608486
1941610,0.11,1.05,-0.05,-4.94,-5.55,-9.12,0.02,-0.99,0.13,1.59,0.34,0.27,16608396
1941621,0.10,1.05,-0.05,-4.46,-5.37,-9.28,0.02,-0.99,0.13,-1.68,2.01,-0.52,16610354
1941634,0.09,1.04,-0.05,-4.24,-5.10,-8.15,0.02,-0.99,0.13,0.00,2.81,-0.61,16608566
1941645,0.08,1.04,-0.05,-3.81,-5.58,-6.74,0.01,-1.00,0.13,1.34,1.31,-0.40,16609544
1941657,0.07,1.03,-0.05,-3.66,-5.58,-5.40,0.01,-1.00,0.13,2.04,0.40,-0.34,16607851
1941668,0.07,1.03,-0.04,-3.36,-5.13,-4.88,0.01,-1.00,0.13,1.80,0.85,-0.55,16608657
1941680,0.06,1.02,-0.04,-2.59,-5.00,-5.13,0.01,-0.99,0.13,-0.18,0.00,-2.23,16608694
1941692,0.06,1.02,-0.03,-2.87,-4.21,-4.76,0.02,-0.99,0.13,-2.44,-0.24,-3.05,16610157
1941703,0.05,1.01,-0.03,-2.62,-3.17,-5.34,0.02,-0.99,0.13,-1.34,0.89,-1.50,16608155
1941715,0.05,1.01,-0.02,-2.81,-2.69,-5.65,0.02,-0.99,0.13,0.31,2.11,0.12,16608326
1941727,0.04,1.01,-0.02,-3.27,-2.20,-5.16,0.02,-0.98,0.13,-0.03,0.61,0.95,16607009
1941739,0.04,1.00,-0.02,-3.51,-1.56,-4.24,0.02,-0.98,0.13,-1.13,0.58,1.16,16607671
1941750,0.03,1.00,-0.02,-3.81,-1.13,-3.27,0.02,-0.99,0.13,-0.58,-0.06,-0.85,16607413
1941763,0.03,1.00,-0.02,-4.12,-0.37,-1.86,0.02,-1.00,0.13,-0.55,1.34,-2.53,16609626
1941774,0.02,1.00,-0.02,-4.09,0.37,-0.37,0.02,-1.00,0.13,-0.43,-0.12,-1.89,16608241
1941786,0.02,1.00,-0.02,-4.03,1.25,1.04,0.02,-1.00,0.13,1.59,1.77,-0.09,16607460
1941797,0.02,1.00,-0.02,-3.27,2.17,1.62,0.02,-1.00,0.13,1.31,1.10,0.21,16607921
1941809,0.02,1.01,-0.02,-3.23,2.35,1.92,0.03,-1.00,0.13,-0.18,0.82,-0.21,16610213
1941821,0.02,1.01,-0.02,-3.17,3.45,1.62,0.03,-1.00,0.13,0.27,1.16,-1.98,16610448
1941832,0.02,1.01,-0.02,-3.17,4.33,1.19,0.02,-1.00,0.13,0.00,1.01,-2.59,16609072
1941844,0.02,1.01,-0.02,-3.36,5.34,0.85,0.02,-1.00,0.13,1.28,0.24,-1.50,16608609
1941856,0.03,1.01,-0.02,-3.60,5.95,0.70,0.02,-0.99,0.13,1.19,0.18,-0.67,16608206
1941868,0.03,1.02,-0.03,-3.63,6.10,1.10,0.02,-0.98,0.13,1.25,0.79,0.82,16608906
1941879,0.04,1.02,-0.03,-3.78,5.68,1.01,0.02,-0.98,0.13,1.04,0.15,0.64,16607858
1941892,0.05,1.02,-0.03,-3.94,4.97,0.18,0.02,-0.98,0.13,-1.56,-1.22,0.03,16609452
1941903,0.06,1.02,-0.03,-4.27,4.43,0.15,0.02,-0.98,0.13,0.00,-0.21,0.61,16609360
1941915,0.06,1.02,-0.03,-4.09,3.91,-0.82,0.02,-0.99,0.13,1.13,0.27,1.07,16607437
1941926,0.07,1.03,-0.03,-3.23,3.17,-1.86,0.02,-0.99,0.13,1.83,-0.34,0.31,16609006
1941938,0.07,1.03,-0.04,-2.99,2.81,-2.32,0.02,-1.00,0.13,1.13,-0.21,-0.55,16610996
1941950,0.08,1.03,-0.04,-2.50,2.53,-2.29,0.02,-1.00,0.13,0.98,0.06,-1.31,16608764
1941961,0.08,1.03,-0.04,-2.29,2.08,-1.71,0.02,-1.00,0.13,2.23,0.58,-1.62,16610241
1941974,0.08,1.03,-0.04,-2.08,1.28,-0.92,0.02,-0.99,0.14,2.38,-0.06,0.40,16608982
1941985,0.08,1.03,-0.04,-2.01,1.10,-0.82,0.02,-0.99,0.13,0.27,0.03,-0.55,16604891
1941997,0.08,1.02,-0.04,-2.59,0.89,-1.46,0.02,-0.99,0.13,0.89,0.52,-0.21,16606462
1942008,0.08,1.02,-0.04,-2.96,0.70,-2.50,0.02,-0.99,0.13,0.00,-0.18,0.27,16610313
1942021,0.08,1.02,-0.04,-3.36,0.76,-3.05,0.02,-0.99,0.14,1.59,1.31,1.28,16609494
1942032,0.07,1.02,-0.04,-3.30,0.52,-3.63,0.02,-0.99,0.14,2.53,2.23,0.61,16609377
1942044,0.07,1.02,-0.04,-2.66,0.34,-3.51,0.02,-1.00,0.14,3.39,2.96,-0.12,16611164
1942055,0.07,1.02,-0.03,-2.32,-0.03,-3.30,0.02,-1.00,0.14,4.39,3.57,-0.73,16611146
1942067,0.07,1.02,-0.03,-2.04,-0.18,-3.27,0.02,-0.99,0.14,2.62,2.08,0.43,16608233
1942079,0.06,1.02,-0.03,-1.80,0.03,-3.20,0.02,-0.99,0.14,2.17,2.59,0.70,16607219
1942090,0.06,1.01,-0.03,-1.89,0.52,-2.90,0.02,-0.99,0.14,1.13,1.56,0.58,16608881
1942103,0.05,1.01,-0.03,-1.95,1.37,-2.11,0.01,-1.00,0.15,0.27,0.70,-1.04,16607896
1942114,0.05,1.01,-0.03,-1.98,1.83,-0.03,0.02,-1.00,0.15,1.04,1.25,-1.28,16607739
1942126,0.04,1.01,-0.03,-1.80,2.23,1.16,0.02,-1.00,0.15,-0.09,1.16,-1.65,16609904
1942137,0.05,1.01,-0.03,-1.74,2.75,1.37,0.02,-0.99,0.15,-1.68,-0.06,-1.83,16611311
1942150,0.05,1.01,-0.03,-1.50,2.69,0.67,0.02,-0.99,0.15,-0.76,0.21,-0.89,16612692
1942161,0.05,1.01,-0.03,-1.59,1.98,-0.03,0.02,-0.99,0.15,-0.46,0.40,-1.22,16610632
1942172,0.06,1.02,-0.03,-1.56,1.89,-0.82,0.02,-0.98,0.15,-0.76,0.40,-0.12,16611088
1942184,0.06,1.01,-0.03,-1.56,1.74,-1.74,0.02,-0.99,0.15,-1.95,0.55,-1.56,16608762
1942196,0.06,1.01,-0.03,-2.04,1.71,-2.44,0.02,-1.00,0.15,0.06,0.67,-1.92,16607325
1942208,0.05,1.01,-0.03,-2.32,1.68,-2.56,0.02,-1.00,0.14,0.49,0.55,-1.83,16608526
1942219,0.05,1.01,-0.03,-2.66,1.77,-1.92,0.02,-0.99,0.15,0.12,0.52,0.27,16607775
1942232,0.05,1.01,-0.03,-3.08,2.17,-1.07,0.01,-0.99,0.15,1.16,0.40,1.28,16609958
1942243,0.05,1.01,-0.04,-3.63,2.41,-0.64,0.01,-1.00,0.15,2.14,1.07,0.82,16607644
1942255,0.05,1.01,-0.04,-4.00,2.90,-0.09,0.01,-1.00,0.14,2.32,1.22,0.00,16605728
1942266,0.05,1.01,-0.03,-4.00,2.44,-0.21,0.01,-1.00,0.14,2.90,0.98,-0.52,16608722
1942279,0.06,1.01,-0.03,-3.66,2.41,-0.34,0.02,-1.00,0.14,4.52,0.64,-1.43,16608638
1942290,0.06,1.02,-0.03,-3.36,2.35,-0.61,0.02,-1.01,0.14,4.39,0.09,-1.59,16607674
1942301,0.06,1.02,-0.03,-2.81,1.92,-0.76,0.02,-1.01,0.14,3.85,0.21,-2.20,16608964
1942313,0.06,1.02,-0.03,-2.32,1.92,-1.04,0.02,-1.00,0.14,3.60,1.01,-1.71,16608619
1942325,0.06,1.02,-0.03,-2.29,1.65,-0.67,0.02,-1.00,0.14,3.94,1.80,-1.04,16608172
1942337,0.06,1.02,-0.03,-2.26,1.46,-0.64,0.02,-0.99,0.14,5.04,2.08,0.21,16608474
1942348,0.06,1.02,-0.03,-2.62,1.53,-0.55,0.02,-0.99,0.15,5.37,1.31,0.09,16608215
1942361,0.06,1.02,-0.03,-2.66,1.56,-2.04,0.01,-0.99,0.16,4.15,0.52,-1.04,16607642
1942372,0.06,1.02,-0.03,-3.02,2.11,-3.36,0.01,-0.99,0.16,3.97,-0.27,-1.83,16610176
1942384,0.06,1.02,-0.03,-2.59,2.41,-4.18,0.01,-0.99,0.16,5.37,-0.15,-1.95,16609256
1942395,0.05,1.02,-0.03,-2.59,2.84,-3.54,0.01,-0.99,0.16,6.84,-0.03,-1.34,16606815
1942408,0.05,1.02,-0.03,-2.29,2.87,-2.62,0.01,-0.99,0.16,8.64,1.80,0.64,16609532
1942419,0.05,1.02,-0.03,-2.17,2.87,-1.46,0.02,-1.00,0.15,12.36,3.97,2.20,16607895
1942430,0.05,1.01,-0.03,-2.23,2.72,-0.31,0.02,-1.00,0.16,16.97,3.02,3.60,16607351
1942443,0.05,1.01,-0.03,-2.56,2.78,-0.03,0.01,-1.01,0.16,18.83,-0.06,2.38,16609094
1942454,0.05,1.00,-0.03,-3.11,2.87,-0.24,0.01,-1.02,0.17,16.24,0.85,-1.04,16607903
1942466,0.06,1.00,-0.03,-3.78,2.78,-1.01,0.01,-1.01,0.18,11.17,-0.67,-2.72,16608377
1942477,0.06,1.00,-0.04,-4.58,2.72,-0.92,0.01,-1.00,0.18,8.91,-1.37,-3.17,16610138
1942490,0.06,1.00,-0.04,-4.94,2.93,-0.79,0.01,-0.99,0.18,10.28,-0.89,-0.52,16609557
1942501,0.06,1.00,-0.04,-5.46,2.87,-0.12,0.01,-0.99,0.18,10.83,-0.95,-0.79,16609308
1942513,0.06,1.00,-0.03,-5.77,3.14,-0.52,0.02,-0.99,0.18,12.85,0.09,-0.85,16608544
1942524,0.06,1.01,-0.03,-5.34,2.35,-0.92,0.02,-1.00,0.18,17.00,1.62,-2.99,16608896
1942537,0.06,1.01,-0.03,-5.04,2.47,-1.04,0.02,-1.00,0.18,19.50,2.17,-0.92,16609184
1942548,0.06,1.01,-0.03,-4.73,1.80,-0.24,0.03,-1.00,0.17,25.57,5.40,0.85,16607699
1942559,0.06,1.01,-0.03,-4.97,2.11,0.58,0.02,-0.99,0.18,25.54,2.81,2.66,16608863
1942572,0.05,1.01,-0.03,-5.46,2.44,1.86,0.02,-0.99,0.20,22.00,-1.28,3.20,16610046
1942583,0.05,1.01,-0.03,-5.40,2.87,1.71,0.01,-0.99,0.21,17.85,-2.56,0.76,16608839
1942595,0.06,1.02,-0.03,-5.37,2.56,0.95,0.01,-0.99,0.21,17.58,-2.38,-0.58,16608588
1942606,0.06,1.02,-0.03,-5.07,2.72,0.18,0.01,-0.98,0.21,19.29,0.31,0.61,16610031
1942619,0.06,1.02,-0.02,-5.31,2.90,-0.58,0.01,-0.97,0.22,14.34,-0.03,0.34,16607942
1942630,0.06,1.02,-0.02,-5.52,2.59,-1.01,0.02,-0.95,0.22,9.61,0.79,1.13,16608431
1942642,0.06,1.02,-0.03,-5.92,2.62,-1.40,0.02,-0.96,0.22,11.41,4.55,1.25,16609611
1942653,0.06,1.01,-0.02,-5.68,2.44,-1.34,0.01,-0.96,0.23,7.97,1.65,-0.12,16610414
1942665,0.06,1.02,-0.02,-5.86,2.23,-1.01,0.00,-0.96,0.24,4.55,-1.56,-1.43,16608827
1942677,0.06,1.02,-0.02,-5.31,2.08,-0.79,0.00,-0.96,0.24,2.17,-3.39,-2.20,16606997
1942688,0.06,1.02,-0.02,-4.43,1.80,-1.80,0.01,-0.97,0.24,4.97,-2.04,-1.04,16611026
1942701,0.07,1.02,-0.02,-4.18,1.89,-3.45,0.01,-0.97,0.23,5.46,-1.95,-0.06,16613160
1942712,0.07,1.02,-0.02,-4.46,1.95,-4.06,0.02,-0.97,0.23,3.66,-1.40,0.49,16611530
1942724,0.06,1.02,-0.02,-5.49,2.47,-5.22,0.02,-0.96,0.23,0.61,-2.08,1.25,16608171
1942735,0.06,1.01,-0.02,-7.20,2.78,-5.22,0.03,-0.97,0.23,3.57,2.59,0.98,16608751
1942748,0.05,1.00,-0.02,-9.34,3.39,-4.67,0.03,-0.98,0.22,10.89,6.20,5.58,16609644
1942759,0.05,1.00,-0.02,-10.74,3.45,-4.12,0.03,-0.98,0.22,13.82,5.83,7.78,16609377
1942771,0.05,1.00,-0.02,-11.84,3.08,-4.12,0.02,-1.00,0.23,17.40,6.77,4.46,16607639
1942782,0.05,0.99,-0.02,-13.24,3.45,-3.72,0.01,-1.00,0.24,15.93,4.15,2.44,16606290
1942794,0.05,0.99,-0.02,-14.59,3.85,-3.23,0.00,-0.99,0.25,12.54,0.73,1.50,16607544
1942806,0.05,0.98,-0.02,-16.24,4.18,-1.86,-0.00,-0.98,0.26,10.59,-0.03,2.38,16609926
1942817,0.05,0.98,-0.01,-16.17,3.91,-2.20,0.00,-0.97,0.26,7.39,0.43,0.37,16609230
1942830,0.05,0.98,-0.00,-15.87,3.97,-2.59,0.00,-0.97,0.26,6.74,1.95,-0.24,16609112
1942841,0.06,0.99,0.00,-16.14,4.09,-3.45,0.01,-0.97,0.26,7.87,2.90,-0.98,16610832
1942853,0.06,0.99,0.00,-16.72,3.57,-3.11,0.01,-0.97,0.26,13.03,4.18,2.38,16611149
1942864,0.06,0.98,0.00,-18.01,2.87,-2.75,0.01,-0.98,0.25,19.65,5.58,3.75,16610261
1942877,0.05,0.98,0.00,-20.08,3.02,-1.31,0.01,-0.99,0.26,25.30,5.83,3.85,16609110
1942888,0.04,0.98,0.00,-22.22,3.30,-0.09,0.01,-1.01,0.26,31.46,5.00,1.74,16607770
1942900,0.04,0.98,0.00,-23.80,3.30,0.55,0.00,-1.02,0.28,30.82,1.31,0.37,16606985
1942912,0.05,0.99,0.01,-24.02,3.57,-0.95,-0.00,-1.01,0.29,26.55,-3.63,1.04,16607278
1942923,0.06,1.00,0.02,-23.38,3.60,-4.27,0.01,-0.99,0.28,28.44,-1.16,3.48,16606949
1942935,0.07,1.01,0.03,-23.19,3.39,-8.85,0.02,-0.98,0.27,29.11,3.08,5.22,16606119
1942946,0.07,1.02,0.03,-23.62,2.93,-12.12,0.02,-0.97,0.28,32.38,7.02,6.20,16606165
1942959,0.07,1.02,0.03,-24.08,2.75,-13.46,0.01,-0.97,0.29,32.47,6.23,5.55,16608232
1942970,0.07,1.02,0.04,-24.29,2.26,-14.16,0.01,-0.97,0.30,37.41,6.10,5.46,16609644
1942982,0.06,1.03,0.04,-24.08,1.37,-12.66,-0.01,-0.97,0.31,39.43,3.51,4.76,16609008
1942993,0.06,1.03,0.04,-23.01,0.76,-9.95,-0.01,-0.96,0.33,39.22,1.01,4.55,16608280
1943006,0.05,1.04,0.05,-21.55,0.09,-7.02,-0.01,-0.96,0.32,46.42,3.91,8.12,16608102
1943017,0.05,1.05,0.05,-20.26,-0.06,-5.16,-0.00,-0.96,0.32,57.10,7.78,10.31,16605075
1943029,0.04,1.05,0.06,-19.04,0.58,-5.68,0.01,-0.95,0.32,65.09,12.18,14.86,16607062
1943041,0.04,1.05,0.06,-19.41,1.95,-8.24,0.00,-0.93,0.34,55.48,8.85,14.74,16607700
1943052,0.04,1.04,0.06,-21.00,3.66,-11.51,-0.01,-0.93,0.36,46.88,7.23,11.57,16606367
1943064,0.05,1.04,0.07,-21.42,3.75,-15.38,-0.02,-0.93,0.38,35.74,2.44,7.72,16607065
1943075,0.05,1.04,0.07,-21.48,2.04,-16.94,-0.02,-0.95,0.39,35.64,1.98,3.39,16607288
1943088,0.05,1.04,0.08,-21.42,0.24,-16.27,-0.02,-0.94,0.39,36.07,2.90,3.45,16607429
1943099,0.05,1.04,0.08,-20.66,-1.56,-12.94,-0.02,-0.94,0.40,37.96,5.68,2.87,16605937
1943111,0.04,1.04,0.09,-19.47,-3.05,-8.00,-0.02,-0.94,0.41,42.79,4.15,4.85,16606590
1943122,0.03,1.03,0.09,-18.31,-3.42,-3.57,-0.03,-0.94,0.41,50.78,5.00,7.23,16608610
1943135,0.02,1.03,0.10,-17.76,-2.90,-0.03,-0.03,-0.92,0.42,53.19,5.16,11.32,16608868
1943146,-0.00,1.02,0.10,-18.31,-0.67,3.54,-0.03,-0.91,0.43,51.24,4.79,12.76,16610507
1943157,-0.01,1.01,0.10,-20.39,1.77,5.31,-0.03,-0.90,0.44,47.70,5.71,10.38,16608455
1943170,-0.01,1.00,0.10,-22.03,3.45,2.17,-0.03,-0.89,0.45,40.80,5.65,10.31,16608101
1943181,0.01,0.99,0.11,-23.38,3.75,-1.80,-0.04,-0.91,0.47,36.56,0.58,0.52,16609100
1943193,0.03,0.99,0.11,-24.66,2.78,-5.80,-0.04,-0.92,0.47,36.47,2.01,-2.47,16608881
1943204,0.04,0.99,0.12,-25.57,0.98,-8.15,-0.04,-0.91,0.48,33.42,2.50,-2.44,16607466
1943217,0.04,0.99,0.12,-26.21,-0.37,-8.76,-0.04,-0.90,0.49,31.62,3.20,0.40,16608503
1943228,0.03,0.99,0.13,-25.97,-1.77,-8.15,-0.03,-0.90,0.48,35.71,5.80,3.23,16607957
1943240,0.02,0.99,0.13,-26.03,-1.50,-6.47,-0.03,-0.90,0.49,34.85,6.96,2.26,16606317
1943251,0.00,0.98,0.14,-27.19,-0.43,-4.76,-0.03,-0.89,0.50,27.59,3.51,1.31,16605532
1943264,-0.01,0.98,0.14,-29.08,1.80,-2.20,-0.03,-0.89,0.51,23.35,1.95,-2.99,16607202
1943275,-0.01,0.98,0.14,-31.10,2.53,-0.31,-0.04,-0.88,0.52,17.15,0.67,-3.72,16608623
1943286,-0.00,0.99,0.15,-29.97,3.17,-1.95,-0.04,-0.85,0.52,13.70,2.14,-0.98,16608736
1943299,0.01,1.00,0.17,-28.05,2.72,-3.78,-0.03,-0.83,0.52,11.57,6.26,3.75,16607582
1943310,0.01,1.01,0.18,-26.37,2.62,-4.27,-0.04,-0.83,0.53,12.82,7.20,4.70,16607814
1943322,0.02,1.02,0.18,-25.18,2.20,-3.72,-0.05,-0.85,0.54,12.54,1.92,0.61,16607633
1943333,0.02,1.02,0.19,-23.74,1.68,-3.23,-0.06,-0.86,0.55,11.44,-2.96,-0.31,16607888
1943346,0.01,1.01,0.19,-23.47,1.77,-2.41,-0.06,-0.88,0.55,19.01,-1.34,3.11,16606771
1943357,0.00,1.00,0.19,-24.57,2.90,-0.92,-0.05,-0.88,0.55,23.16,-0.49,5.46,16607048
1943369,-0.00,0.99,0.19,-27.22,3.94,0.64,-0.04,-0.88,0.54,19.84,0.85,4.61,16607699
1943380,0.00,0.99,0.19,-29.27,4.30,1.80,-0.03,-0.87,0.54,12.94,2.20,2.56,16607971
1943393,0.01,0.99,0.19,-30.33,3.02,2.35,-0.02,-0.85,0.54,12.08,6.16,4.24,16606246
1943404,0.02,0.99,0.20,-31.10,1.34,1.74,-0.03,-0.84,0.54,11.69,7.78,4.76,16606386
1943415,0.04,1.00,0.20,-31.37,-0.24,1.28,-0.04,-0.85,0.56,13.73,6.07,4.21,16605902
1943428,0.04,1.00,0.21,-31.22,-1.71,-0.67,-0.05,-0.86,0.56,13.52,3.66,2.11,16606940
1943439,0.04,1.01,0.21,-31.04,-2.17,-3.39,-0.06,-0.86,0.57,13.31,-0.82,0.12,16607628
1943451,0.04,1.01,0.22,-31.89,-1.95,-6.26,-0.06,-0.86,0.57,11.90,-0.82,0.31,16608159
1943462,0.03,1.00,0.22,-33.51,-0.58,-9.74,-0.06,-0.85,0.57,11.63,-0.06,1.16,16608057
1943475,0.01,0.99,0.23,-36.53,1.04,-12.02,-0.04,-0.85,0.56,19.47,7.14,5.89,16605941
1943486,-0.00,0.98,0.23,-40.10,2.87,-12.94,-0.03,-0.85,0.55,23.86,9.80,5.80,16604903
1943498,-0.02,0.97,0.24,-44.25,4.61,-11.29,-0.03,-0.86,0.56,23.47,9.55,3.30,16604420
1943510,-0.02,0.96,0.25,-47.03,5.52,-9.19,-0.04,-0.85,0.57,19.38,8.85,0.06,16605250
1943522,-0.02,0.97,0.26,-47.55,4.70,-7.17,-0.05,-0.84,0.58,14.74,6.93,-1.34,16607127
1943533,-0.00,0.97,0.27,-46.97,3.08,-5.89,-0.06,-0.84,0.59,12.02,3.85,-1.28,16608483
1943544,0.01,0.98,0.29,-45.14,1.77,-7.29,-0.07,-0.84,0.60,11.69,3.45,-3.94,16611515
1943557,0.02,0.99,0.30,-42.60,0.85,-10.62,-0.07,-0.85,0.60,14.68,5.28,-5.62,16609894
1943568,0.02,1.00,0.31,-40.56,0.76,-14.16,-0.06,-0.85,0.60,18.46,6.01,-4.88,16608476
1943580,0.02,1.00,0.32,-39.76,1.16,-17.61,-0.06,-0.84,0.59,20.66,8.45,-1.98,16610284
1943591,0.01,0.99,0.33,-40.22,1.16,-18.43,-0.05,-0.84,0.58,25.42,13.76,-0.06,16612112
1943604,-0.01,0.97,0.33,-41.87,1.46,-17.52,-0.04,-0.85,0.58,30.94,18.19,-1.65,16610729
1943615,-0.02,0.96,0.33,-45.17,1.95,-11.78,-0.05,-0.84,0.60,25.73,15.14,-1.83,16609283
1943627,-0.03,0.96,0.34,-47.15,2.29,-7.42,-0.06,-0.82,0.62,14.89,6.44,-2.59,16609429
1943639,-0.03,0.96,0.35,-46.78,1.16,-5.10,-0.07,-0.82,0.62,13.98,6.29,-0.46,16611252
1943650,-0.02,0.98,0.37,-44.22,-0.49,-3.57,-0.07,-0.82,0.63,13.43,4.82,-2.26,16609545
1943662,-0.00,0.99,0.38,-41.17,-2.20,-3.42,-0.08,-0.83,0.64,15.99,3.39,-0.46,16606641
1943673,0.01,1.01,0.39,-37.63,-2.96,-5.95,-0.09,-0.85,0.65,18.25,-0.18,-2.50,16607237
1943686,0.01,1.02,0.41,-34.18,-3.20,-7.87,-0.09,-0.84,0.65,15.53,-1.19,-2.96,16605182
1943697,0.00,1.02,0.41,-31.95,-2.29,-8.79,-0.08,-0.82,0.65,10.28,-1.62,-4.15,16605748
1943709,-0.01,1.02,0.42,-29.54,-1.71,-7.60,-0.07,-0.80,0.64,10.65,1.80,-0.67,16607637
1943720,-0.02,1.02,0.42,-27.07,-1.46,-4.70,-0.07,-0.80,0.63,10.28,2.87,-0.18,16607318
1943733,-0.04,1.03,0.43,-24.66,-1.16,1.40,-0.06,-0.79,0.64,9.64,3.57,-1.25,16607603
1943744,-0.04,1.03,0.43,-22.22,-1.77,8.76,-0.07,-0.78,0.64,5.16,3.05,-0.79,16609095
1943756,-0.04,1.03,0.44,-19.59,-1.86,10.41,-0.07,-0.79,0.64,10.01,4.15,0.43,16605473
1943768,-0.04,1.04,0.45,-17.06,-1.50,9.25,-0.07,-0.80,0.64,12.48,4.49,1.34,16606296
1943779,-0.03,1.03,0.46,-14.86,-0.15,5.86,-0.07,-0.81,0.64,15.66,4.18,-0.37,16606849
1943791,-0.03,1.03,0.46,-14.25,1.89,2.59,-0.07,-0.82,0.65,12.76,2.11,-4.39,16606157
1943802,-0.04,1.02,0.45,-14.62,3.20,-1.07,-0.07,-0.81,0.66,6.62,-1.56,-4.55,16605871
1943815,-0.03,1.01,0.46,-14.89,4.52,-4.18,-0.06,-0.79,0.66,3.88,-1.10,-2.01,16606718
1943826,-0.03,1.00,0.46,-14.47,4.79,-5.22,-0.06,-0.78,0.65,3.66,2.56,-0.70,16606910
1943838,-0.03,1.01,0.46,-13.24,5.25,-5.68,-0.06,-0.76,0.65,1.28,3.05,2.29,16608610
1943849,-0.03,1.01,0.46,-11.66,4.03,-5.22,-0.06,-0.77,0.65,2.04,2.53,1.40,16609958
1943862,-0.02,1.01,0.47,-9.64,2.69,-5.19,-0.07,-0.79,0.66,3.97,-0.27,-1.16,16608523
1943873,-0.01,1.01,0.48,-6.84,1.56,-2.90,-0.08,-0.81,0.67,6.90,-2.17,-2.41,16608823
1943884,-0.02,1.01,0.47,-5.43,0.79,0.52,-0.08,-0.82,0.67,10.80,-2.96,-3.23,16609015
1943897,-0.02,1.00,0.47,-4.21,0.03,3.08,-0.07,-0.81,0.67,10.68,-2.56,-1.83,16608883
1943908,-0.02,0.99,0.46,-3.05,0.18,4.06,-0.06,-0.81,0.66,6.65,-0.79,-2.35,16607981
1943920,-0.02,0.99,0.46,-1.62,0.89,4.24,-0.06,-0.79,0.66,1.62,-0.18,-2.26,16605741
1943931,-0.03,0.99,0.46,-0.21,1.43,4.03,-0.05,-0.78,0.66,-2.04,2.01,-3.08,16607163
1943944,-0.02,0.98,0.46,-0.31,1.92,2.08,-0.05,-0.76,0.65,-4.15,3.54,-1.74,16606937
1943955,-0.01,0.97,0.46,-0.89,1.74,-2.01,-0.06,-0.75,0.65,-3.27,3.05,0.79,16606161
1943967,-0.00,0.96,0.45,-2.11,1.56,-6.35,-0.07,-0.77,0.66,-0.58,0.34,0.92,16606235
1943979,0.00,0.95,0.46,-2.66,1.59,-7.05,-0.07,-0.78,0.66,0.27,-3.11,-2.01,16605727
1943991,-0.00,0.94,0.46,-4.03,1.37,-2.66,-0.08,-0.79,0.67,-0.95,-5.43,-4.49,16605162
1944002,-0.02,0.93,0.45,-5.58,0.73,3.60,-0.07,-0.80,0.67,0.49,-4.52,-4.58,16608070
1944013,-0.02,0.93,0.44,-6.29,-0.06,8.67,-0.06,-0.80,0.67,0.09,-2.29,-3.36,16606825
1944026,-0.02,0.93,0.45,-6.16,0.21,8.67,-0.06,-0.79,0.66,-1.74,0.43,-1.80,16607755
1944037,-0.01,0.94,0.45,-5.43,0.89,6.04,-0.05,-0.78,0.66,-3.42,2.32,0.21,16606334
1944049,-0.01,0.94,0.45,-4.46,0.73,2.78,-0.05,-0.77,0.66,-5.68,3.94,0.95,16607047
1944060,0.01,0.95,0.45,-4.36,-0.27,-3.05,-0.06,-0.77,0.66,-5.77,2.47,0.00,16609500
1944073,0.01,0.95,0.46,-5.13,-1.04,-8.82,-0.07,-0.78,0.67,-4.46,-1.37,-1.89,16610182
1944084,0.02,0.95,0.46,-6.87,-1.40,-13.89,-0.08,-0.79,0.67,-3.11,-4.43,-3.48,16607375
1944096,0.01,0.95,0.46,-8.24,-1.25,-14.77,-0.08,-0.80,0.67,-2.69,-6.62,-4.06,16608122
1944108,-0.00,0.94,0.46,-8.76,-1.31,-11.08,-0.07,-0.79,0.67,-3.51,-5.43,-2.99,16608865
1944120,-0.02,0.94,0.46,-9.37,-0.89,-4.46,-0.06,-0.79,0.66,-4.85,-3.27,-1.34,16607437
1944131,-0.04,0.95,0.46,-8.12,-0.40,1.16,-0.05,-0.79,0.66,-4.39,-0.64,-1.07,16606673
1944142,-0.04,0.96,0.47,-5.43,0.82,4.52,-0.05,-0.79,0.66,-6.32,-0.06,-0.92,16605410
1944155,-0.04,0.98,0.48,-1.13,1.62,7.14,-0.06,-0.79,0.67,-6.16,-1.04,0.15,16606003
1944166,-0.04,0.99,0.48,2.81,2.04,8.15,-0.06,-0.80,0.67,-5.49,-3.57,-2.04,16606165
1944178,-0.04,1.00,0.48,5.86,2.23,6.10,-0.07,-0.80,0.67,-6.81,-7.11,-4.06,16607994
1944189,-0.03,1.00,0.48,8.06,2.32,4.88,-0.06,-0.79,0.67,-7.57,-6.44,-4.39,16608311
1944202,-0.02,1.01,0.48,9.58,1.65,4.49,-0.06,-0.78,0.66,-12.30,-7.32,-5.55,16609284
1944213,-0.01,1.01,0.48,11.63,0.21,4.43,-0.06,-0.78,0.66,-14.13,-6.81,-5.19,16607873
1944225,-0.01,1.02,0.48,13.76,-1.62,5.19,-0.05,-0.76,0.65,-16.02,-5.00,-2.47,16608419
1944237,-0.01,1.03,0.47,17.00,-2.44,4.82,-0.04,-0.76,0.64,-16.82,-4.58,-0.98,16605939
1944249,-0.01,1.05,0.48,20.17,-2.14,4.00,-0.04,-0.78,0.64,-10.50,-1.56,1.34,16607647
1944260,-0.02,1.05,0.47,23.04,-0.58,2.44,-0.05,-0.80,0.64,-11.17,-4.94,-1.25,16606837
1944271,-0.02,1.06,0.47,25.70,0.61,-0.37,-0.05,-0.80,0.65,-17.03,-8.24,-2.56,16606139
1944284,-0.02,1.08,0.47,29.42,2.04,-3.30,-0.05,-0.81,0.65,-24.35,-10.44,-6.04,16609905
1944295,-0.02,1.08,0.47,32.99,3.94,-6.53,-0.06,-0.80,0.66,-33.05,-13.58,-7.39,16608029
1944307,-0.03,1.09,0.48,37.23,5.65,-5.80,-0.05,-0.79,0.65,-37.84,-13.09,-6.99,16605220
1944318,-0.03,1.09,0.47,40.34,6.29,-2.44,-0.05,-0.79,0.64,-41.60,-12.76,-5.71,16606024
1944331,-0.03,1.08,0.46,43.43,5.80,2.69,-0.05,-0.79,0.64,-48.98,-14.77,-7.29,16605555
1944342,-0.04,1.08,0.46,46.75,5.71,7.32,-0.04,-0.79,0.62,-46.94,-9.67,-4.82,16605591
1944354,-0.03,1.08,0.45,50.60,6.04,8.85,-0.04,-0.80,0.61,-50.93,-8.97,-5.25,16609319
1944366,-0.02,1.08,0.44,54.38,6.13,8.06,-0.04,-0.82,0.61,-60.03,-10.71,-9.89,16611038
1944377,-0.01,1.08,0.43,58.07,5.31,3.42,-0.05,-0.84,0.61,-63.35,-13.82,-12.82,16610442
1944389,0.01,1.08,0.42,61.55,4.94,-1.68,-0.05,-0.86,0.61,-61.10,-19.23,-16.45,16609326
1944400,0.01,1.08,0.41,63.87,4.88,-4.85,-0.05,-0.86,0.60,-60.49,-22.77,-12.79,16610393
1944413,0.01,1.07,0.40,65.89,4.88,-3.54,-0.03,-0.85,0.58,-52.58,-17.97,-6.04,16608030
1944424,-0.00,1.06,0.38,67.35,5.25,0.27,-0.01,-0.85,0.55,-41.14,-7.66,-3.39,16609607
1944436,-0.01,1.05,0.36,68.15,5.49,3.63,0.00,-0.85,0.53,-40.62,-3.14,-3.66,16609474
1944448,-0.01,1.04,0.35,67.84,6.20,3.57,-0.00,-0.86,0.53,-45.01,-4.64,-2.87,16608630
1944460,-0.00,1.02,0.33,66.65,6.35,2.59,-0.01,-0.87,0.53,-47.15,-6.16,-1.25,16609185
1944471,0.00,1.01,0.31,65.31,5.58,0.76,-0.02,-0.89,0.53,-43.49,-8.82,-4.03,16608664
1944483,0.00,1.00,0.29,63.81,5.98,-0.46,-0.03,-0.89,0.54,-52.19,-16.05,-8.42,16609909
1944495,0.00,1.00,0.28,63.42,6.32,0.12,-0.03,-0.89,0.54,-60.97,-19.74,-10.80,16612140
1944506,0.00,1.00,0.27,63.45,6.53,1.16,-0.01,-0.87,0.52,-58.81,-12.70,-6.87,16609347
1944518,0.00,1.00,0.25,64.64,6.62,2.35,0.01,-0.86,0.49,-54.90,-3.78,-4.43,16608096
1944529,0.01,1.00,0.24,64.27,6.29,4.36,0.02,-0.86,0.47,-52.06,1.46,-2.11,16607807
1944542,0.01,0.99,0.23,64.61,6.32,5.77,0.02,-0.88,0.46,-51.85,1.89,-2.93,16608514
1944553,0.01,0.99,0.21,64.06,6.65,5.71,0.01,-0.90,0.45,-55.48,-2.14,-7.72,16607528
1944565,0.01,0.98,0.19,62.87,6.74,6.38,0.00,-0.92,0.45,-62.62,-9.25,-10.04,16608769
1944577,0.01,0.98,0.18,62.13,6.07,8.21,-0.00,-0.93,0.45,-63.90,-14.25,-10.16,16610460
1944589,0.02,0.98,0.16,61.65,4.67,10.80,-0.00,-0.93,0.45,-62.62,-15.29,-7.35,16607253
1944600,0.02,0.98,0.15,61.49,3.23,12.76,-0.00,-0.93,0.44,-67.47,-17.33,-7.51,16610132
1944612,0.02,0.97,0.13,60.24,2.38,14.01,0.00,-0.93,0.42,-71.66,-15.47,-8.09,16611234
1944624,0.03,0.97,0.11,58.41,1.68,14.83,0.02,-0.93,0.40,-70.31,-10.80,-9.61,16609149
1944635,0.03,0.96,0.10,56.55,1.65,12.94,0.02,-0.94,0.38,-70.80,-19.96,-10.50,16611230
1944647,0.03,0.97,0.09,54.81,1.68,13.82,0.03,-0.97,0.35,-70.43,-1.16,-20.26,16612200
1944658,0.03,0.97,0.08,55.76,3.54,9.95,0.03,-0.97,0.34,-70.53,-5.31,-20.97,16608686
1944671,0.04,0.98,0.08,56.95,3.51,9.00,0.03,-0.98,0.33,-57.83,-1.71,-16.05,16608147
1944682,0.04,0.98,0.06,56.79,3.97,7.45,0.03,-0.98,0.32,-46.05,-1.13,-11.11,16608070
1944694,0.04,0.98,0.05,54.60,3.39,9.22,0.02,-0.95,0.32,-48.03,-7.78,-3.94,16605876
1944706,0.04,0.96,0.03,51.67,2.56,11.87,0.03,-0.95,0.31,-35.71,-4.43,2.08,16607765
1944718,0.04,0.95,0.00,47.00,1.68,17.00,0.03,-0.96,0.30,-29.51,-2.47,3.20,16608764
1944729,0.04,0.95,-0.02,43.52,0.40,18.86,0.02,-0.95,0.30,-38.48,-7.97,3.36,16608805
1944741,0.04,0.95,-0.02,41.99,-1.07,19.17,0.02,-0.94,0.29,-47.24,-6.84,-0.92,16609391
1944753,0.05,0.96,-0.03,41.66,-0.76,14.50,0.03,-0.96,0.27,-47.70,-4.61,-4.43,16611648
1944764,0.06,0.97,-0.03,40.99,0.95,6.35,0.03,-0.98,0.26,-41.14,-2.20,-7.02,16613017
1944776,0.06,0.96,-0.04,38.30,1.65,-0.92,0.02,-1.00,0.26,-32.20,-5.31,-9.19,16612577
1944787,0.06,0.95,-0.05,33.57,2.41,-4.55,0.01,-1.02,0.26,-19.44,-6.71,-7.32,16611897
1944800,0.06,0.93,-0.06,27.31,4.21,-5.25,0.02,-1.02,0.25,-9.37,-4.46,-4.27,16608831
1944811,0.05,0.90,-0.09,19.07,3.75,-1.65,0.03,-1.01,0.24,-9.95,-4.09,-3.11,16606649
1944823,0.04,0.88,-0.10,11.54,3.60,2.44,0.03,-1.01,0.24,-9.80,-2.96,-3.60,16610260
1944835,0.04,0.87,-0.11,6.29,3.36,3.66,0.03,-1.00,0.24,-15.47,-4.76,-4.00,16611588
1944847,0.05,0.87,-0.11,2.72,2.93,2.32,0.03,-0.99,0.24,-23.32,-5.89,-3.91,16609011
1944858,0.06,0.88,-0.11,-1.01,2.62,-1.86,0.04,-0.97,0.23,-21.24,-2.56,-2.11,16609084
1944870,0.07,0.89,-0.11,-3.48,2.11,-5.58,0.04,-0.96,0.23,-20.66,0.46,-1.31,16610345
1944882,0.08,0.90,-0.11,-4.97,0.79,-7.45,0.03,-0.96,0.22,-19.17,-1.19,-1.80,16608074
1944893,0.08,0.91,-0.10,-5.52,-0.55,-6.77,0.03,-0.98,0.21,-11.20,0.37,-2.66,16607893
1944905,0.08,0.93,-0.10,-5.77,-1.89,-5.19,0.04,-0.99,0.21,-8.27,-0.73,-3.45,16608841
1944916,0.08,0.94,-0.10,-5.86,-2.78,-3.45,0.04,-0.99,0.20,-6.56,-0.89,-1.62,16609149
1944929,0.07,0.95,-0.10,-6.26,-2.99,-2.84,0.05,-0.98,0.20,-9.98,-1.80,-0.67,16611000
1944940,0.07,0.95,-0.11,-7.84,-3.42,-1.22,0.06,-0.98,0.19,-9.80,2.35,1.31,16610565
1944952,0.06,0.96,-0.11,-8.67,-2.69,-0.89,0.06,-0.98,0.19,-10.16,2.72,2.47,16610135
1944964,0.06,0.97,-0.11,-8.76,-2.20,-0.92,0.05,-0.98,0.19,-7.72,2.96,3.54,16611417
1944976,0.05,0.98,-0.10,-9.58,-1.19,-0.61,0.05,-0.99,0.19,-4.12,3.30,2.26,16610844
1944987,0.05,0.99,-0.10,-9.52,0.18,-0.98,0.04,-1.01,0.19,-1.43,2.66,-0.18,16608227
1944999,0.05,1.00,-0.10,-8.67,0.61,-0.89,0.03,-1.02,0.20,-0.76,1.98,-3.78,16607509
1945011,0.05,1.01,-0.09,-7.90,1.07,-0.85,0.03,-1.01,0.19,0.09,3.45,-3.81,16607228
1945022,0.05,1.02,-0.09,-6.68,0.61,-1.22,0.03,-1.00,0.19,-1.13,2.62,-1.74,16607444
1945034,0.05,1.03,-0.09,-5.89,0.73,-0.95,0.03,-0.99,0.20,-1.34,1.46,0.73,16609551
1945046,0.04,1.03,-0.08,-5.58,1.28,-0.21,0.04,-0.98,0.20,-1.92,2.14,0.73,16609039
1945058,0.04,1.03,-0.08,-5.22,1.68,0.37,0.04,-0.99,0.20,-3.78,1.95,-0.27,16608757
1945069,0.04,1.03,-0.08,-4.67,1.50,0.70,0.04,-0.99,0.19,-2.26,2.11,-0.61,16611610
1945081,0.05,1.03,-0.08,-4.15,1.43,0.76,0.04,-1.00,0.19,0.12,1.13,-0.34,16610188
1945093,0.05,1.03,-0.08,-3.57,1.31,-0.34,0.03,-1.00,0.20,1.68,0.76,-1.59,16608341
1945105,0.05,1.03,-0.08,-2.90,1.56,-1.68,0.03,-1.00,0.20,-0.15,0.21,-3.78,16610759
1945116,0.05,1.03,-0.08,-2.32,1.95,-2.93,0.04,-0.99,0.19,-0.92,1.92,-3.27,16610057
1945128,0.05,1.03,-0.07,-1.80,2.32,-2.78,0.04,-0.97,0.19,-1.46,1.56,-0.21,16607453
1945140,0.05,1.02,-0.08,-1.65,2.72,-3.17,0.04,-0.96,0.19,-2.14,0.92,2.69,16608250
1945151,0.05,1.02,-0.08,-1.34,2.08,-2.23,0.03,-0.96,0.20,-3.39,0.40,1.86,16607689
1945163,0.05,1.01,-0.08,-1.86,1.62,-1.37,0.03,-0.97,0.19,-1.86,1.01,0.82,16609528
1945175,0.05,1.00,-0.08,-2.38,1.92,-0.49,0.03,-0.99,0.19,-0.85,0.73,-1.16,16609586
1945187,0.05,1.00,-0.09,-3.23,2.04,-0.03,0.04,-1.00,0.19,0.82,0.70,-2.35,16608436
1945198,0.04,1.00,-0.09,-3.54,2.66,0.37,0.04,-1.00,0.19,0.43,0.79,-3.39,16606955
1945210,0.04,1.00,-0.09,-3.20,3.72,-0.37,0.04,-1.00,0.19,0.95,0.82,-2.04,16609540
1945222,0.04,1.00,-0.08,-3.23,4.73,-0.34,0.04,-1.00,0.19,0.76,-0.06,-1.25,16612307
1945234,0.04,1.00,-0.08,-3.33,4.73,0.24,0.04,-0.99,0.20,-0.18,-0.21,-0.52,16612341
1945245,0.05,1.00,-0.08,-3.63,4.27,0.79,0.04,-0.99,0.19,-0.58,0.34,0.55,16612698
1945257,0.06,1.00,-0.08,-3.69,3.27,1.07,0.04,-0.99,0.20,-1.25,0.55,-0.15,16609787
1945269,0.06,1.00,-0.08,-4.06,2.20,1.01,0.04,-0.99,0.20,-1.50,0.61,-0.73,16607443
1945280,0.06,1.00,-0.08,-4.30,1.77,0.73,0.03,-0.99,0.20,-1.04,0.64,-1.65,16609155
1945292,0.06,1.00,-0.08,-4.21,2.14,-0.06,0.03,-0.99,0.20,-1.43,-0.34,-1.89,16609421
1945304,0.06,1.00,-0.08,-4.21,2.59,-0.27,0.04,-0.98,0.20,-0.09,-0.09,-1.16,16608533
1945316,0.06,1.01,-0.08,-3.88,2.66,-0.18,0.04,-0.98,0.20,-0.21,0.55,-0.70,16608377
1945327,0.06,1.01,-0.08,-3.51,2.56,0.52,0.04,-0.98,0.19,-0.12,0.79,-0.55,16608047
1945339,0.06,1.01,-0.08,-3.27,2.44,0.70,0.05,-0.99,0.19,-0.15,0.67,-0.52,16606274
1945351,0.06,1.01,-0.08,-3.08,2.32,0.82,0.05,-0.99,0.19,-1.43,0.18,-0.67,16606441
1945363,0.06,1.01,-0.08,-2.99,2.41,0.98,0.05,-0.99,0.19,-0.24,0.85,-0.43,16608168
1945374,0.05,1.02,-0.08,-2.56,3.20,0.79,0.04,-0.99,0.19,1.19,0.31,-0.61,16605678
1945387,0.05,1.02,-0.08,-2.11,4.24,0.49,0.04,-0.99,0.19,1.04,0.70,-1.07,16607854
1945398,0.06,1.02,-0.08,-1.71,4.49,-0.09,0.04,-0.99,0.19,0.43,0.43,-2.04,16609725
1945409,0.06,1.02,-0.08,-1.83,4.03,0.00,0.04,-0.98,0.19,0.52,0.61,-1.56,16608394
1945421,0.07,1.02,-0.08,-1.53,3.48,-0.34,0.04,-0.98,0.19,-0.46,0.21,0.12,16608603
1945433,0.07,1.02,-0.08,-1.77,2.87,-0.92,0.04,-0.97,0.19,-0.06,0.70,0.49,16610463
1945445,0.07,1.01,-0.08,-2.44,2.35,-1.80,0.04,-0.97,0.19,-0.58,0.52,0.24,16608936
1945456,0.07,1.01,-0.08,-2.99,2.23,-2.26,0.03,-0.98,0.20,-2.04,-0.27,-1.31,16606739
1945468,0.07,1.01,-0.09,-3.36,2.14,-2.66,0.03,-0.99,0.20,-2.50,-0.40,-2.38,16608806
1945480,0.07,1.00,-0.09,-3.91,1.68,-2.11,0.03,-0.99,0.20,-1.19,1.07,-1.28,16609449
1945492,0.07,1.00,-0.09,-3.94,1.56,-1.43,0.03,-0.98,0.20,0.18,1.19,0.21,16609308
1945503,0.07,1.00,-0.09,-3.97,0.92,-2.17,0.03,-0.98,0.20,-0.49,0.18,0.24,16608834
1945515,0.07,1.00,-0.09,-4.00,1.01,-2.44,0.04,-0.99,0.20,-1.31,0.73,-1.59,16609434
1945527,0.07,1.00,-0.09,-4.03,1.22,-1.92,0.04,-0.99,0.20,-1.74,0.55,-2.99,16608722
1945538,0.07,1.00,-0.09,-3.81,1.34,-1.83,0.04,-0.99,0.19,0.58,1.98,-1.65,16607194
1945550,0.06,1.01,-0.08,-3.51,1.10,-1.50,0.04,-0.99,0.20,1.37,1.65,-1.22,16607426
1945562,0.06,1.01,-0.08,-2.93,1.50,-1.07,0.04,-0.99,0.19,0.09,1.53,-1.40,16606722
1945574,0.06,1.01,-0.08,-2.35,1.53,-0.12,0.04,-0.99,0.20,-1.07,0.92,-1.86,16607693
1945585,0.06,1.02,-0.08,-1.53,1.46,0.37,0.04,-0.98,0.20,-1.16,-0.09,-0.92,16610158
1945597,0.06,1.02,-0.08,-1.07,1.86,0.27,0.04,-0.98,0.20,-0.95,0.27,-0.89,16609672
1945609,0.06,1.02,-0.08,-0.73,1.65,-0.46,0.04,-0.98,0.20,-1.95,0.09,-0.55,16606228
1945621,0.06,1.02,-0.07,-0.89,1.65,-0.67,0.04,-0.97,0.20,-2.08,0.24,-0.27,16605411
1945632,0.06,1.01,-0.08,-1.31,1.34,-0.67,0.04,-0.98,0.20,0.49,1.65,0.12,16608188
1945644,0.06,1.01,-0.08,-1.95,1.25,-0.95,0.04,-0.98,0.20,-0.24,0.55,-0.52,16609145
1945656,0.06,1.01,-0.08,-2.72,1.86,-1.92,0.04,-0.99,0.20,0.27,1.37,-1.92,16609629
1945667,0.05,1.00,-0.08,-3.36,2.38,-2.38,0.04,-0.99,0.20,-1.01,0.73,-2.14,16611559
1945679,0.05,1.00,-0.08,-3.85,2.47,-2.50,0.04,-0.99,0.20,-1.83,0.58,-1.40,16609054
1945691,0.05,1.00,-0.08,-4.18,2.53,-2.41,0.04,-0.99,0.20,-2.41,-0.31,-0.49,16608088
1945703,0.06,1.00,-0.08,-4.36,2.81,-2.41,0.04,-0.99,0.20,-0.70,-0.15,-0.52,16609812
1945714,0.06,1.00,-0.08,-4.18,2.78,-1.89,0.04,-0.99,0.20,-0.09,0.06,-1.13,16609718
1945726,0.05,1.00,-0.08,-4.33,2.90,-1.28,0.04,-0.99,0.20,0.58,0.18,-1.86,16609263
1945738,0.05,1.01,-0.08,-3.48,3.30,-0.67,0.04,-0.99,0.20,-2.11,-0.64,-2.26,16609046
1945750,0.05,1.01,-0.08,-3.11,3.02,-0.76,0.04,-0.98,0.19,-1.89,0.49,-0.79,16610354
1945761,0.06,1.01,-0.08,-2.78,2.87,-0.31,0.04,-0.97,0.19,-2.04,0.70,-0.37,16609429
1945773,0.06,1.01,-0.08,-2.14,2.08,0.52,0.04,-0.98,0.19,-2.01,0.31,-0.89,16610998
1945785,0.06,1.01,-0.08,-1.89,1.56,0.61,0.04,-0.98,0.19,-2.32,-0.27,-1.77,16608377
1945796,0.06,1.01,-0.08,-2.14,1.56,1.01,0.04,-0.98,0.19,-0.34,1.40,0.15,16607852
1945808,0.06,1.01,-0.08,-2.38,1.98,0.21,0.04,-0.98,0.19,1.13,1.46,1.59,16610155
1945820,0.06,1.01,-0.08,-2.41,2.32,-0.73,0.04,-0.98,0.20,-0.03,-0.24,1.40,16610168
1945832,0.06,1.01,-0.08,-2.47,2.35,-1.68,0.04,-0.99,0.19,-1.25,0.12,-0.55,16609612
1945843,0.07,1.01,-0.08,-2.53,1.98,-2.08,0.04,-1.00,0.19,0.49,1.22,-1.59,16611798
1945856,0.07,1.02,-0.08,-1.89,1.50,-1.62,0.04,-1.00,0.20,1.37,0.61,-2.17,16612967
1945867,0.07,1.02,-0.08,-1.80,1.28,-1.89,0.04,-1.00,0.20,-0.67,0.64,-2.87,16610398
1945879,0.06,1.02,-0.08,-1.80,1.71,-1.89,0.04,-0.99,0.20,-0.03,0.95,-1.68,16605709
1945890,0.06,1.02,-0.08,-1.46,2.11,-1.77,0.04,-0.98,0.20,0.98,1.59,0.46,16607674
1945902,0.06,1.02,-0.08,-1.37,2.50,-2.23,0.04,-0.97,0.20,-1.28,0.82,0.67,16609223
1945914,0.06,1.01,-0.08,-1.01,2.17,-2.32,0.04,-0.98,0.20,-2.29,0.64,-0.24,16607752
1945925,0.06,1.01,-0.08,-0.82,1.92,-2.08,0.04,-0.99,0.20,-0.43,0.79,-1.92,16607426
1945937,0.06,1.01,-0.08,-1.07,1.71,-1.56,0.04,-0.99,0.20,0.15,-0.12,-2.11,16608685
1945949,0.06,1.01,-0.08,-0.95,1.40,-0.73,0.04,-1.00,0.20,0.40,0.67,-2.04,16609608
1945961,0.06,1.01,-0.08,-0.64,0.76,-0.15,0.04,-0.99,0.20,-0.46,0.82,-1.22,16608735
1945972,0.06,1.00,-0.08,-1.43,1.16,-0.21,0.04,-0.98,0.20,-0.85,1.04,1.56,16609314
1945985,0.06,1.00,-0.08,-1.92,1.34,-1.04,0.05,-0.98,0.20,-0.31,1.83,3.23,16609674
1945996,0.06,1.00,-0.08,-2.78,1.74,-0.49,0.04,-0.97,0.20,-0.64,1.28,3.45,16606346
1946008,0.06,1.00,-0.08,-2.99,1.50,-0.82,0.04,-0.98,0.20,0.67,1.25,2.20,16606257
1946019,0.06,1.00,-0.08,-2.90,1.16,0.49,0.04,-0.98,0.20,-0.21,0.37,1.01,16607742
1946031,0.06,1.00,-0.08,-2.81,0.82,0.67,0.03,-0.99,0.20,-0.82,-0.58,-0.52,16607660
1946043,0.06,1.01,-0.08,-2.20,1.53,0.40,0.04,-0.99,0.20,0.21,0.12,-1.25,16608740
1946054,0.06,1.01,-0.08,-1.86,2.11,0.15,0.04,-0.99,0.19,-0.03,1.80,-0.58,16608825
1946066,0.05,1.01,-0.08,-2.17,2.93,0.46,0.04,-0.99,0.19,-0.70,2.26,0.64,16608844
1946078,0.05,1.01,-0.08,-2.62,3.14,1.34,0.04,-0.98,0.19,-0.09,2.50,1.65,16608697
1946090,0.06,1.01,-0.08,-2.78,2.75,1.50,0.04,-0.98,0.20,0.12,3.54,2.59,16608274
1946101,0.06,1.01,-0.08,-2.44,2.53,0.18,0.04,-0.98,0.20,0.12,3.39,1.86,16608367
1946114,0.06,1.01,-0.08,-2.66,2.62,-0.67,0.03,-0.99,0.21,0.24,1.13,-0.49,16609459
1946125,0.06,1.02,-0.08,-2.53,3.30,-1.22,0.02,-0.99,0.21,-0.52,-0.92,-2.41,16609530
1946136,0.06,1.02,-0.08,-2.35,3.27,-1.25,0.02,-0.99,0.21,-0.85,-0.06,-3.05,16609981
1946148,0.06,1.02,-0.08,-1.98,2.90,-1.74,0.03,-0.99,0.21,-0.46,0.27,-2.08,16611871
1946160,0.06,1.02,-0.07,-1.46,2.75,-2.01,0.03,-0.99,0.20,0.03,0.46,-0.61,16612824
1946172,0.07,1.02,-0.08,-1.25,2.56,-2.38,0.04,-0.99,0.20,0.58,1.19,-0.15,16610193
1946183,0.07,1.02,-0.08,-0.64,2.26,-2.81,0.04,-0.99,0.20,0.89,2.01,-1.34,16609283
1946195,0.07,1.02,-0.08,-0.24,2.11,-2.81,0.04,-0.98,0.21,-0.15,1.16,0.15,16610725
1946207,0.06,1.01,-0.08,-0.06,2.08,-2.01,0.04,-0.98,0.20,0.24,1.56,0.89,16609743
1946219,0.06,1.01,-0.08,-0.61,2.32,-0.85,0.04,-0.98,0.20,-0.18,1.13,0.40,16607561
1946230,0.06,1.00,-0.09,-1.25,2.66,0.55,0.04,-0.99,0.20,-0.37,-0.58,-1.89,16610088
1946243,0.06,1.00,-0.09,-1.86,2.59,0.92,0.03,-0.99,0.21,-1.65,-1.19,-3.78,16611661
1946254,0.06,1.00,-0.09,-2.44,2.44,1.19,0.03,-0.99,0.20,-1.46,-0.70,-2.90,16611825
1946265,0.06,1.00,-0.09,-2.99,2.50,0.79,0.04,-0.99,0.20,1.25,0.37,-0.34,16611785
1946277,0.07,1.00,-0.08,-3.08,1.98,-0.21,0.04,-0.98,0.20,0.89,1.71,0.06,16612588
1946289,0.07,1.00,-0.08,-3.02,1.07,-1.40,0.04,-0.98,0.20,-0.76,2.17,-1.07,16609342
1946301,0.07,1.00,-0.08,-3.14,1.16,-2.93,0.04,-0.97,0.20,-2.96,0.03,-0.09,16609185
1946312,0.07,1.01,-0.08,-3.45,1.01,-3.97,0.04,-0.98,0.20,-1.07,0.76,-0.58,16609380
1946324,0.07,1.01,-0.08,-3.14,0.92,-3.81,0.04,-0.98,0.20,-0.31,0.49,-0.64,16609875
1946336,0.06,1.01,-0.08,-2.93,1.37,-3.81,0.04,-0.98,0.20,0.46,0.89,-1.04,16608114
1946348,0.06,1.01,-0.08,-2.87,2.04,-3.14,0.04,-0.98,0.20,-0.95,-0.09,-0.43,16607875
1946359,0.05,1.01,-0.08,-2.75,2.72,-1.74,0.04,-0.98,0.20,-1.37,0.61,-1.01,16608423
1946372,0.05,1.01,-0.08,-2.44,2.99,-0.98,0.04,-0.98,0.20,-0.67,1.80,-0.79,16610355
1946383,0.05,1.01,-0.08,-2.81,3.30,-0.15,0.04,-0.99,0.20,-0.85,1.16,-0.40,16609420
1946394,0.06,1.01,-0.08,-2.72,3.17,0.21,0.04,-0.98,0.20,-1.01,0.58,0.12,16609146
1946406,0.06,1.01,-0.08,-2.32,2.59,0.21,0.04,-0.98,0.20,0.31,0.82,1.16,16610227
1946418,0.07,1.01,-0.08,-2.04,2.14,0.27,0.03,-0.98,0.21,-0.85,0.34,0.67,16609863
1946430,0.07,1.01,-0.08,-2.23,1.80,-0.70,0.03,-0.98,0.20,-1.31,0.58,-0.76,16608773
1946441,0.07,1.01,-0.08,-2.11,1.46,-1.62,0.03,-0.99,0.20,-1.59,0.79,-1.92,16607511
1946454,0.07,1.01,-0.08,-2.01,1.56,-2.53,0.03,-0.99,0.20,-2.04,0.61,-1.19,16607900
1946465,0.07,1.01,-0.08,-1.89,1.53,-3.02,0.04,-0.99,0.20,-0.82,1.40,-0.40,16610787
1946477,0.07,1.01,-0.08,-2.14,1.56,-2.26,0.04,-0.99,0.20,1.31,1.40,-0.34,16611661
1946488,0.06,1.00,-0.08,-2.62,1.43,-0.82,0.03,-0.99,0.21,-0.12,0.34,-0.24,16610952
1946500,0.06,1.00,-0.08,-3.11,1.31,0.55,0.04,-0.99,0.21,-1.04,0.85,-1.13,16607253
1946512,0.06,1.00,-0.09,-3.23,1.59,0.49,0.04,-0.98,0.20,-1.19,1.16,-0.95,16608054
1946523,0.06,1.00,-0.08,-3.27,2.26,-0.37,0.04,-0.98,0.21,-1.68,0.76,0.15,16609706
1946535,0.05,1.01,-0.08,-2.66,2.96,-2.20,0.04,-0.98,0.20,-0.82,0.92,-0.21,16612612
1946547,0.05,1.01,-0.08,-2.59,3.30,-2.41,0.04,-0.98,0.20,-1.37,0.18,-1.50,16614519
1946559,0.05,1.01,-0.08,-2.14,3.60,-1.25,0.04,-0.99,0.20,-0.82,0.49,-2.50,16611660
1946570,0.05,1.01,-0.08,-2.50,3.63,0.12,0.04,-0.98,0.20,-0.37,0.85,-0.89,16607636
1946583,0.06,1.01,-0.07,-3.69,4.03,-0.03,0.04,-0.98,0.20,1.13,1.31,0.95,16607039
1946594,0.06,1.00,-0.08,-5.31,4.79,-1.68,0.03,-0.99,0.20,0.98,0.70,0.27,16608872
1946606,0.06,1.01,-0.08,-6.68,4.85,-3.33,0.03,-0.99,0.21,-0.67,0.46,-1.43,16610907
1946617,0.06,1.01,-0.08,-7.32,4.61,-6.62,0.03,-0.99,0.21,-1.46,0.12,-1.80,16609570
1946630,0.06,1.01,-0.08,-8.18,4.52,-8.58,0.03,-0.98,0.21,-1.68,0.15,-1.37,16609166
1946641,0.06,1.02,-0.08,-8.39,4.46,-10.25,0.03,-0.97,0.21,-4.64,-0.46,-2.20,16609265
1946652,0.07,1.02,-0.07,-8.12,4.61,-13.06,0.03,-0.97,0.21,-3.57,-0.95,-3.88,16609711
1946664,0.07,1.02,-0.07,-7.72,4.03,-14.89,0.03,-0.96,0.21,-2.08,-0.89,-0.58,16610224
1946676,0.07,1.02,-0.07,-6.26,2.87,-15.29,0.03,-0.97,0.20,-2.53,-0.67,-1.46,16609652
1946688,0.07,1.02,-0.08,-4.76,1.25,-12.18,0.03,-0.98,0.20,0.70,1.89,-0.21,16611474
1946699,0.06,1.02,-0.08,-3.63,0.98,-8.61,0.03,-0.98,0.20,-1.43,-1.19,1.37,16609797
1946712,0.05,1.02,-0.08,-2.08,0.79,-4.55,0.03,-1.00,0.20,-2.04,-0.03,0.76,16609997
1946723,0.05,1.01,-0.08,-1.31,0.95,-1.01,0.04,-1.01,0.19,-2.26,0.79,-0.55,16607969
1946735,0.04,1.01,-0.07,-0.58,1.77,2.23,0.04,-1.01,0.20,-1.65,1.01,-0.27,16607295
1946746,0.04,1.00,-0.07,-0.89,2.62,4.03,0.04,-1.00,0.20,-1.22,1.16,1.22,16609726
1946758,0.04,0.99,-0.07,-1.28,2.84,4.27,0.04,-0.99,0.20,-1.50,1.77,1.10,16609385
1946770,0.04,0.99,-0.07,-1.86,2.56,5.19,0.04,-0.98,0.20,-2.72,1.98,0.00,16608911
1946781,0.05,1.00,-0.07,-2.32,2.41,3.78,0.03,-0.97,0.20,-2.69,0.89,0.12,16611617
1946793,0.05,1.00,-0.06,-2.56,1.50,2.20,0.03,-0.96,0.20,-1.89,1.31,-1.13,16610004
1946805,0.06,1.01,-0.06,-3.36,1.13,-1.04,0.03,-0.96,0.20,-0.92,1.83,-0.43,16611151
1946817,0.06,1.01,-0.06,-3.33,1.19,-5.40,0.03,-0.97,0.20,-1.65,0.55,-0.37,16610972
1946828,0.06,1.02,-0.06,-2.96,1.71,-8.82,0.03,-0.98,0.20,-1.50,0.95,-0.95,16611411
1946841,0.05,1.02,-0.06,-3.23,2.62,-9.95,0.03,-0.99,0.21,-2.26,0.49,-0.18,16611934
1946852,0.04,1.02,-0.06,-3.48,3.78,-8.33,0.03,-0.99,0.21,-2.99,-0.18,0.58,16609499
1946864,0.03,1.02,-0.07,-3.75,4.97,-5.46,0.03,-1.00,0.20,-2.32,0.27,0.00,16609977
1946875,0.03,1.02,-0.07,-4.00,5.37,-3.51,0.04,-1.01,0.20,-1.62,0.70,-1.04,16611311
1946887,0.03,1.02,-0.07,-3.20,5.49,-1.92,0.04,-1.01,0.20,-1.25,0.09,-1.83,16609978
1946899,0.03,1.01,-0.07,-2.47,5.86,-0.79,0.04,-1.01,0.20,-0.49,-0.06,-1.46,16609586
1946910,0.03,1.01,-0.07,-1.95,5.89,0.58,0.04,-1.00,0.20,0.55,-0.06,-1.31,16609378
1946923,0.03,1.01,-0.07,-1.28,6.10,0.21,0.04,-1.00,0.20,1.07,-0.24,-1.65,16609032
1946934,0.04,1.01,-0.07,-0.92,6.20,-0.76,0.04,-0.99,0.20,-0.12,-0.06,-1.71,16610802
1946946,0.04,1.01,-0.07,-1.25,6.07,-2.11,0.04,-0.98,0.20,-0.79,0.27,-1.37,16607406
1946957,0.05,1.01,-0.07,-1.71,5.58,-2.47,0.04,-0.98,0.20,-1.04,1.19,0.00,16608885
1946970,0.05,1.01,-0.07,-1.86,4.39,-3.17,0.04,-0.97,0.20,-1.89,3.36,0.70,16611654
1946981,0.05,1.01,-0.07,-2.14,3.60,-3.42,0.04,-0.97,0.20,-1.77,2.20,0.73,16610019
1946993,0.05,1.00,-0.08,-3.02,3.30,-3.39,0.04,-0.98,0.20,-0.55,1.22,0.46,16610220
1947004,0.05,1.00,-0.08,-4.06,3.05,-3.17,0.03,-0.98,0.21,-1.98,-1.22,-0.49,16610627
1947016,0.05,1.00,-0.08,-4.36,2.84,-3.05,0.03,-0.99,0.21,-1.10,-0.82,-1.83,16608633
1947028,0.05,1.01,-0.08,-3.97,2.56,-2.23,0.03,-0.99,0.21,-2.14,-1.07,-1.83,16611321
1947039,0.05,1.01,-0.08,-3.81,1.95,-1.56,0.04,-0.98,0.20,-0.61,-0.27,-0.43,16612880
1947052,0.05,1.01,-0.08,-3.27,1.22,-1.13,0.04,-0.99,0.20,-1.34,1.22,-1.10,16613299
1947063,0.05,1.02,-0.08,-2.50,1.07,-1.43,0.04,-0.99,0.19,-1.74,2.23,-0.98,16609288
1947075,0.05,1.02,-0.07,-2.56,1.56,-1.71,0.04,-0.99,0.19,-1.34,1.07,-1.62,16606314
1947086,0.05,1.02,-0.07,-2.23,1.80,-2.04,0.03,-0.99,0.19,-0.21,1.34,-1.40,16608267
1947099,0.05,1.02,-0.07,-2.08,2.01,-1.89,0.03,-0.98,0.19,-0.79,0.98,-0.21,16608896
1947110,0.05,1.02,-0.07,-1.50,2.26,-1.31,0.03,-0.98,0.19,0.27,1.46,0.46,16612942
1947121,0.05,1.02,-0.06,-0.92,2.72,-0.98,0.03,-0.98,0.19,-0.27,1.31,-0.49,16612981
1947133,0.05,1.02,-0.06,-0.67,3.08,-1.46,0.02,-0.98,0.20,-2.29,0.46,-1.43,16611249
1947145,0.05,1.02,-0.06,-0.40,3.27,-1.98,0.02,-0.98,0.20,-1.46,0.27,-1.71,16611167
1947157,0.06,1.02,-0.06,-0.06,3.20,-2.93,0.02,-0.98,0.20,0.27,1.37,-0.82,16609718
1947168,0.06,1.01,-0.06,0.37,3.08,-2.50,0.02,-0.97,0.20,0.21,1.43,0.46,16606689
1947181,0.05,1.01,-0.06,0.12,3.14,-1.95,0.02,-0.97,0.20,-0.95,1.46,0.52,16609864
1947192,0.05,1.01,-0.07,0.31,2.72,-0.37,0.02,-0.98,0.21,-1.34,1.19,-0.06,16610341
1947204,0.05,1.00,-0.07,0.09,2.17,1.16,0.02,-0.98,0.21,-1.68,0.55,0.12,16609228
1947215,0.05,1.00,-0.07,-0.09,1.98,1.25,0.03,-0.98,0.21,-1.40,1.01,0.98,16607476
1947228,0.05,0.99,-0.07,-0.67,2.47,0.58,0.03,-0.99,0.20,-1.34,1.01,0.18,16608277
1947239,0.05,0.99,-0.07,-1.28,2.99,-0.06,0.03,-1.00,0.20,-2.01,0.52,-2.01,16607503
1947250,0.05,0.99,-0.08,-2.84,3.39,-0.12,0.03,-1.00,0.20,-1.89,0.27,-2.35,16607442
1947262,0.04,0.99,-0.08,-3.45,3.14,0.98,0.04,-1.00,0.20,-0.92,0.98,-1.89,16608673
1947274,0.04,0.99,-0.08,-4.36,2.62,2.20,0.04,-0.99,0.20,-0.43,-1.16,-0.76,16608360
1947286,0.05,0.99,-0.08,-4.55,1.40,2.75,0.04,-0.99,0.20,0.37,-0.79,0.06,16609700
1947297,0.05,1.00,-0.08,-4.18,0.95,1.83,0.05,-0.99,0.20,-0.06,1.34,-0.73,16608416
1947310,0.05,1.01,-0.08,-3.57,0.79,1.10,0.04,-0.99,0.20,-0.40,1.07,-2.62,16604275
1947321,0.05,1.01,-0.07,-3.45,0.79,-0.12,0.05,-0.99,0.19,-0.37,1.53,-3.23,16603582
1947333,0.04,1.02,-0.07,-3.14,1.43,-1.37,0.05,-0.99,0.20,-0.15,0.79,-1.10,16607266
1947344,0.04,1.02,-0.07,-2.62,1.95,-2.08,0.04,-0.99,0.20,0.58,0.46,-0.79,16609872
1947357,0.04,1.02,-0.07,-1.95,1.86,-2.53,0.04,-0.99,0.20,-0.92,0.12,-1.59,16610392
1947368,0.04,1.03,-0.07,-1.28,1.86,-2.87,0.04,-0.98,0.20,-0.95,0.09,-0.92,16609034
1947379,0.04,1.03,-0.07,-1.13,2.11,-2.32,0.04,-0.97,0.20,0.43,0.89,1.43,16608916
1947392,0.04,1.02,-0.07,-1.34,2.01,-2.14,0.03,-0.97,0.20,0.70,0.64,2.14,16606426
1947403,0.04,1.02,-0.07,-1.86,2.56,-1.37,0.03,-0.98,0.20,1.13,0.61,0.55,16607393
1947415,0.04,1.01,-0.07,-2.41,2.84,-1.25,0.02,-0.99,0.20,-1.22,-0.15,-3.39,16611848
1947426,0.04,1.01,-0.07,-1.71,3.14,-1.62,0.03,-0.99,0.20,-2.90,-0.27,-4.33,16610742
1947439,0.04,1.01,-0.07,-0.70,3.02,-2.50,0.03,-0.99,0.21,-1.62,-0.85,-2.99,16609380
1947450,0.05,1.01,-0.07,-0.03,2.50,-2.01,0.03,-0.98,0.20,0.61,0.40,-0.03,16610338
1947462,0.05,1.01,-0.07,0.27,2.01,-1.37,0.03,-0.98,0.20,0.12,0.76,0.21,16607556
1947473,0.05,1.01,-0.07,0.09,1.62,-0.89,0.03,-0.97,0.20,-1.04,0.82,0.18,16605982
1947485,0.05,1.00,-0.08,-0.40,1.53,0.03,0.03,-0.97,0.20,-1.89,0.52,0.85,16608840
1947497,0.04,0.99,-0.08,-2.01,1.89,0.49,0.03,-0.97,0.20,-1.31,1.13,1.95,16610461
1947508,0.04,0.99,-0.08,-3.78,2.62,0.49,0.03,-0.97,0.20,-2.29,0.24,0.73,16609338
1947521,0.04,0.99,-0.08,-5.37,3.42,-0.06,0.03,-0.98,0.20,-3.51,0.40,-1.25,16611125
1947532,0.05,0.99,-0.08,-6.04,3.36,-1.07,0.03,-0.98,0.20,-2.53,-0.18,-1.77,16609520
1947544,0.05,1.00,-0.08,-6.04,2.96,-1.86,0.04,-0.98,0.20,-1.83,-0.24,-0.46,16608905
1947555,0.05,1.00,-0.08,-5.86,2.81,-2.84,0.04,-0.99,0.20,-0.03,0.52,0.31,16607161
1947568,0.05,1.01,-0.08,-5.40,2.44,-3.36,0.04,-0.99,0.20,-1.13,-0.40,-0.15,16607214
1947579,0.05,1.01,-0.07,-4.49,1.89,-3.17,0.04,-0.99,0.20,-2.35,0.37,-1.43,16609894
1947591,0.05,1.02,-0.07,-3.27,1.77,-2.47,0.04,-0.99,0.20,-3.20,0.34,-1.56,16610369
1947602,0.05,1.03,-0.07,-1.50,1.68,-1.50,0.04,-0.98,0.20,-2.44,0.70,0.67,16609487
1947614,0.05,1.03,-0.07,-0.21,1.37,0.40,0.04,-0.98,0.20,0.49,1.80,2.78,16609441
1947626,0.05,1.03,-0.06,0.58,1.19,1.16,0.04,-0.98,0.20,1.16,1.77,1.34,16610474
1947637,0.05,1.03,-0.07,1.13,0.92,1.46,0.03,-0.99,0.20,-1.01,1.50,-0.06,16611835
1947650,0.05,1.02,-0.07,0.55,1.22,1.59,0.03,-0.99,0.21,-2.29,0.00,-0.43,16611209
1947661,0.05,1.01,-0.07,-0.46,1.62,2.11,0.03,-0.99,0.21,-2.41,-0.55,-0.46,16612766
1947673,0.04,1.01,-0.08,-1.59,2.17,1.68,0.03,-0.99,0.20,-1.80,-0.43,-0.76,16611253
1947684,0.04,1.00,-0.08,-2.62,2.53,0.18,0.03,-0.99,0.20,-1.04,0.15,-1.34,16611627
1947697,0.05,1.01,-0.08,-2.84,2.87,-1.43,0.03,-0.99,0.20,-0.67,0.46,-0.52,16609620
1947708,0.05,1.01,-0.08,-2.96,2.50,-2.87,0.03,-0.99,0.20,-0.70,0.46,-0.64,16606805
1947720,0.06,1.01,-0.08,-2.62,1.62,-3.69,0.03,-0.99,0.20,-1.37,0.61,-1.25,16610861
1947731,0.06,1.01,-0.07,-2.20,0.95,-4.15,0.03,-0.98,0.20,-2.93,-0.27,-0.92,16612702
1947743,0.06,1.01,-0.07,-1.71,0.15,-4.03,0.03,-0.98,0.20,-2.90,0.64,-1.40,16608666
1947755,0.06,1.01,-0.07,-1.34,0.15,-2.81,0.03,-0.98,0.19,-1.10,1.04,-0.12,16607854
1947766,0.05,1.01,-0.07,-1.40,0.12,-1.13,0.03,-0.98,0.19,-0.12,1.10,0.82,16607043
1947779,0.05,1.00,-0.07,-1.59,0.15,-0.06,0.03,-0.98,0.19,-0.46,0.79,-0.52,16608650
1947790,0.04,1.00,-0.07,-2.01,0.31,0.79,0.03,-0.99,0.20,-1.22,0.49,-2.35,16611202
1947802,0.04,1.00,-0.07,-2.59,0.85,0.92,0.03,-0.99,0.20,-0.55,1.13,-1.10,16608445
1947813,0.04,1.00,-0.07,-3.08,1.74,0.21,0.03,-0.98,0.20,0.09,1.68,1.01,16608582
1947826,0.03,1.00,-0.07,-3.27,2.44,-0.24,0.03,-0.98,0.20,0.31,1.04,1.22,16612345
1947837,0.03,1.01,-0.07,-3.36,3.23,-0.64,0.03,-0.98,0.20,-0.34,0.58,0.70,16611845
1947849,0.04,1.01,-0.07,-2.72,2.90,-1.01,0.02,-0.98,0.20,-1.80,0.24,-0.40,16610954
1947860,0.04,1.02,-0.07,-2.32,2.20,-1.40,0.02,-0.99,0.20,-2.17,0.00,-1.31,16607456
1947872,0.05,1.02,-0.07,-1.65,1.92,-2.04,0.02,-0.99,0.20,-1.19,0.52,-1.59,16608647
1947884,0.05,1.02,-0.07,-1.13,1.68,-1.98,0.03,-0.99,0.20,-2.87,-0.24,-1.65,16610955
1947895,0.05,1.02,-0.07,-0.52,1.56,-1.77,0.03,-0.98,0.20,-4.06,0.43,-1.86,16611682
1947908,0.05,1.03,-0.07,0.15,1.53,-2.23,0.03,-0.98,0.20,-3.60,0.12,-1.71,16610352
1947919,0.04,1.03,-0.07,0.64,2.38,-2.93,0.03,-0.98,0.20,-0.73,2.41,0.98,16609089
1947931,0.04,1.03,-0.07,1.28,3.02,-2.66,0.03,-0.98,0.20,-2.93,0.64,1.22,16610135
1947942,0.04,1.03,-0.07,1.74,3.11,-1.77,0.03,-0.98,0.20,-3.42,1.16,0.98,16610288
1947955,0.05,1.03,-0.07,2.72,2.62,-0.76,0.03,-0.98,0.19,-5.83,2.23,-0.55,16610803
1947966,0.05,1.03,-0.07,4.06,2.11,-0.03,0.03,-0.98,0.19,-6.59,2.44,-0.12,16610545
1947978,0.05,1.04,-0.08,5.52,2.26,-0.24,0.03,-0.98,0.20,-6.96,2.01,-0.31,16610071
1947990,0.05,1.04,-0.08,7.20,2.20,-0.92,0.02,-0.98,0.20,-10.31,1.31,-0.73,16608602
1948001,0.05,1.05,-0.08,9.37,2.26,-0.70,0.02,-0.97,0.20,-13.24,1.25,-0.15,16609235
1948013,0.06,1.06,-0.08,12.82,2.17,-1.40,0.02,-0.96,0.20,-15.20,1.62,1.83,16610118
1948024,0.06,1.07,-0.07,18.04,1.28,-1.01,0.01,-0.95,0.21,-20.63,-1.07,5.19,16610366
1948037,0.06,1.09,-0.07,24.35,0.21,-0.09,0.01,-0.94,0.21,-31.04,-0.15,4.30,16611024
1948048,0.06,1.11,-0.07,31.01,-0.89,1.43,0.02,-0.93,0.19,-42.45,4.24,3.94,16608068
1948060,0.06,1.11,-0.07,36.87,-0.98,3.48,0.02,-0.92,0.19,-64.73,5.52,0.00,16608472
1948071,0.05,1.12,-0.07,42.39,-0.73,8.39,0.02,-0.91,0.18,-86.52,3.75,-2.59,16611258
1948084,0.05,1.13,-0.08,49.13,-0.37,11.35,0.02,-0.92,0.17,-107.27,1.98,-8.36,16612365
1948095,0.05,1.14,-0.08,55.91,-0.98,14.37,0.03,-0.96,0.14,-108.52,-1.07,-13.03,16611886
1948107,0.05,1.14,-0.08,62.32,-0.27,15.47,0.04,-1.02,0.10,-116.36,15.72,-21.91,16611688
1948119,0.05,1.14,-0.09,68.15,0.34,16.17,0.03,-1.05,0.09,-112.12,1.25,-29.91,16610023
1948130,0.05,1.13,-0.10,72.30,0.98,15.93,0.03,-1.06,0.08,-121.89,-8.33,-51.82,16609766
1948142,0.05,1.11,-0.11,74.07,3.81,11.93,0.05,-1.03,0.05,-116.88,12.45,-35.10,16609178
1948153,0.05,1.10,-0.11,78.43,6.07,7.20,0.06,-0.97,0.04,-121.95,15.26,-34.48,16610225
1948166,0.04,1.08,-0.13,78.19,8.27,5.10,0.06,-0.91,0.03,-131.20,11.75,-27.77,16609884
1948177,0.04,1.06,-0.15,76.97,11.63,1.50,0.07,-0.87,0.01,-131.04,9.58,-17.12,16606325
1948189,0.04,1.03,-0.18,75.26,11.17,1.10,0.08,-0.88,-0.04,-113.62,15.99,-6.13,16608494
1948200,0.05,1.00,-0.19,74.22,8.48,3.57,0.07,-0.94,-0.07,-88.10,11.08,-0.73,16608452
1948213,0.06,0.97,-0.22,71.44,11.60,-1.07,0.05,-1.03,-0.09,-67.20,7.93,-7.72,16609206
1948224,0.06,0.95,-0.23,66.59,12.57,0.15,0.04,-1.07,-0.09,-73.85,-3.17,-21.55,16609114
1948236,0.05,0.93,-0.25,64.70,12.21,3.02,0.05,-1.08,-0.11,-78.89,-3.11,-28.47,16607699
1948248,0.05,0.90,-0.27,61.65,11.41,8.09,0.09,-1.10,-0.19,-50.54,20.11,-38.12,16609249
1948259,0.05,0.87,-0.29,57.37,10.13,14.04,0.09,-1.08,-0.19,-71.20,13.98,-46.14,16610257
1948271,0.06,0.83,-0.31,52.49,9.16,17.64,0.10,-1.05,-0.19,-76.32,12.88,-43.55,16612353
1948282,0.07,0.79,-0.32,46.05,8.85,18.49,0.10,-1.01,-0.19,-74.43,10.16,-36.19,16610573
1948295,0.07,0.75,-0.34,38.24,9.25,18.80,0.10,-0.99,-0.20,-63.14,9.09,-26.67,16609020
1948306,0.08,0.73,-0.36,29.17,8.39,19.38,0.10,-1.00,-0.21,-46.36,7.11,-21.58,16609971
1948318,0.09,0.72,-0.38,21.39,9.37,15.72,0.09,-1.00,-0.21,-30.46,2.69,-16.69,16607367
1948329,0.11,0.72,-0.39,16.88,8.06,9.98,0.08,-0.99,-0.20,-28.35,-2.23,-21.24,16609299
1948342,0.14,0.74,-0.38,12.82,4.52,2.93,0.09,-0.93,-0.20,-37.90,-8.76,-18.13,16612472
1948353,0.16,0.77,-0.38,10.38,1.43,-2.38,0.11,-0.88,-0.21,-50.14,-10.38,-13.55,16614293
1948364,0.15,0.79,-0.39,7.60,-0.55,-4.00,0.14,-0.86,-0.23,-44.13,-3.88,-7.35,16614300
1948377,0.14,0.81,-0.39,6.93,-1.13,-4.36,0.16,-0.87,-0.26,-29.27,1.16,-0.24,16612717
1948388,0.14,0.84,-0.39,7.87,-1.74,-1.65,0.16,-0.90,-0.27,-19.13,1.28,3.11,16610687
1948400,0.12,0.86,-0.39,8.54,-2.32,3.02,0.15,-0.90,-0.27,-19.13,-1.34,3.88,16609502
1948411,0.12,0.88,-0.39,10.41,-1.34,5.98,0.15,-0.89,-0.28,-16.02,-1.25,7.78,16608764
1948424,0.11,0.90,-0.39,12.36,-0.95,5.71,0.15,-0.90,-0.29,-5.65,1.80,12.05,16610043
1948435,0.11,0.91,-0.39,13.40,-0.18,3.66,0.14,-0.93,-0.29,-2.38,0.55,9.86,16610569
1948447,0.11,0.91,-0.40,12.21,1.25,2.59,0.14,-0.94,-0.29,-7.66,1.86,4.15,16610593
1948459,0.10,0.90,-0.41,10.19,3.11,2.38,0.14,-0.95,-0.30,-12.27,4.55,-1.65,16608691
1948471,0.10,0.89,-0.43,7.72,3.54,3.94,0.13,-0.95,-0.30,-12.42,3.72,-1.22,16607329
1948482,0.09,0.89,-0.44,5.65,4.27,4.49,0.13,-0.93,-0.29,-13.12,2.23,3.45,16610428
1948493,0.10,0.89,-0.44,4.46,4.33,3.54,0.13,-0.92,-0.29,-8.12,3.94,6.90,16611665
1948506,0.11,0.88,-0.43,3.11,4.06,2.20,0.13,-0.94,-0.29,0.09,4.00,7.93,16610276
1948517,0.12,0.88,-0.43,1.65,2.69,1.13,0.12,-0.96,-0.29,3.60,2.35,3.97,16610655
1948529,0.13,0.87,-0.43,-1.16,1.53,0.03,0.11,-0.98,-0.28,9.28,0.73,2.90,16610703
1948540,0.13,0.86,-0.43,-3.91,-0.03,-1.04,0.11,-0.99,-0.29,13.40,0.15,0.67,16607109
1948553,0.14,0.85,-0.43,-6.23,-0.70,-4.15,0.11,-0.99,-0.29,10.16,-1.71,-1.98,16607701
1948564,0.14,0.85,-0.43,-8.58,-1.71,-6.50,0.12,-0.95,-0.30,2.99,-1.22,-2.17,16609633
1948576,0.13,0.84,-0.43,-11.54,-1.71,-6.96,0.12,-0.92,-0.30,-0.82,0.09,0.76,16609249
1948588,0.12,0.84,-0.42,-13.40,-1.50,-6.96,0.12,-0.91,-0.30,-0.58,-0.40,4.30,16608980
1948599,0.11,0.85,-0.42,-14.62,-1.19,-5.80,0.12,-0.91,-0.29,3.42,-0.37,4.30,16610732
1948611,0.10,0.86,-0.41,-15.11,-0.40,-4.82,0.12,-0.93,-0.29,9.16,-1.46,2.75,16613666
1948622,0.10,0.86,-0.41,-15.17,0.00,-5.49,0.12,-0.95,-0.30,16.88,-1.28,0.85,16611694
1948635,0.10,0.87,-0.40,-16.14,0.85,-7.02,0.12,-0.96,-0.30,21.70,-1.10,0.09,16610207
1948646,0.10,0.87,-0.40,-17.55,1.95,-8.30,0.12,-0.93,-0.29,14.95,-3.88,2.11,16607496
1948658,0.09,0.87,-0.41,-19.65,2.69,-8.21,0.12,-0.90,-0.29,6.65,-2.17,5.46,16607888
1948669,0.09,0.86,-0.41,-21.33,3.81,-7.05,0.12,-0.89,-0.28,6.04,-1.31,7.48,16608872
1948682,0.09,0.86,-0.40,-21.58,4.64,-6.87,0.12,-0.90,-0.27,4.27,-3.48,9.19,16608810
1948693,0.09,0.87,-0.39,-21.06,4.24,-5.34,0.11,-0.92,-0.27,9.52,-1.77,6.59,16609565
1948705,0.10,0.88,-0.38,-20.39,3.75,-4.55,0.11,-0.94,-0.27,11.14,-3.88,5.19,16609997
1948717,0.10,0.89,-0.38,-21.06,3.33,-3.30,0.11,-0.96,-0.27,18.71,-2.20,4.39,16612282
1948728,0.10,0.89,-0.38,-22.37,3.39,-3.02,0.10,-0.97,-0.27,22.58,-4.39,4.21,16611832
1948740,0.11,0.90,-0.39,-23.38,2.96,-2.99,0.10,-0.98,-0.27,32.17,-3.48,6.56,16610627
1948751,0.11,0.90,-0.39,-23.90,2.20,-3.08,0.10,-0.96,-0.26,26.76,-6.53,8.30,16609899
1948764,0.11,0.91,-0.38,-24.08,2.23,-4.33,0.11,-0.94,-0.26,25.39,-3.36,11.05,16608922
1948775,0.11,0.92,-0.38,-23.71,1.25,-6.13,0.12,-0.94,-0.27,27.77,-1.43,10.59,16607961
1948787,0.12,0.93,-0.37,-23.22,0.89,-8.15,0.12,-0.97,-0.27,36.77,0.24,8.67,16610004
1948798,0.12,0.93,-0.37,-23.38,0.70,-9.74,0.11,-0.99,-0.25,47.49,1.71,7.42,16609998
1948811,0.12,0.93,-0.36,-25.09,0.73,-11.32,0.11,-1.00,-0.25,58.62,4.61,6.50,16609176
1948822,0.11,0.92,-0.36,-28.35,0.92,-11.44,0.10,-1.01,-0.23,75.04,7.48,5.98,16610707
1948834,0.10,0.89,-0.37,-33.69,1.40,-11.17,0.10,-1.02,-0.23,104.10,14.01,8.39,16612609
1948846,0.10,0.87,-0.37,-39.83,1.31,-10.93,0.09,-0.98,-0.21,109.22,0.49,15.63,16611941
1948857,0.10,0.85,-0.37,-44.86,0.43,-10.31,0.10,-0.94,-0.20,100.89,1.68,21.30,16610427
1948869,0.10,0.85,-0.36,-48.00,-0.46,-11.23,0.10,-0.91,-0.18,78.52,2.32,23.04,16607299
1948880,0.10,0.85,-0.35,-49.90,-1.43,-13.28,0.11,-0.92,-0.17,78.46,7.17,27.40,16608259
1948893,0.11,0.85,-0.33,-51.88,-2.72,-15.59,0.10,-0.96,-0.16,84.53,10.10,23.59,16607607
1948904,0.11,0.85,-0.31,-54.20,-3.91,-17.61,0.09,-1.01,-0.14,86.82,7.93,15.50,16606996
1948916,0.11,0.85,-0.30,-57.04,-4.70,-17.70,0.08,-1.04,-0.13,101.50,13.28,9.52,16607973
1948928,0.10,0.84,-0.30,-61.22,-6.56,-14.62,0.08,-1.05,-0.11,121.52,20.42,10.04,16609653
1948940,0.10,0.84,-0.29,-64.97,-7.08,-13.28,0.08,-1.02,-0.09,132.90,24.23,16.57,16608175
1948951,0.09,0.83,-0.28,-69.46,-8.61,-11.54,0.07,-0.96,-0.06,122.47,22.09,22.49,16607705
1948963,0.09,0.82,-0.27,-74.10,-10.83,-7.93,0.08,-0.94,-0.04,109.34,21.82,26.21,16607891
1948975,0.08,0.82,-0.26,-78.95,-11.63,-5.46,0.08,-0.95,-0.02,91.55,21.21,24.66,16607580
1948986,0.07,0.81,-0.25,-85.60,-12.02,-3.54,0.07,-0.98,0.01,88.26,15.08,22.61,16606623
1948998,0.06,0.80,-0.25,-93.78,-14.07,7.02,0.07,-1.03,0.03,89.81,16.54,14.80,16606802
1949009,0.05,0.78,-0.23,-101.23,-13.34,5.55,0.05,-1.03,0.06,77.79,11.23,10.93,16606178
1949022,0.05,0.79,-0.21,-107.42,-13.52,9.22,0.05,-1.02,0.08,65.61,8.21,9.58,16608360
1949033,0.06,0.81,-0.19,-110.35,-11.90,6.77,0.05,-1.00,0.10,51.45,5.43,6.16,16607587
1949045,0.08,0.85,-0.13,-106.51,-12.45,3.51,0.05,-0.97,0.12,32.50,-2.50,5.71,16604374
1949057,0.10,0.90,-0.07,-99.55,-11.23,-4.36,0.05,-0.97,0.12,32.29,5.49,5.37,16604606
1949069,0.11,0.95,-0.03,-92.04,-12.27,-4.52,0.05,-0.97,0.14,26.76,6.53,1.07,16606163
1949080,0.11,1.00,0.01,-81.91,-9.89,-9.28,0.05,-0.97,0.15,27.65,7.35,2.08,16606955
1949092,0.10,1.05,0.03,-71.69,-8.64,-9.28,0.04,-0.95,0.17,24.90,5.25,4.12,16608673
1949104,0.09,1.09,0.05,-62.99,-9.31,-4.24,0.04,-0.92,0.18,23.65,3.85,8.06,16607246
1949115,0.07,1.13,0.06,-53.86,-9.58,1.89,0.03,-0.92,0.18,20.02,6.84,7.75,16606560
1949127,0.04,1.16,0.06,-45.23,-9.55,6.04,0.02,-0.92,0.21,11.02,2.44,5.74,16608061
1949138,0.03,1.19,0.07,-37.45,-9.03,9.70,0.01,-0.92,0.21,2.96,-0.31,4.85,16610525
1949151,0.02,1.21,0.07,-29.94,-5.74,10.22,0.02,-0.92,0.20,-6.77,-0.37,2.23,16609103
1949162,0.01,1.23,0.08,-23.50,-2.69,10.47,0.02,-0.94,0.20,-10.68,2.35,-0.61,16607188
1949174,0.00,1.24,0.08,-18.59,-0.46,11.60,0.02,-0.95,0.20,-12.36,1.46,-1.31,16605788
1949186,0.01,1.25,0.08,-12.70,0.85,13.21,0.02,-0.97,0.20,-12.70,-1.80,-2.99,16604688
1949198,0.02,1.25,0.09,-6.32,2.62,10.22,0.02,-0.99,0.20,-11.96,-2.93,-3.05,16605141
1949209,0.03,1.26,0.09,-0.52,3.48,6.65,0.03,-0.99,0.19,-7.51,0.27,-0.55,16605227
1949220,0.04,1.26,0.09,4.61,4.73,1.98,0.04,-1.00,0.18,-6.59,0.03,-0.61,16605811
1949233,0.04,1.25,0.09,8.76,5.55,-2.26,0.04,-1.00,0.18,-3.30,0.61,0.34,16606141
1949244,0.05,1.23,0.09,11.81,5.37,-5.31,0.03,-1.01,0.18,-1.71,-0.24,-1.19,16606443
1949256,0.06,1.20,0.08,13.12,5.28,-6.26,0.03,-1.02,0.18,-1.04,-0.15,-2.81,16607876
1949267,0.06,1.17,0.07,13.95,4.49,-6.68,0.02,-1.03,0.19,-1.31,-0.34,-5.43,16606801
1949280,0.06,1.15,0.06,13.89,3.75,-7.51,0.02,-1.02,0.19,-3.30,-2.99,-6.47,16606807
1949291,0.05,1.12,0.04,13.03,3.91,-7.45,0.02,-1.00,0.18,-3.85,-2.81,-3.33,16609270
1949303,0.05,1.10,0.04,13.34,4.55,-8.85,0.02,-0.97,0.19,-10.28,-4.70,-0.43,16609380
1949315,0.05,1.08,0.03,13.40,4.97,-10.71,0.02,-0.96,0.18,-9.89,-1.65,0.03,16608309
1949327,0.05,1.06,0.03,13.55,5.52,-12.21,0.02,-0.96,0.18,-10.13,-2.62,-1.65,16606995
1949338,0.05,1.04,0.03,13.03,6.13,-11.93,0.01,-0.98,0.18,-9.43,-4.24,-6.90,16608003
1949349,0.05,1.03,0.03,12.60,6.29,-11.02,0.02,-0.99,0.18,-6.65,-4.49,-7.90,16608910
1949362,0.05,1.01,0.02,12.24,5.52,-9.22,0.02,-1.00,0.17,-4.09,-3.48,-8.82,16607802
1949373,0.05,1.00,0.02,11.81,4.64,-6.62,0.03,-0.99,0.17,-5.16,-2.87,-7.26,16608012
1949385,0.04,0.99,0.01,10.44,4.70,-3.69,0.03,-0.99,0.17,-8.06,-3.63,-5.65,16609061
1949396,0.04,0.97,0.00,9.34,5.00,-0.92,0.04,-0.98,0.17,-7.42,-1.34,-1.59,16607888
1949409,0.03,0.97,0.00,8.12,6.01,0.31,0.04,-0.97,0.17,-7.51,-0.49,1.07,16609076
1949420,0.03,0.96,0.00,6.74,7.26,0.15,0.03,-0.97,0.17,-9.58,-0.82,1.62,16609200
1949432,0.04,0.95,0.00,5.28,8.70,-0.12,0.03,-0.97,0.17,-7.48,0.55,2.78,16608398
1949444,0.04,0.95,-0.00,3.17,8.94,0.55,0.02,-0.99,0.17,-5.80,-0.73,-0.18,16608526
1949456,0.05,0.95,-0.01,1.86,8.76,0.43,0.01,-1.00,0.18,-5.00,-3.60,-3.45,16609201
1949467,0.06,0.95,-0.01,0.85,7.63,0.06,0.01,-1.00,0.18,-3.97,-2.47,-2.38,16607149
1949478,0.07,0.95,-0.01,-0.43,6.62,0.61,0.02,-1.00,0.18,-2.50,-0.73,-0.55,16609965
1949491,0.07,0.96,-0.01,-1.62,5.49,0.52,0.03,-1.00,0.18,-2.72,0.03,-0.27,16609822
1949502,0.07,0.96,-0.02,-3.54,5.04,1.19,0.03,-1.00,0.17,-3.39,0.46,-0.95,16608475
1949514,0.07,0.97,-0.02,-4.64,4.73,2.08,0.04,-1.01,0.17,-2.99,1.74,-0.95,16609777
1949526,0.07,0.98,-0.02,-5.65,4.09,3.27,0.04,-1.01,0.17,-3.91,1.22,-1.56,16608088
1949538,0.07,0.98,-0.02,-6.47,3.57,3.75,0.04,-1.01,0.16,-3.02,1.59,-2.93,16606225
1949549,0.07,0.99,-0.03,-7.60,3.42,3.23,0.04,-1.01,0.17,-2.69,-2.62,-3.57,16605730
1949561,0.08,1.00,-0.02,-6.77,3.05,0.58,0.04,-1.00,0.17,-2.44,-3.94,-3.69,16608087
1949573,0.08,1.02,-0.02,-5.77,3.23,-1.77,0.04,-0.99,0.16,-6.74,-3.51,-4.76,16610870
1949584,0.07,1.03,-0.02,-5.00,4.12,-3.14,0.05,-0.98,0.16,-6.96,-1.13,-3.33,16608137
1949596,0.07,1.04,-0.01,-3.69,4.73,-2.96,0.05,-0.97,0.16,-3.48,0.27,1.13,16608335
1949607,0.07,1.05,-0.01,-1.98,4.73,-3.02,0.05,-0.96,0.16,-3.85,-0.43,0.98,16610351
1949620,0.07,1.06,-0.01,0.09,3.88,-1.19,0.04,-0.97,0.16,-2.41,0.34,1.46,16607569
1949631,0.08,1.06,-0.01,1.34,2.53,0.61,0.04,-0.98,0.16,-2.32,-0.98,0.34,16608453
1949643,0.08,1.06,-0.02,1.22,1.46,1.53,0.04,-0.99,0.16,-1.68,-0.82,-0.55,16608461
1949655,0.08,1.05,-0.02,1.22,0.61,0.37,0.04,-1.00,0.15,-0.46,0.67,-2.01,16607885
1949667,0.08,1.05,-0.02,0.98,0.21,-1.16,0.03,-1.01,0.16,-2.84,-0.67,-4.15,16607181
1949678,0.07,1.04,-0.02,0.34,1.04,-3.42,0.03,-1.00,0.16,-3.33,-0.61,-2.96,16607212
1949690,0.07,1.03,-0.01,-0.55,1.65,-5.31,0.03,-0.99,0.16,-3.78,-0.79,-1.19,16609471
1949702,0.07,1.03,-0.01,-0.98,1.89,-6.56,0.04,-0.98,0.16,-4.52,-0.49,-0.15,16609970
1949713,0.07,1.02,-0.01,-1.59,1.74,-6.50,0.04,-0.98,0.15,-3.23,0.92,0.37,16611251
1949725,0.07,1.02,-0.01,-1.50,0.58,-5.77,0.03,-0.97,0.16,-4.03,0.43,0.09,16610715
1949736,0.06,1.01,-0.01,-1.74,0.15,-4.39,0.03,-0.97,0.16,-4.79,-0.85,-0.27,16611096
1949749,0.06,1.01,-0.01,-1.68,0.00,-4.97,0.03,-0.98,0.15,-1.31,-0.12,-0.43,16610281
1949760,0.05,1.01,-0.00,-1.62,0.95,-4.67,0.03,-0.99,0.15,-2.38,-2.04,-2.01,16608289
1949772,0.05,1.01,-0.00,-1.68,2.41,-4.18,0.03,-0.99,0.15,-4.88,-1.74,-2.90,16607040
1949784,0.04,1.01,-0.01,-1.71,3.14,-3.08,0.04,-0.99,0.15,-2.81,0.61,-0.64,16605368
1949796,0.04,1.01,-0.01,-1.65,3.48,-2.14,0.04,-1.00,0.15,-0.03,1.31,1.16,16605393
1949807,0.04,1.01,-0.01,-1.40,3.60,-1.07,0.04,-1.00,0.16,-3.75,-1.19,0.70,16606911
1949819,0.04,1.01,-0.01,-1.50,3.69,0.64,0.05,-1.00,0.15,-4.52,0.43,-1.01,16608228
1949831,0.04,1.01,-0.01,-1.86,3.48,1.01,0.05,-0.99,0.15,-5.16,1.34,-0.82,16609097
1949842,0.04,1.01,-0.01,-2.14,3.66,0.31,0.04,-0.99,0.15,-4.97,-0.67,-0.98,16607930
1949854,0.05,1.01,-0.01,-2.08,4.43,-1.22,0.04,-0.99,0.15,-3.33,-0.18,-0.61,16606163
1949865,0.05,1.01,-0.01,-2.35,5.04,-1.74,0.04,-0.99,0.15,-2.90,0.03,-1.83,16606732
1949878,0.05,1.01,-0.01,-2.29,4.94,-1.22,0.04,-0.99,0.15,-1.13,0.21,-1.80,16606782
1949889,0.05,1.01,-0.01,-2.26,4.39,-0.21,0.04,-0.99,0.16,-2.53,-1.68,-1.53,16609329
1949901,0.06,1.01,-0.01,-2.01,3.69,1.10,0.04,-0.99,0.16,-4.58,-1.74,-2.35,16609600
1949913,0.06,1.02,-0.02,-1.37,2.47,1.56,0.04,-0.99,0.15,-4.33,-0.85,-1.74,16607924
1949925,0.07,1.02,-0.02,-0.67,1.46,0.82,0.04,-0.99,0.15,-3.33,0.06,-0.37,16604586
1949936,0.07,1.03,-0.02,-0.40,0.85,-0.46,0.05,-0.99,0.15,-2.29,1.19,-0.18,16606838
1949947,0.07,1.03,-0.02,-0.46,1.16,-1.77,0.04,-1.00,0.15,-2.32,0.43,-0.24,16607949
1949960,0.07,1.04,-0.02,-0.43,1.89,-3.23,0.04,-1.00,0.15,-0.95,-0.18,-1.92,16607216
1949971,0.06,1.04,-0.02,-0.18,2.47,-4.39,0.04,-1.00,0.15,-1.13,-0.82,-2.41,16607345
1949983,0.06,1.04,-0.02,-0.27,2.47,-4.00,0.04,-1.00,0.15,-2.41,-1.34,-3.75,16607608
1949995,0.06,1.03,-0.02,-0.37,2.08,-3.69,0.04,-0.99,0.14,-2.56,0.37,-3.14,16607550
1950007,0.06,1.03,-0.03,-0.76,1.34,-3.72,0.05,-0.98,0.14,-1.83,-0.52,-0.40,16608068
1950018,0.06,1.02,-0.03,-1.56,1.16,-3.14,0.05,-0.98,0.14,-0.82,0.61,0.95,16609124
1950030,0.05,1.01,-0.03,-2.87,1.46,-2.59,0.05,-0.98,0.14,-1.16,1.40,0.55,16609266
1950042,0.05,1.01,-0.02,-3.39,2.35,-3.42,0.04,-0.98,0.14,-3.63,0.21,0.40,16610069
1950054,0.04,1.00,-0.01,-3.27,4.49,-4.21,0.04,-0.98,0.14,-3.17,0.06,0.12,16611037
1950065,0.03,1.01,-0.01,-2.78,6.26,-4.43,0.04,-0.99,0.14,0.18,1.13,-0.27,16607635
1950076,0.02,1.02,0.00,-1.13,6.87,-3.39,0.03,-1.00,0.15,-1.10,-0.98,-2.56,16608433
1950089,0.02,1.02,0.00,-0.03,6.68,-2.20,0.03,-1.00,0.15,-1.04,-1.46,-2.81,16607204
1950100,0.02,1.02,-0.00,0.70,6.16,-0.73,0.03,-1.00,0.15,0.06,0.70,-2.72,16606409
1950112,0.03,1.02,-0.01,0.49,5.58,0.73,0.03,-1.00,0.15,-2.66,-0.79,-1.53,16608887
1950124,0.03,1.01,-0.01,0.27,5.55,1.86,0.04,-1.00,0.15,-1.59,0.85,-1.50,16605962
1950136,0.04,1.01,-0.02,-0.49,5.77,2.26,0.04,-0.99,0.15,-2.08,0.15,-1.10,16604958
1950147,0.05,1.01,-0.02,-0.34,5.58,2.11,0.04,-0.99,0.14,-1.59,0.79,0.34,16605934
1950159,0.06,1.01,-0.02,-0.34,5.04,0.73,0.04,-0.99,0.14,-0.73,1.25,-0.55,16608810
1950171,0.06,1.01,-0.02,-0.95,4.79,-0.76,0.04,-0.99,0.14,-2.04,-0.58,-1.83,16609893
1950183,0.06,1.01,-0.02,-1.62,5.28,-2.14,0.04,-1.00,0.14,-1.13,-0.21,-2.47,16607482
1950194,0.06,1.00,-0.02,-2.11,5.80,-2.47,0.04,-1.00,0.14,0.58,0.00,-1.37,16606196
1950205,0.05,1.00,-0.02,-3.51,6.44,-2.29,0.04,-1.00,0.14,0.31,0.00,-0.64,16606352
1950218,0.04,1.00,-0.02,-4.00,7.29,-1.62,0.04,-0.99,0.14,-0.55,0.73,-0.98,16607091
1950229,0.04,1.01,-0.02,-3.36,7.29,-0.73,0.04,-0.99,0.14,-2.75,1.13,-1.34,16610376
1950241,0.05,1.03,-0.01,-0.73,6.84,0.61,0.04,-0.98,0.14,-3.66,0.43,-1.34,16609543
1950253,0.06,1.05,-0.01,2.44,5.71,0.70,0.04,-0.98,0.14,-2.69,0.67,0.18,16609392
1950265,0.07,1.06,-0.01,5.25,4.03,-0.09,0.03,-0.97,0.14,-2.99,0.52,0.55,16609504
1950276,0.07,1.07,-0.01,7.69,3.91,-0.92,0.03,-0.98,0.14,-1.92,-0.34,-0.03,16608891
1950288,0.07,1.07,-0.01,8.88,4.39,-2.14,0.03,-0.99,0.14,-1.16,-0.34,-1.53,16608551
1950300,0.06,1.06,-0.02,9.28,4.64,-2.20,0.03,-0.99,0.14,-2.17,-1.68,-1.62,16607744
1950312,0.07,1.05,-0.03,8.54,3.27,-0.73,0.03,-1.00,0.14,-0.52,-0.67,-1.07,16609564
