time,faccx,faccy,faccz,fgyrx,fgyry,fgyrz,saccx,saccy,saccz,sgyrx,sgyry,sgyrz,load
2440038,-0.12,0.98,-0.19,-6.38,0.46,-0.92,0.12,0.53,0.92,-2.01,0.61,-0.85,16605343
2440050,-0.12,0.98,-0.19,-0.79,0.24,-0.89,0.13,0.53,0.92,-2.35,0.34,-0.55,16606965
2440061,-0.11,0.99,-0.20,-1.07,-0.64,-1.01,0.13,0.53,0.92,-2.87,0.09,-0.12,16608928
2440074,-0.12,1.01,-0.19,1.71,-0.73,0.52,0.13,0.53,0.92,-2.32,0.79,-0.49,16608232
2440085,-0.12,1.01,-0.19,2.41,-0.73,0.82,0.13,0.53,0.92,-2.69,0.92,-0.55,16607429
2440096,-0.11,1.00,-0.20,1.25,-1.01,-0.79,0.13,0.53,0.92,-2.78,0.46,-0.73,16607821
2440109,-0.11,0.98,-0.20,0.31,-1.37,-1.13,0.12,0.53,0.92,-2.81,-0.09,-0.89,16607274
2440120,-0.11,0.96,-0.19,-0.27,-1.50,-1.37,0.12,0.53,0.92,-2.47,-0.49,-0.64,16604892
2440132,-0.12,0.96,-0.19,-0.89,-1.22,-1.19,0.13,0.53,0.91,-2.23,0.24,-0.79,16605559
2440143,-0.13,0.96,-0.18,-0.52,-0.89,0.00,0.13,0.53,0.91,-1.77,0.03,-0.49,16606691
2440156,-0.14,0.96,-0.18,-0.46,0.18,0.82,0.13,0.53,0.91,-1.65,0.40,-0.49,16607392
2440167,-0.15,0.96,-0.18,-0.61,1.92,0.85,0.13,0.54,0.91,-1.40,1.07,-0.70,16606560
2440179,-0.16,0.96,-0.18,-0.46,3.45,-0.21,0.13,0.54,0.91,-1.37,1.46,-0.52,16605420
2440190,-0.16,0.96,-0.18,-0.85,4.36,0.40,0.13,0.54,0.91,-1.16,0.98,-0.55,16607140
2440202,-0.15,0.96,-0.18,-0.79,4.52,0.15,0.13,0.53,0.91,-1.13,1.53,-0.40,16610172
2440214,-0.14,0.96,-0.18,-0.92,4.15,0.89,0.13,0.53,0.90,-1.10,1.80,-0.31,16610204
2440225,-0.13,0.96,-0.18,-0.40,4.33,0.18,0.12,0.53,0.90,-0.55,1.22,-0.37,16608538
2440238,-0.12,0.96,-0.18,-0.12,3.94,-0.34,0.12,0.53,0.90,-0.79,0.82,-0.92,16605732
2440249,-0.11,0.95,-0.19,-0.82,3.51,-1.22,0.12,0.52,0.90,-1.31,0.00,-0.64,16605098
2440261,-0.11,0.95,-0.19,-1.43,2.90,-1.04,0.12,0.52,0.90,-1.46,-0.40,-0.79,16606838
2440272,-0.11,0.95,-0.19,-2.26,2.96,-0.98,0.12,0.53,0.91,-1.19,-0.12,-1.04,16606292
2440285,-0.11,0.95,-0.19,-2.32,2.35,-1.43,0.12,0.53,0.91,-1.43,0.27,-0.82,16604276
2440296,-0.11,0.95,-0.19,-2.62,2.50,-0.98,0.13,0.53,0.91,-0.82,0.82,-0.73,16605399
2440308,-0.11,0.95,-0.19,-2.32,2.35,-1.31,0.13,0.53,0.91,-0.49,1.31,-0.67,16607886
2440320,-0.11,0.96,-0.19,-2.29,2.11,-1.40,0.13,0.53,0.91,-0.27,0.95,-0.43,16608029
2440331,-0.11,0.96,-0.19,-1.65,2.04,-0.95,0.12,0.53,0.91,-0.70,0.24,-0.40,16607786
2440343,-0.11,0.97,-0.19,-1.13,1.95,-0.67,0.12,0.53,0.91,-0.37,-0.70,-0.43,16606943
2440354,-0.12,0.97,-0.19,-1.37,1.77,-0.46,0.12,0.53,0.91,-0.18,-0.31,-0.52,16607621
2440367,-0.12,0.97,-0.19,-1.98,2.04,-0.70,0.12,0.53,0.91,-0.58,-0.27,-0.58,16607292
2440378,-0.12,0.96,-0.19,-2.69,2.11,-0.67,0.13,0.53,0.92,-0.98,0.03,-0.67,16609345
2440390,-0.11,0.96,-0.19,-2.99,1.80,-0.58,0.13,0.53,0.92,-0.58,0.64,-0.85,16607920
2440401,-0.11,0.96,-0.19,-2.96,0.79,-0.24,0.13,0.54,0.92,-0.46,1.59,-0.76,16608169
2440414,-0.11,0.96,-0.19,-3.36,0.49,0.49,0.13,0.54,0.91,-0.70,1.77,-0.61,16609981
2440425,-0.12,0.96,-0.19,-4.24,1.13,0.40,0.13,0.54,0.92,-0.55,1.53,-0.64,16607310
2440436,-0.13,0.96,-0.19,-4.70,1.74,-0.52,0.13,0.54,0.92,-0.34,0.98,-0.37,16606947
2440449,-0.13,0.96,-0.19,-4.73,2.75,-1.22,0.13,0.54,0.92,-0.46,1.28,-0.70,16606817
2440460,-0.13,0.97,-0.19,-4.00,2.53,-1.25,0.13,0.53,0.91,-0.46,1.37,-0.27,16604649
2440472,-0.12,0.97,-0.19,-3.39,1.95,-0.61,0.13,0.53,0.91,-0.46,1.37,-0.18,16605947
2440483,-0.11,0.97,-0.19,-2.90,1.40,-0.49,0.13,0.53,0.91,-0.27,0.85,-0.34,16607446
2440496,-0.11,0.96,-0.19,-3.27,0.58,-0.34,0.12,0.52,0.90,-0.58,0.76,-0.09,16607957
2440507,-0.10,0.96,-0.19,-4.06,0.55,-0.55,0.12,0.52,0.90,-0.49,0.40,-0.37,16608695
2440519,-0.11,0.96,-0.19,-3.94,0.82,-0.73,0.12,0.53,0.91,-0.79,0.58,-0.67,16607054
2440530,-0.11,0.96,-0.19,-3.48,1.16,-1.28,0.12,0.53,0.91,-0.43,0.46,-0.85,16605896
2440543,-0.12,0.97,-0.19,-2.81,1.22,-0.73,0.12,0.53,0.91,-0.49,0.24,-0.64,16608742
2440554,-0.12,0.97,-0.19,-2.53,1.98,-0.67,0.12,0.53,0.91,-0.67,0.98,-0.46,16607600
2440565,-0.13,0.97,-0.19,-2.47,3.08,-0.37,0.13,0.53,0.91,-0.40,1.59,-0.52,16605898
2440578,-0.13,0.97,-0.19,-2.99,3.81,-1.04,0.12,0.53,0.91,-0.70,1.50,-0.85,16606997
2440589,-0.13,0.97,-0.19,-3.23,3.54,-0.89,0.12,0.53,0.91,-0.61,1.28,-0.79,16606208
2440601,-0.12,0.96,-0.19,-3.20,3.33,-0.82,0.12,0.53,0.91,-0.49,0.61,-0.31,16606266
2440612,-0.11,0.96,-0.19,-3.91,2.72,-1.01,0.12,0.53,0.91,-0.40,0.18,-0.82,16609252
2440625,-0.11,0.96,-0.18,-4.55,2.26,-1.59,0.12,0.54,0.91,-0.34,0.43,-1.04,16608638
2440636,-0.10,0.96,-0.19,-4.61,1.89,-2.04,0.12,0.54,0.91,-0.43,0.37,-0.85,16608493
2440648,-0.10,0.97,-0.18,-4.18,1.80,-1.74,0.12,0.54,0.91,-0.52,0.09,-0.85,16608062
2440659,-0.11,0.98,-0.19,-4.30,1.28,-0.52,0.13,0.54,0.91,-0.64,1.43,-0.49,16607566
2440671,-0.10,0.98,-0.19,-3.81,0.21,-1.37,0.13,0.54,0.91,-0.73,1.43,-0.24,16607197
2440683,-0.10,0.98,-0.19,-3.72,-0.18,-3.05,0.12,0.54,0.91,-1.04,0.03,-0.09,16606824
2440694,-0.10,0.98,-0.19,-3.42,-0.40,-3.11,0.12,0.54,0.92,-1.19,-0.76,-0.37,16609317
2440707,-0.11,0.99,-0.18,-3.11,-0.15,-2.23,0.12,0.54,0.92,-1.04,0.12,-0.31,16609745
2440718,-0.12,0.99,-0.19,-3.27,1.25,-0.79,0.12,0.54,0.92,-1.19,0.73,-0.70,16608571
2440730,-0.13,0.99,-0.19,-2.87,2.11,-0.61,0.12,0.55,0.92,-1.43,1.16,-1.68,16607988
2440741,-0.13,0.99,-0.19,-2.90,2.72,-0.73,0.12,0.54,0.92,-1.56,1.28,-1.83,16608070
2440754,-0.12,1.00,-0.19,-2.62,2.44,0.31,0.12,0.54,0.92,-1.86,0.98,-1.68,16608432
2440765,-0.11,1.00,-0.19,-1.10,1.62,-0.98,0.12,0.54,0.92,-2.01,0.79,-1.16,16610137
2440777,-0.10,1.00,-0.19,-0.98,0.85,-2.17,0.12,0.54,0.92,-1.98,0.09,-1.04,16610494
2440788,-0.10,1.00,-0.19,-0.49,-0.49,-4.30,0.12,0.54,0.91,-2.14,-0.79,-0.79,16611666
2440800,-0.10,0.99,-0.18,0.52,-1.16,-3.57,0.13,0.54,0.91,-1.92,-0.76,-0.43,16608986
2440812,-0.11,0.99,-0.19,0.73,-1.04,-3.11,0.13,0.54,0.91,-2.20,0.27,-0.15,16606485
2440823,-0.13,0.98,-0.19,0.06,-0.61,-2.84,0.13,0.53,0.91,-1.62,0.31,0.73,16607111
2440836,-0.14,0.97,-0.19,-0.58,0.40,-2.59,0.13,0.53,0.91,-1.92,0.03,0.76,16607931
2440847,-0.15,0.96,-0.18,-0.46,1.43,-1.68,0.13,0.53,0.90,-1.74,0.15,0.43,16608129
2440859,-0.15,0.96,-0.18,-0.31,2.93,0.03,0.13,0.53,0.90,-1.34,0.58,0.31,16606744
2440870,-0.15,0.95,-0.18,-0.85,4.39,1.46,0.13,0.53,0.90,-1.16,1.34,-0.27,16605543
2440883,-0.15,0.95,-0.18,-1.01,4.79,2.41,0.13,0.52,0.90,-0.89,1.98,-0.73,16608506
2440894,-0.13,0.95,-0.18,-1.68,4.67,2.56,0.13,0.52,0.90,-0.73,1.56,-1.22,16608185
2440905,-0.12,0.94,-0.18,-1.77,3.17,3.02,0.13,0.52,0.90,-0.49,1.25,-1.16,16606770
2440918,-0.10,0.94,-0.18,-2.44,2.04,2.14,0.12,0.52,0.90,-0.24,0.95,-1.13,16604978
2440929,-0.10,0.93,-0.18,-3.63,1.04,0.79,0.12,0.52,0.90,-0.03,0.92,-0.85,16605159
2440941,-0.10,0.93,-0.18,-4.06,0.95,0.21,0.12,0.52,0.90,-0.09,0.73,-0.58,16609105
2440952,-0.11,0.94,-0.18,-3.91,1.43,-0.70,0.12,0.52,0.90,0.55,0.46,-0.06,16610693
2440965,-0.13,0.95,-0.18,-3.27,2.59,-0.31,0.12,0.53,0.90,0.43,0.24,0.24,16608700
2440976,-0.14,0.96,-0.18,-3.27,3.97,-0.03,0.13,0.53,0.90,0.55,0.79,0.46,16607099
2440988,-0.14,0.96,-0.18,-3.45,4.36,-0.24,0.13,0.53,0.91,0.79,1.16,0.03,16606638
2440999,-0.13,0.96,-0.18,-4.39,4.49,0.52,0.13,0.53,0.91,0.55,1.74,-0.03,16607236
2441012,-0.12,0.96,-0.19,-5.25,4.64,0.79,0.13,0.53,0.92,0.43,2.26,-0.67,16608246
2441023,-0.12,0.96,-0.19,-5.37,4.82,1.13,0.13,0.54,0.92,0.18,2.66,-1.19,16604615
2441034,-0.12,0.97,-0.19,-5.37,5.49,1.77,0.12,0.54,0.92,0.34,2.87,-1.37,16604985
2441047,-0.12,0.98,-0.19,-4.30,6.16,1.46,0.12,0.54,0.91,0.12,1.40,-1.53,16607758
2441058,-0.13,0.99,-0.19,-3.66,7.45,0.31,0.11,0.54,0.91,-0.03,0.92,-1.37,16608840
2441070,-0.12,0.99,-0.19,-3.23,7.63,0.06,0.11,0.54,0.91,-0.12,0.21,-1.34,16609360
2441081,-0.11,0.99,-0.19,-3.17,6.87,-0.92,0.11,0.54,0.92,-0.24,0.52,-1.07,16608676
2441094,-0.10,0.98,-0.19,-3.48,5.46,-1.98,0.11,0.54,0.92,-0.76,0.15,-0.98,16608628
2441105,-0.08,0.99,-0.19,-2.99,3.78,-1.95,0.12,0.54,0.92,-0.95,0.52,-0.61,16608160
2441117,-0.07,0.99,-0.19,-2.78,2.08,-1.50,0.12,0.54,0.92,-1.59,1.37,-0.67,16609252
2441128,-0.07,1.00,-0.19,-2.04,1.40,-2.08,0.12,0.54,0.92,-1.50,1.01,-1.07,16608296
2441140,-0.08,1.00,-0.19,-0.61,0.67,-1.40,0.12,0.54,0.91,-1.10,1.01,-0.76,16608648
2441152,-0.09,1.00,-0.18,0.31,1.10,-0.76,0.12,0.54,0.91,-1.50,0.52,-1.04,16610033
2441163,-0.11,1.00,-0.19,0.09,1.95,0.24,0.12,0.54,0.91,-1.53,0.52,-0.89,16607295
2441176,-0.12,0.98,-0.19,-0.61,2.93,-0.18,0.12,0.54,0.92,-1.95,0.18,-1.16,16606869
2441187,-0.12,0.97,-0.19,-1.95,3.88,-0.70,0.11,0.54,0.92,-1.95,0.12,-1.37,16607773
2441199,-0.12,0.97,-0.19,-2.66,4.58,-2.32,0.11,0.54,0.92,-1.95,-0.34,-1.46,16607736
2441210,-0.12,0.97,-0.19,-2.32,4.70,-2.62,0.11,0.54,0.92,-1.71,-0.18,-1.98,16608059
2441223,-0.11,0.97,-0.19,-2.32,5.04,-2.93,0.11,0.54,0.92,-2.04,-0.27,-1.62,16607609
2441234,-0.12,0.98,-0.19,-1.77,5.46,-0.55,0.12,0.54,0.92,-2.38,0.43,-1.68,16607590
2441246,-0.12,0.99,-0.19,-1.50,5.71,-0.27,0.12,0.54,0.92,-2.29,1.77,-1.43,16607378
2441257,-0.11,0.99,-0.20,-0.89,4.88,-1.37,0.12,0.54,0.92,-1.98,1.77,-1.62,16605872
2441269,-0.09,1.01,-0.19,3.14,3.08,-3.85,0.12,0.53,0.91,-2.01,0.06,-1.28,16604636
2441281,-0.07,1.03,-0.19,4.18,0.89,-1.65,0.12,0.53,0.90,-1.83,-1.19,-1.04,16607660
2441292,-0.06,1.00,-0.19,2.35,-5.43,-2.56,0.12,0.53,0.92,-2.72,-0.76,-0.79,16608361
2441305,-0.00,1.00,-0.20,8.27,-6.93,-23.77,0.12,0.52,0.90,-1.71,-2.38,-0.92,16608658
2441316,-0.05,1.00,-0.19,3.48,-9.06,-0.52,0.12,0.53,0.91,-5.95,-7.84,0.64,16607975
2441328,-0.05,0.94,-0.21,-3.57,-10.62,-1.04,0.12,0.54,0.94,-5.49,-4.46,-0.37,16606377
2441339,-0.06,0.92,-0.20,-5.25,-10.01,-6.07,0.12,0.54,0.95,-5.95,0.24,-1.16,16605315
2441352,-0.10,0.96,-0.22,-1.56,-5.13,-17.18,0.11,0.54,0.93,-5.40,-0.55,-2.56,16604692
2441363,-0.17,1.06,-0.21,6.84,-1.86,-7.05,0.11,0.54,0.92,-6.16,-6.26,-0.92,16604154
2441375,-0.18,1.09,-0.21,10.53,-1.46,1.74,0.13,0.53,0.92,-6.81,-5.74,-0.18,16607017
2441387,-0.17,1.05,-0.21,7.72,-1.04,2.56,0.15,0.54,0.94,-6.84,-0.76,0.34,16609460
2441398,-0.16,0.99,-0.22,3.48,-0.43,1.46,0.15,0.54,0.95,-8.00,4.09,-0.89,16608629
2441410,-0.15,0.97,-0.21,0.92,1.13,-1.89,0.13,0.54,0.95,-7.78,2.50,-1.86,16607829
2441421,-0.15,0.97,-0.21,0.73,2.62,-4.12,0.12,0.54,0.94,-7.17,0.52,-2.14,16609700
2441434,-0.15,0.98,-0.20,2.72,2.96,-3.66,0.13,0.54,0.93,-6.71,1.25,-2.59,16610403
2441445,-0.15,1.00,-0.20,4.52,3.05,-3.14,0.13,0.54,0.92,-6.16,2.59,-2.14,16607985
2441457,-0.14,1.00,-0.20,5.89,2.56,-2.29,0.14,0.53,0.92,-6.53,1.65,-1.74,16607536
2441468,-0.14,0.98,-0.19,6.04,1.25,-1.56,0.14,0.53,0.91,-6.26,0.49,-0.92,16609054
2441481,-0.13,0.96,-0.19,4.36,0.24,-3.33,0.14,0.52,0.91,-6.38,0.52,-0.15,16610547
2441492,-0.13,0.93,-0.19,1.28,-0.24,-5.25,0.13,0.52,0.91,-6.50,-1.62,0.40,16608691
2441503,-0.13,0.91,-0.19,-0.89,0.24,-9.58,0.13,0.52,0.91,-6.26,-1.80,0.73,16609258
2441516,-0.14,0.92,-0.19,-0.34,0.40,-5.80,0.13,0.52,0.91,-5.77,-2.50,0.58,16609065
2441527,-0.15,0.93,-0.18,0.61,1.31,-5.07,0.14,0.52,0.90,-4.67,-0.37,0.46,16606437
2441539,-0.16,0.93,-0.18,0.67,2.78,-2.29,0.14,0.51,0.90,-3.60,0.82,0.37,16608162
2441550,-0.17,0.93,-0.18,-0.12,4.79,0.24,0.14,0.51,0.90,-2.84,1.95,0.00,16608732
2441563,-0.17,0.92,-0.18,-0.92,5.83,1.01,0.14,0.51,0.89,-2.14,3.14,-0.52,16608361
2441574,-0.16,0.91,-0.18,-2.14,6.13,-0.58,0.14,0.50,0.89,-1.77,2.66,-0.55,16608507
2441586,-0.15,0.90,-0.18,-3.14,5.52,-1.13,0.13,0.50,0.89,-1.50,1.50,0.06,16607342
2441597,-0.14,0.89,-0.18,-4.55,4.39,-0.40,0.13,0.50,0.89,-0.89,1.43,0.34,16607371
2441610,-0.12,0.89,-0.18,-3.66,3.60,-1.80,0.13,0.50,0.89,-0.73,0.98,0.37,16607558
2441621,-0.12,0.89,-0.19,-5.77,3.72,0.34,0.13,0.50,0.89,0.55,1.62,0.12,16608046
2441632,-0.12,0.90,-0.19,-6.38,4.33,0.12,0.13,0.50,0.89,0.89,2.87,-0.31,16607784
2441645,-0.12,0.90,-0.19,-6.59,4.61,1.04,0.13,0.50,0.90,1.56,2.90,-0.24,16607121
2441656,-0.13,0.91,-0.19,-6.68,5.62,3.81,0.12,0.50,0.90,1.59,2.20,-0.52,16606837
2441668,-0.13,0.92,-0.20,-7.17,6.23,4.82,0.12,0.50,0.90,1.25,2.32,-0.73,16606501
2441679,-0.13,0.93,-0.20,-6.84,6.90,5.22,0.12,0.50,0.91,1.22,3.08,-1.01,16608815
2441692,-0.11,0.95,-0.20,-5.58,6.26,5.31,0.12,0.50,0.91,1.43,3.27,-0.98,16608840
2441703,-0.10,0.95,-0.20,-5.95,4.64,5.77,0.12,0.51,0.91,1.28,2.87,-1.53,16605725
2441715,-0.09,0.98,-0.21,-4.58,4.79,2.32,0.12,0.51,0.91,1.40,1.01,-1.40,16605066
2441726,-0.09,0.98,-0.21,-5.10,1.19,4.15,0.12,0.52,0.93,0.67,2.14,-1.10,16605912
2441738,-0.09,1.03,-0.20,5.62,4.76,-1.56,0.12,0.51,0.91,2.90,1.37,-1.07,16607404
2441750,-0.13,1.00,-0.23,-9.37,2.81,19.01,0.12,0.53,0.96,-3.08,1.56,0.24,16608306
2441761,-0.10,0.95,-0.22,-5.16,2.96,0.52,0.12,0.52,0.95,1.68,5.77,-1.19,16608240
2441774,-0.11,0.98,-0.22,-4.15,4.73,0.58,0.11,0.53,0.95,-1.89,3.14,-1.13,16608040
2441785,-0.13,1.01,-0.22,-2.78,4.85,6.96,0.12,0.53,0.95,-1.40,1.43,-1.74,16610112
2441797,-0.11,1.01,-0.22,-2.41,4.67,3.60,0.12,0.53,0.94,-0.98,2.14,-1.34,16610290
2441808,-0.11,1.01,-0.22,-1.65,3.54,4.06,0.12,0.53,0.94,-1.25,3.63,-1.13,16607918
2441821,-0.10,1.02,-0.21,0.03,2.32,4.36,0.13,0.53,0.94,-2.11,2.47,-1.28,16608844
2441832,-0.10,1.01,-0.21,-0.82,1.77,7.14,0.13,0.53,0.94,-2.23,2.17,-1.10,16608316
2441844,-0.11,1.00,-0.22,-1.43,3.27,7.45,0.12,0.53,0.95,-2.69,3.78,-0.82,16608754
2441856,-0.12,1.00,-0.23,-2.04,5.16,5.16,0.12,0.53,0.95,-3.57,5.46,-1.98,16608625
2441867,-0.12,1.00,-0.23,-1.65,6.81,3.94,0.11,0.53,0.95,-4.46,5.40,-2.38,16606276
2441879,-0.12,1.01,-0.23,-0.73,7.08,2.81,0.10,0.53,0.95,-4.39,3.91,-2.69,16605808
2441890,-0.10,1.01,-0.22,1.22,4.18,-1.31,0.10,0.53,0.94,-4.52,2.08,-3.02,16606332
2441903,-0.08,1.02,-0.21,5.00,4.12,-0.12,0.11,0.52,0.92,-4.12,1.28,-2.32,16606309
2441914,-0.08,1.03,-0.21,6.84,3.60,-1.89,0.11,0.51,0.90,-2.78,0.95,-1.80,16606036
2441926,-0.05,1.03,-0.21,11.38,0.34,-15.38,0.11,0.51,0.90,-3.33,-2.01,-0.73,16607157
2441937,-0.08,1.01,-0.20,15.81,0.09,-3.97,0.11,0.50,0.90,-4.73,-6.26,1.10,16607691
2441950,-0.10,0.92,-0.23,-0.52,1.28,4.30,0.11,0.51,0.94,-6.90,-5.07,1.46,16607109
2441961,-0.10,0.85,-0.23,-9.31,3.20,-4.64,0.11,0.51,0.95,-5.43,2.66,-0.73,16605651
2441973,-0.12,0.92,-0.22,0.89,7.39,-9.86,0.11,0.51,0.94,-5.71,4.43,-2.11,16605556
2441985,-0.17,1.00,-0.23,4.27,9.46,5.00,0.12,0.51,0.93,-7.63,1.59,-2.35,16606161
2441996,-0.14,1.02,-0.23,5.04,8.91,5.65,0.13,0.51,0.94,-6.04,3.78,-1.92,16606347
2442008,-0.11,1.00,-0.23,4.43,7.72,1.77,0.13,0.51,0.94,-6.32,6.16,-2.59,16608758
2442019,-0.09,0.99,-0.23,4.52,6.01,3.48,0.12,0.51,0.94,-7.26,5.68,-3.63,16607627
2442032,-0.07,0.97,-0.22,3.85,4.52,3.91,0.12,0.51,0.93,-6.77,3.57,-3.39,16608094
2442043,-0.07,0.95,-0.21,2.08,4.15,4.24,0.11,0.51,0.93,-6.16,2.93,-2.38,16608468
2442055,-0.09,0.95,-0.21,1.59,5.68,4.39,0.11,0.51,0.93,-5.86,4.73,-2.47,16608643
2442066,-0.12,0.95,-0.22,1.59,8.18,3.81,0.11,0.51,0.93,-5.65,4.64,-2.56,16609104
2442079,-0.13,0.96,-0.22,2.41,10.41,3.81,0.10,0.51,0.93,-5.68,2.69,-2.44,16609241
2442090,-0.13,0.96,-0.22,2.04,11.35,3.45,0.10,0.51,0.93,-5.49,2.84,-2.41,16608564
2442101,-0.12,0.95,-0.22,1.04,11.11,3.75,0.11,0.51,0.93,-5.10,4.61,-2.29,16606856
2442114,-0.10,0.94,-0.22,-0.49,10.28,2.32,0.11,0.51,0.93,-5.28,3.69,-2.29,16607412
2442125,-0.09,0.94,-0.22,-0.67,8.94,2.20,0.11,0.50,0.93,-5.19,2.84,-2.04,16608447
2442137,-0.08,0.96,-0.22,0.79,7.32,3.88,0.11,0.50,0.93,-5.22,3.39,-1.37,16609243
2442148,-0.07,0.97,-0.22,2.26,6.07,5.13,0.11,0.50,0.92,-4.39,4.24,-1.56,16609543
2442161,-0.06,0.96,-0.21,2.66,4.64,4.36,0.11,0.50,0.91,-3.39,4.06,-1.53,16610689
2442172,-0.05,0.95,-0.20,2.44,3.02,3.72,0.11,0.50,0.91,-2.17,2.59,-1.50,16610162
2442184,-0.05,0.92,-0.20,0.09,2.04,4.15,0.11,0.50,0.91,-1.80,1.10,-1.25,16608845
2442195,-0.04,0.90,-0.20,-2.59,-0.12,-0.76,0.11,0.49,0.91,-0.82,1.25,-1.19,16609771
2442207,-0.05,0.90,-0.20,-1.25,-0.55,1.19,0.11,0.49,0.90,-0.61,0.61,-0.70,16610515
2442219,-0.06,0.95,-0.21,4.09,1.46,-9.77,0.11,0.48,0.88,2.08,-1.71,-0.82,16609284
2442230,-0.05,0.97,-0.21,2.32,-2.08,-8.15,0.11,0.49,0.89,-0.70,-5.28,1.34,16608190
2442243,-0.06,0.93,-0.22,3.57,-4.88,-6.41,0.11,0.48,0.92,-1.07,-6.10,1.19,16606718
2442254,-0.06,0.87,-0.24,-5.77,-3.48,-9.80,0.10,0.49,0.94,-3.63,-5.10,2.20,16605657
2442266,-0.09,0.84,-0.25,-16.33,-2.08,3.23,0.10,0.50,0.97,-5.04,-0.67,1.59,16606841
2442277,-0.10,0.90,-0.24,-8.33,1.92,-9.37,0.10,0.49,0.94,-0.89,4.15,-1.22,16607542
2442290,-0.12,1.01,-0.22,-0.40,4.12,-1.19,0.11,0.50,0.91,-1.56,0.76,-1.22,16607843
2442301,-0.12,1.05,-0.21,5.31,3.14,5.98,0.11,0.50,0.91,0.55,-0.37,-0.95,16608377
2442313,-0.08,1.02,-0.21,5.37,2.04,1.65,0.11,0.50,0.92,1.19,-0.64,-0.89,16606557
2442324,-0.07,0.98,-0.22,1.13,0.55,2.01,0.11,0.51,0.94,0.31,0.82,-1.22,16607794
2442336,-0.06,0.93,-0.23,-3.78,-0.12,-0.27,0.11,0.51,0.95,-0.52,0.95,-1.65,16607853
2442348,-0.07,0.91,-0.23,-7.60,0.24,-2.69,0.10,0.50,0.95,-0.34,1.50,-1.86,16607546
2442359,-0.08,0.92,-0.23,-7.57,1.37,-4.39,0.10,0.50,0.95,0.06,2.11,-1.86,16607695
2442372,-0.09,0.94,-0.23,-5.43,2.23,-4.33,0.10,0.50,0.94,-0.18,1.62,-1.62,16606801
2442383,-0.10,0.97,-0.23,-3.14,2.56,-3.23,0.10,0.50,0.93,0.15,-0.27,-0.76,16606406
2442395,-0.10,0.97,-0.23,-2.69,2.38,-1.92,0.11,0.50,0.93,0.03,-1.34,0.12,16607513
2442406,-0.10,0.96,-0.23,-3.14,2.81,-1.92,0.11,0.49,0.93,-0.31,-0.67,0.37,16608420
2442419,-0.10,0.95,-0.23,-4.21,2.69,-1.65,0.11,0.49,0.93,-0.46,-0.73,0.67,16607664
2442430,-0.11,0.94,-0.23,-5.68,3.30,0.21,0.11,0.49,0.93,0.21,-0.64,0.58,16607977
2442442,-0.11,0.93,-0.23,-7.14,4.52,2.17,0.12,0.49,0.93,0.12,1.92,-0.24,16608144
2442454,-0.11,0.93,-0.23,-7.75,5.98,1.01,0.12,0.50,0.94,0.12,3.48,-1.31,16609050
2442465,-0.11,0.94,-0.23,-7.93,6.81,1.31,0.11,0.50,0.94,-0.37,3.36,-1.53,16609246
2442477,-0.10,0.97,-0.23,-6.93,6.50,-0.03,0.11,0.50,0.94,-0.49,1.71,-1.07,16608204
2442488,-0.09,0.99,-0.23,-4.79,5.19,-0.61,0.12,0.51,0.94,-0.49,1.13,-0.58,16608285
2442501,-0.09,1.01,-0.24,-3.72,4.27,-0.70,0.12,0.51,0.95,-0.49,1.40,-0.12,16610555
2442512,-0.09,1.02,-0.24,-1.65,3.66,-0.95,0.12,0.51,0.95,-0.55,1.28,0.46,16609743
2442524,-0.10,1.02,-0.24,-0.03,3.39,-0.12,0.12,0.51,0.95,-0.64,0.64,0.89,16607454
2442535,-0.10,1.02,-0.24,0.76,3.17,0.46,0.12,0.50,0.95,-1.34,0.15,1.13,16608320
2442548,-0.09,1.00,-0.24,0.34,2.56,0.24,0.12,0.50,0.95,-2.01,1.19,0.85,16608302
2442559,-0.09,0.98,-0.24,-1.13,2.96,-1.04,0.12,0.50,0.95,-2.23,1.07,0.73,16609997
2442570,-0.09,0.97,-0.24,-1.83,3.72,-1.68,0.11,0.50,0.95,-2.50,0.52,0.46,16608802
2442583,-0.10,0.97,-0.24,-2.04,4.82,-2.66,0.11,0.50,0.95,-2.32,0.58,0.31,16608623
2442594,-0.10,0.97,-0.24,-1.13,4.82,-2.35,0.11,0.50,0.94,-2.26,0.43,0.15,16609383
2442606,-0.09,0.97,-0.24,-0.61,4.27,-1.31,0.12,0.50,0.94,-2.29,1.25,0.27,16608973
2442617,-0.09,0.96,-0.24,-1.28,3.48,-0.92,0.12,0.49,0.93,-1.71,1.53,0.76,16606730
2442630,-0.09,0.96,-0.23,-1.04,3.51,-0.61,0.12,0.49,0.93,-1.74,2.56,0.92,16607294
2442641,-0.09,0.95,-0.22,-1.16,3.54,2.14,0.12,0.49,0.92,-1.28,2.69,1.31,16608338
2442653,-0.10,0.93,-0.22,-2.62,4.91,1.86,0.12,0.49,0.92,-1.04,3.36,0.34,16609306
2442664,-0.09,0.92,-0.22,-3.72,5.71,-1.16,0.11,0.49,0.92,-0.18,3.05,-0.06,16607173
2442677,-0.08,0.92,-0.22,-4.06,5.07,-0.58,0.10,0.49,0.92,0.21,2.23,-0.18,16606816
2442688,-0.05,0.92,-0.21,-4.67,2.93,-0.34,0.10,0.49,0.92,0.55,1.40,-0.27,16607501
2442699,-0.03,0.92,-0.21,-4.94,0.70,-0.21,0.10,0.49,0.92,0.85,1.50,-0.15,16609746
2442712,-0.03,0.92,-0.21,-5.28,-1.46,1.10,0.11,0.49,0.91,1.28,2.41,-0.03,16609121
2442723,-0.03,0.93,-0.21,-5.22,-2.78,-0.64,0.11,0.48,0.91,1.86,2.20,0.24,16608607
2442735,-0.03,0.93,-0.21,-4.55,-3.69,-1.31,0.10,0.49,0.91,1.46,-0.03,0.76,16609223
2442746,-0.05,0.94,-0.21,-4.24,-4.06,-1.01,0.10,0.49,0.91,1.65,-0.76,0.95,16607989
2442759,-0.05,0.95,-0.21,-3.05,-4.55,-3.33,0.10,0.49,0.91,1.56,-1.43,1.28,16607094
2442770,-0.06,0.95,-0.22,-2.69,-5.49,-3.72,0.10,0.49,0.92,1.56,-2.35,1.46,16604437
2442782,-0.06,0.96,-0.22,-1.04,-5.00,-4.88,0.10,0.49,0.92,0.92,-2.47,1.31,16607438
2442793,-0.08,0.96,-0.24,-5.31,-3.72,0.82,0.10,0.50,0.94,0.43,-1.04,0.92,16609759
2442805,-0.09,0.96,-0.23,-3.94,-4.24,-1.31,0.10,0.50,0.95,0.24,0.09,0.09,16608800
2442817,-0.08,0.97,-0.24,-2.17,-2.08,-5.46,0.09,0.51,0.95,-0.70,-0.34,0.27,16606489
2442828,-0.08,1.00,-0.25,-4.49,-2.35,-0.89,0.09,0.51,0.96,-1.62,-1.50,0.55,16604735
2442841,-0.06,1.02,-0.24,-2.14,-3.60,-4.61,0.10,0.52,0.96,-1.22,0.00,-0.52,16609080
2442852,-0.05,1.03,-0.23,0.18,-5.37,-6.20,0.10,0.52,0.95,-1.28,-0.15,-0.27,16608534
2442864,-0.04,1.04,-0.23,1.16,-7.14,-6.13,0.10,0.53,0.96,-2.29,-2.20,0.06,16606791
2442875,-0.05,1.03,-0.24,1.25,-6.93,-7.29,0.09,0.52,0.96,-1.80,-3.39,0.67,16606185
2442888,-0.07,1.01,-0.23,0.89,-5.89,-7.72,0.10,0.52,0.96,-2.44,-2.14,0.52,16608100
2442899,-0.09,1.00,-0.24,0.18,-4.12,-9.37,0.10,0.52,0.95,-2.04,-1.65,0.52,16609722
2442911,-0.11,0.99,-0.23,-0.06,-7.05,-7.97,0.10,0.52,0.95,-1.53,-1.16,0.49,16607251
2442923,-0.13,1.01,-0.22,9.12,-0.70,-11.14,0.10,0.51,0.94,-2.75,-0.89,-0.37,16609361
2442934,-0.15,0.99,-0.23,0.40,1.16,4.67,0.10,0.51,0.95,-3.85,-2.56,0.98,16608300
2442946,-0.12,0.94,-0.24,-7.69,1.62,-2.32,0.11,0.51,0.95,-1.92,0.70,0.18,16606829
2442957,-0.10,0.92,-0.21,-5.68,1.53,-4.00,0.10,0.51,0.94,-2.04,0.58,-0.64,16608860
2442970,-0.10,0.94,-0.21,-1.77,2.14,-1.59,0.11,0.51,0.92,-1.53,1.43,-1.37,16611195
2442981,-0.10,0.96,-0.21,-0.73,2.59,-0.06,0.10,0.50,0.92,-0.46,0.76,-1.71,16609890
2442993,-0.08,0.97,-0.21,0.03,1.43,0.27,0.10,0.50,0.92,-0.18,1.43,-1.98,16606231
2443004,-0.06,0.96,-0.21,-0.18,-0.24,0.31,0.10,0.49,0.91,-0.31,1.16,-2.08,16606548
2443017,-0.05,0.95,-0.21,0.06,-1.62,2.26,0.10,0.49,0.92,-0.70,0.27,-2.14,16608836
2443028,-0.06,0.95,-0.22,-0.67,-1.46,2.90,0.10,0.49,0.92,-0.73,0.40,-2.23,16608028
2443039,-0.08,0.94,-0.22,-1.43,0.15,2.01,0.10,0.49,0.92,-0.89,0.92,-2.32,16608272
2443052,-0.10,0.93,-0.22,-1.83,1.19,1.86,0.09,0.49,0.92,-0.79,0.15,-2.04,16607369
2443063,-0.11,0.93,-0.22,-2.72,3.02,2.29,0.10,0.49,0.92,-0.70,0.27,-2.35,16606246
2443075,-0.11,0.92,-0.22,-2.81,4.12,0.98,0.10,0.49,0.92,-0.40,0.89,-2.75,16608381
2443086,-0.10,0.93,-0.22,-3.63,3.54,1.92,0.11,0.49,0.92,-0.12,1.95,-2.90,16609201
2443099,-0.09,0.94,-0.22,-3.17,3.17,1.50,0.11,0.50,0.92,0.70,1.77,-2.62,16610087
2443110,-0.09,0.94,-0.22,-3.42,2.32,2.11,0.11,0.50,0.92,0.64,1.01,-2.69,16607835
2443122,-0.08,0.94,-0.22,-4.33,1.86,1.77,0.11,0.50,0.92,1.46,1.50,-2.38,16606859
2443133,-0.09,0.93,-0.22,-5.46,1.77,0.55,0.11,0.50,0.93,1.43,1.40,-2.44,16607218
2443146,-0.09,0.93,-0.22,-6.53,2.35,-0.46,0.10,0.50,0.93,1.37,0.31,-2.20,16609292
2443157,-0.10,0.94,-0.23,-6.10,2.78,-0.55,0.10,0.50,0.93,0.98,-0.21,-2.08,16611277
2443168,-0.10,0.96,-0.23,-5.43,3.11,-1.80,0.11,0.50,0.94,1.07,-0.70,-1.86,16607342
2443181,-0.11,0.97,-0.23,-4.70,3.81,-2.53,0.11,0.50,0.94,1.40,-0.89,-1.56,16604751
2443192,-0.11,0.97,-0.23,-4.15,3.66,-4.06,0.11,0.50,0.94,0.76,-0.95,-1.10,16607291
2443204,-0.11,0.97,-0.23,-4.12,3.54,-4.24,0.12,0.50,0.94,0.18,-1.68,-1.04,16608619
2443215,-0.11,0.97,-0.23,-3.91,3.33,-4.06,0.12,0.50,0.94,0.03,-1.46,-0.18,16608783
2443228,-0.11,0.98,-0.23,-3.33,3.36,-3.48,0.13,0.51,0.94,0.37,-0.37,-0.34,16607943
2443239,-0.12,0.98,-0.23,-2.59,3.69,-2.66,0.13,0.51,0.94,0.09,0.24,-0.09,16608117
2443251,-0.12,0.98,-0.23,-2.26,4.39,0.31,0.14,0.51,0.94,-0.49,1.68,-0.15,16609483
2443262,-0.12,0.98,-0.24,-2.50,4.39,2.14,0.13,0.50,0.94,-0.89,2.44,-0.46,16607999
2443274,-0.11,0.98,-0.24,-1.98,4.67,2.23,0.13,0.50,0.94,-1.31,2.41,-0.82,16607781
2443286,-0.10,0.98,-0.24,-2.62,4.36,2.62,0.12,0.50,0.94,-1.65,1.92,-0.85,16608661
2443297,-0.09,0.97,-0.23,-2.90,3.45,1.92,0.12,0.51,0.94,-1.65,1.43,-1.25,16607474
2443310,-0.09,0.97,-0.23,-3.72,3.11,0.92,0.11,0.51,0.94,-1.50,0.95,-1.19,16607563
2443321,-0.08,0.97,-0.23,-3.11,2.41,-0.24,0.11,0.51,0.94,-1.34,0.73,-0.64,16608172
2443333,-0.08,0.97,-0.23,-1.92,1.34,0.21,0.12,0.50,0.93,-0.98,0.64,-0.49,16608479
2443344,-0.08,0.97,-0.22,-1.65,1.04,0.37,0.12,0.50,0.93,-0.58,0.95,-0.37,16609024
2443357,-0.09,0.97,-0.22,-1.34,1.40,0.46,0.12,0.50,0.93,-0.43,1.07,-0.06,16609102
2443368,-0.10,0.96,-0.22,-2.14,2.23,0.82,0.11,0.50,0.93,-0.61,1.31,0.27,16608894
2443379,-0.11,0.95,-0.22,-3.36,3.51,0.67,0.12,0.50,0.93,-0.43,1.34,-0.03,16608216
2443392,-0.12,0.95,-0.22,-3.69,4.91,0.85,0.12,0.51,0.93,-0.79,2.23,-0.15,16608669
2443403,-0.11,0.95,-0.22,-4.00,5.37,1.83,0.12,0.51,0.93,-0.64,3.20,-1.04,16609185
2443415,-0.10,0.96,-0.22,-4.06,4.88,1.40,0.11,0.51,0.93,-0.21,3.45,-0.95,16608686
2443426,-0.07,0.96,-0.21,-3.57,3.30,0.52,0.11,0.51,0.92,0.37,2.41,-1.40,16607764
2443439,-0.05,0.96,-0.21,-3.42,1.13,0.27,0.10,0.51,0.92,1.01,1.31,-1.10,16609566
2443450,-0.05,0.96,-0.20,-3.14,-0.52,1.07,0.10,0.50,0.91,1.50,0.52,-0.89,16607676
2443462,-0.05,0.95,-0.19,-2.81,-1.31,1.89,0.11,0.51,0.91,2.14,0.64,-0.52,16606912
2443473,-0.07,0.94,-0.20,-3.75,-0.98,2.26,0.11,0.51,0.91,2.20,0.18,-0.15,16608107
2443486,-0.09,0.94,-0.21,-5.00,0.43,2.23,0.11,0.51,0.92,2.14,0.21,0.15,16609596
2443497,-0.11,0.94,-0.22,-5.89,2.08,2.11,0.11,0.50,0.93,1.65,0.92,0.34,16606671
2443508,-0.12,0.94,-0.23,-6.90,4.43,1.59,0.10,0.51,0.93,0.95,1.89,-0.34,16606538
2443521,-0.12,0.95,-0.23,-6.65,5.55,0.52,0.10,0.50,0.94,0.70,2.35,-0.85,16607628
2443532,-0.10,0.96,-0.23,-6.23,5.22,-0.03,0.10,0.51,0.93,0.06,1.56,-0.89,16608536
2443544,-0.08,0.98,-0.23,-4.46,3.81,0.82,0.11,0.51,0.93,0.09,1.59,-1.37,16609171
2443555,-0.06,1.00,-0.22,-2.81,2.35,0.92,0.11,0.51,0.93,-0.03,1.89,-1.62,16607512
2443568,-0.06,1.00,-0.22,-1.89,1.71,0.89,0.11,0.51,0.93,-0.21,1.59,-1.43,16606744
2443579,-0.06,1.00,-0.22,-2.11,1.62,1.19,0.10,0.51,0.93,-0.24,0.64,-0.98,16607379
2443591,-0.07,0.98,-0.22,-2.56,2.01,0.79,0.10,0.51,0.94,-0.15,0.55,-0.67,16606179
2443602,-0.08,0.98,-0.23,-3.11,4.30,-1.01,0.10,0.51,0.94,-0.12,1.59,-0.52,16609728
2443615,-0.11,1.01,-0.23,2.26,7.48,-1.62,0.09,0.50,0.93,1.01,4.27,-2.87,16608965
2443626,-0.08,0.98,-0.22,6.41,0.31,-5.68,0.09,0.51,0.95,-3.60,-3.60,-0.64,16606864
2443637,-0.06,0.93,-0.23,-1.37,0.18,-3.33,0.10,0.51,0.96,-3.97,-6.38,0.21,16609426
2443650,-0.06,0.91,-0.27,-19.90,-0.73,-0.21,0.12,0.51,0.97,-1.80,0.64,1.07,16611583
2443661,-0.05,1.00,-0.21,-2.90,0.76,-10.77,0.12,0.52,0.92,0.09,4.27,-1.43,16608278
2443673,-0.09,1.06,-0.21,4.21,0.18,4.27,0.12,0.52,0.92,-1.04,1.77,-0.03,16611602
2443684,-0.08,1.05,-0.20,6.81,0.09,2.01,0.11,0.51,0.91,0.76,-0.70,0.52,16611328
2443697,-0.07,1.00,-0.21,2.14,-0.89,2.47,0.11,0.51,0.93,0.37,-0.37,0.67,16608291
2443708,-0.06,0.94,-0.22,-2.38,-1.65,1.86,0.11,0.51,0.94,-1.34,-0.21,0.12,16609698
2443720,-0.07,0.91,-0.22,-6.90,-1.31,-0.67,0.11,0.51,0.94,-1.46,-0.43,0.06,16610260
2443731,-0.08,0.91,-0.22,-7.63,-0.18,-1.43,0.11,0.51,0.94,-1.34,1.25,-0.49,16607585
2443743,-0.10,0.93,-0.22,-6.87,1.50,-1.25,0.11,0.51,0.93,-0.85,3.33,-0.95,16604485
2443755,-0.10,0.96,-0.21,-3.60,1.98,-1.16,0.11,0.50,0.91,0.00,2.81,-1.28,16605098
2443766,-0.09,0.97,-0.20,-1.68,2.04,-0.03,0.11,0.50,0.91,0.55,1.16,-0.70,16608329
2443779,-0.09,0.97,-0.20,-1.40,1.31,-0.12,0.11,0.50,0.91,1.07,0.52,-0.76,16608921
2443790,-0.08,0.95,-0.20,-1.98,1.53,0.12,0.11,0.50,0.91,0.89,0.67,-0.58,16609418
2443802,-0.09,0.94,-0.20,-3.91,2.44,0.03,0.10,0.51,0.91,1.43,0.73,-0.67,16610840
2443813,-0.09,0.93,-0.20,-5.43,3.42,0.27,0.10,0.51,0.91,0.92,0.92,-0.34,16609088
2443826,-0.10,0.92,-0.20,-6.96,3.97,-0.73,0.10,0.51,0.91,1.43,0.98,-0.31,16607820
2443837,-0.09,0.93,-0.20,-6.93,4.21,-1.53,0.10,0.51,0.91,1.80,0.58,-0.46,16608266
2443849,-0.08,0.95,-0.20,-6.35,3.78,-0.98,0.10,0.51,0.92,2.20,0.61,-0.55,16610129
2443860,-0.08,0.96,-0.20,-5.16,3.51,0.03,0.10,0.51,0.92,2.17,0.49,-0.67,16610282
2443872,-0.07,0.97,-0.20,-5.16,2.93,0.03,0.11,0.51,0.92,2.08,1.31,-0.67,16608648
2443884,-0.07,0.97,-0.21,-5.34,2.50,-0.34,0.10,0.51,0.93,2.11,0.21,-0.67,16607093
2443895,-0.07,0.97,-0.21,-5.46,2.04,-0.06,0.10,0.51,0.93,1.89,0.24,-0.18,16606657
2443908,-0.07,0.97,-0.21,-6.23,1.89,0.06,0.10,0.52,0.93,1.77,0.27,-0.55,16604722
2443919,-0.07,0.97,-0.21,-6.26,1.77,-0.64,0.10,0.52,0.93,1.80,0.70,-0.76,16607518
2443931,-0.07,0.97,-0.21,-6.01,2.23,-0.64,0.10,0.52,0.93,1.56,1.16,-1.28,16607911
2443942,-0.08,0.98,-0.22,-5.34,2.93,-0.52,0.10,0.51,0.93,1.19,1.25,-1.16,16606632
2443955,-0.08,0.99,-0.22,-4.15,3.42,-0.31,0.10,0.51,0.93,1.25,0.92,-1.22,16608946
2443966,-0.08,0.99,-0.22,-3.75,3.54,0.61,0.11,0.51,0.93,0.79,1.34,-1.31,16608084
2443977,-0.08,0.99,-0.22,-2.75,3.75,1.31,0.11,0.51,0.93,0.82,1.92,-1.22,16609034
2443990,-0.08,0.99,-0.22,-3.11,3.51,0.55,0.11,0.51,0.93,0.61,1.53,-1.01,16609549
2444001,-0.07,0.98,-0.22,-2.53,2.29,-0.06,0.10,0.51,0.93,0.00,0.43,-0.64,16608464
2444013,-0.06,0.98,-0.22,-3.33,1.56,-0.76,0.10,0.51,0.93,0.06,-0.18,-0.52,16608508
2444024,-0.06,0.98,-0.21,-2.72,0.43,-1.68,0.10,0.51,0.93,-0.06,-0.24,-0.18,16609119
2444037,-0.06,0.97,-0.21,-3.23,0.55,-1.92,0.10,0.51,0.93,0.21,-0.37,-0.18,16608287
2444048,-0.07,0.97,-0.21,-3.33,1.19,-1.40,0.11,0.51,0.93,0.24,-0.37,-0.15,16607720
2444060,-0.09,0.98,-0.21,-2.66,2.59,-1.95,0.11,0.52,0.93,-0.18,0.43,-0.70,16608597
2444071,-0.09,0.99,-0.21,-1.53,3.14,-0.85,0.11,0.52,0.92,-0.31,0.92,-0.76,16608389
2444083,-0.09,0.99,-0.21,-1.04,3.30,-0.70,0.11,0.52,0.92,-0.15,0.31,-0.85,16610384
2444095,-0.08,0.99,-0.21,-0.55,3.33,-0.95,0.10,0.52,0.92,-0.12,-0.06,-0.82,16610683
2444106,-0.07,0.98,-0.20,-1.56,2.72,-0.31,0.10,0.52,0.92,0.24,-0.06,-0.79,16610674
2444119,-0.07,0.96,-0.20,-2.75,2.56,-0.55,0.11,0.52,0.92,0.34,0.82,-0.55,16610681
2444130,-0.08,0.96,-0.20,-3.97,2.72,-0.06,0.11,0.52,0.93,0.49,1.46,-0.89,16611887
2444142,-0.08,0.96,-0.21,-3.51,3.14,-0.70,0.11,0.52,0.92,0.46,1.34,-0.70,16611786
2444153,-0.09,0.97,-0.21,-2.26,3.66,-1.22,0.11,0.52,0.92,0.37,1.10,-0.52,16609967
2444166,-0.09,0.98,-0.21,-1.34,3.85,-0.21,0.11,0.52,0.92,0.24,1.04,-0.34,16609753
2444177,-0.09,0.99,-0.21,0.37,3.94,0.24,0.11,0.52,0.91,-0.18,0.46,-0.46,16612488
2444189,-0.09,1.00,-0.21,1.43,4.15,0.31,0.11,0.52,0.91,0.03,-0.21,-0.18,16616260
2444200,-0.08,1.01,-0.20,3.30,4.00,0.40,0.11,0.52,0.91,0.12,-0.15,-0.43,16619362
2444212,-0.07,1.02,-0.20,6.20,2.81,0.27,0.11,0.52,0.91,0.58,-0.79,-0.27,16625294
2444224,-0.06,1.02,-0.20,7.57,1.40,-0.43,0.11,0.53,0.91,0.89,-1.01,-0.43,16627937
2444235,-0.05,1.01,-0.20,7.87,0.76,-0.61,0.11,0.53,0.91,1.22,-1.07,-0.18,16628772
2444248,-0.08,1.02,-0.20,10.77,1.50,3.36,0.10,0.53,0.92,0.52,-2.29,0.18,16631387
2444259,-0.09,0.99,-0.23,0.43,3.78,2.32,0.10,0.53,0.93,-0.49,-2.20,-0.37,16636119
2444271,-0.09,0.97,-0.22,0.85,3.85,0.58,0.10,0.53,0.94,-0.09,-1.13,-0.34,16641913
2444282,-0.08,1.02,-0.23,12.18,8.39,-10.01,0.10,0.53,0.91,1.89,2.75,-1.62,16646887
2444295,-0.10,1.06,-0.19,22.06,4.70,-3.78,0.08,0.52,0.90,0.00,-8.91,-2.69,16649293
2444306,-0.07,1.02,-0.25,9.06,6.04,-10.44,0.09,0.53,0.93,-0.73,-8.58,0.18,16652973
2444318,-0.08,1.04,-0.23,11.78,3.97,-0.58,0.10,0.53,0.94,-1.80,-5.86,1.28,16660076
2444329,-0.06,1.08,-0.22,26.64,2.41,-7.14,0.13,0.54,0.91,0.06,-1.01,1.13,16665824
2444341,-0.06,1.09,-0.22,29.08,2.26,-6.32,0.13,0.54,0.90,0.46,-1.74,0.61,16667307
2444353,-0.07,1.07,-0.21,31.95,2.62,-3.72,0.12,0.53,0.90,2.29,-4.82,1.40,16668952
2444364,-0.07,1.03,-0.22,28.05,2.99,-9.19,0.11,0.53,0.91,3.11,-2.72,1.50,16672725
2444377,-0.07,1.02,-0.22,32.93,7.14,-14.95,0.10,0.52,0.90,4.24,-3.94,-0.31,16673882
2444388,-0.06,0.96,-0.25,23.86,4.82,-12.79,0.10,0.54,0.94,-0.64,-7.29,1.13,16680292
2444400,-0.09,0.95,-0.25,28.53,8.94,-11.54,0.10,0.53,0.93,2.75,-5.34,-0.52,16682570
2444411,-0.09,0.89,-0.26,16.42,5.52,-7.39,0.11,0.54,0.95,-1.37,-5.31,0.82,16684344
2444424,-0.08,0.84,-0.28,13.31,3.97,-3.45,0.12,0.54,0.96,0.70,-0.64,0.37,16682592
2444435,-0.07,0.83,-0.29,7.26,4.06,-7.20,0.12,0.54,0.94,-0.55,0.92,0.27,16684495
2444446,-0.07,0.83,-0.29,3.36,4.00,-6.59,0.12,0.53,0.94,0.06,0.09,-0.18,16683406
2444459,-0.08,0.83,-0.28,0.76,3.54,-1.83,0.13,0.52,0.93,0.52,0.52,-0.49,16681179
2444470,-0.08,0.84,-0.28,-0.76,4.18,0.55,0.13,0.52,0.93,0.82,2.17,-0.52,16681507
2444482,-0.09,0.85,-0.28,-2.93,5.71,3.88,0.13,0.52,0.92,1.59,4.12,-1.25,16679950
2444493,-0.10,0.85,-0.27,-4.21,6.47,6.93,0.13,0.52,0.91,2.23,5.68,-2.01,16678260
2444506,-0.11,0.87,-0.27,-3.45,9.46,7.51,0.13,0.51,0.90,3.08,7.45,-3.08,16678782
2444517,-0.11,0.88,-0.26,-3.88,9.83,7.29,0.13,0.51,0.89,4.18,7.17,-3.69,16677889
2444529,-0.09,0.88,-0.26,-3.91,9.70,3.54,0.12,0.52,0.89,5.37,7.02,-4.03,16676976
2444540,-0.08,0.89,-0.26,-3.75,10.01,3.02,0.11,0.52,0.89,5.83,5.25,-3.91,16679217
2444553,-0.09,0.90,-0.27,-2.78,10.22,4.09,0.11,0.52,0.89,6.04,3.30,-3.20,16679614
2444564,-0.08,0.90,-0.28,-3.33,10.10,5.43,0.10,0.51,0.90,4.97,1.83,-2.59,16678929
2444575,-0.08,0.91,-0.29,-3.39,9.19,6.20,0.11,0.51,0.90,3.85,1.89,-1.50,16680968
2444588,-0.07,0.93,-0.29,-2.93,8.54,7.20,0.11,0.51,0.90,3.23,1.83,-0.95,16681127
2444599,-0.06,0.94,-0.30,-2.38,7.72,6.93,0.11,0.52,0.91,2.20,2.59,-0.76,16683198
2444611,-0.05,0.94,-0.30,-2.23,6.87,5.40,0.11,0.52,0.91,1.86,2.99,-1.07,16685073
2444622,-0.04,0.93,-0.30,-3.11,5.86,3.91,0.10,0.53,0.91,1.50,2.29,-1.50,16687635
2444635,-0.03,0.94,-0.29,-2.69,4.64,2.32,0.10,0.53,0.90,2.11,0.49,-1.62,16690128
2444646,-0.03,0.94,-0.29,-1.22,3.91,1.43,0.10,0.53,0.90,2.26,-0.34,-1.86,16691492
2444658,-0.04,0.95,-0.29,-0.67,3.05,1.40,0.11,0.53,0.90,3.05,0.03,-1.74,16689668
2444669,-0.04,0.96,-0.28,1.31,3.02,1.53,0.11,0.53,0.90,3.81,1.37,-1.28,16691601
2444681,-0.05,0.96,-0.28,2.66,1.95,1.83,0.12,0.53,0.89,4.36,0.92,-0.67,16691816
2444693,-0.05,0.97,-0.28,4.21,1.31,3.88,0.13,0.53,0.89,4.30,1.19,0.46,16690072
2444704,-0.06,0.98,-0.28,6.96,0.40,5.83,0.13,0.53,0.89,4.46,0.82,1.37,16692351
2444717,-0.06,1.00,-0.28,10.86,-0.31,6.50,0.13,0.52,0.89,5.07,0.73,1.80,16692252
2444728,-0.05,1.03,-0.28,17.03,-0.52,5.43,0.12,0.52,0.88,5.62,0.73,1.13,16694543
2444740,-0.05,1.05,-0.28,23.04,-0.46,3.36,0.12,0.52,0.87,6.59,0.00,0.67,16699537
2444751,-0.06,1.06,-0.28,28.26,0.27,2.87,0.11,0.53,0.87,7.66,-1.92,0.58,16700315
2444764,-0.07,1.05,-0.28,31.68,1.10,4.12,0.11,0.53,0.87,7.48,-3.94,0.40,16703634
2444775,-0.08,1.03,-0.30,32.84,2.29,5.46,0.11,0.54,0.88,7.08,-4.24,0.55,16702062
2444787,-0.07,1.02,-0.31,34.12,1.95,6.16,0.11,0.54,0.90,6.50,-3.39,0.89,16707178
2444798,-0.06,1.01,-0.32,35.06,2.72,1.04,0.11,0.55,0.90,6.23,-1.98,0.79,16710684
2444810,-0.07,1.01,-0.34,36.22,3.81,-1.59,0.11,0.55,0.91,5.58,-2.96,0.85,16714716
2444822,-0.09,1.00,-0.33,38.48,4.49,-0.31,0.11,0.56,0.91,5.28,-3.08,1.43,16718541
2444833,-0.09,0.99,-0.34,40.37,4.52,1.28,0.13,0.57,0.90,6.04,-2.96,2.17,16720484
2444846,-0.09,0.99,-0.34,41.60,4.97,0.18,0.14,0.57,0.90,7.45,-0.73,2.41,16725674
2444857,-0.08,0.98,-0.33,42.66,4.33,1.43,0.14,0.57,0.89,8.18,1.83,2.62,16728183
2444869,-0.09,0.97,-0.33,44.22,4.64,5.28,0.14,0.56,0.89,8.79,1.92,2.84,16726399
2444880,-0.08,0.97,-0.34,46.88,5.16,4.61,0.13,0.56,0.89,9.55,1.04,3.08,16730655
2444893,-0.09,0.99,-0.35,51.73,6.16,6.01,0.13,0.56,0.88,10.25,-2.08,3.23,16735236
2444904,-0.09,1.02,-0.36,56.55,7.26,9.64,0.13,0.56,0.88,10.01,-2.93,3.63,16740174
2444916,-0.09,1.05,-0.38,63.90,7.69,12.15,0.14,0.56,0.87,9.92,-3.20,3.42,16745384
2444928,-0.06,1.08,-0.38,72.30,7.69,11.51,0.14,0.55,0.87,9.70,-1.40,2.66,16749147
2444939,-0.03,1.09,-0.39,79.19,7.11,10.35,0.13,0.55,0.87,9.58,3.78,0.95,16752647
2444951,-0.01,1.07,-0.39,83.34,4.85,9.83,0.12,0.55,0.87,8.61,5.43,-0.52,16756129
2444962,0.01,1.04,-0.39,89.23,4.79,5.46,0.11,0.55,0.87,10.68,0.79,-0.70,16762380
2444975,0.00,1.02,-0.39,91.55,3.14,6.71,0.10,0.56,0.86,9.80,-2.87,-0.40,16768430
2444986,0.03,0.97,-0.40,91.28,-2.38,5.98,0.11,0.56,0.86,12.12,-2.81,0.85,16775965
2444998,0.03,0.93,-0.40,93.60,-2.81,-1.22,0.12,0.57,0.85,12.79,-1.46,2.23,4099
2445009,-0.02,0.89,-0.42,94.33,-0.24,-1.22,0.11,0.57,0.87,12.82,-0.95,2.29,8776
2445021,-0.08,0.82,-0.46,88.56,3.27,3.14,0.11,0.58,0.88,9.58,-2.84,3.45,13477
2445033,-0.10,0.77,-0.49,82.70,6.71,4.36,0.11,0.59,0.90,7.57,-6.87,3.85,18943
2445044,-0.10,0.72,-0.51,76.75,8.64,2.38,0.11,0.60,0.91,7.17,-7.20,3.88,25647
2445057,-0.08,0.68,-0.54,70.50,9.12,1.13,0.12,0.60,0.91,5.89,-3.78,3.23,33135
2445068,-0.06,0.65,-0.55,64.48,9.09,0.40,0.13,0.61,0.91,5.86,-0.61,2.41,40655
2445080,-0.03,0.62,-0.55,60.88,8.45,0.43,0.14,0.61,0.90,6.90,1.40,3.05,51131
2445091,-0.02,0.62,-0.55,57.95,4.55,4.64,0.16,0.61,0.89,8.33,4.88,2.93,58567
2445104,-0.00,0.65,-0.56,56.64,2.41,9.67,0.17,0.61,0.87,8.97,8.03,3.51,67096
2445115,0.02,0.68,-0.57,55.91,0.15,11.35,0.16,0.61,0.86,10.71,5.31,2.96,75619
2445127,0.05,0.71,-0.58,58.78,-2.32,9.61,0.14,0.61,0.86,9.55,4.24,1.95,81881
2445138,0.06,0.74,-0.59,61.68,-3.48,8.94,0.12,0.59,0.86,10.89,-0.37,1.01,86040
2445150,0.05,0.76,-0.60,65.22,-4.46,12.27,0.11,0.59,0.86,9.89,-0.73,0.61,89131
2445162,0.02,0.78,-0.61,68.82,-4.24,18.34,0.11,0.58,0.85,9.77,-1.95,0.34,97485
2445173,0.01,0.81,-0.62,76.08,-3.91,20.72,0.11,0.58,0.85,10.01,-1.59,0.64,108599
2445186,0.02,0.86,-0.62,84.01,-5.65,19.41,0.10,0.59,0.84,9.52,-1.80,0.76,116567
2445197,0.06,0.87,-0.63,93.60,-7.17,10.86,0.09,0.58,0.83,10.89,-8.27,0.67,125375
2445209,0.07,0.87,-0.63,101.14,-9.09,6.07,0.08,0.58,0.83,10.62,-12.94,0.31,136529
2445220,0.08,0.83,-0.63,103.55,-11.29,5.86,0.09,0.58,0.83,9.95,-10.44,0.95,142850
2445233,0.04,0.76,-0.63,102.45,-10.89,13.00,0.12,0.58,0.83,9.80,-5.16,2.11,151122
2445244,-0.01,0.67,-0.64,99.61,-8.03,20.23,0.15,0.59,0.84,9.37,3.69,2.59,160920
2445256,-0.04,0.61,-0.63,98.85,-6.53,20.66,0.16,0.61,0.84,9.86,7.63,2.29,171101
2445267,-0.05,0.57,-0.64,95.89,-6.35,20.87,0.16,0.62,0.83,13.03,5.58,0.89,185748
2445279,-0.04,0.57,-0.64,93.08,-7.14,16.57,0.16,0.62,0.81,14.25,5.89,-0.52,200791
2445291,-0.02,0.56,-0.64,95.15,-6.47,10.62,0.15,0.62,0.81,16.69,8.30,-0.73,215619
2445302,-0.03,0.54,-0.64,95.49,-6.26,9.80,0.14,0.62,0.81,16.91,7.02,-1.50,228143
2445315,-0.06,0.49,-0.67,91.09,-3.85,15.53,0.14,0.62,0.81,16.17,5.95,-1.62,241126
2445326,-0.09,0.45,-0.69,90.18,-1.86,20.81,0.13,0.63,0.82,15.75,-1.19,-1.68,258328
2445338,-0.11,0.45,-0.72,90.15,2.08,20.26,0.14,0.64,0.82,14.80,0.09,-0.89,278035
2445349,-0.08,0.45,-0.75,90.79,3.17,11.29,0.14,0.64,0.83,14.65,1.95,-0.98,300303
2445362,-0.04,0.41,-0.76,89.29,0.82,3.02,0.14,0.65,0.83,14.47,3.30,-0.95,319318
2445373,-0.02,0.34,-0.78,80.87,-1.31,2.41,0.16,0.66,0.84,13.89,7.57,0.43,336043
2445384,-0.04,0.25,-0.80,67.96,-0.76,8.61,0.17,0.66,0.85,13.92,13.73,2.20,354108
2445396,-0.09,0.19,-0.83,58.53,1.80,16.88,0.17,0.67,0.86,12.85,12.97,3.51,373945
2445408,-0.09,0.19,-0.86,50.87,1.56,20.51,0.16,0.68,0.86,12.97,14.01,2.56,394480
2445420,0.00,0.17,-0.87,49.04,-0.67,6.13,0.14,0.69,0.87,11.20,7.05,1.28,413792
2445431,0.06,0.13,-0.90,40.10,-4.85,2.72,0.13,0.69,0.88,8.12,2.66,0.67,427441
2445444,0.09,0.07,-0.93,30.64,-7.84,3.97,0.12,0.70,0.90,5.31,-2.47,-0.37,433836
2445455,0.10,0.01,-0.95,19.13,-10.89,5.22,0.11,0.70,0.91,3.60,-3.20,-0.73,435408
2445467,0.10,0.03,-0.96,14.95,-12.76,6.56,0.10,0.70,0.91,2.26,-4.03,-0.95,433259
2445478,0.09,0.08,-0.96,13.55,-14.19,6.59,0.11,0.68,0.91,1.71,-3.30,-0.70,431299
2445490,0.07,0.13,-0.96,12.66,-13.98,5.95,0.11,0.67,0.90,-0.24,-2.50,-0.27,424458
2445502,0.04,0.12,-0.97,8.67,-11.44,1.37,0.10,0.66,0.90,-1.89,-3.39,-0.21,419191
2445513,-0.01,0.09,-0.97,2.29,-6.59,-3.57,0.09,0.66,0.89,-6.62,-10.53,-0.82,413160
2445526,-0.08,0.08,-0.95,-2.50,0.95,-5.22,0.09,0.65,0.88,-5.58,-9.49,-0.06,405409
2445537,-0.12,0.12,-0.93,-3.66,7.75,-5.74,0.10,0.64,0.86,-4.55,-2.17,-0.52,396209
2445549,-0.14,0.20,-0.90,-0.67,12.54,-3.45,0.11,0.63,0.85,-3.20,3.11,-1.56,385925
2445560,-0.11,0.28,-0.88,4.97,13.95,-3.42,0.11,0.63,0.83,-3.66,4.03,-3.27,378054
2445573,-0.03,0.33,-0.87,9.67,12.12,-8.03,0.11,0.63,0.83,-2.50,3.78,-5.07,372848
2445584,0.05,0.34,-0.88,11.11,8.12,-11.32,0.10,0.64,0.83,-2.23,0.95,-5.83,368209
2445596,0.10,0.32,-0.88,11.17,2.62,-13.12,0.09,0.65,0.84,-1.37,-3.66,-6.16,359605
2445607,0.15,0.30,-0.90,10.74,-2.66,-17.00,0.09,0.64,0.85,-2.35,-8.67,-5.58,347412
2445619,0.16,0.28,-0.92,11.17,-6.74,-19.93,0.09,0.64,0.87,-4.39,-11.96,-4.61,333762
2445631,0.13,0.28,-0.93,13.34,-8.42,-20.29,0.08,0.64,0.87,-6.26,-14.04,-3.51,317556
2445642,0.08,0.28,-0.94,14.83,-7.90,-19.62,0.09,0.63,0.87,-6.44,-11.47,-2.50,305106
2445655,0.03,0.27,-0.93,15.14,-5.62,-17.09,0.09,0.63,0.86,-5.28,-8.70,-2.08,295247
2445666,-0.03,0.26,-0.93,14.50,-2.14,-15.20,0.10,0.64,0.85,-4.55,-5.58,-1.74,286672
2445678,-0.07,0.25,-0.92,12.57,2.32,-14.28,0.10,0.65,0.84,-5.40,-3.88,-2.96,281413
2445689,-0.09,0.27,-0.91,14.04,5.62,-14.68,0.11,0.65,0.83,-2.96,-1.68,-3.69,282311
2445702,-0.08,0.28,-0.90,14.22,8.79,-15.01,0.11,0.66,0.81,-1.25,0.92,-4.58,286146
2445713,-0.08,0.25,-0.89,12.42,11.23,-15.63,0.10,0.66,0.81,0.00,1.22,-5.22,285977
2445724,-0.07,0.21,-0.89,7.23,13.40,-17.67,0.10,0.66,0.81,0.31,-0.15,-5.65,280742
2445736,-0.07,0.14,-0.89,-1.04,14.92,-18.46,0.10,0.66,0.82,-1.10,-1.86,-4.91,272844
2445748,-0.06,0.10,-0.90,-6.59,15.01,-19.04,0.11,0.66,0.82,-2.62,-2.38,-4.46,263999
2445760,-0.03,0.11,-0.89,-10.01,13.24,-19.17,0.12,0.65,0.82,-2.90,-1.74,-4.24,256810
2445771,0.00,0.14,-0.88,-11.02,9.83,-17.88,0.13,0.65,0.81,-2.35,-1.37,-3.45,246032
2445784,0.02,0.16,-0.87,-11.60,6.20,-13.98,0.13,0.64,0.80,-1.95,-2.38,-2.81,231325
2445795,0.03,0.17,-0.87,-12.57,3.57,-10.65,0.14,0.63,0.81,-2.75,-3.36,-2.44,217379
2445807,0.02,0.21,-0.88,-11.26,2.26,-6.50,0.14,0.63,0.81,-3.14,-4.85,-2.20,206823
2445818,0.01,0.25,-0.88,-7.20,2.08,-2.26,0.14,0.62,0.81,-2.90,-4.91,-2.26,197854
2445830,0.01,0.30,-0.88,-2.04,1.98,-0.73,0.15,0.62,0.81,-1.92,-3.91,-3.02,191909
2445842,0.01,0.32,-0.89,0.21,1.34,-0.76,0.15,0.63,0.82,-1.68,-1.98,-3.69,188462
2445853,0.00,0.30,-0.90,-0.52,1.07,-0.89,0.15,0.64,0.82,-1.37,-1.62,-3.81,185944
2445865,-0.01,0.24,-0.91,-5.98,1.74,-0.95,0.15,0.66,0.84,-4.15,-1.50,-3.20,182659
2445877,-0.02,0.19,-0.93,-11.81,2.17,-1.95,0.15,0.67,0.85,-7.45,-2.62,-2.66,178203
2445889,-0.02,0.19,-0.92,-13.34,2.32,-6.44,0.15,0.67,0.85,-8.00,-3.57,-2.78,169425
2445900,-0.02,0.22,-0.92,-12.57,2.01,-9.89,0.15,0.67,0.84,-6.87,-3.08,-2.26,157739
2445913,-0.04,0.24,-0.91,-11.84,3.27,-9.74,0.15,0.66,0.84,-5.28,-2.08,-2.14,145733
2445924,-0.07,0.27,-0.90,-9.46,5.83,-6.81,0.15,0.65,0.83,-3.54,-1.56,-1.92,137343
2445936,-0.09,0.31,-0.90,-6.32,8.24,-5.07,0.16,0.64,0.83,-2.04,-0.67,-2.35,131380
2445947,-0.09,0.33,-0.90,-2.26,9.64,-5.22,0.16,0.64,0.82,-0.37,1.13,-2.66,130615
2445959,-0.08,0.34,-0.89,0.06,9.19,-3.72,0.16,0.64,0.82,0.79,2.62,-2.99,129080
2445971,-0.05,0.32,-0.90,-0.03,7.26,-2.26,0.17,0.65,0.83,1.53,3.30,-3.08,127635
2445982,-0.02,0.29,-0.91,-1.62,4.24,-0.15,0.17,0.66,0.84,0.79,2.93,-2.75,132018
2445995,0.00,0.26,-0.93,-4.64,2.47,-2.29,0.16,0.67,0.85,-1.10,0.27,-2.04,136926
2446006,0.01,0.24,-0.94,-6.32,1.22,-4.36,0.15,0.67,0.86,-2.14,-2.04,-1.83,137958
2446018,-0.00,0.24,-0.94,-5.77,1.19,-4.52,0.15,0.66,0.86,-3.05,-3.63,-1.22,131609
2446029,-0.01,0.25,-0.93,-3.02,1.62,-5.28,0.15,0.66,0.86,-4.46,-2.47,-0.73,126593
2446042,-0.02,0.29,-0.93,-1.10,1.13,-3.23,0.16,0.65,0.85,-5.28,0.00,0.09,122273
2446053,-0.03,0.31,-0.93,1.59,1.37,-0.37,0.16,0.64,0.85,-5.07,2.20,0.15,118300
2446064,-0.02,0.32,-0.92,4.46,1.40,-0.18,0.15,0.64,0.85,-5.22,1.68,-0.55,115133
2446076,-0.00,0.30,-0.92,4.12,0.82,-2.11,0.14,0.64,0.84,-5.10,1.34,-0.95,111890
2446088,0.00,0.25,-0.92,0.43,0.40,-4.43,0.13,0.64,0.84,-5.25,0.95,-0.73,113524
2446100,-0.01,0.21,-0.91,-3.51,1.10,-4.55,0.13,0.64,0.84,-4.61,-0.64,-0.61,114431
2446111,-0.03,0.18,-0.90,-7.75,3.72,-3.48,0.12,0.65,0.84,-3.69,-0.55,-1.22,110252
2446124,-0.05,0.16,-0.90,-8.82,6.32,-3.42,0.11,0.64,0.84,-2.47,-1.04,-1.80,105993
2446135,-0.05,0.16,-0.90,-14.10,8.30,-4.58,0.12,0.63,0.84,-3.14,1.34,-1.95,99105
2446147,-0.05,0.16,-0.89,-17.61,9.49,-3.20,0.12,0.62,0.83,-5.37,3.45,-1.83,93068
2446158,-0.03,0.18,-0.88,-15.81,10.53,-6.01,0.13,0.62,0.84,-6.77,4.43,-1.92,90389
2446171,-0.02,0.21,-0.89,-14.28,11.41,-7.97,0.12,0.61,0.84,-8.18,4.09,-2.35,86789
2446182,-0.01,0.24,-0.89,-15.38,12.27,-5.95,0.11,0.60,0.83,-7.26,3.66,-3.51,79543
2446193,-0.02,0.28,-0.87,-11.66,14.56,-4.09,0.11,0.59,0.82,-6.13,1.92,-4.61,73370
2446205,-0.02,0.31,-0.85,-5.13,15.59,-1.98,0.11,0.60,0.81,-5.00,2.81,-5.49,66563
2446217,0.00,0.34,-0.86,-5.10,13.55,-1.31,0.12,0.61,0.81,-3.39,2.53,-5.46,65613
2446229,0.04,0.33,-0.85,-5.58,9.58,-2.96,0.13,0.62,0.81,-1.71,2.38,-4.55,65112
2446240,0.06,0.32,-0.86,-6.26,6.23,-2.96,0.14,0.64,0.81,-1.13,2.44,-3.33,64854
2446253,0.06,0.29,-0.86,-6.50,2.59,-1.86,0.13,0.64,0.83,-1.71,-0.82,-2.17,62631
2446264,0.06,0.28,-0.88,-8.79,1.77,-2.17,0.13,0.65,0.84,-2.47,-1.50,-1.62,58584
2446276,0.05,0.28,-0.89,-9.09,1.53,-3.42,0.13,0.65,0.84,-2.23,-3.23,-1.46,56744
2446287,0.03,0.28,-0.89,-9.43,2.35,-3.42,0.12,0.65,0.84,-1.53,-2.75,-1.59,52238
2446300,0.01,0.28,-0.90,-10.28,2.72,-2.29,0.12,0.66,0.84,-1.59,-2.26,-1.89,45666
2446311,-0.00,0.29,-0.90,-10.35,3.36,-4.12,0.13,0.66,0.84,-0.73,0.55,-1.56,40229
2446322,-0.00,0.28,-0.91,-10.96,3.39,-6.13,0.13,0.66,0.85,-0.27,1.10,-1.74,33794
2446334,0.00,0.27,-0.92,-12.82,3.08,-6.13,0.13,0.66,0.86,-1.25,1.50,-1.46,25798
2446346,0.01,0.24,-0.93,-15.84,2.35,-5.80,0.13,0.66,0.87,-2.99,1.40,-1.98,16263
2446358,0.03,0.21,-0.93,-18.83,0.06,-5.65,0.13,0.65,0.88,-4.43,-0.12,-1.28,8647
2446369,0.04,0.20,-0.93,-22.34,-1.22,-4.49,0.13,0.64,0.88,-5.00,0.21,-1.07,16773881
2446382,0.04,0.20,-0.92,-24.99,-1.83,-1.77,0.13,0.63,0.87,-5.43,-0.52,-1.07,16760965
2446393,0.02,0.23,-0.91,-23.86,-1.92,2.44,0.13,0.63,0.86,-5.52,-1.43,-1.10,16751743
2446405,0.00,0.28,-0.91,-20.51,-1.19,3.30,0.13,0.63,0.86,-6.56,-0.82,-1.01,16742160
2446416,0.01,0.32,-0.92,-17.12,-1.80,-0.98,0.13,0.62,0.86,-7.20,-2.56,-1.95,16734848
2446429,0.02,0.34,-0.92,-14.13,-2.87,-4.00,0.14,0.62,0.87,-8.42,-2.23,-1.22,16727511
2446440,0.03,0.33,-0.93,-14.13,-4.55,-3.91,0.15,0.62,0.87,-11.14,-1.65,-0.64,16720113
2446451,0.03,0.31,-0.92,-14.28,-6.81,-3.75,0.15,0.61,0.87,-11.81,-1.89,0.34,16710320
2446464,0.04,0.28,-0.92,-15.53,-9.46,-2.01,0.15,0.61,0.88,-12.70,-3.23,1.13,16698136
2446475,0.03,0.27,-0.92,-17.03,-11.81,4.30,0.16,0.60,0.88,-13.00,-1.62,2.47,16686401
2446487,0.02,0.24,-0.91,-20.54,-12.05,1.25,0.15,0.59,0.88,-13.21,-5.37,2.84,16673412
2446498,-0.01,0.24,-0.90,-20.51,-9.43,-0.27,0.15,0.59,0.87,-12.57,-3.20,2.56,16662590
2446511,-0.05,0.25,-0.90,-21.97,-5.95,-0.37,0.14,0.59,0.87,-13.28,-4.15,1.83,16652402
2446522,-0.07,0.26,-0.89,-23.25,-3.63,1.16,0.14,0.59,0.87,-13.09,-5.04,0.82,16642282
2446534,-0.07,0.30,-0.88,-21.64,-1.95,5.52,0.16,0.59,0.86,-13.28,-0.73,0.09,16632416
2446545,-0.07,0.37,-0.85,-16.27,-0.43,8.18,0.17,0.58,0.84,-10.71,4.97,-0.82,16625026
2446557,-0.07,0.43,-0.84,-10.19,0.27,12.08,0.16,0.59,0.83,-8.76,7.14,-2.41,16616373
2446569,-0.05,0.46,-0.84,-6.07,1.74,10.22,0.15,0.60,0.83,-7.11,7.35,-3.54,16610666
2446580,-0.05,0.45,-0.85,-4.55,3.11,7.39,0.14,0.60,0.84,-6.44,5.80,-4.06,16612062
2446593,-0.04,0.43,-0.86,-6.13,1.56,14.31,0.13,0.61,0.85,-7.29,4.00,-3.91,16611219
2446604,-0.01,0.39,-0.85,-8.88,0.76,8.85,0.13,0.61,0.84,-6.20,2.14,-3.57,16609643
2446616,0.04,0.36,-0.84,-9.12,-2.90,2.17,0.12,0.61,0.84,-5.04,0.12,-2.53,16607563
2446627,0.04,0.37,-0.83,-9.00,-6.29,3.88,0.12,0.61,0.83,-4.43,-4.30,-0.58,16606843
2446640,0.03,0.36,-0.82,-9.58,-7.69,5.74,0.12,0.61,0.82,-3.91,-5.92,0.79,16607062
2446651,0.01,0.35,-0.82,-11.78,-7.63,4.58,0.12,0.62,0.83,-4.21,-5.95,0.70,16609023
2446663,-0.00,0.34,-0.83,-15.05,-5.28,0.95,0.11,0.62,0.84,-4.27,-6.74,0.34,16609171
2446674,-0.03,0.36,-0.83,-13.98,-2.29,-0.12,0.11,0.62,0.84,-3.72,-3.97,0.09,16608158
2446686,-0.06,0.39,-0.83,-11.47,1.01,-2.26,0.12,0.62,0.83,-2.84,-1.40,-0.58,16608120
2446698,-0.07,0.42,-0.82,-9.40,4.43,-3.88,0.12,0.62,0.83,-1.25,1.13,-0.52,16609901
2446709,-0.08,0.41,-0.82,-10.44,6.87,-6.35,0.12,0.62,0.82,0.15,2.84,-1.22,16608635
2446722,-0.08,0.36,-0.82,-14.13,8.73,-6.87,0.12,0.62,0.82,1.19,3.39,-0.79,16609431
2446733,-0.07,0.32,-0.82,-18.74,9.61,-7.42,0.12,0.61,0.83,1.62,4.03,-0.89,16610200
2446745,-0.06,0.29,-0.82,-23.38,10.31,-9.89,0.12,0.61,0.84,2.93,2.90,-1.04,16607641
2446756,-0.05,0.30,-0.83,-25.70,10.13,-6.26,0.12,0.61,0.84,4.82,0.18,-1.04,16609984
2446769,-0.05,0.32,-0.84,-26.46,9.52,-2.50,0.13,0.60,0.85,4.24,-0.31,-0.15,16614093
2446780,-0.04,0.35,-0.84,-24.96,9.52,-3.08,0.14,0.60,0.86,3.57,3.57,-0.21,16612503
2446792,-0.02,0.38,-0.85,-23.10,8.12,-0.67,0.14,0.60,0.86,3.48,2.59,-0.43,16610407
2446803,0.01,0.41,-0.85,-21.24,5.34,2.08,0.14,0.60,0.86,3.60,1.65,-0.73,16609886
2446815,0.05,0.42,-0.85,-19.99,1.16,3.60,0.14,0.60,0.86,3.48,0.18,-1.28,16610929
2446827,0.09,0.42,-0.86,-19.62,-2.99,3.85,0.14,0.61,0.87,2.32,-1.28,-0.76,16608071
2446838,0.09,0.41,-0.87,-19.23,-4.91,4.46,0.13,0.61,0.88,1.43,-1.16,-1.19,16611517
2446851,0.06,0.40,-0.89,-19.62,-4.58,3.85,0.13,0.61,0.90,-1.34,-2.35,-1.22,16610564
2446862,0.02,0.38,-0.91,-21.39,-2.50,3.42,0.13,0.61,0.91,-3.05,-0.82,-0.76,16610951
2446874,-0.02,0.35,-0.92,-25.18,0.34,1.89,0.14,0.62,0.92,-4.82,0.09,-0.64,16612648
2446885,-0.05,0.32,-0.93,-29.75,3.23,-0.82,0.14,0.62,0.93,-8.21,0.76,-0.06,16611732
2446898,-0.06,0.34,-0.91,-29.79,5.28,-4.94,0.14,0.61,0.92,-7.08,1.01,0.18,16609519
2446909,-0.07,0.41,-0.89,-26.12,6.29,-2.32,0.15,0.60,0.90,-6.13,2.90,-0.18,16608184
2446920,-0.07,0.50,-0.87,-18.71,6.56,-1.68,0.16,0.60,0.88,-4.64,4.79,0.21,16609303
2446932,-0.06,0.56,-0.84,-11.32,6.41,-0.37,0.16,0.60,0.86,-2.78,5.25,-0.06,16611466
2446944,-0.05,0.58,-0.83,-6.47,5.86,2.62,0.16,0.60,0.85,-1.92,5.25,-0.64,16608850
2446956,-0.02,0.55,-0.83,-5.77,5.10,1.50,0.15,0.59,0.85,-1.92,4.70,-0.70,16607443
2446967,-0.00,0.52,-0.82,-4.58,3.94,0.15,0.14,0.59,0.86,-1.65,2.23,-1.25,16609254
2446980,0.02,0.49,-0.81,-4.55,0.49,3.14,0.14,0.58,0.85,-1.34,-0.06,-0.82,16607704
2446991,0.04,0.47,-0.81,-4.76,-2.47,3.51,0.14,0.58,0.85,-1.53,0.46,-0.49,16606484
2447003,0.05,0.46,-0.81,-4.85,-4.00,0.73,0.14,0.58,0.85,-1.13,0.37,-0.15,16605490
2447014,0.03,0.45,-0.82,-4.85,-3.51,0.06,0.13,0.58,0.85,-2.99,-0.92,0.27,16606830
2447026,-0.01,0.44,-0.82,-4.82,-0.82,-0.21,0.13,0.58,0.85,-4.15,-0.70,0.15,16607105
2447038,-0.04,0.44,-0.83,-3.88,2.99,-3.39,0.13,0.58,0.85,-5.40,0.09,-0.03,16608926
2447049,-0.07,0.45,-0.82,-2.38,5.80,-2.81,0.13,0.58,0.85,-5.04,1.04,-0.40,16610231
2447062,-0.06,0.46,-0.82,-1.25,6.74,-1.77,0.13,0.58,0.85,-4.70,2.75,-0.64,16609604
2447073,-0.03,0.46,-0.81,-1.43,5.49,-2.04,0.13,0.58,0.84,-4.30,3.45,-1.16,16608924
2447085,0.01,0.44,-0.80,-2.96,3.14,-1.86,0.13,0.58,0.84,-3.88,2.41,-1.22,16610201
2447096,0.03,0.41,-0.80,-5.43,1.86,-2.78,0.12,0.58,0.85,-3.30,0.55,-1.07,16609332
2447109,0.02,0.41,-0.80,-6.41,2.23,-0.85,0.12,0.59,0.85,-2.84,0.27,-1.59,16607970
2447120,-0.01,0.42,-0.81,-5.83,3.78,-0.58,0.12,0.59,0.85,-1.43,1.28,-1.77,16606959
2447132,-0.03,0.47,-0.81,-2.99,5.10,-0.18,0.13,0.59,0.85,-1.80,1.43,-1.34,16606897
2447143,-0.02,0.50,-0.81,-0.09,4.64,-0.82,0.13,0.60,0.85,-2.81,0.89,-1.13,16609072
2447155,0.00,0.51,-0.81,1.53,2.56,-2.38,0.12,0.60,0.85,-2.01,-1.46,-0.55,16610685
2447167,0.02,0.51,-0.81,2.20,0.49,-1.86,0.13,0.60,0.85,-2.17,-1.86,-0.06,16607499
2447178,0.03,0.50,-0.81,2.17,-1.07,-1.53,0.13,0.60,0.86,-1.65,-0.70,0.06,16606210
2447191,0.02,0.48,-0.82,2.56,-0.64,-0.85,0.13,0.61,0.86,-0.85,0.15,-0.34,16607919
2447202,0.00,0.46,-0.82,1.37,0.31,-0.43,0.13,0.61,0.87,-0.49,0.06,-0.76,16609190
2447214,-0.01,0.45,-0.83,0.24,1.13,-1.25,0.12,0.61,0.87,-0.09,-0.67,-1.13,16607134
2447225,-0.01,0.44,-0.83,-0.95,0.95,-1.56,0.12,0.61,0.87,0.58,-1.22,-1.19,16607790
2447238,0.00,0.43,-0.83,-1.50,0.43,-2.38,0.13,0.61,0.87,0.76,-1.56,-1.25,16607824
2447249,-0.00,0.43,-0.84,-2.87,0.03,-2.29,0.13,0.61,0.88,0.24,-1.71,-0.95,16606558
2447260,-0.01,0.43,-0.85,-3.17,-0.15,-1.28,0.14,0.61,0.88,-0.61,-0.34,-1.13,16607673
2447272,-0.01,0.44,-0.86,-2.93,-0.06,-0.79,0.14,0.61,0.89,-2.78,-0.06,-0.58,16608682
2447284,-0.01,0.46,-0.86,-1.04,-0.34,-0.73,0.14,0.60,0.89,-3.23,0.09,-0.34,16608579
2447296,-0.01,0.47,-0.86,0.95,-1.34,-0.58,0.14,0.60,0.88,-3.39,0.03,-0.21,16609234
2447307,-0.00,0.48,-0.84,2.32,-1.95,-0.79,0.14,0.60,0.87,-2.62,-0.03,0.03,16609654
2447320,-0.01,0.47,-0.83,2.08,-1.62,-1.25,0.14,0.60,0.87,-1.46,-0.64,-0.09,16609915
2447331,-0.03,0.45,-0.82,1.13,0.06,-1.98,0.14,0.60,0.86,-0.27,-0.55,-0.27,16610918
2447343,-0.05,0.43,-0.82,-0.52,2.50,-2.53,0.13,0.60,0.86,-0.21,-0.18,-0.43,16609552
2447354,-0.06,0.41,-0.83,-2.04,4.97,-3.30,0.13,0.60,0.87,0.03,0.46,-0.73,16609783
2447367,-0.06,0.40,-0.83,-3.48,5.86,-4.15,0.13,0.59,0.87,-0.06,0.06,-0.61,16607884
2447378,-0.05,0.39,-0.84,-4.18,5.40,-3.75,0.14,0.59,0.87,-0.67,0.79,-0.49,16607328
2447389,-0.02,0.42,-0.84,-3.94,3.88,-3.11,0.14,0.59,0.87,-0.85,1.86,-0.46,16608532
2447401,0.01,0.44,-0.83,-2.87,1.68,-2.11,0.14,0.59,0.87,-0.58,2.08,-0.12,16608958
2447413,0.02,0.44,-0.83,-1.98,-0.06,-1.71,0.14,0.58,0.87,-0.92,0.40,0.00,16610292
2447425,0.01,0.44,-0.83,-1.98,0.49,-1.89,0.13,0.58,0.86,-0.98,-1.16,0.09,16610080
2447436,-0.01,0.44,-0.83,-1.92,2.08,-0.79,0.13,0.58,0.86,-1.31,-1.28,-0.24,16610149
2447449,-0.03,0.43,-0.83,-2.69,3.57,-1.28,0.13,0.58,0.86,-1.34,-1.01,-0.61,16609262
2447460,-0.02,0.43,-0.83,-2.78,3.81,-0.73,0.13,0.59,0.86,-0.89,-1.01,-1.01,16608422
2447472,-0.00,0.43,-0.82,-2.50,2.38,-0.55,0.13,0.59,0.86,-0.40,-0.43,-1.50,16608644
2447483,0.02,0.43,-0.81,-2.41,0.85,-0.92,0.13,0.59,0.86,0.61,0.03,-1.34,16606782
2447496,0.02,0.44,-0.82,-2.62,-0.40,-0.70,0.13,0.59,0.86,1.22,0.79,-1.71,16609126
2447507,0.01,0.43,-0.82,-3.69,-0.03,-1.04,0.13,0.59,0.86,1.10,0.46,-1.34,16610439
2447518,-0.01,0.43,-0.83,-4.49,1.40,-2.29,0.13,0.60,0.87,0.46,0.40,-1.13,16608972
2447531,-0.03,0.43,-0.84,-4.73,3.33,-1.74,0.13,0.60,0.87,-0.12,0.61,-0.79,16608366
2447542,-0.04,0.44,-0.84,-4.58,3.72,-1.22,0.13,0.60,0.87,-1.07,0.55,-0.76,16607369
2447554,-0.03,0.45,-0.84,-3.81,3.60,-2.41,0.13,0.60,0.87,-1.04,0.61,-0.64,16609036
2447565,-0.01,0.45,-0.83,-3.63,3.27,-2.08,0.13,0.60,0.87,-0.73,-0.34,-1.07,16611349
2447578,-0.01,0.45,-0.83,-3.20,2.26,-2.29,0.13,0.60,0.86,0.00,-0.55,-1.07,16609911
2447589,-0.01,0.45,-0.83,-2.44,2.38,-1.07,0.14,0.59,0.86,0.58,0.09,-0.98,16608985
2447601,-0.02,0.45,-0.83,-1.98,2.53,-0.73,0.14,0.59,0.86,0.64,1.56,-1.04,16609922
2447612,-0.02,0.44,-0.83,-2.01,2.69,-0.43,0.14,0.59,0.87,0.12,1.31,-0.95,16609400
2447624,-0.01,0.44,-0.85,-2.35,1.62,-0.58,0.14,0.60,0.88,-1.19,0.82,-0.37,16609682
2447636,-0.00,0.45,-0.85,-2.01,0.92,-0.52,0.14,0.60,0.88,-1.92,-0.46,-0.40,16611752
2447647,-0.00,0.46,-0.85,-1.43,0.70,0.43,0.14,0.60,0.88,-1.59,-0.73,-0.46,16609644
2447660,-0.01,0.46,-0.85,-0.95,1.16,-0.09,0.14,0.60,0.88,-1.16,-0.06,-1.16,16610034
2447671,-0.01,0.45,-0.85,-1.46,1.34,-0.34,0.13,0.60,0.88,-1.46,-0.73,-0.92,16608441
2447683,-0.00,0.45,-0.84,-1.56,0.70,-0.15,0.13,0.60,0.88,-1.95,-1.07,-0.89,16609849
2447694,-0.00,0.44,-0.84,-1.56,0.24,-1.34,0.14,0.60,0.88,-2.08,0.03,-0.89,16611412
2447707,-0.01,0.45,-0.84,-1.62,-0.15,-1.13,0.14,0.60,0.87,-1.92,1.50,-0.37,16607814
2447718,-0.02,0.44,-0.84,-1.01,0.18,-0.55,0.15,0.60,0.87,-1.74,2.56,0.03,16609612
2447730,-0.03,0.44,-0.84,-1.19,0.95,-0.58,0.15,0.60,0.87,-1.59,2.23,0.61,16609569
2447741,-0.04,0.44,-0.84,-1.92,1.68,-1.34,0.15,0.60,0.87,-1.53,1.31,0.24,16611894
2447753,-0.04,0.44,-0.84,-2.47,2.41,-3.02,0.14,0.60,0.87,-1.07,0.21,0.00,16612544
2447765,-0.04,0.44,-0.84,-2.44,2.41,-3.45,0.14,0.60,0.87,-1.16,-1.62,-0.03,16607326
2447776,-0.03,0.44,-0.84,-2.38,2.08,-2.44,0.14,0.60,0.87,-1.40,-1.13,0.03,16608417
2447789,-0.02,0.43,-0.84,-2.66,1.53,-0.92,0.14,0.59,0.87,-1.68,0.15,0.24,16610545
2447800,-0.01,0.43,-0.84,-2.99,1.10,-0.34,0.14,0.59,0.87,-2.01,1.50,-0.12,16608812
2447812,-0.01,0.42,-0.84,-2.99,0.98,0.03,0.14,0.58,0.87,-1.89,2.23,-0.21,16607094
2447823,-0.02,0.43,-0.83,-2.47,1.28,-0.37,0.14,0.58,0.86,-0.89,1.80,-0.24,16606568
2447836,-0.02,0.43,-0.82,-1.62,1.37,-0.98,0.14,0.58,0.86,-0.58,1.01,-0.34,16606925
2447847,-0.02,0.44,-0.82,-1.56,1.80,-2.01,0.14,0.59,0.86,-0.67,-0.43,-0.31,16610879
2447858,-0.02,0.44,-0.82,-2.04,2.26,-1.92,0.13,0.59,0.86,-0.85,-1.28,-0.06,16612041
